within LOW, c LOW  (row 1, column 2)

between=    4.000
within=     0.226
   c=       0.368
gammaC=     1.000
gammaR=     1.922
k(REP)=   200.000
k(NREP)=  100.000
back=       0.000



  1  1   0.925  0.916  0.911  0.884  0.828
  1  2   0.890  0.916  0.912  0.886  0.834
  2  1   0.782  0.584  0.832  0.101  0.000
  2  2   0.751  0.736  0.914  0.154  0.000

    	 0.9250 0.9158 0.9104 0.8851 0.8269
    	 0.8911 0.9170 0.9118 0.8894 0.8347
	 0.7813 0.5857 0.8320 0.1026 0
    	 0.7542 0.7357 0.9136 0.1531 0