c LOW  (row 4, column 1)


between=    4.000
within=     0.301
   c=       0.368
gammaC=     1.000
gammaR=     1.922
k(REP)=    51.547
k(NREP)=   13.526
back=       0.000



  1  1   0.927  0.888  0.878  0.830  0.748
  1  2   0.851  0.890  0.881  0.838  0.762
  2  1   0.884  0.541  0.874  0.152  0.000
  2  2   0.829  0.795  0.970  0.292  0.000

    	 0.9273 0.8882 0.8777 0.8264 0.7477
    	 0.8520 0.8897 0.8805 0.8356 0.7629
    	 0.8834 0.5403 0.8744 0.1575 0
    	 0.8312 0.7942 0.9697 0.2948 0
