Within HIGH  (row 3, column 2)


between=    4.000
within=     0.376
   c=       0.491
gammaC=     1.000
gammaR=     1.922
k(REP)=    51.547
k(NREP)=   13.526
back=       0.000



  1  1   0.966  0.877  0.860  0.784  0.679
  1  2   0.862  0.885  0.870  0.805  0.708
  2  1   0.820  0.158  0.523  0.045  0.000
  2  2   0.458  0.342  0.837  0.102  0.000

    	 0.9665 0.8761 0.8570 0.7812 0.6764
    	 0.8648 0.8843 0.8695 0.8058 0.7039
    	 0.8196 0.1565 0.5193 0.0458 0
    	 0.4603 0.3426 0.8370 0.1030 0