Between LOW  (row 2, column 1)


between=    3.000
within=     0.301
   c=       0.491
gammaC=     1.000
gammaR=     1.922
k(REP)=    51.547
k(NREP)=   13.526
back=       0.000



  1  1   0.907  0.801  0.787  0.725  0.640
  1  2   0.771  0.804  0.792  0.738  0.662
  2  1   0.864  0.412  0.811  0.184  0.000
  2  2   0.737  0.678  0.954  0.352  0.000

	 0.9072 0.8026 0.7875 0.7233 0.6426
    	 0.7736 0.8045 0.7919 0.7394 0.6643
  	 0.8655 0.4171 0.8124 0.1849 0
    	 0.7369 0.6825 0.9534 0.3550 0
