Between HIGH (row 2, column 2)


between=    5.000
within=     0.301
   c=       0.491
gammaC=     1.000
gammaR=     1.922
k(REP)=    51.547
k(NREP)=   13.526
back=       0.000



  1  1   0.980  0.964  0.959  0.925  0.847
  1  2   0.944  0.966  0.961  0.932  0.861
  2  1   0.847  0.324  0.749  0.029  0.000
  2  2   0.666  0.594  0.936  0.063  0.000

	 0.9802 0.9649 0.9588 0.9219 0.8452
    	 0.9445 0.9665 0.9616 0.9308 0.8591
    	 0.8473 0.3228 0.7513 0.0285 0
         0.6665 0.5921 0.9359 0.0613 0
