
back (intercept)   0.292
back (slope)      -0.00064
c (intercept)      0.128
c (slope)          0.00206
 
fit=           0.010

REP

pre.  0.470 0.681 0.749 0.793 0.825 0.850 0.870 0.886 0.900 0.912 0.922 0.930 0.935 0.937 0.939
obs.  0.532 0.696 0.752 0.774 0.831 0.832 0.880 0.884 0.889 0.911 0.928 0.949 0.930 0.921 0.935

NREP

pre.  0.472 0.617 0.668 0.698 0.720 0.736 0.749 0.758 0.765 0.774 0.777 0.785 0.789 0.798 0.804
obs.  0.498 0.591 0.653 0.673 0.702 0.747 0.745 0.767 0.762 0.745 0.779 0.772 0.791 0.820 0.821


  fit=           0.010
