
back (intercept)   0.199
back (slope)       0.000
c (intercept       0.104
c (slope)          0.00208

SSD  =           0.012

REP

 0.482 0.682 0.747 0.790 0.821 0.846 0.866 0.883 0.896 0.907 0.917 0.925 0.931 0.933 0.935
 0.532 0.696 0.752 0.774 0.831 0.832 0.880 0.884 0.889 0.911 0.928 0.949 0.930 0.921 0.935

NREP

 0.484 0.627 0.676 0.706 0.728 0.744 0.756 0.763 0.769 0.776 0.777 0.782 0.781 0.787 0.790
 0.498 0.591 0.653 0.673 0.702 0.747 0.745 0.767 0.762 0.745 0.779 0.772 0.791 0.820 0.821


  fit=           0.012
