    1    1    1    1    3    1    1    0      3244    2    0  -14   12   14  -10   15   14   -3  -11  -10   -9   -8    4   -7   12   12   -6
    1    1    2    1    1    4    3    0      2384    3  -12   14   -1  -13   -4   15  -15   11  -19    9  -12  -11   -5  -14   11   13   -5
    1    1    3    1    1    3    2    0      3922    4  -12   16    1   -8  -12   17  -11   11  -14    9    0  -12   -2  -15   10   14   -5
    1    1    4    1    1    2    3    0      5222    3   -9   15    2  -14   -5   16  -14   20   -9    6   -8  -11   -2  -13    9   13   -5
    1    1    5    1    2    3    2    1      4006    8   10   -1  -13   -2   13  -15   11    0   -5    2   -8  -13  -15   -2    9  -14    9
    1    1    6    1    3    5    3    1      1623    0   -7  -13   11   11  -11   14   11    7   -8  -12  -10  -11    5   -9   14   22   -6
    1    1    7    1    2    2    2    1      1512    2   15   -1  -15  -12   18  -14   10   -3   -8    1  -11  -13  -15    2    7  -11   15
    1    1    8    1    1    1    1    1      1478    5  -11   14    1   -7    5   19  -21   13  -15   16  -20  -10   -2  -13   11   13   -4
    1    1    9    1    3    2    3    1      1235    1   -6  -13   11   15  -10   11   13   -1   -9  -11   -6   -9    1  -10   12   16   -3
    1    1   10    1    3    3    3    1      1395    0   -7  -14    8   11   -9   13   15   -3   -8  -12   -2   -5    0   -9    5   12   -6
    1    1   11    1    2    4    2    1       812    8   12   -3  -12   -5    7  -14   10    0   -6    4  -10   -8  -23    0    3  -12    8
    1    1   12    1    3    4    2    0      3148    0   -7  -11   11    9  -10   13   15   -2  -10   -1   -4   -4    0   -7    7   13   -1
    1    1   13    1    1    5    1    1      1152    2   -8   14    2  -15   -5   18  -13   15  -22    6  -10  -12    1  -13    9   13   -4
    1    1   14    1    2    1    2    1      1283    9   10    0  -15    6    8  -15   18    0   -3    4   -9  -14  -14    1    3  -15    5
    1    1   15    1    2    5    2    1      1137    7    9   -2  -14  -12   17  -13   13   -1   -3    4   -7  -13  -15    2    8  -11    8
    1    2    1    1    3    1    3    1      4485    2    0  -14   12   14  -10   15   14   -3  -11  -10   -9   -8    4   -7   12   12   -6
    1    2    2    1    2    5    2    1      2146    7    9   -2  -14  -12   17  -13   13   -1   -3    4   -7  -13  -15    2    8  -11    8
    1    2    3    1    2    1    2    1      1326    9   10    0  -15    6    8  -15   18    0   -3    4   -9  -14  -14    1    3  -15    5
    1    2    4    1    2    2    2    1       810    2   15   -1  -15  -12   18  -14   10   -3   -8    1  -11  -13  -15    2    7  -11   15
    1    2    5    1    3    5    3    1      1082    0   -7  -13   11   11  -11   14   11    7   -8  -12  -10  -11    5   -9   14   22   -6
    1    2    6    1    1    3    1    1      1904    4  -12   16    1   -8  -12   17  -11   11  -14    9    0  -12   -2  -15   10   14   -5
    1    2    7    1    1    2    1    1       965    3   -9   15    2  -14   -5   16  -14   20   -9    6   -8  -11   -2  -13    9   13   -5
    1    2    8    1    1    5    1    1       640    2   -8   14    2  -15   -5   18  -13   15  -22    6  -10  -12    1  -13    9   13   -4
    1    2    9    1    2    4    2    1       936    8   12   -3  -12   -5    7  -14   10    0   -6    4  -10   -8  -23    0    3  -12    8
    1    2   10    1    3    2    3    1      1124    1   -6  -13   11   15  -10   11   13   -1   -9  -11   -6   -9    1  -10   12   16   -3
    1    2   11    1    1    1    1    1      1977    5  -11   14    1   -7    5   19  -21   13  -15   16  -20  -10   -2  -13   11   13   -4
    1    2   12    1    1    4    1    1       938    3  -12   14   -1  -13   -4   15  -15   11  -19    9  -12  -11   -5  -14   11   13   -5
    1    2   13    1    2    3    2    1      1094    8   10   -1  -13   -2   13  -15   11    0   -5    2   -8  -13  -15   -2    9  -14    9
    1    2   14    1    3    4    3    1      2108    0   -7  -11   11    9  -10   13   15   -2  -10   -1   -4   -4    0   -7    7   13   -1
    1    2   15    1    3    3    1    0      2073    0   -7  -14    8   11   -9   13   15   -3   -8  -12   -2   -5    0   -9    5   12   -6
    1    3    1    1    2    4    2    1       919    8   12   -3  -12   -5    7  -14   10    0   -6    4  -10   -8  -23    0    3  -12    8
    1    3    2    1    3    4    3    1      1540    0   -7  -11   11    9  -10   13   15   -2  -10   -1   -4   -4    0   -7    7   13   -1
    1    3    3    1    1    1    1    1       920    5  -11   14    1   -7    5   19  -21   13  -15   16  -20  -10   -2  -13   11   13   -4
    1    3    4    1    3    5    3    1      1125    0   -7  -13   11   11  -11   14   11    7   -8  -12  -10  -11    5   -9   14   22   -6
    1    3    5    1    3    3    3    1      1305    0   -7  -14    8   11   -9   13   15   -3   -8  -12   -2   -5    0   -9    5   12   -6
    1    3    6    1    2    1    2    1       950    9   10    0  -15    6    8  -15   18    0   -3    4   -9  -14  -14    1    3  -15    5
    1    3    7    1    1    3    3    0      1826    4  -12   16    1   -8  -12   17  -11   11  -14    9    0  -12   -2  -15   10   14   -5
    1    3    8    1    3    2    1    0      1322    1   -6  -13   11   15  -10   11   13   -1   -9  -11   -6   -9    1  -10   12   16   -3
    1    3    9    1    1    5    1    1      1862    2   -8   14    2  -15   -5   18  -13   15  -22    6  -10  -12    1  -13    9   13   -4
    1    3   10    1    1    2    1    1      1021    3   -9   15    2  -14   -5   16  -14   20   -9    6   -8  -11   -2  -13    9   13   -5
    1    3   11    1    2    2    2    1       773    2   15   -1  -15  -12   18  -14   10   -3   -8    1  -11  -13  -15    2    7  -11   15
    1    3   12    1    2    5    2    1       664    7    9   -2  -14  -12   17  -13   13   -1   -3    4   -7  -13  -15    2    8  -11    8
    1    3   13    1    1    4    1    1       942    3  -12   14   -1  -13   -4   15  -15   11  -19    9  -12  -11   -5  -14   11   13   -5
    1    3   14    1    3    1    3    1      1018    2    0  -14   12   14  -10   15   14   -3  -11  -10   -9   -8    4   -7   12   12   -6
    1    3   15    1    2    3    2    1       738    8   10   -1  -13   -2   13  -15   11    0   -5    2   -8  -13  -15   -2    9  -14    9
    1    4    1    1    1    2    1    1       902    3   -9   15    2  -14   -5   16  -14   20   -9    6   -8  -11   -2  -13    9   13   -5
    1    4    2    1    1    3    1    1       980    4  -12   16    1   -8  -12   17  -11   11  -14    9    0  -12   -2  -15   10   14   -5
    1    4    3    1    2    5    2    1      1070    7    9   -2  -14  -12   17  -13   13   -1   -3    4   -7  -13  -15    2    8  -11    8
    1    4    4    1    1    4    1    1       900    3  -12   14   -1  -13   -4   15  -15   11  -19    9  -12  -11   -5  -14   11   13   -5
    1    4    5    1    2    4    2    1      1105    8   12   -3  -12   -5    7  -14   10    0   -6    4  -10   -8  -23    0    3  -12    8
    1    4    6    1    1    5    1    1      2071    2   -8   14    2  -15   -5   18  -13   15  -22    6  -10  -12    1  -13    9   13   -4
    1    4    7    1    3    4    3    1       901    0   -7  -11   11    9  -10   13   15   -2  -10   -1   -4   -4    0   -7    7   13   -1
    1    4    8    1    3    5    3    1       899    0   -7  -13   11   11  -11   14   11    7   -8  -12  -10  -11    5   -9   14   22   -6
    1    4    9    1    2    2    2    1       768    2   15   -1  -15  -12   18  -14   10   -3   -8    1  -11  -13  -15    2    7  -11   15
    1    4   10    1    3    1    3    1      1154    2    0  -14   12   14  -10   15   14   -3  -11  -10   -9   -8    4   -7   12   12   -6
    1    4   11    1    2    1    1    0      1814    9   10    0  -15    6    8  -15   18    0   -3    4   -9  -14  -14    1    3  -15    5
    1    4   12    1    3    3    3    1      4494    0   -7  -14    8   11   -9   13   15   -3   -8  -12   -2   -5    0   -9    5   12   -6
    1    4   13    1    3    2    3    1      1083    1   -6  -13   11   15  -10   11   13   -1   -9  -11   -6   -9    1  -10   12   16   -3
    1    4   14    1    1    1    1    1      4177    5  -11   14    1   -7    5   19  -21   13  -15   16  -20  -10   -2  -13   11   13   -4
    1    4   15    1    2    3    2    1      1083    8   10   -1  -13   -2   13  -15   11    0   -5    2   -8  -13  -15   -2    9  -14    9
    1    5    1    1    2    4    2    1      1313    8   12   -3  -12   -5    7  -14   10    0   -6    4  -10   -8  -23    0    3  -12    8
    1    5    2    1    1    2    1    1      4238    3   -9   15    2  -14   -5   16  -14   20   -9    6   -8  -11   -2  -13    9   13   -5
    1    5    3    1    3    3    3    1      3302    0   -7  -14    8   11   -9   13   15   -3   -8  -12   -2   -5    0   -9    5   12   -6
    1    5    4    1    2    5    2    1       835    7    9   -2  -14  -12   17  -13   13   -1   -3    4   -7  -13  -15    2    8  -11    8
    1    5    5    1    2    3    2    1       627    8   10   -1  -13   -2   13  -15   11    0   -5    2   -8  -13  -15   -2    9  -14    9
    1    5    6    1    3    5    3    1      1354    0   -7  -13   11   11  -11   14   11    7   -8  -12  -10  -11    5   -9   14   22   -6
    1    5    7    1    1    4    1    1      1542    3  -12   14   -1  -13   -4   15  -15   11  -19    9  -12  -11   -5  -14   11   13   -5
    1    5    8    1    3    2    3    1      2538    1   -6  -13   11   15  -10   11   13   -1   -9  -11   -6   -9    1  -10   12   16   -3
    1    5    9    1    2    2    2    1       630    2   15   -1  -15  -12   18  -14   10   -3   -8    1  -11  -13  -15    2    7  -11   15
    1    5   10    1    2    1    1    0      2814    9   10    0  -15    6    8  -15   18    0   -3    4   -9  -14  -14    1    3  -15    5
    1    5   11    1    1    1    1    1      2158    5  -11   14    1   -7    5   19  -21   13  -15   16  -20  -10   -2  -13   11   13   -4
    1    5   12    1    1    5    1    1       809    2   -8   14    2  -15   -5   18  -13   15  -22    6  -10  -12    1  -13    9   13   -4
    1    5   13    1    3    1    3    1      1738    2    0  -14   12   14  -10   15   14   -3  -11  -10   -9   -8    4   -7   12   12   -6
    1    5   14    1    3    4    3    1      1174    0   -7  -11   11    9  -10   13   15   -2  -10   -1   -4   -4    0   -7    7   13   -1
    1    5   15    1    1    3    1    1      1352    4  -12   16    1   -8  -12   17  -11   11  -14    9    0  -12   -2  -15   10   14   -5
    1    6    1    1    3    1    3    1      1236    2    0  -14   12   14  -10   15   14   -3  -11  -10   -9   -8    4   -7   12   12   -6
    1    6    2    1    1    3    1    1      1236    4  -12   16    1   -8  -12   17  -11   11  -14    9    0  -12   -2  -15   10   14   -5
    1    6    3    1    3    4    3    1      1572    0   -7  -11   11    9  -10   13   15   -2  -10   -1   -4   -4    0   -7    7   13   -1
    1    6    4    1    3    2    3    1       950    1   -6  -13   11   15  -10   11   13   -1   -9  -11   -6   -9    1  -10   12   16   -3
    1    6    5    1    1    5    1    1       897    2   -8   14    2  -15   -5   18  -13   15  -22    6  -10  -12    1  -13    9   13   -4
    1    6    6    1    1    4    1    1       895    3  -12   14   -1  -13   -4   15  -15   11  -19    9  -12  -11   -5  -14   11   13   -5
    1    6    7    1    1    1    1    1      3004    5  -11   14    1   -7    5   19  -21   13  -15   16  -20  -10   -2  -13   11   13   -4
    1    6    8    1    2    3    2    1      1061    8   10   -1  -13   -2   13  -15   11    0   -5    2   -8  -13  -15   -2    9  -14    9
    1    6    9    1    2    1    3    0      2780    9   10    0  -15    6    8  -15   18    0   -3    4   -9  -14  -14    1    3  -15    5
    1    6   10    1    3    5    1    0      4222    0   -7  -13   11   11  -11   14   11    7   -8  -12  -10  -11    5   -9   14   22   -6
    1    6   11    1    1    2    1    1      1318    3   -9   15    2  -14   -5   16  -14   20   -9    6   -8  -11   -2  -13    9   13   -5
    1    6   12    1    2    2    2    1       771    2   15   -1  -15  -12   18  -14   10   -3   -8    1  -11  -13  -15    2    7  -11   15
    1    6   13    1    3    3    3    1      2389    0   -7  -14    8   11   -9   13   15   -3   -8  -12   -2   -5    0   -9    5   12   -6
    1    6   14    1    2    5    2    1       727    7    9   -2  -14  -12   17  -13   13   -1   -3    4   -7  -13  -15    2    8  -11    8
    1    6   15    1    2    4    2    1       811    8   12   -3  -12   -5    7  -14   10    0   -6    4  -10   -8  -23    0    3  -12    8
    1    7    1    1    1    3    1    1      1084    4  -12   16    1   -8  -12   17  -11   11  -14    9    0  -12   -2  -15   10   14   -5
    1    7    2    1    1    2    1    1       946    3   -9   15    2  -14   -5   16  -14   20   -9    6   -8  -11   -2  -13    9   13   -5
    1    7    3    1    2    2    2    1       829    2   15   -1  -15  -12   18  -14   10   -3   -8    1  -11  -13  -15    2    7  -11   15
    1    7    4    1    2    4    2    1      1069    8   12   -3  -12   -5    7  -14   10    0   -6    4  -10   -8  -23    0    3  -12    8
    1    7    5    1    3    2    3    1       707    1   -6  -13   11   15  -10   11   13   -1   -9  -11   -6   -9    1  -10   12   16   -3
    1    7    6    1    1    4    1    1       777    3  -12   14   -1  -13   -4   15  -15   11  -19    9  -12  -11   -5  -14   11   13   -5
    1    7    7    1    2    5    2    1       747    7    9   -2  -14  -12   17  -13   13   -1   -3    4   -7  -13  -15    2    8  -11    8
    1    7    8    1    2    3    2    1       638    8   10   -1  -13   -2   13  -15   11    0   -5    2   -8  -13  -15   -2    9  -14    9
    1    7    9    1    2    1    2    1       918    9   10    0  -15    6    8  -15   18    0   -3    4   -9  -14  -14    1    3  -15    5
    1    7   10    1    1    1    1    1      1474    5  -11   14    1   -7    5   19  -21   13  -15   16  -20  -10   -2  -13   11   13   -4
    1    7   11    1    3    3    3    1       953    0   -7  -14    8   11   -9   13   15   -3   -8  -12   -2   -5    0   -9    5   12   -6
    1    7   12    1    3    5    3    1      2900    0   -7  -13   11   11  -11   14   11    7   -8  -12  -10  -11    5   -9   14   22   -6
    1    7   13    1    3    4    3    1       945    0   -7  -11   11    9  -10   13   15   -2  -10   -1   -4   -4    0   -7    7   13   -1
    1    7   14    1    1    5    1    1      2925    2   -8   14    2  -15   -5   18  -13   15  -22    6  -10  -12    1  -13    9   13   -4
    1    7   15    1    3    1    3    1      1065    2    0  -14   12   14  -10   15   14   -3  -11  -10   -9   -8    4   -7   12   12   -6
    1    8    1    1    1    5    1    1       976    2   -8   14    2  -15   -5   18  -13   15  -22    6  -10  -12    1  -13    9   13   -4
    1    8    2    1    1    2    1    1      1226    3   -9   15    2  -14   -5   16  -14   20   -9    6   -8  -11   -2  -13    9   13   -5
    1    8    3    1    1    4    1    1      3258    3  -12   14   -1  -13   -4   15  -15   11  -19    9  -12  -11   -5  -14   11   13   -5
    1    8    4    1    2    5    2    1       793    7    9   -2  -14  -12   17  -13   13   -1   -3    4   -7  -13  -15    2    8  -11    8
    1    8    5    1    3    5    1    0      5290    0   -7  -13   11   11  -11   14   11    7   -8  -12  -10  -11    5   -9   14   22   -6
    1    8    6    1    2    1    2    1       952    9   10    0  -15    6    8  -15   18    0   -3    4   -9  -14  -14    1    3  -15    5
    1    8    7    1    2    3    2    1      2227    8   10   -1  -13   -2   13  -15   11    0   -5    2   -8  -13  -15   -2    9  -14    9
    1    8    8    1    1    3    1    1      2139    4  -12   16    1   -8  -12   17  -11   11  -14    9    0  -12   -2  -15   10   14   -5
    1    8    9    1    3    4    3    1       887    0   -7  -11   11    9  -10   13   15   -2  -10   -1   -4   -4    0   -7    7   13   -1
    1    8   10    1    2    4    2    1       853    8   12   -3  -12   -5    7  -14   10    0   -6    4  -10   -8  -23    0    3  -12    8
    1    8   11    1    3    1    3    1       804    2    0  -14   12   14  -10   15   14   -3  -11  -10   -9   -8    4   -7   12   12   -6
    1    8   12    1    1    1    1    1       662    5  -11   14    1   -7    5   19  -21   13  -15   16  -20  -10   -2  -13   11   13   -4
    1    8   13    1    3    3    3    1       764    0   -7  -14    8   11   -9   13   15   -3   -8  -12   -2   -5    0   -9    5   12   -6
    1    8   14    1    2    2    2    1      1567    2   15   -1  -15  -12   18  -14   10   -3   -8    1  -11  -13  -15    2    7  -11   15
    1    8   15    1    3    2    3    1      1249    1   -6  -13   11   15  -10   11   13   -1   -9  -11   -6   -9    1  -10   12   16   -3
    1    9    1    1    2    3    2    1      1665    8   10   -1  -13   -2   13  -15   11    0   -5    2   -8  -13  -15   -2    9  -14    9
    1    9    2    1    1    4    1    1       687    3  -12   14   -1  -13   -4   15  -15   11  -19    9  -12  -11   -5  -14   11   13   -5
    1    9    3    1    2    4    2    1      2213    8   12   -3  -12   -5    7  -14   10    0   -6    4  -10   -8  -23    0    3  -12    8
    1    9    4    1    3    1    3    1       702    2    0  -14   12   14  -10   15   14   -3  -11  -10   -9   -8    4   -7   12   12   -6
    1    9    5    1    2    2    2    1      2387    2   15   -1  -15  -12   18  -14   10   -3   -8    1  -11  -13  -15    2    7  -11   15
    1    9    6    1    3    4    3    1       645    0   -7  -11   11    9  -10   13   15   -2  -10   -1   -4   -4    0   -7    7   13   -1
    1    9    7    1    1    2    1    1       860    3   -9   15    2  -14   -5   16  -14   20   -9    6   -8  -11   -2  -13    9   13   -5
    1    9    8    1    1    1    1    1      1083    5  -11   14    1   -7    5   19  -21   13  -15   16  -20  -10   -2  -13   11   13   -4
    1    9    9    1    2    5    2    1       737    7    9   -2  -14  -12   17  -13   13   -1   -3    4   -7  -13  -15    2    8  -11    8
    1    9   10    1    1    3    3    0      1685    4  -12   16    1   -8  -12   17  -11   11  -14    9    0  -12   -2  -15   10   14   -5
    1    9   11    1    1    5    1    1      1475    2   -8   14    2  -15   -5   18  -13   15  -22    6  -10  -12    1  -13    9   13   -4
    1    9   12    1    3    3    3    1       969    0   -7  -14    8   11   -9   13   15   -3   -8  -12   -2   -5    0   -9    5   12   -6
    1    9   13    1    3    5    1    0      5092    0   -7  -13   11   11  -11   14   11    7   -8  -12  -10  -11    5   -9   14   22   -6
    1    9   14    1    3    2    3    1       874    1   -6  -13   11   15  -10   11   13   -1   -9  -11   -6   -9    1  -10   12   16   -3
    1    9   15    1    2    1    2    1       776    9   10    0  -15    6    8  -15   18    0   -3    4   -9  -14  -14    1    3  -15    5
    1   10    1    1    2    5    2    1       746    7    9   -2  -14  -12   17  -13   13   -1   -3    4   -7  -13  -15    2    8  -11    8
    1   10    2    1    1    3    1    1       861    4  -12   16    1   -8  -12   17  -11   11  -14    9    0  -12   -2  -15   10   14   -5
    1   10    3    1    1    5    1    1       780    2   -8   14    2  -15   -5   18  -13   15  -22    6  -10  -12    1  -13    9   13   -4
    1   10    4    1    3    1    3    1       686    2    0  -14   12   14  -10   15   14   -3  -11  -10   -9   -8    4   -7   12   12   -6
    1   10    5    1    2    4    2    1       804    8   12   -3  -12   -5    7  -14   10    0   -6    4  -10   -8  -23    0    3  -12    8
    1   10    6    1    2    3    2    1       613    8   10   -1  -13   -2   13  -15   11    0   -5    2   -8  -13  -15   -2    9  -14    9
    1   10    7    1    2    1    2    1       670    9   10    0  -15    6    8  -15   18    0   -3    4   -9  -14  -14    1    3  -15    5
    1   10    8    1    3    2    3    1      1300    1   -6  -13   11   15  -10   11   13   -1   -9  -11   -6   -9    1  -10   12   16   -3
    1   10    9    1    1    1    1    1      2338    5  -11   14    1   -7    5   19  -21   13  -15   16  -20  -10   -2  -13   11   13   -4
    1   10   10    1    2    2    2    1       597    2   15   -1  -15  -12   18  -14   10   -3   -8    1  -11  -13  -15    2    7  -11   15
    1   10   11    1    3    4    3    1       623    0   -7  -11   11    9  -10   13   15   -2  -10   -1   -4   -4    0   -7    7   13   -1
    1   10   12    1    3    5    1    0      1335    0   -7  -13   11   11  -11   14   11    7   -8  -12  -10  -11    5   -9   14   22   -6
    1   10   13    1    1    2    1    1       707    3   -9   15    2  -14   -5   16  -14   20   -9    6   -8  -11   -2  -13    9   13   -5
    1   10   14    1    3    3    3    1      1241    0   -7  -14    8   11   -9   13   15   -3   -8  -12   -2   -5    0   -9    5   12   -6
    1   10   15    1    1    4    1    1      1752    3  -12   14   -1  -13   -4   15  -15   11  -19    9  -12  -11   -5  -14   11   13   -5
    1   11    1    1    3    2    3    1       916    1   -6  -13   11   15  -10   11   13   -1   -9  -11   -6   -9    1  -10   12   16   -3
    1   11    2    1    1    1    1    1       720    5  -11   14    1   -7    5   19  -21   13  -15   16  -20  -10   -2  -13   11   13   -4
    1   11    3    1    1    2    1    1       821    3   -9   15    2  -14   -5   16  -14   20   -9    6   -8  -11   -2  -13    9   13   -5
    1   11    4    1    3    4    3    1      3685    0   -7  -11   11    9  -10   13   15   -2  -10   -1   -4   -4    0   -7    7   13   -1
    1   11    5    1    1    4    1    1      4179    3  -12   14   -1  -13   -4   15  -15   11  -19    9  -12  -11   -5  -14   11   13   -5
    1   11    6    1    3    5    3    1      1245    0   -7  -13   11   11  -11   14   11    7   -8  -12  -10  -11    5   -9   14   22   -6
    1   11    7    1    1    3    1    1      1132    4  -12   16    1   -8  -12   17  -11   11  -14    9    0  -12   -2  -15   10   14   -5
    1   11    8    1    2    2    2    1       800    2   15   -1  -15  -12   18  -14   10   -3   -8    1  -11  -13  -15    2    7  -11   15
    1   11    9    1    2    3    2    1      2337    8   10   -1  -13   -2   13  -15   11    0   -5    2   -8  -13  -15   -2    9  -14    9
    1   11   10    1    2    1    2    1       693    9   10    0  -15    6    8  -15   18    0   -3    4   -9  -14  -14    1    3  -15    5
    1   11   11    1    2    4    2    1       555    8   12   -3  -12   -5    7  -14   10    0   -6    4  -10   -8  -23    0    3  -12    8
    1   11   12    1    1    5    1    1      2486    2   -8   14    2  -15   -5   18  -13   15  -22    6  -10  -12    1  -13    9   13   -4
    1   11   13    1    3    1    3    1       900    2    0  -14   12   14  -10   15   14   -3  -11  -10   -9   -8    4   -7   12   12   -6
    1   11   14    1    3    3    3    1       945    0   -7  -14    8   11   -9   13   15   -3   -8  -12   -2   -5    0   -9    5   12   -6
    1   11   15    1    2    5    2    1       764    7    9   -2  -14  -12   17  -13   13   -1   -3    4   -7  -13  -15    2    8  -11    8
    1   12    1    1    2    5    2    1       767    7    9   -2  -14  -12   17  -13   13   -1   -3    4   -7  -13  -15    2    8  -11    8
    1   12    2    1    1    1    1    1      1105    5  -11   14    1   -7    5   19  -21   13  -15   16  -20  -10   -2  -13   11   13   -4
    1   12    3    1    3    5    1    0       983    0   -7  -13   11   11  -11   14   11    7   -8  -12  -10  -11    5   -9   14   22   -6
    1   12    4    1    3    2    3    1      2561    1   -6  -13   11   15  -10   11   13   -1   -9  -11   -6   -9    1  -10   12   16   -3
    1   12    5    1    3    3    3    1      3115    0   -7  -14    8   11   -9   13   15   -3   -8  -12   -2   -5    0   -9    5   12   -6
    1   12    6    1    3    1    3    1      1360    2    0  -14   12   14  -10   15   14   -3  -11  -10   -9   -8    4   -7   12   12   -6
    1   12    7    1    2    3    2    1       858    8   10   -1  -13   -2   13  -15   11    0   -5    2   -8  -13  -15   -2    9  -14    9
    1   12    8    1    2    1    2    1      1210    9   10    0  -15    6    8  -15   18    0   -3    4   -9  -14  -14    1    3  -15    5
    1   12    9    1    2    4    2    1      1066    8   12   -3  -12   -5    7  -14   10    0   -6    4  -10   -8  -23    0    3  -12    8
    1   12   10    1    1    4    1    1      2161    3  -12   14   -1  -13   -4   15  -15   11  -19    9  -12  -11   -5  -14   11   13   -5
    1   12   11    1    1    5    1    1      2796    2   -8   14    2  -15   -5   18  -13   15  -22    6  -10  -12    1  -13    9   13   -4
    1   12   12    1    3    4    3    1       941    0   -7  -11   11    9  -10   13   15   -2  -10   -1   -4   -4    0   -7    7   13   -1
    1   12   13    1    1    2    1    1       937    3   -9   15    2  -14   -5   16  -14   20   -9    6   -8  -11   -2  -13    9   13   -5
    1   12   14    1    1    3    1    1       948    4  -12   16    1   -8  -12   17  -11   11  -14    9    0  -12   -2  -15   10   14   -5
    1   12   15    1    2    2    2    1       800    2   15   -1  -15  -12   18  -14   10   -3   -8    1  -11  -13  -15    2    7  -11   15
    1   13    1    1    2    5    2    1      1025    7    9   -2  -14  -12   17  -13   13   -1   -3    4   -7  -13  -15    2    8  -11    8
    1   13    2    1    2    2    2    1       394    2   15   -1  -15  -12   18  -14   10   -3   -8    1  -11  -13  -15    2    7  -11   15
    1   13    3    1    3    3    3    1       619    0   -7  -14    8   11   -9   13   15   -3   -8  -12   -2   -5    0   -9    5   12   -6
    1   13    4    1    2    3    2    1      1524    8   10   -1  -13   -2   13  -15   11    0   -5    2   -8  -13  -15   -2    9  -14    9
    1   13    5    1    1    2    1    1       856    3   -9   15    2  -14   -5   16  -14   20   -9    6   -8  -11   -2  -13    9   13   -5
    1   13    6    1    1    4    1    1       503    3  -12   14   -1  -13   -4   15  -15   11  -19    9  -12  -11   -5  -14   11   13   -5
    1   13    7    1    2    4    2    1       709    8   12   -3  -12   -5    7  -14   10    0   -6    4  -10   -8  -23    0    3  -12    8
    1   13    8    1    2    1    3    0      1274    9   10    0  -15    6    8  -15   18    0   -3    4   -9  -14  -14    1    3  -15    5
    1   13    9    1    3    4    3    1       921    0   -7  -11   11    9  -10   13   15   -2  -10   -1   -4   -4    0   -7    7   13   -1
    1   13   10    1    1    5    1    1       789    2   -8   14    2  -15   -5   18  -13   15  -22    6  -10  -12    1  -13    9   13   -4
    1   13   11    1    1    1    1    1       759    5  -11   14    1   -7    5   19  -21   13  -15   16  -20  -10   -2  -13   11   13   -4
    1   13   12    1    3    5    3    1      1994    0   -7  -13   11   11  -11   14   11    7   -8  -12  -10  -11    5   -9   14   22   -6
    1   13   13    1    1    3    3    0      1211    4  -12   16    1   -8  -12   17  -11   11  -14    9    0  -12   -2  -15   10   14   -5
    1   13   14    1    3    1    3    1      2716    2    0  -14   12   14  -10   15   14   -3  -11  -10   -9   -8    4   -7   12   12   -6
    1   13   15    1    3    2    3    1       992    1   -6  -13   11   15  -10   11   13   -1   -9  -11   -6   -9    1  -10   12   16   -3
    1   14    1    1    2    5    2    1       602    7    9   -2  -14  -12   17  -13   13   -1   -3    4   -7  -13  -15    2    8  -11    8
    1   14    2    1    1    3    1    1       867    4  -12   16    1   -8  -12   17  -11   11  -14    9    0  -12   -2  -15   10   14   -5
    1   14    3    1    2    4    2    1       850    8   12   -3  -12   -5    7  -14   10    0   -6    4  -10   -8  -23    0    3  -12    8
    1   14    4    1    3    2    3    1       769    1   -6  -13   11   15  -10   11   13   -1   -9  -11   -6   -9    1  -10   12   16   -3
    1   14    5    1    2    3    2    1       612    8   10   -1  -13   -2   13  -15   11    0   -5    2   -8  -13  -15   -2    9  -14    9
    1   14    6    1    2    2    2    1       604    2   15   -1  -15  -12   18  -14   10   -3   -8    1  -11  -13  -15    2    7  -11   15
    1   14    7    1    3    5    1    0      1461    0   -7  -13   11   11  -11   14   11    7   -8  -12  -10  -11    5   -9   14   22   -6
    1   14    8    1    2    1    2    1      1548    9   10    0  -15    6    8  -15   18    0   -3    4   -9  -14  -14    1    3  -15    5
    1   14    9    1    3    3    3    1      1711    0   -7  -14    8   11   -9   13   15   -3   -8  -12   -2   -5    0   -9    5   12   -6
    1   14   10    1    3    1    3    1       828    2    0  -14   12   14  -10   15   14   -3  -11  -10   -9   -8    4   -7   12   12   -6
    1   14   11    1    3    4    3    1      1212    0   -7  -11   11    9  -10   13   15   -2  -10   -1   -4   -4    0   -7    7   13   -1
    1   14   12    1    1    5    1    1       861    2   -8   14    2  -15   -5   18  -13   15  -22    6  -10  -12    1  -13    9   13   -4
    1   14   13    1    1    4    1    1      3227    3  -12   14   -1  -13   -4   15  -15   11  -19    9  -12  -11   -5  -14   11   13   -5
    1   14   14    1    1    2    1    1       635    3   -9   15    2  -14   -5   16  -14   20   -9    6   -8  -11   -2  -13    9   13   -5
    1   14   15    1    1    1    1    1       755    5  -11   14    1   -7    5   19  -21   13  -15   16  -20  -10   -2  -13   11   13   -4
    1   15    1    1    2    2    2    1       742    2   15   -1  -15  -12   18  -14   10   -3   -8    1  -11  -13  -15    2    7  -11   15
    1   15    2    1    1    3    1    1      1722    4  -12   16    1   -8  -12   17  -11   11  -14    9    0  -12   -2  -15   10   14   -5
    1   15    3    1    2    4    2    1      1047    8   12   -3  -12   -5    7  -14   10    0   -6    4  -10   -8  -23    0    3  -12    8
    1   15    4    1    2    3    2    1       590    8   10   -1  -13   -2   13  -15   11    0   -5    2   -8  -13  -15   -2    9  -14    9
    1   15    5    1    1    2    1    1      1736    3   -9   15    2  -14   -5   16  -14   20   -9    6   -8  -11   -2  -13    9   13   -5
    1   15    6    1    3    2    3    1      3844    1   -6  -13   11   15  -10   11   13   -1   -9  -11   -6   -9    1  -10   12   16   -3
    1   15    7    1    3    4    3    1      1243    0   -7  -11   11    9  -10   13   15   -2  -10   -1   -4   -4    0   -7    7   13   -1
    1   15    8    1    1    1    1    1      1066    5  -11   14    1   -7    5   19  -21   13  -15   16  -20  -10   -2  -13   11   13   -4
    1   15    9    1    2    5    2    1       705    7    9   -2  -14  -12   17  -13   13   -1   -3    4   -7  -13  -15    2    8  -11    8
    1   15   10    1    1    4    1    1      1366    3  -12   14   -1  -13   -4   15  -15   11  -19    9  -12  -11   -5  -14   11   13   -5
    1   15   11    1    2    1    2    1       609    9   10    0  -15    6    8  -15   18    0   -3    4   -9  -14  -14    1    3  -15    5
    1   15   12    1    1    5    3    0       778    2   -8   14    2  -15   -5   18  -13   15  -22    6  -10  -12    1  -13    9   13   -4
    1   15   13    1    3    1    3    1       860    2    0  -14   12   14  -10   15   14   -3  -11  -10   -9   -8    4   -7   12   12   -6
    1   15   14    1    3    5    3    1      1482    0   -7  -13   11   11  -11   14   11    7   -8  -12  -10  -11    5   -9   14   22   -6
    1   15   15    1    3    3    3    1      1072    0   -7  -14    8   11   -9   13   15   -3   -8  -12   -2   -5    0   -9    5   12   -6
    2    1    1    2    3    0    1    0      1830    1   -5  -12   10   12   -9   13   16   -2   -9  -11  -10   -9    3   -9   12   14   -1
    2    1    2    1    1    2    1    1      4382    3   -9   15    2  -14   -5   16  -14   20   -9    6   -8  -11   -2  -13    9   13   -5
    2    1    3    4    1    5    2    1      1568   14   -5   14    3  -15   -3    6  -22   13  -16    7  -11  -10    0  -15   11   11   -2
    2    1    4    6    0    0    2    1      1379    4   11   -9   12   -8    6    1    4  -13  -12   15    9   13   -6   -3   -4  -12   10
    2    1    5    4    3    1    2    1      3341    0   -5  -13   12   14   -8   13   15    0   -9  -10  -10  -11    5   -9   10   13   -1
    2    1    6    1    2    1    1    1      1496    9   10    0  -15    6    8  -15   18    0   -3    4   -9  -14  -14    1    3  -15    5
    2    1    7    4    1    3    2    1      1006    5   -8   16    0  -15   -3   19  -17   13  -13    6  -15  -13   -1   -9   15    8    7
    2    1    8    6    0    0    1    0      1783  -13   11    9  -10   -3    2   11    7   -2   13    2   -7  -14  -13    8   12   10   13
    2    1    9    4    2    5    1    0      1025   10   11    0  -15   -4   15  -15   10   -1   -7    1   -9  -12  -14    4    7  -12    7
    2    1   10    1    3    3    2    0      4953    0   -7  -14    8   11   -9   13   15   -3   -8  -12   -2   -5    0   -9    5   12   -6
    2    1   11    1    3    2    1    1      4165    1   -6  -13   11   15  -10   11   13   -1   -9  -11   -6   -9    1  -10   12   16   -3
    2    1   12    1    1    1    2    0      1631    5  -11   14    1   -7    5   19  -21   13  -15   16  -20  -10   -2  -13   11   13   -4
    2    1   13    4    2    4    2    1      2911    8   12   -1   -8   -4   13  -14   10    0   -6   -1  -16   -6  -16    7    1  -12    8
    2    1   14    1    1    4    2    0      5483    3  -12   14   -1  -13   -4   15  -15   11  -19    9  -12  -11   -5  -14   11   13   -5
    2    1   15    1    2    3    1    1      1121    8   10   -1  -13   -2   13  -15   11    0   -5    2   -8  -13  -15   -2    9  -14    9
    2    1   16    6    0    0    2    1      3558   13    4   -9    7   -7    3   -1    5  -12  -10   15   10    9   -2   -4   -4   -9   12
    2    1   17    1    2    2    1    1      1161    2   15   -1  -15  -12   18  -14   10   -3   -8    1  -11  -13  -15    2    7  -11   15
    2    1   18    1    2    4    1    1       556    8   12   -3  -12   -5    7  -14   10    0   -6    4  -10   -8  -23    0    3  -12    8
    2    1   19    4    1    4    2    1      1943    1   -8   16    1  -18   -8   15  -14   10  -13    6   -9  -10   -5  -13    9   19   -4
    2    1   20    4    2    3    2    1      5738   14    3   -1  -16   -4   14  -16   10    2   -8    5   -8  -19  -18    3    5  -11    9
    2    1   21    6    0    0    2    1      2118  -15   11   16    0   -3    3   10    6   -3   15   -1   -5  -15  -12    6   10    6    2
    2    1   22    2    1    0    1    0      2770    4  -10   15    1  -14   -4   16  -13   12  -14    7  -10  -11   -3  -14   10   12   -3
    2    1   23    1    3    5    2    0      2805    0   -7  -13   11   11  -11   14   11    7   -8  -12  -10  -11    5   -9   14   22   -6
    2    1   24    1    3    4    1    1      1430    0   -7  -11   11    9  -10   13   15   -2  -10   -1   -4   -4    0   -7    7   13   -1
    2    1   25    1    1    3    1    1      2046    4  -12   16    1   -8  -12   17  -11   11  -14    9    0  -12   -2  -15   10   14   -5
    2    1   26    4    2    1    1    0      1821    6   11   -4   -8   -6   10  -13   13   -1   -4    2   -8  -13  -14    3    2  -11    9
    2    1   27    4    3    2    2    1      3510    1   -4  -10    9   12  -10   11   18  -10   -5  -13  -10  -10    1   -6   14   15   -2
    2    1   28    4    1    1    2    1      2634    6  -14   16    0  -12   -4   18  -13   11   -8    6   -8   -6   -6  -14    9   11   -3
    2    1   29    2    2    0    1    0      1010    7   10   -1  -14   -3   14  -14   11   -1   -5    3   -9  -12  -15    3    6  -12    9
    2    1   30    4    3    4    1    0      1131    2   -6  -12    9   11  -10   15   17   -3  -11   -9  -10   -9    4   -9   13   15   -1
    2    1   31    4    2    2    1    0      3583    6   10    0  -15   -4   12  -13   10   -1   -4    6  -12   -5   -6    4    9  -18    0
    2    1   32    4    3    5    1    0      4177    2   -6  -10    9   14   -7   13   15   -4   -9  -10  -10   -8    5   -8   11   15   -1
    2    1   33    1    2    5    2    0      5386    7    9   -2  -14  -12   17  -13   13   -1   -3    4   -7  -13  -15    2    8  -11    8
    2    1   34    6    0    0    2    1      4036    8   -2    6  -14  -17  -14    0  -14  -12  -17    7    3   15    8    4   -4  -11   10
    2    1   35    6    0    0    2    1      2436    8   -4    7  -13  -15   -8    1  -13  -11  -12    4    0   21    7    6   -1   -7   13
    2    1   36    4    3    3    1    0      2724    1   -6  -16    7    4  -12   12   17   -2  -11  -13  -10  -10    3  -14   21   14    0
    2    1   37    1    1    5    1    1      2584    2   -8   14    2  -15   -5   18  -13   15  -22    6  -10  -12    1  -13    9   13   -4
    2    1   38    4    1    2    2    1      1283   14  -12   17    0  -15   -4   16   -8   12  -13   -2  -11  -10   -4  -15   11   10   -2
    2    1   39    1    3    1    1    1      1216    2    0  -14   12   14  -10   15   14   -3  -11  -10   -9   -8    4   -7   12   12   -6
