    1    1    1    1    3    5    1    0      4771   16    8   11  -11   -4  -16   -2   -4   -9   10   16   -5    2    7    7    4   -6   -4
    1    1    2    1    2    2    3    0      2987  -17    0    7  -17    4   17   10    4   -9   17    8    9  -14   14  -14   11   -6  -10
    1    1    3    1    3    4    3    1      1717   15   12    8   -8   -9  -13   -9    6   -9   10   12    3    5    9    9    4  -10   -8
    1    1    4    1    1    4    1    1      1105   11    2    3  -11    8    0    2   19    8  -11   -4    5   -4   16   15  -12    2   12
    1    1    5    1    1    1    2    0      1190   11    2    2  -13    7    1    7   14   11  -12   -3    5   -3   12    5  -22    1   13
    1    1    6    1    3    2    2    0       968    5   15    9  -10  -11   -6   -2  -10   -7    1   11    1    4   10    6    6   -5   -3
    1    1    7    1    2    5    3    0      2306  -16    2    5   -8   11   11   10    7  -10   18   15    1  -12   17   -8   13  -12  -10
    1    1    8    1    1    2    1    1      3218   11    2    2  -10    7    3    4   17    9  -10  -13    7   -4   12   15  -16    1   13
    1    1    9    1    2    4    3    0      2072  -16    4    6  -14    9   11   10    7  -13   15   12   11  -12   13  -13   10   -8  -12
    1    1   10    1    2    1    2    1      2887   -9    3    6  -15   15   18    8   11  -22    7   13    5   -8   14  -16   12   -8  -13
    1    1   11    1    2    3    1    0      1941  -17    1    5  -15   11   14   10    6   -5    8   11    8  -13   16  -12   12   -7  -13
    1    1   12    1    3    1    3    1      1593   23   13    8  -11   -7  -16   -1    1  -10   10   12    1    6    6    8    2   -4   -2
    1    1   13    1    1    3    2    0      1178   11    3    1  -11    5   -6    3   14   11   -9   -2    8   -8    7   20  -15    1   12
    1    1   14    1    1    5    1    1       924    7    7    2  -10    6    1    6   18    9  -10    5    8    5   13   22  -18   11    6
    1    1   15    1    3    3    1    0      1561   15   10   11  -10   -5  -14    5    0  -10   10    9    0   11   -1   10    2   -3   -6
    1    2    1    1    1    2    2    0      1035   11    2    2  -10    7    3    4   17    9  -10  -13    7   -4   12   15  -16    1   13
    1    2    2    1    3    4    2    0      1491   15   12    8   -8   -9  -13   -9    6   -9   10   12    3    5    9    9    4  -10   -8
    1    2    3    1    3    2    2    0      1097    5   15    9  -10  -11   -6   -2  -10   -7    1   11    1    4   10    6    6   -5   -3
    1    2    4    1    2    4    3    0      1118  -16    4    6  -14    9   11   10    7  -13   15   12   11  -12   13  -13   10   -8  -12
    1    2    5    1    2    2    3    0      1219  -17    0    7  -17    4   17   10    4   -9   17    8    9  -14   14  -14   11   -6  -10
    1    2    6    1    1    5    1    1       627    7    7    2  -10    6    1    6   18    9  -10    5    8    5   13   22  -18   11    6
    1    2    7    1    2    3    3    0       907  -17    1    5  -15   11   14   10    6   -5    8   11    8  -13   16  -12   12   -7  -13
    1    2    8    1    2    1    3    0      1624   -9    3    6  -15   15   18    8   11  -22    7   13    5   -8   14  -16   12   -8  -13
    1    2    9    1    1    4    1    1       649   11    2    3  -11    8    0    2   19    8  -11   -4    5   -4   16   15  -12    2   12
    1    2   10    1    1    3    1    1       640   11    3    1  -11    5   -6    3   14   11   -9   -2    8   -8    7   20  -15    1   12
    1    2   11    1    1    1    2    0      1320   11    2    2  -13    7    1    7   14   11  -12   -3    5   -3   12    5  -22    1   13
    1    2   12    1    3    5    3    1      2245   16    8   11  -11   -4  -16   -2   -4   -9   10   16   -5    2    7    7    4   -6   -4
    1    2   13    1    2    5    2    1       988  -16    2    5   -8   11   11   10    7  -10   18   15    1  -12   17   -8   13  -12  -10
    1    2   14    1    3    3    3    1       998   15   10   11  -10   -5  -14    5    0  -10   10    9    0   11   -1   10    2   -3   -6
    1    2   15    1    3    1    3    1       703   23   13    8  -11   -7  -16   -1    1  -10   10   12    1    6    6    8    2   -4   -2
    1    3    1    1    3    4    3    1       645   15   12    8   -8   -9  -13   -9    6   -9   10   12    3    5    9    9    4  -10   -8
    1    3    2    1    1    1    1    1       812   11    2    2  -13    7    1    7   14   11  -12   -3    5   -3   12    5  -22    1   13
    1    3    3    1    3    1    3    1       604   23   13    8  -11   -7  -16   -1    1  -10   10   12    1    6    6    8    2   -4   -2
    1    3    4    1    2    5    2    1       582  -16    2    5   -8   11   11   10    7  -10   18   15    1  -12   17   -8   13  -12  -10
    1    3    5    1    3    2    1    0      1248    5   15    9  -10  -11   -6   -2  -10   -7    1   11    1    4   10    6    6   -5   -3
    1    3    6    1    1    5    1    1       703    7    7    2  -10    6    1    6   18    9  -10    5    8    5   13   22  -18   11    6
    1    3    7    1    1    3    1    1       708   11    3    1  -11    5   -6    3   14   11   -9   -2    8   -8    7   20  -15    1   12
    1    3    8    1    2    3    2    1      1801  -17    1    5  -15   11   14   10    6   -5    8   11    8  -13   16  -12   12   -7  -13
    1    3    9    1    3    3    3    1       963   15   10   11  -10   -5  -14    5    0  -10   10    9    0   11   -1   10    2   -3   -6
    1    3   10    1    2    4    2    1      1821  -16    4    6  -14    9   11   10    7  -13   15   12   11  -12   13  -13   10   -8  -12
    1    3   11    1    2    1    2    1       854   -9    3    6  -15   15   18    8   11  -22    7   13    5   -8   14  -16   12   -8  -13
    1    3   12    1    1    4    1    1       597   11    2    3  -11    8    0    2   19    8  -11   -4    5   -4   16   15  -12    2   12
    1    3   13    1    2    2    2    1      1102  -17    0    7  -17    4   17   10    4   -9   17    8    9  -14   14  -14   11   -6  -10
    1    3   14    1    3    5    3    1       772   16    8   11  -11   -4  -16   -2   -4   -9   10   16   -5    2    7    7    4   -6   -4
    1    3   15    1    1    2    3    0       694   11    2    2  -10    7    3    4   17    9  -10  -13    7   -4   12   15  -16    1   13
    1    4    1    1    1    2    1    1       652   11    2    2  -10    7    3    4   17    9  -10  -13    7   -4   12   15  -16    1   13
    1    4    2    1    3    3    3    1      1395   15   10   11  -10   -5  -14    5    0  -10   10    9    0   11   -1   10    2   -3   -6
    1    4    3    1    2    5    2    1       636  -16    2    5   -8   11   11   10    7  -10   18   15    1  -12   17   -8   13  -12  -10
    1    4    4    1    2    1    2    1      1476   -9    3    6  -15   15   18    8   11  -22    7   13    5   -8   14  -16   12   -8  -13
    1    4    5    1    1    3    1    1       650   11    3    1  -11    5   -6    3   14   11   -9   -2    8   -8    7   20  -15    1   12
    1    4    6    1    2    3    2    1       609  -17    1    5  -15   11   14   10    6   -5    8   11    8  -13   16  -12   12   -7  -13
    1    4    7    1    1    1    1    1       634   11    2    2  -13    7    1    7   14   11  -12   -3    5   -3   12    5  -22    1   13
    1    4    8    1    3    1    3    1       546   23   13    8  -11   -7  -16   -1    1  -10   10   12    1    6    6    8    2   -4   -2
    1    4    9    1    1    5    1    1       701    7    7    2  -10    6    1    6   18    9  -10    5    8    5   13   22  -18   11    6
    1    4   10    1    3    4    3    1       642   15   12    8   -8   -9  -13   -9    6   -9   10   12    3    5    9    9    4  -10   -8
    1    4   11    1    3    2    2    0       906    5   15    9  -10  -11   -6   -2  -10   -7    1   11    1    4   10    6    6   -5   -3
    1    4   12    1    2    4    2    1       439  -16    4    6  -14    9   11   10    7  -13   15   12   11  -12   13  -13   10   -8  -12
    1    4   13    1    2    2    2    1       519  -17    0    7  -17    4   17   10    4   -9   17    8    9  -14   14  -14   11   -6  -10
    1    4   14    1    1    4    1    1       531   11    2    3  -11    8    0    2   19    8  -11   -4    5   -4   16   15  -12    2   12
    1    4   15    1    3    5    3    1       479   16    8   11  -11   -4  -16   -2   -4   -9   10   16   -5    2    7    7    4   -6   -4
    1    5    1    1    1    5    1    1       637    7    7    2  -10    6    1    6   18    9  -10    5    8    5   13   22  -18   11    6
    1    5    2    1    2    1    3    0      1077   -9    3    6  -15   15   18    8   11  -22    7   13    5   -8   14  -16   12   -8  -13
    1    5    3    1    3    5    3    1       939   16    8   11  -11   -4  -16   -2   -4   -9   10   16   -5    2    7    7    4   -6   -4
    1    5    4    1    1    2    1    1       679   11    2    2  -10    7    3    4   17    9  -10  -13    7   -4   12   15  -16    1   13
    1    5    5    1    2    5    2    1      1341  -16    2    5   -8   11   11   10    7  -10   18   15    1  -12   17   -8   13  -12  -10
    1    5    6    1    2    3    2    1       537  -17    1    5  -15   11   14   10    6   -5    8   11    8  -13   16  -12   12   -7  -13
    1    5    7    1    1    3    1    1      1285   11    3    1  -11    5   -6    3   14   11   -9   -2    8   -8    7   20  -15    1   12
    1    5    8    1    3    4    3    1       931   15   12    8   -8   -9  -13   -9    6   -9   10   12    3    5    9    9    4  -10   -8
    1    5    9    1    3    3    3    1      1311   15   10   11  -10   -5  -14    5    0  -10   10    9    0   11   -1   10    2   -3   -6
    1    5   10    1    3    2    3    1      1195    5   15    9  -10  -11   -6   -2  -10   -7    1   11    1    4   10    6    6   -5   -3
    1    5   11    1    1    1    1    1      2573   11    2    2  -13    7    1    7   14   11  -12   -3    5   -3   12    5  -22    1   13
    1    5   12    1    2    4    2    1       631  -16    4    6  -14    9   11   10    7  -13   15   12   11  -12   13  -13   10   -8  -12
    1    5   13    1    3    1    3    1       639   23   13    8  -11   -7  -16   -1    1  -10   10   12    1    6    6    8    2   -4   -2
    1    5   14    1    1    4    1    1      1207   11    2    3  -11    8    0    2   19    8  -11   -4    5   -4   16   15  -12    2   12
    1    5   15    1    2    2    2    1       696  -17    0    7  -17    4   17   10    4   -9   17    8    9  -14   14  -14   11   -6  -10
    1    6    1    1    2    1    2    1       862   -9    3    6  -15   15   18    8   11  -22    7   13    5   -8   14  -16   12   -8  -13
    1    6    2    1    2    4    2    1       636  -16    4    6  -14    9   11   10    7  -13   15   12   11  -12   13  -13   10   -8  -12
    1    6    3    1    3    2    3    1       708    5   15    9  -10  -11   -6   -2  -10   -7    1   11    1    4   10    6    6   -5   -3
    1    6    4    1    2    3    2    1       665  -17    1    5  -15   11   14   10    6   -5    8   11    8  -13   16  -12   12   -7  -13
    1    6    5    1    1    5    1    1       576    7    7    2  -10    6    1    6   18    9  -10    5    8    5   13   22  -18   11    6
    1    6    6    1    3    1    3    1       682   23   13    8  -11   -7  -16   -1    1  -10   10   12    1    6    6    8    2   -4   -2
    1    6    7    1    3    4    3    1      1264   15   12    8   -8   -9  -13   -9    6   -9   10   12    3    5    9    9    4  -10   -8
    1    6    8    1    1    4    1    1       574   11    2    3  -11    8    0    2   19    8  -11   -4    5   -4   16   15  -12    2   12
    1    6    9    1    3    3    3    1       665   15   10   11  -10   -5  -14    5    0  -10   10    9    0   11   -1   10    2   -3   -6
    1    6   10    1    1    1    1    1       800   11    2    2  -13    7    1    7   14   11  -12   -3    5   -3   12    5  -22    1   13
    1    6   11    1    3    5    3    1       641   16    8   11  -11   -4  -16   -2   -4   -9   10   16   -5    2    7    7    4   -6   -4
    1    6   12    1    1    3    1    1      1305   11    3    1  -11    5   -6    3   14   11   -9   -2    8   -8    7   20  -15    1   12
    1    6   13    1    2    2    2    1       614  -17    0    7  -17    4   17   10    4   -9   17    8    9  -14   14  -14   11   -6  -10
    1    6   14    1    1    2    1    1      1167   11    2    2  -10    7    3    4   17    9  -10  -13    7   -4   12   15  -16    1   13
    1    6   15    1    2    5    2    1       689  -16    2    5   -8   11   11   10    7  -10   18   15    1  -12   17   -8   13  -12  -10
    1    7    1    1    2    5    2    1       519  -16    2    5   -8   11   11   10    7  -10   18   15    1  -12   17   -8   13  -12  -10
    1    7    2    1    1    4    1    1       516   11    2    3  -11    8    0    2   19    8  -11   -4    5   -4   16   15  -12    2   12
    1    7    3    1    2    1    2    1       664   -9    3    6  -15   15   18    8   11  -22    7   13    5   -8   14  -16   12   -8  -13
    1    7    4    1    2    3    2    1       471  -17    1    5  -15   11   14   10    6   -5    8   11    8  -13   16  -12   12   -7  -13
    1    7    5    1    3    1    3    1       678   23   13    8  -11   -7  -16   -1    1  -10   10   12    1    6    6    8    2   -4   -2
    1    7    6    1    1    5    1    1       604    7    7    2  -10    6    1    6   18    9  -10    5    8    5   13   22  -18   11    6
    1    7    7    1    2    2    2    1       597  -17    0    7  -17    4   17   10    4   -9   17    8    9  -14   14  -14   11   -6  -10
    1    7    8    1    3    3    3    1       750   15   10   11  -10   -5  -14    5    0  -10   10    9    0   11   -1   10    2   -3   -6
    1    7    9    1    1    3    1    1       705   11    3    1  -11    5   -6    3   14   11   -9   -2    8   -8    7   20  -15    1   12
    1    7   10    1    1    2    1    1       471   11    2    2  -10    7    3    4   17    9  -10  -13    7   -4   12   15  -16    1   13
    1    7   11    1    3    5    3    1       933   16    8   11  -11   -4  -16   -2   -4   -9   10   16   -5    2    7    7    4   -6   -4
    1    7   12    1    3    2    3    1      1137    5   15    9  -10  -11   -6   -2  -10   -7    1   11    1    4   10    6    6   -5   -3
    1    7   13    1    3    4    3    1      1013   15   12    8   -8   -9  -13   -9    6   -9   10   12    3    5    9    9    4  -10   -8
    1    7   14    1    2    4    2    1       622  -16    4    6  -14    9   11   10    7  -13   15   12   11  -12   13  -13   10   -8  -12
    1    7   15    1    1    1    1    1       454   11    2    2  -13    7    1    7   14   11  -12   -3    5   -3   12    5  -22    1   13
    1    8    1    1    2    4    2    1       438  -16    4    6  -14    9   11   10    7  -13   15   12   11  -12   13  -13   10   -8  -12
    1    8    2    1    3    5    3    1       678   16    8   11  -11   -4  -16   -2   -4   -9   10   16   -5    2    7    7    4   -6   -4
    1    8    3    1    1    4    1    1       620   11    2    3  -11    8    0    2   19    8  -11   -4    5   -4   16   15  -12    2   12
    1    8    4    1    1    1    1    1       756   11    2    2  -13    7    1    7   14   11  -12   -3    5   -3   12    5  -22    1   13
    1    8    5    1    1    5    1    1       583    7    7    2  -10    6    1    6   18    9  -10    5    8    5   13   22  -18   11    6
    1    8    6    1    3    1    3    1       689   23   13    8  -11   -7  -16   -1    1  -10   10   12    1    6    6    8    2   -4   -2
    1    8    7    1    3    3    3    1       695   15   10   11  -10   -5  -14    5    0  -10   10    9    0   11   -1   10    2   -3   -6
    1    8    8    1    1    2    1    1       860   11    2    2  -10    7    3    4   17    9  -10  -13    7   -4   12   15  -16    1   13
    1    8    9    1    1    3    1    1       491   11    3    1  -11    5   -6    3   14   11   -9   -2    8   -8    7   20  -15    1   12
    1    8   10    1    2    1    2    1       697   -9    3    6  -15   15   18    8   11  -22    7   13    5   -8   14  -16   12   -8  -13
    1    8   11    1    3    2    3    1      1006    5   15    9  -10  -11   -6   -2  -10   -7    1   11    1    4   10    6    6   -5   -3
    1    8   12    1    2    2    2    1       632  -17    0    7  -17    4   17   10    4   -9   17    8    9  -14   14  -14   11   -6  -10
    1    8   13    1    2    5    2    1       704  -16    2    5   -8   11   11   10    7  -10   18   15    1  -12   17   -8   13  -12  -10
    1    8   14    1    2    3    2    1       629  -17    1    5  -15   11   14   10    6   -5    8   11    8  -13   16  -12   12   -7  -13
    1    8   15    1    3    4    3    1      1357   15   12    8   -8   -9  -13   -9    6   -9   10   12    3    5    9    9    4  -10   -8
    1    9    1    1    2    2    2    1       728  -17    0    7  -17    4   17   10    4   -9   17    8    9  -14   14  -14   11   -6  -10
    1    9    2    1    1    2    1    1       812   11    2    2  -10    7    3    4   17    9  -10  -13    7   -4   12   15  -16    1   13
    1    9    3    1    1    3    1    1       509   11    3    1  -11    5   -6    3   14   11   -9   -2    8   -8    7   20  -15    1   12
    1    9    4    1    2    3    2    1       554  -17    1    5  -15   11   14   10    6   -5    8   11    8  -13   16  -12   12   -7  -13
    1    9    5    1    1    1    1    1      1061   11    2    2  -13    7    1    7   14   11  -12   -3    5   -3   12    5  -22    1   13
    1    9    6    1    3    1    3    1       636   23   13    8  -11   -7  -16   -1    1  -10   10   12    1    6    6    8    2   -4   -2
    1    9    7    1    3    3    3    1       724   15   10   11  -10   -5  -14    5    0  -10   10    9    0   11   -1   10    2   -3   -6
    1    9    8    1    1    5    1    1       648    7    7    2  -10    6    1    6   18    9  -10    5    8    5   13   22  -18   11    6
    1    9    9    1    3    5    3    1      1087   16    8   11  -11   -4  -16   -2   -4   -9   10   16   -5    2    7    7    4   -6   -4
    1    9   10    1    3    2    3    1       725    5   15    9  -10  -11   -6   -2  -10   -7    1   11    1    4   10    6    6   -5   -3
    1    9   11    1    2    1    2    1       730   -9    3    6  -15   15   18    8   11  -22    7   13    5   -8   14  -16   12   -8  -13
    1    9   12    1    3    4    3    1       590   15   12    8   -8   -9  -13   -9    6   -9   10   12    3    5    9    9    4  -10   -8
    1    9   13    1    1    4    1    1       632   11    2    3  -11    8    0    2   19    8  -11   -4    5   -4   16   15  -12    2   12
    1    9   14    1    2    4    2    1       528  -16    4    6  -14    9   11   10    7  -13   15   12   11  -12   13  -13   10   -8  -12
    1    9   15    1    2    5    2    1       604  -16    2    5   -8   11   11   10    7  -10   18   15    1  -12   17   -8   13  -12  -10
    1   10    1    1    2    3    2    1       469  -17    1    5  -15   11   14   10    6   -5    8   11    8  -13   16  -12   12   -7  -13
    1   10    2    1    1    2    1    1       724   11    2    2  -10    7    3    4   17    9  -10  -13    7   -4   12   15  -16    1   13
    1   10    3    1    2    5    2    1       664  -16    2    5   -8   11   11   10    7  -10   18   15    1  -12   17   -8   13  -12  -10
    1   10    4    1    3    5    3    1      1071   16    8   11  -11   -4  -16   -2   -4   -9   10   16   -5    2    7    7    4   -6   -4
    1   10    5    1    3    1    3    1       694   23   13    8  -11   -7  -16   -1    1  -10   10   12    1    6    6    8    2   -4   -2
    1   10    6    1    1    5    1    1       523    7    7    2  -10    6    1    6   18    9  -10    5    8    5   13   22  -18   11    6
    1   10    7    1    2    2    2    1       632  -17    0    7  -17    4   17   10    4   -9   17    8    9  -14   14  -14   11   -6  -10
    1   10    8    1    1    4    1    1       719   11    2    3  -11    8    0    2   19    8  -11   -4    5   -4   16   15  -12    2   12
    1   10    9    1    1    3    1    1       708   11    3    1  -11    5   -6    3   14   11   -9   -2    8   -8    7   20  -15    1   12
    1   10   10    1    2    1    2    1       745   -9    3    6  -15   15   18    8   11  -22    7   13    5   -8   14  -16   12   -8  -13
    1   10   11    1    2    4    2    1       589  -16    4    6  -14    9   11   10    7  -13   15   12   11  -12   13  -13   10   -8  -12
    1   10   12    1    3    3    3    1       566   15   10   11  -10   -5  -14    5    0  -10   10    9    0   11   -1   10    2   -3   -6
    1   10   13    1    3    2    3    1       593    5   15    9  -10  -11   -6   -2  -10   -7    1   11    1    4   10    6    6   -5   -3
    1   10   14    1    1    1    1    1       682   11    2    2  -13    7    1    7   14   11  -12   -3    5   -3   12    5  -22    1   13
    1   10   15    1    3    4    3    1      1136   15   12    8   -8   -9  -13   -9    6   -9   10   12    3    5    9    9    4  -10   -8
    1   11    1    1    3    2    3    1       612    5   15    9  -10  -11   -6   -2  -10   -7    1   11    1    4   10    6    6   -5   -3
    1   11    2    1    1    3    1    1       589   11    3    1  -11    5   -6    3   14   11   -9   -2    8   -8    7   20  -15    1   12
    1   11    3    1    1    4    1    1       583   11    2    3  -11    8    0    2   19    8  -11   -4    5   -4   16   15  -12    2   12
    1   11    4    1    2    5    2    1       689  -16    2    5   -8   11   11   10    7  -10   18   15    1  -12   17   -8   13  -12  -10
    1   11    5    1    3    3    3    1       647   15   10   11  -10   -5  -14    5    0  -10   10    9    0   11   -1   10    2   -3   -6
    1   11    6    1    2    1    2    1       718   -9    3    6  -15   15   18    8   11  -22    7   13    5   -8   14  -16   12   -8  -13
    1   11    7    1    2    4    2    1       594  -16    4    6  -14    9   11   10    7  -13   15   12   11  -12   13  -13   10   -8  -12
    1   11    8    1    3    1    3    1       588   23   13    8  -11   -7  -16   -1    1  -10   10   12    1    6    6    8    2   -4   -2
    1   11    9    1    3    4    3    1       550   15   12    8   -8   -9  -13   -9    6   -9   10   12    3    5    9    9    4  -10   -8
    1   11   10    1    1    2    1    1       577   11    2    2  -10    7    3    4   17    9  -10  -13    7   -4   12   15  -16    1   13
    1   11   11    1    1    5    1    1       811    7    7    2  -10    6    1    6   18    9  -10    5    8    5   13   22  -18   11    6
    1   11   12    1    1    1    1    1       619   11    2    2  -13    7    1    7   14   11  -12   -3    5   -3   12    5  -22    1   13
    1   11   13    1    3    5    3    1       692   16    8   11  -11   -4  -16   -2   -4   -9   10   16   -5    2    7    7    4   -6   -4
    1   11   14    1    2    3    2    1       586  -17    1    5  -15   11   14   10    6   -5    8   11    8  -13   16  -12   12   -7  -13
    1   11   15    1    2    2    2    1       500  -17    0    7  -17    4   17   10    4   -9   17    8    9  -14   14  -14   11   -6  -10
    1   12    1    1    3    1    3    1       593   23   13    8  -11   -7  -16   -1    1  -10   10   12    1    6    6    8    2   -4   -2
    1   12    2    1    1    2    1    1       619   11    2    2  -10    7    3    4   17    9  -10  -13    7   -4   12   15  -16    1   13
    1   12    3    1    2    3    2    1       675  -17    1    5  -15   11   14   10    6   -5    8   11    8  -13   16  -12   12   -7  -13
    1   12    4    1    1    4    1    1       858   11    2    3  -11    8    0    2   19    8  -11   -4    5   -4   16   15  -12    2   12
    1   12    5    1    2    5    2    1       521  -16    2    5   -8   11   11   10    7  -10   18   15    1  -12   17   -8   13  -12  -10
    1   12    6    1    3    4    3    1       486   15   12    8   -8   -9  -13   -9    6   -9   10   12    3    5    9    9    4  -10   -8
    1   12    7    1    2    2    2    1       612  -17    0    7  -17    4   17   10    4   -9   17    8    9  -14   14  -14   11   -6  -10
    1   12    8    1    2    1    2    1       572   -9    3    6  -15   15   18    8   11  -22    7   13    5   -8   14  -16   12   -8  -13
    1   12    9    1    3    3    3    1       663   15   10   11  -10   -5  -14    5    0  -10   10    9    0   11   -1   10    2   -3   -6
    1   12   10    1    3    5    3    1       861   16    8   11  -11   -4  -16   -2   -4   -9   10   16   -5    2    7    7    4   -6   -4
    1   12   11    1    1    3    1    1      1100   11    3    1  -11    5   -6    3   14   11   -9   -2    8   -8    7   20  -15    1   12
    1   12   12    1    1    1    1    1       625   11    2    2  -13    7    1    7   14   11  -12   -3    5   -3   12    5  -22    1   13
    1   12   13    1    3    2    3    1       682    5   15    9  -10  -11   -6   -2  -10   -7    1   11    1    4   10    6    6   -5   -3
    1   12   14    1    1    5    1    1       704    7    7    2  -10    6    1    6   18    9  -10    5    8    5   13   22  -18   11    6
    1   12   15    1    2    4    2    1       581  -16    4    6  -14    9   11   10    7  -13   15   12   11  -12   13  -13   10   -8  -12
    1   13    1    1    1    2    1    1      1535   11    2    2  -10    7    3    4   17    9  -10  -13    7   -4   12   15  -16    1   13
    1   13    2    1    2    1    2    1       643   -9    3    6  -15   15   18    8   11  -22    7   13    5   -8   14  -16   12   -8  -13
    1   13    3    1    1    3    1    1      1194   11    3    1  -11    5   -6    3   14   11   -9   -2    8   -8    7   20  -15    1   12
    1   13    4    1    2    5    2    1       587  -16    2    5   -8   11   11   10    7  -10   18   15    1  -12   17   -8   13  -12  -10
    1   13    5    1    1    4    1    1       837   11    2    3  -11    8    0    2   19    8  -11   -4    5   -4   16   15  -12    2   12
    1   13    6    1    3    2    3    1       917    5   15    9  -10  -11   -6   -2  -10   -7    1   11    1    4   10    6    6   -5   -3
    1   13    7    1    2    4    2    1       610  -16    4    6  -14    9   11   10    7  -13   15   12   11  -12   13  -13   10   -8  -12
    1   13    8    1    3    3    3    1       618   15   10   11  -10   -5  -14    5    0  -10   10    9    0   11   -1   10    2   -3   -6
    1   13    9    1    3    4    3    1      1507   15   12    8   -8   -9  -13   -9    6   -9   10   12    3    5    9    9    4  -10   -8
    1   13   10    1    3    1    3    1       584   23   13    8  -11   -7  -16   -1    1  -10   10   12    1    6    6    8    2   -4   -2
    1   13   11    1    1    1    1    1       578   11    2    2  -13    7    1    7   14   11  -12   -3    5   -3   12    5  -22    1   13
    1   13   12    1    3    5    3    1       700   16    8   11  -11   -4  -16   -2   -4   -9   10   16   -5    2    7    7    4   -6   -4
    1   13   13    1    1    5    1    1       770    7    7    2  -10    6    1    6   18    9  -10    5    8    5   13   22  -18   11    6
    1   13   14    1    2    2    2    1       516  -17    0    7  -17    4   17   10    4   -9   17    8    9  -14   14  -14   11   -6  -10
    1   13   15    1    2    3    2    1       561  -17    1    5  -15   11   14   10    6   -5    8   11    8  -13   16  -12   12   -7  -13
    1   14    1    1    1    4    1    1       635   11    2    3  -11    8    0    2   19    8  -11   -4    5   -4   16   15  -12    2   12
    1   14    2    1    1    5    1    1       579    7    7    2  -10    6    1    6   18    9  -10    5    8    5   13   22  -18   11    6
    1   14    3    1    2    5    2    1       557  -16    2    5   -8   11   11   10    7  -10   18   15    1  -12   17   -8   13  -12  -10
    1   14    4    1    3    5    3    1       632   16    8   11  -11   -4  -16   -2   -4   -9   10   16   -5    2    7    7    4   -6   -4
    1   14    5    1    3    4    3    1       688   15   12    8   -8   -9  -13   -9    6   -9   10   12    3    5    9    9    4  -10   -8
    1   14    6    1    3    2    3    1       710    5   15    9  -10  -11   -6   -2  -10   -7    1   11    1    4   10    6    6   -5   -3
    1   14    7    1    2    4    2    1       619  -16    4    6  -14    9   11   10    7  -13   15   12   11  -12   13  -13   10   -8  -12
    1   14    8    1    1    1    1    1       612   11    2    2  -13    7    1    7   14   11  -12   -3    5   -3   12    5  -22    1   13
    1   14    9    1    1    3    1    1      1132   11    3    1  -11    5   -6    3   14   11   -9   -2    8   -8    7   20  -15    1   12
    1   14   10    1    2    1    2    1       864   -9    3    6  -15   15   18    8   11  -22    7   13    5   -8   14  -16   12   -8  -13
    1   14   11    1    3    1    3    1       591   23   13    8  -11   -7  -16   -1    1  -10   10   12    1    6    6    8    2   -4   -2
    1   14   12    1    1    2    1    1       553   11    2    2  -10    7    3    4   17    9  -10  -13    7   -4   12   15  -16    1   13
    1   14   13    1    3    3    3    1       948   15   10   11  -10   -5  -14    5    0  -10   10    9    0   11   -1   10    2   -3   -6
    1   14   14    1    2    3    2    1       655  -17    1    5  -15   11   14   10    6   -5    8   11    8  -13   16  -12   12   -7  -13
    1   14   15    1    2    2    2    1       567  -17    0    7  -17    4   17   10    4   -9   17    8    9  -14   14  -14   11   -6  -10
    1   15    1    1    1    4    1    1       561   11    2    3  -11    8    0    2   19    8  -11   -4    5   -4   16   15  -12    2   12
    1   15    2    1    3    5    3    1       620   16    8   11  -11   -4  -16   -2   -4   -9   10   16   -5    2    7    7    4   -6   -4
    1   15    3    1    2    2    2    1       564  -17    0    7  -17    4   17   10    4   -9   17    8    9  -14   14  -14   11   -6  -10
    1   15    4    1    2    4    2    1       527  -16    4    6  -14    9   11   10    7  -13   15   12   11  -12   13  -13   10   -8  -12
    1   15    5    1    1    3    1    1       795   11    3    1  -11    5   -6    3   14   11   -9   -2    8   -8    7   20  -15    1   12
    1   15    6    1    2    3    2    1       604  -17    1    5  -15   11   14   10    6   -5    8   11    8  -13   16  -12   12   -7  -13
    1   15    7    1    3    1    3    1       933   23   13    8  -11   -7  -16   -1    1  -10   10   12    1    6    6    8    2   -4   -2
    1   15    8    1    1    1    1    1       529   11    2    2  -13    7    1    7   14   11  -12   -3    5   -3   12    5  -22    1   13
    1   15    9    1    3    2    3    1       733    5   15    9  -10  -11   -6   -2  -10   -7    1   11    1    4   10    6    6   -5   -3
    1   15   10    1    3    3    3    1       657   15   10   11  -10   -5  -14    5    0  -10   10    9    0   11   -1   10    2   -3   -6
    1   15   11    1    1    2    1    1       520   11    2    2  -10    7    3    4   17    9  -10  -13    7   -4   12   15  -16    1   13
    1   15   12    1    3    4    3    1       677   15   12    8   -8   -9  -13   -9    6   -9   10   12    3    5    9    9    4  -10   -8
    1   15   13    1    1    5    1    1       747    7    7    2  -10    6    1    6   18    9  -10    5    8    5   13   22  -18   11    6
    1   15   14    1    2    1    2    1       670   -9    3    6  -15   15   18    8   11  -22    7   13    5   -8   14  -16   12   -8  -13
    1   15   15    1    2    5    2    1       645  -16    2    5   -8   11   11   10    7  -10   18   15    1  -12   17   -8   13  -12  -10
    2    1    1    1    2    5    1    1      3086  -16    2    5   -8   11   11   10    7  -10   18   15    1  -12   17   -8   13  -12  -10
    2    1    2    1    3    5    1    1      1588   16    8   11  -11   -4  -16   -2   -4   -9   10   16   -5    2    7    7    4   -6   -4
    2    1    3    6    0    0    2    1      2934   -4    6   -1    0  -14    9    1   -7   10  -10    6  -11   -6   10    2  -12   10   14
    2    1    4    1    3    4    1    1      1010   15   12    8   -8   -9  -13   -9    6   -9   10   12    3    5    9    9    4  -10   -8
    2    1    5    4    2    2    2    1      1370  -20    5    7  -16   18   22   12    4   -2   18   11   11  -15   15  -15   11   -6  -13
    2    1    6    6    0    0    2    1      3061    3    8  -10   -1   -7    6   -7    1    9   -6    5   -8    1   10   -1    2   10   14
    2    1    7    1    2    4    1    1       700  -16    4    6  -14    9   11   10    7  -13   15   12   11  -12   13  -13   10   -8  -12
    2    1    8    1    2    3    1    1       657  -17    1    5  -15   11   14   10    6   -5    8   11    8  -13   16  -12   12   -7  -13
    2    1    9    4    3    2    1    0      2168   14    9    9  -10  -11  -14   -1    1   -7   -1    8    1    3    9   11    8   -3   -3
    2    1   10    2    1    0    1    0       803   10    3    2  -11    6    2    5   16   10  -11   -3    7   -3   13   15  -15    2   13
    2    1   11    1    1    2    1    1       820   11    2    2  -10    7    3    4   17    9  -10  -13    7   -4   12   15  -16    1   13
    2    1   12    4    1    1    1    0       869    9    4    2  -10    6    1    3   16   11  -12   -2    6    2   10    6  -22    0   12
    2    1   13    4    3    1    1    0       883   13   11   10   -8   -9  -13    2   -2   -9   14   11    4    6    9    9    3   -7   -2
    2    1   14    1    1    4    1    1      1953   11    2    3  -11    8    0    2   19    8  -11   -4    5   -4   16   15  -12    2   12
    2    1   15    1    3    3    1    1       916   15   10   11  -10   -5  -14    5    0  -10   10    9    0   11   -1   10    2   -3   -6
    2    1   16    4    1    5    2    1      2321   18   -6    2   -3    8    0    5   15    5  -14  -12   12   -1   11   15  -17    3   12
    2    1   17    4    1    3    2    1       646   11    2    1  -10    5    2    5   15    9   -9   -4    5   -4   15   14  -12    2   12
    2    1   18    2    3    0    1    0      1597   14   10   10  -10   -9  -14    0    0  -11    9   10    2    4    8    8    4   -5   -4
    2    1   19    4    2    4    2    1      2942  -14    4    3  -15   13   12    9    8  -11   14   14   10  -15   13  -12    1   -6  -12
    2    1   20    1    3    2    1    1      1162    5   15    9  -10  -11   -6   -2  -10   -7    1   11    1    4   10    6    6   -5   -3
    2    1   21    1    1    1    1    1      1165   11    2    2  -13    7    1    7   14   11  -12   -3    5   -3   12    5  -22    1   13
    2    1   22    6    0    0    2    1      1087  -11   -5   10  -10   -7    5   -5   13   -7   -3   -9   -9  -16  -11  -12   12    2    0
    2    1   23    4    2    3    2    1      2165  -16    1    4  -12   11   13   12    7  -13   13   10    8  -20   13  -14    8   -5  -11
    2    1   24    4    3    4    1    0      1472   15    8   10   -9   -9  -15   -1   -2  -10    9   11    1    3    9    7    5  -12  -12
    2    1   25    4    3    3    2    1      1030   12    0   10  -11  -10  -15    0   -2  -12    9   11    3    4    6    5   -3   -7   -5
    2    1   26    4    3    5    2    1      1518   15    9    3  -14  -10  -18    2   -1   -2   -1   10   -2    0    2    7    5   -4   -5
    2    1   27    1    1    3    1    1      1299   11    3    1  -11    5   -6    3   14   11   -9   -2    8   -8    7   20  -15    1   12
    2    1   28    1    2    2    1    1      1472  -17    0    7  -17    4   17   10    4   -9   17    8    9  -14   14  -14   11   -6  -10
    2    1   29    6    0    0    2    1       903  -14   -1  -12  -13    5   -4   -2  -13    7   -9   10   -1    2  -14   10  -15  -11   -9
    2    1   30    4    2    1    2    1      1124  -14   -1    5  -16   21   12    9    5  -11   14   19   13  -14   16  -16   10   -6  -10
    2    1   31    6    0    0    2    1      1048    5   -1  -13  -13    6   -4    1  -16    5   -6    8    1    3  -13   -6   -9   -7   -7
    2    1   32    4    1    4    2    1      1840    2   -5    3  -11    6    3    6   16   12  -11   -1    8   -2   13   16  -15    1   14
    2    1   33    1    3    1    1    1      1656   23   13    8  -11   -7  -16   -1    1  -10   10   12    1    6    6    8    2   -4   -2
    2    1   34    4    1    2    1    0      2535    9    4    3  -13    5    3    3   18    9  -12   -3    6   -3   12   17  -17    5   15
    2    1   35    6    0    0    2    1      1123   -8   -4   13  -13   -8    1   -1   17   -6  -11  -10   -9  -14  -12  -10    6   -4    3
    2    1   36    1    2    1    1    1      1015   -9    3    6  -15   15   18    8   11  -22    7   13    5   -8   14  -16   12   -8  -13
    2    1   37    1    1    5    1    1      1680    7    7    2  -10    6    1    6   18    9  -10    5    8    5   13   22  -18   11    6
    2    1   38    4    2    5    2    1      1790  -15    1    5  -12   11   14   10    5  -13   15   12    9  -22   21  -16   11   -1  -16
    2    1   39    2    2    0    1    0       968  -15    2    5  -14   11   12   11    6  -12   14   12   10  -14   15  -14   10   -7  -12
