    1    1    1    1    3    4    1    0     22983   22    4   14  -15   -3   14   19    6    2   -6   13   -1   -4    6   16   11    6   -8
    1    1    2    1    3    2    1    0      2599   11   16   17  -14  -11   11   14   10    6   -4   14   -9   -3    4   13   14    0   -9
    1    1    3    1    1    3    3    0      1345   14   16   13   14    2    2  -11   12    7   -7  -12    1   10   -4    5   -3  -13    9
    1    1    4    1    1    4    2    0      4763   12   16   10   14    3    3   -6   11    7   -8  -11   -1   14   -5    3   -7  -17   10
    1    1    5    1    2    2    3    0      4797    6  -13    5    7    4    2   -1   -4   11   16   15   -6   -8   11    7   11   -7   -1
    1    1    6    1    3    5    1    0      1215   15    8   20   -8   -9    1    8    6    2  -10   11    0   -3    4   12   12    3   -8
    1    1    7    1    1    5    2    0      9455   13   18   10   15   -1    4  -13   13    4   -9  -15    3   12   -7    6   -2  -11    9
    1    1    8    1    2    3    2    1      1414   15  -18   -2    6   -4   14    0   -5   11   13   15   -6   -5   11    4   17   -5   -2
    1    1    9    1    3    1    3    1      1487   15    5   14  -12  -12    7   15   12   -4   -8   12   -1    2    6   13   15   -2   -4
    1    1   10    1    1    1    3    0      1333   17   17   14   17    0    5   -3   20    6  -10  -10    6   13   -6    8   -2  -11    9
    1    1   11    1    2    4    2    1      2945    6   -7    6    6   -5   12   -6   -8    9   14   16   -8    2    3    4   16    0    7
    1    1   12    1    1    2    1    1      2716   16   16    3    8    0    5  -12   14    8   -9  -14    2   11   -6    4   -2  -14   11
    1    1   13    1    3    3    2    0      4464   17    6   16  -16  -16   14   15    8    4   -4   15   -1   -4    4   14   14    6  -10
    1    1   14    1    2    5    3    0     11711   11   -6   16   16   -5   13    3   -5   11   14   21   -9   -5    9    5   16   -8    0
    1    1   15    1    2    1    2    1      3995    7  -12    4    6   -5   11    1   -5   12   15   18   -7   -3    7    5   16   -6   -3
    1    2    1    1    1    5    1    1      1852   13   18   10   15   -1    4  -13   13    4   -9  -15    3   12   -7    6   -2  -11    9
    1    2    2    1    2    2    2    1      1060    6  -13    5    7    4    2   -1   -4   11   16   15   -6   -8   11    7   11   -7   -1
    1    2    3    1    3    4    1    0      1946   22    4   14  -15   -3   14   19    6    2   -6   13   -1   -4    6   16   11    6   -8
    1    2    4    1    1    2    2    0      1262   16   16    3    8    0    5  -12   14    8   -9  -14    2   11   -6    4   -2  -14   11
    1    2    5    1    2    1    2    1      1772    7  -12    4    6   -5   11    1   -5   12   15   18   -7   -3    7    5   16   -6   -3
    1    2    6    1    2    4    1    0      1143    6   -7    6    6   -5   12   -6   -8    9   14   16   -8    2    3    4   16    0    7
    1    2    7    1    3    3    1    0      3866   17    6   16  -16  -16   14   15    8    4   -4   15   -1   -4    4   14   14    6  -10
    1    2    8    1    3    1    2    0      4848   15    5   14  -12  -12    7   15   12   -4   -8   12   -1    2    6   13   15   -2   -4
    1    2    9    1    2    5    2    1      1264   11   -6   16   16   -5   13    3   -5   11   14   21   -9   -5    9    5   16   -8    0
    1    2   10    1    1    1    1    1      2062   17   17   14   17    0    5   -3   20    6  -10  -10    6   13   -6    8   -2  -11    9
    1    2   11    1    2    3    1    0      3085   15  -18   -2    6   -4   14    0   -5   11   13   15   -6   -5   11    4   17   -5   -2
    1    2   12    1    3    2    2    0      2547   11   16   17  -14  -11   11   14   10    6   -4   14   -9   -3    4   13   14    0   -9
    1    2   13    1    1    4    3    0       654   12   16   10   14    3    3   -6   11    7   -8  -11   -1   14   -5    3   -7  -17   10
    1    2   14    1    3    5    2    0      2277   15    8   20   -8   -9    1    8    6    2  -10   11    0   -3    4   12   12    3   -8
    1    2   15    1    1    3    3    0      1275   14   16   13   14    2    2  -11   12    7   -7  -12    1   10   -4    5   -3  -13    9
    1    3    1    1    1    3    1    1       842   14   16   13   14    2    2  -11   12    7   -7  -12    1   10   -4    5   -3  -13    9
    1    3    2    1    1    1    1    1      1785   17   17   14   17    0    5   -3   20    6  -10  -10    6   13   -6    8   -2  -11    9
    1    3    3    1    2    1    3    0      1795    7  -12    4    6   -5   11    1   -5   12   15   18   -7   -3    7    5   16   -6   -3
    1    3    4    1    3    2    1    0      1421   11   16   17  -14  -11   11   14   10    6   -4   14   -9   -3    4   13   14    0   -9
    1    3    5    1    3    3    2    0      1205   17    6   16  -16  -16   14   15    8    4   -4   15   -1   -4    4   14   14    6  -10
    1    3    6    1    2    5    3    0      6646   11   -6   16   16   -5   13    3   -5   11   14   21   -9   -5    9    5   16   -8    0
    1    3    7    1    2    3    3    0       766   15  -18   -2    6   -4   14    0   -5   11   13   15   -6   -5   11    4   17   -5   -2
    1    3    8    1    2    2    3    0       928    6  -13    5    7    4    2   -1   -4   11   16   15   -6   -8   11    7   11   -7   -1
    1    3    9    1    1    2    3    0       620   16   16    3    8    0    5  -12   14    8   -9  -14    2   11   -6    4   -2  -14   11
    1    3   10    1    3    4    1    0       869   22    4   14  -15   -3   14   19    6    2   -6   13   -1   -4    6   16   11    6   -8
    1    3   11    1    1    4    2    0      2147   12   16   10   14    3    3   -6   11    7   -8  -11   -1   14   -5    3   -7  -17   10
    1    3   12    1    2    4    1    0       879    6   -7    6    6   -5   12   -6   -8    9   14   16   -8    2    3    4   16    0    7
    1    3   13    1    3    1    3    1      1916   15    5   14  -12  -12    7   15   12   -4   -8   12   -1    2    6   13   15   -2   -4
    1    3   14    1    1    5    1    1      2385   13   18   10   15   -1    4  -13   13    4   -9  -15    3   12   -7    6   -2  -11    9
    1    3   15    1    3    5    3    1      1619   15    8   20   -8   -9    1    8    6    2  -10   11    0   -3    4   12   12    3   -8
    1    4    1    1    2    2    2    1      2675    6  -13    5    7    4    2   -1   -4   11   16   15   -6   -8   11    7   11   -7   -1
    1    4    2    1    3    4    1    0      3802   22    4   14  -15   -3   14   19    6    2   -6   13   -1   -4    6   16   11    6   -8
    1    4    3    1    3    1    3    1       515   15    5   14  -12  -12    7   15   12   -4   -8   12   -1    2    6   13   15   -2   -4
    1    4    4    1    3    3    2    0      1104   17    6   16  -16  -16   14   15    8    4   -4   15   -1   -4    4   14   14    6  -10
    1    4    5    1    3    5    3    1      3525   15    8   20   -8   -9    1    8    6    2  -10   11    0   -3    4   12   12    3   -8
    1    4    6    1    2    1    2    1      1034    7  -12    4    6   -5   11    1   -5   12   15   18   -7   -3    7    5   16   -6   -3
    1    4    7    1    2    5    2    1       738   11   -6   16   16   -5   13    3   -5   11   14   21   -9   -5    9    5   16   -8    0
    1    4    8    1    1    2    1    1      1446   16   16    3    8    0    5  -12   14    8   -9  -14    2   11   -6    4   -2  -14   11
    1    4    9    1    2    4    2    1       653    6   -7    6    6   -5   12   -6   -8    9   14   16   -8    2    3    4   16    0    7
    1    4   10    1    2    3    2    1      2340   15  -18   -2    6   -4   14    0   -5   11   13   15   -6   -5   11    4   17   -5   -2
    1    4   11    1    3    2    2    0      2808   11   16   17  -14  -11   11   14   10    6   -4   14   -9   -3    4   13   14    0   -9
    1    4   12    1    1    4    3    0       777   12   16   10   14    3    3   -6   11    7   -8  -11   -1   14   -5    3   -7  -17   10
    1    4   13    1    1    1    1    1      1227   17   17   14   17    0    5   -3   20    6  -10  -10    6   13   -6    8   -2  -11    9
    1    4   14    1    1    5    1    1       587   13   18   10   15   -1    4  -13   13    4   -9  -15    3   12   -7    6   -2  -11    9
    1    4   15    1    1    3    1    1       821   14   16   13   14    2    2  -11   12    7   -7  -12    1   10   -4    5   -3  -13    9
    1    5    1    1    3    5    1    0      2501   15    8   20   -8   -9    1    8    6    2  -10   11    0   -3    4   12   12    3   -8
    1    5    2    1    1    3    3    0       403   14   16   13   14    2    2  -11   12    7   -7  -12    1   10   -4    5   -3  -13    9
    1    5    3    1    3    4    1    0      1604   22    4   14  -15   -3   14   19    6    2   -6   13   -1   -4    6   16   11    6   -8
    1    5    4    1    3    2    3    1      1253   11   16   17  -14  -11   11   14   10    6   -4   14   -9   -3    4   13   14    0   -9
    1    5    5    1    1    5    1    1       581   13   18   10   15   -1    4  -13   13    4   -9  -15    3   12   -7    6   -2  -11    9
    1    5    6    1    1    1    3    0      1518   17   17   14   17    0    5   -3   20    6  -10  -10    6   13   -6    8   -2  -11    9
    1    5    7    1    3    3    2    0      1347   17    6   16  -16  -16   14   15    8    4   -4   15   -1   -4    4   14   14    6  -10
    1    5    8    1    2    1    3    0       430    7  -12    4    6   -5   11    1   -5   12   15   18   -7   -3    7    5   16   -6   -3
    1    5    9    1    1    4    3    0       702   12   16   10   14    3    3   -6   11    7   -8  -11   -1   14   -5    3   -7  -17   10
    1    5   10    1    2    5    3    0      1044   11   -6   16   16   -5   13    3   -5   11   14   21   -9   -5    9    5   16   -8    0
    1    5   11    1    3    1    3    1      1563   15    5   14  -12  -12    7   15   12   -4   -8   12   -1    2    6   13   15   -2   -4
    1    5   12    1    2    2    1    0      1789    6  -13    5    7    4    2   -1   -4   11   16   15   -6   -8   11    7   11   -7   -1
    1    5   13    1    2    4    2    1      1511    6   -7    6    6   -5   12   -6   -8    9   14   16   -8    2    3    4   16    0    7
    1    5   14    1    1    2    3    0      1468   16   16    3    8    0    5  -12   14    8   -9  -14    2   11   -6    4   -2  -14   11
    1    5   15    1    2    3    1    0      3555   15  -18   -2    6   -4   14    0   -5   11   13   15   -6   -5   11    4   17   -5   -2
    1    6    1    1    1    2    1    1       902   16   16    3    8    0    5  -12   14    8   -9  -14    2   11   -6    4   -2  -14   11
    1    6    2    1    1    1    2    0       467   17   17   14   17    0    5   -3   20    6  -10  -10    6   13   -6    8   -2  -11    9
    1    6    3    1    3    3    2    0       914   17    6   16  -16  -16   14   15    8    4   -4   15   -1   -4    4   14   14    6  -10
    1    6    4    1    3    5    3    1       638   15    8   20   -8   -9    1    8    6    2  -10   11    0   -3    4   12   12    3   -8
    1    6    5    1    1    3    2    0      1446   14   16   13   14    2    2  -11   12    7   -7  -12    1   10   -4    5   -3  -13    9
    1    6    6    1    2    2    2    1       669    6  -13    5    7    4    2   -1   -4   11   16   15   -6   -8   11    7   11   -7   -1
    1    6    7    1    3    1    3    1      1268   15    5   14  -12  -12    7   15   12   -4   -8   12   -1    2    6   13   15   -2   -4
    1    6    8    1    3    4    3    1       851   22    4   14  -15   -3   14   19    6    2   -6   13   -1   -4    6   16   11    6   -8
    1    6    9    1    1    4    1    1      2946   12   16   10   14    3    3   -6   11    7   -8  -11   -1   14   -5    3   -7  -17   10
    1    6   10    1    1    5    1    1       781   13   18   10   15   -1    4  -13   13    4   -9  -15    3   12   -7    6   -2  -11    9
    1    6   11    1    3    2    3    1      1167   11   16   17  -14  -11   11   14   10    6   -4   14   -9   -3    4   13   14    0   -9
    1    6   12    1    2    3    2    1       530   15  -18   -2    6   -4   14    0   -5   11   13   15   -6   -5   11    4   17   -5   -2
    1    6   13    1    2    5    3    0      1918   11   -6   16   16   -5   13    3   -5   11   14   21   -9   -5    9    5   16   -8    0
    1    6   14    1    2    4    2    1      1106    6   -7    6    6   -5   12   -6   -8    9   14   16   -8    2    3    4   16    0    7
    1    6   15    1    2    1    3    0      2119    7  -12    4    6   -5   11    1   -5   12   15   18   -7   -3    7    5   16   -6   -3
    1    7    1    1    1    2    3    0       596   16   16    3    8    0    5  -12   14    8   -9  -14    2   11   -6    4   -2  -14   11
    1    7    2    1    1    1    1    1       573   17   17   14   17    0    5   -3   20    6  -10  -10    6   13   -6    8   -2  -11    9
    1    7    3    1    3    2    3    1      1896   11   16   17  -14  -11   11   14   10    6   -4   14   -9   -3    4   13   14    0   -9
    1    7    4    1    1    4    1    1      1885   12   16   10   14    3    3   -6   11    7   -8  -11   -1   14   -5    3   -7  -17   10
    1    7    5    1    1    3    1    1       755   14   16   13   14    2    2  -11   12    7   -7  -12    1   10   -4    5   -3  -13    9
    1    7    6    1    2    1    3    0      1958    7  -12    4    6   -5   11    1   -5   12   15   18   -7   -3    7    5   16   -6   -3
    1    7    7    1    2    3    2    1       506   15  -18   -2    6   -4   14    0   -5   11   13   15   -6   -5   11    4   17   -5   -2
    1    7    8    1    3    1    3    1      2279   15    5   14  -12  -12    7   15   12   -4   -8   12   -1    2    6   13   15   -2   -4
    1    7    9    1    3    5    3    1       669   15    8   20   -8   -9    1    8    6    2  -10   11    0   -3    4   12   12    3   -8
    1    7   10    1    2    5    1    0      1251   11   -6   16   16   -5   13    3   -5   11   14   21   -9   -5    9    5   16   -8    0
    1    7   11    1    2    4    2    1       755    6   -7    6    6   -5   12   -6   -8    9   14   16   -8    2    3    4   16    0    7
    1    7   12    1    3    3    3    1       630   17    6   16  -16  -16   14   15    8    4   -4   15   -1   -4    4   14   14    6  -10
    1    7   13    1    3    4    3    1      1390   22    4   14  -15   -3   14   19    6    2   -6   13   -1   -4    6   16   11    6   -8
    1    7   14    1    2    2    1    0      2296    6  -13    5    7    4    2   -1   -4   11   16   15   -6   -8   11    7   11   -7   -1
    1    7   15    1    1    5    2    0       637   13   18   10   15   -1    4  -13   13    4   -9  -15    3   12   -7    6   -2  -11    9
    1    8    1    1    3    2    3    1      1781   11   16   17  -14  -11   11   14   10    6   -4   14   -9   -3    4   13   14    0   -9
    1    8    2    1    2    4    2    1      1423    6   -7    6    6   -5   12   -6   -8    9   14   16   -8    2    3    4   16    0    7
    1    8    3    1    3    4    2    0       567   22    4   14  -15   -3   14   19    6    2   -6   13   -1   -4    6   16   11    6   -8
    1    8    4    1    1    1    3    0      6706   17   17   14   17    0    5   -3   20    6  -10  -10    6   13   -6    8   -2  -11    9
    1    8    5    1    1    5    1    1       535   13   18   10   15   -1    4  -13   13    4   -9  -15    3   12   -7    6   -2  -11    9
    1    8    6    1    3    3    1    0      4403   17    6   16  -16  -16   14   15    8    4   -4   15   -1   -4    4   14   14    6  -10
    1    8    7    1    1    3    3    0       676   14   16   13   14    2    2  -11   12    7   -7  -12    1   10   -4    5   -3  -13    9
    1    8    8    1    1    4    3    0       634   12   16   10   14    3    3   -6   11    7   -8  -11   -1   14   -5    3   -7  -17   10
    1    8    9    1    3    1    3    1       482   15    5   14  -12  -12    7   15   12   -4   -8   12   -1    2    6   13   15   -2   -4
    1    8   10    1    2    2    2    1      1120    6  -13    5    7    4    2   -1   -4   11   16   15   -6   -8   11    7   11   -7   -1
    1    8   11    1    3    5    2    0       420   15    8   20   -8   -9    1    8    6    2  -10   11    0   -3    4   12   12    3   -8
    1    8   12    1    2    5    2    1      1269   11   -6   16   16   -5   13    3   -5   11   14   21   -9   -5    9    5   16   -8    0
    1    8   13    1    2    1    3    0       356    7  -12    4    6   -5   11    1   -5   12   15   18   -7   -3    7    5   16   -6   -3
    1    8   14    1    1    2    3    0       615   16   16    3    8    0    5  -12   14    8   -9  -14    2   11   -6    4   -2  -14   11
    1    8   15    1    2    3    2    1      1088   15  -18   -2    6   -4   14    0   -5   11   13   15   -6   -5   11    4   17   -5   -2
    1    9    1    1    1    4    1    1      1062   12   16   10   14    3    3   -6   11    7   -8  -11   -1   14   -5    3   -7  -17   10
    1    9    2    1    3    3    1    0       988   17    6   16  -16  -16   14   15    8    4   -4   15   -1   -4    4   14   14    6  -10
    1    9    3    1    3    1    3    1      1750   15    5   14  -12  -12    7   15   12   -4   -8   12   -1    2    6   13   15   -2   -4
    1    9    4    1    1    5    2    0      1601   13   18   10   15   -1    4  -13   13    4   -9  -15    3   12   -7    6   -2  -11    9
    1    9    5    1    2    4    2    1       755    6   -7    6    6   -5   12   -6   -8    9   14   16   -8    2    3    4   16    0    7
    1    9    6    1    1    2    1    1       630   16   16    3    8    0    5  -12   14    8   -9  -14    2   11   -6    4   -2  -14   11
    1    9    7    1    2    1    3    0      1694    7  -12    4    6   -5   11    1   -5   12   15   18   -7   -3    7    5   16   -6   -3
    1    9    8    1    1    1    1    1      1339   17   17   14   17    0    5   -3   20    6  -10  -10    6   13   -6    8   -2  -11    9
    1    9    9    1    2    3    2    1       743   15  -18   -2    6   -4   14    0   -5   11   13   15   -6   -5   11    4   17   -5   -2
    1    9   10    1    1    3    3    0      1818   14   16   13   14    2    2  -11   12    7   -7  -12    1   10   -4    5   -3  -13    9
    1    9   11    1    3    5    2    0      3139   15    8   20   -8   -9    1    8    6    2  -10   11    0   -3    4   12   12    3   -8
    1    9   12    1    2    2    2    1      1239    6  -13    5    7    4    2   -1   -4   11   16   15   -6   -8   11    7   11   -7   -1
    1    9   13    1    3    4    3    1       918   22    4   14  -15   -3   14   19    6    2   -6   13   -1   -4    6   16   11    6   -8
    1    9   14    1    3    2    2    0      1923   11   16   17  -14  -11   11   14   10    6   -4   14   -9   -3    4   13   14    0   -9
    1    9   15    1    2    5    2    1      1624   11   -6   16   16   -5   13    3   -5   11   14   21   -9   -5    9    5   16   -8    0
    1   10    1    1    1    5    3    0      1176   13   18   10   15   -1    4  -13   13    4   -9  -15    3   12   -7    6   -2  -11    9
    1   10    2    1    2    1    2    1       474    7  -12    4    6   -5   11    1   -5   12   15   18   -7   -3    7    5   16   -6   -3
    1   10    3    1    1    4    1    1       345   12   16   10   14    3    3   -6   11    7   -8  -11   -1   14   -5    3   -7  -17   10
    1   10    4    1    1    3    1    1       556   14   16   13   14    2    2  -11   12    7   -7  -12    1   10   -4    5   -3  -13    9
    1   10    5    1    2    2    3    0      1559    6  -13    5    7    4    2   -1   -4   11   16   15   -6   -8   11    7   11   -7   -1
    1   10    6    1    2    4    2    1       986    6   -7    6    6   -5   12   -6   -8    9   14   16   -8    2    3    4   16    0    7
    1   10    7    1    3    5    2    0       628   15    8   20   -8   -9    1    8    6    2  -10   11    0   -3    4   12   12    3   -8
    1   10    8    1    2    5    2    1       924   11   -6   16   16   -5   13    3   -5   11   14   21   -9   -5    9    5   16   -8    0
    1   10    9    1    3    4    2    0      3320   22    4   14  -15   -3   14   19    6    2   -6   13   -1   -4    6   16   11    6   -8
    1   10   10    1    3    3    2    0      1173   17    6   16  -16  -16   14   15    8    4   -4   15   -1   -4    4   14   14    6  -10
    1   10   11    1    1    2    3    0       360   16   16    3    8    0    5  -12   14    8   -9  -14    2   11   -6    4   -2  -14   11
    1   10   12    1    3    2    3    1       794   11   16   17  -14  -11   11   14   10    6   -4   14   -9   -3    4   13   14    0   -9
    1   10   13    1    1    1    3    0       459   17   17   14   17    0    5   -3   20    6  -10  -10    6   13   -6    8   -2  -11    9
    1   10   14    1    2    3    3    0       458   15  -18   -2    6   -4   14    0   -5   11   13   15   -6   -5   11    4   17   -5   -2
    1   10   15    1    3    1    2    0       793   15    5   14  -12  -12    7   15   12   -4   -8   12   -1    2    6   13   15   -2   -4
    1   11    1    1    3    1    3    1      1083   15    5   14  -12  -12    7   15   12   -4   -8   12   -1    2    6   13   15   -2   -4
    1   11    2    1    1    4    2    0      2097   12   16   10   14    3    3   -6   11    7   -8  -11   -1   14   -5    3   -7  -17   10
    1   11    3    1    2    2    3    0       750    6  -13    5    7    4    2   -1   -4   11   16   15   -6   -8   11    7   11   -7   -1
    1   11    4    1    1    2    3    0       481   16   16    3    8    0    5  -12   14    8   -9  -14    2   11   -6    4   -2  -14   11
    1   11    5    1    2    3    2    1      1295   15  -18   -2    6   -4   14    0   -5   11   13   15   -6   -5   11    4   17   -5   -2
    1   11    6    1    2    4    2    1      1292    6   -7    6    6   -5   12   -6   -8    9   14   16   -8    2    3    4   16    0    7
    1   11    7    1    1    5    3    0      1370   13   18   10   15   -1    4  -13   13    4   -9  -15    3   12   -7    6   -2  -11    9
    1   11    8    1    3    5    2    0       821   15    8   20   -8   -9    1    8    6    2  -10   11    0   -3    4   12   12    3   -8
    1   11    9    1    1    1    1    1      2277   17   17   14   17    0    5   -3   20    6  -10  -10    6   13   -6    8   -2  -11    9
    1   11   10    1    2    5    2    1      1771   11   -6   16   16   -5   13    3   -5   11   14   21   -9   -5    9    5   16   -8    0
    1   11   11    1    3    2    3    1      1334   11   16   17  -14  -11   11   14   10    6   -4   14   -9   -3    4   13   14    0   -9
    1   11   12    1    3    3    3    1       466   17    6   16  -16  -16   14   15    8    4   -4   15   -1   -4    4   14   14    6  -10
    1   11   13    1    2    1    2    1       528    7  -12    4    6   -5   11    1   -5   12   15   18   -7   -3    7    5   16   -6   -3
    1   11   14    1    1    3    2    0      1228   14   16   13   14    2    2  -11   12    7   -7  -12    1   10   -4    5   -3  -13    9
    1   11   15    1    3    4    2    0       588   22    4   14  -15   -3   14   19    6    2   -6   13   -1   -4    6   16   11    6   -8
    1   12    1    1    3    3    3    1       838   17    6   16  -16  -16   14   15    8    4   -4   15   -1   -4    4   14   14    6  -10
    1   12    2    1    1    3    3    0      1158   14   16   13   14    2    2  -11   12    7   -7  -12    1   10   -4    5   -3  -13    9
    1   12    3    1    2    3    3    0       649   15  -18   -2    6   -4   14    0   -5   11   13   15   -6   -5   11    4   17   -5   -2
    1   12    4    1    3    2    2    0      1393   11   16   17  -14  -11   11   14   10    6   -4   14   -9   -3    4   13   14    0   -9
    1   12    5    1    1    4    3    0      1658   12   16   10   14    3    3   -6   11    7   -8  -11   -1   14   -5    3   -7  -17   10
    1   12    6    1    1    2    3    0      1177   16   16    3    8    0    5  -12   14    8   -9  -14    2   11   -6    4   -2  -14   11
    1   12    7    1    2    4    2    1       923    6   -7    6    6   -5   12   -6   -8    9   14   16   -8    2    3    4   16    0    7
    1   12    8    1    3    5    2    0      1288   15    8   20   -8   -9    1    8    6    2  -10   11    0   -3    4   12   12    3   -8
    1   12    9    1    1    1    1    1       582   17   17   14   17    0    5   -3   20    6  -10  -10    6   13   -6    8   -2  -11    9
    1   12   10    1    2    2    2    1       944    6  -13    5    7    4    2   -1   -4   11   16   15   -6   -8   11    7   11   -7   -1
    1   12   11    1    3    1    2    0      1371   15    5   14  -12  -12    7   15   12   -4   -8   12   -1    2    6   13   15   -2   -4
    1   12   12    1    2    1    2    1       629    7  -12    4    6   -5   11    1   -5   12   15   18   -7   -3    7    5   16   -6   -3
    1   12   13    1    3    4    3    1       429   22    4   14  -15   -3   14   19    6    2   -6   13   -1   -4    6   16   11    6   -8
    1   12   14    1    1    5    3    0      5901   13   18   10   15   -1    4  -13   13    4   -9  -15    3   12   -7    6   -2  -11    9
    1   12   15    1    2    5    2    1       802   11   -6   16   16   -5   13    3   -5   11   14   21   -9   -5    9    5   16   -8    0
    1   13    1    1    2    3    1    0       532   15  -18   -2    6   -4   14    0   -5   11   13   15   -6   -5   11    4   17   -5   -2
    1   13    2    1    1    2    1    1       751   16   16    3    8    0    5  -12   14    8   -9  -14    2   11   -6    4   -2  -14   11
    1   13    3    1    3    2    2    0       915   11   16   17  -14  -11   11   14   10    6   -4   14   -9   -3    4   13   14    0   -9
    1   13    4    1    3    3    2    0       623   17    6   16  -16  -16   14   15    8    4   -4   15   -1   -4    4   14   14    6  -10
    1   13    5    1    2    1    2    1       920    7  -12    4    6   -5   11    1   -5   12   15   18   -7   -3    7    5   16   -6   -3
    1   13    6    1    2    5    2    1       885   11   -6   16   16   -5   13    3   -5   11   14   21   -9   -5    9    5   16   -8    0
    1   13    7    1    3    4    3    1       771   22    4   14  -15   -3   14   19    6    2   -6   13   -1   -4    6   16   11    6   -8
    1   13    8    1    1    3    3    0       469   14   16   13   14    2    2  -11   12    7   -7  -12    1   10   -4    5   -3  -13    9
    1   13    9    1    2    4    2    1       724    6   -7    6    6   -5   12   -6   -8    9   14   16   -8    2    3    4   16    0    7
    1   13   10    1    1    4    3    0       616   12   16   10   14    3    3   -6   11    7   -8  -11   -1   14   -5    3   -7  -17   10
    1   13   11    1    1    5    3    0      1313   13   18   10   15   -1    4  -13   13    4   -9  -15    3   12   -7    6   -2  -11    9
    1   13   12    1    2    2    2    1      1006    6  -13    5    7    4    2   -1   -4   11   16   15   -6   -8   11    7   11   -7   -1
    1   13   13    1    3    1    3    1      2055   15    5   14  -12  -12    7   15   12   -4   -8   12   -1    2    6   13   15   -2   -4
    1   13   14    1    3    5    3    1       758   15    8   20   -8   -9    1    8    6    2  -10   11    0   -3    4   12   12    3   -8
    1   13   15    1    1    1    2    0      1257   17   17   14   17    0    5   -3   20    6  -10  -10    6   13   -6    8   -2  -11    9
    1   14    1    1    1    5    2    0      1016   13   18   10   15   -1    4  -13   13    4   -9  -15    3   12   -7    6   -2  -11    9
    1   14    2    1    2    2    1    0      2945    6  -13    5    7    4    2   -1   -4   11   16   15   -6   -8   11    7   11   -7   -1
    1   14    3    1    1    3    2    0       780   14   16   13   14    2    2  -11   12    7   -7  -12    1   10   -4    5   -3  -13    9
    1   14    4    1    3    2    3    1       846   11   16   17  -14  -11   11   14   10    6   -4   14   -9   -3    4   13   14    0   -9
    1   14    5    1    3    4    3    1       782   22    4   14  -15   -3   14   19    6    2   -6   13   -1   -4    6   16   11    6   -8
    1   14    6    1    1    1    1    1      1311   17   17   14   17    0    5   -3   20    6  -10  -10    6   13   -6    8   -2  -11    9
    1   14    7    1    2    4    2    1       860    6   -7    6    6   -5   12   -6   -8    9   14   16   -8    2    3    4   16    0    7
    1   14    8    1    1    2    1    1      1595   16   16    3    8    0    5  -12   14    8   -9  -14    2   11   -6    4   -2  -14   11
    1   14    9    1    1    4    2    0      2524   12   16   10   14    3    3   -6   11    7   -8  -11   -1   14   -5    3   -7  -17   10
    1   14   10    1    2    3    3    0      1592   15  -18   -2    6   -4   14    0   -5   11   13   15   -6   -5   11    4   17   -5   -2
    1   14   11    1    3    3    3    1         0   17    6   16  -16  -16   14   15    8    4   -4   15   -1   -4    4   14   14    6  -10
    1   14   12    1    3    1    3    1         0   15    5   14  -12  -12    7   15   12   -4   -8   12   -1    2    6   13   15   -2   -4
    1   14   13    1    2    1    3    0         0    7  -12    4    6   -5   11    1   -5   12   15   18   -7   -3    7    5   16   -6   -3
    1   14   14    1    2    5    1    0      2462   11   -6   16   16   -5   13    3   -5   11   14   21   -9   -5    9    5   16   -8    0
    1   14   15    1    3    5    2    0      1340   15    8   20   -8   -9    1    8    6    2  -10   11    0   -3    4   12   12    3   -8
    1   15    1    1    1    2    1    1      1176   16   16    3    8    0    5  -12   14    8   -9  -14    2   11   -6    4   -2  -14   11
    1   15    2    1    2    1    2    1      3722    7  -12    4    6   -5   11    1   -5   12   15   18   -7   -3    7    5   16   -6   -3
    1   15    3    1    2    5    2    1      1654   11   -6   16   16   -5   13    3   -5   11   14   21   -9   -5    9    5   16   -8    0
    1   15    4    1    2    4    2    1      1046    6   -7    6    6   -5   12   -6   -8    9   14   16   -8    2    3    4   16    0    7
    1   15    5    1    3    3    3    1      1645   17    6   16  -16  -16   14   15    8    4   -4   15   -1   -4    4   14   14    6  -10
    1   15    6    1    3    5    3    1       828   15    8   20   -8   -9    1    8    6    2  -10   11    0   -3    4   12   12    3   -8
    1   15    7    1    3    1    3    1      1004   15    5   14  -12  -12    7   15   12   -4   -8   12   -1    2    6   13   15   -2   -4
    1   15    8    1    1    1    1    1      1718   17   17   14   17    0    5   -3   20    6  -10  -10    6   13   -6    8   -2  -11    9
    1   15    9    1    1    3    1    1       882   14   16   13   14    2    2  -11   12    7   -7  -12    1   10   -4    5   -3  -13    9
    1   15   10    1    3    4    2    0      1184   22    4   14  -15   -3   14   19    6    2   -6   13   -1   -4    6   16   11    6   -8
    1   15   11    1    2    2    3    0      1570    6  -13    5    7    4    2   -1   -4   11   16   15   -6   -8   11    7   11   -7   -1
    1   15   12    1    1    4    3    0       485   12   16   10   14    3    3   -6   11    7   -8  -11   -1   14   -5    3   -7  -17   10
    1   15   13    1    1    5    1    1      1091   13   18   10   15   -1    4  -13   13    4   -9  -15    3   12   -7    6   -2  -11    9
    1   15   14    1    2    3    2    1       617   15  -18   -2    6   -4   14    0   -5   11   13   15   -6   -5   11    4   17   -5   -2
    1   15   15    1    3    2    2    0      1057   11   16   17  -14  -11   11   14   10    6   -4   14   -9   -3    4   13   14    0   -9
    2    1    1    2    3    0    1    0      6629   16    7   15  -14  -12    6   15   11    5   -4   13   -2   -3    5   14   13    5   -9
    2    1    2    4    1    5    2    1      4237   15   14   13   17    1    2  -16    9    7   -8  -23   -2   12   -7    5   -2  -13    9
    2    1    3    6    0    0    1    0      1125  -11   -9   -8   -3  -13   10    7   12   15    8    2   -6   -5    2   -5   10   -2    0
    2    1    4    4    1    4    2    1       761   19   22   11   16    2   -1  -13   14   -1  -10  -13    0   12   -5    4   -4  -12   10
    2    1    5    1    2    3    1    1      1388   15  -18   -2    6   -4   14    0   -5   11   13   15   -6   -5   11    4   17   -5   -2
    2    1    6    1    3    4    1    1      1894   22    4   14  -15   -3   14   19    6    2   -6   13   -1   -4    6   16   11    6   -8
    2    1    7    1    1    1    1    1       619   17   17   14   17    0    5   -3   20    6  -10  -10    6   13   -6    8   -2  -11    9
    2    1    8    2    1    0    1    0       564   14   15   12   16    1    3  -11   13    6   -9  -13    1   12   -6    6   -3  -12    9
    2    1    9    1    2    1    1    1       894    7  -12    4    6   -5   11    1   -5   12   15   18   -7   -3    7    5   16   -6   -3
    2    1   10    6    0    0    2    1       828   -2  -11  -14   -9    4   -5   -8  -11  -12    2   -9   -1    3    6  -17   13    1    8
    2    1   11    1    2    2    1    1      2059    6  -13    5    7    4    2   -1   -4   11   16   15   -6   -8   11    7   11   -7   -1
    2    1   12    4    1    2    2    1      1354   14   14    6   18   -7   -3  -10   13    7  -10  -13    2   11   -4    5   -2  -10    8
    2    1   13    4    3    5    1    0      1685   16    5   20   -9  -14    6   11    8    9   -8    4    0   -4    7   16   12    3   -7
    2    1   14    1    1    3    1    1       835   14   16   13   14    2    2  -11   12    7   -7  -12    1   10   -4    5   -3  -13    9
    2    1   15    1    1    2    1    1       659   16   16    3    8    0    5  -12   14    8   -9  -14    2   11   -6    4   -2  -14   11
    2    1   16    6    0    0    2    1       618    0   -9  -14  -14    3   -3  -10  -10   -9    1   -5    4    6   15  -10   16   -1    9
    2    1   17    4    3    2    1    0       866   20   10   15  -15  -14    7   14   13    5   -5   20   -1   -6    0   18    8    3  -10
    2    1   18    1    3    1    1    1       801   15    5   14  -12  -12    7   15   12   -4   -8   12   -1    2    6   13   15   -2   -4
    2    1   19    4    2    4    2    1      1122    7  -14    7    6   -2   10    3    3    9   17   17   -7   -2    7    2   13   -7   -1
    2    1   20    4    2    5    1    0       727    5  -11    5    9   -4   11    1   -5    9   16   21  -10   -7    9    3   15   -8   -2
    2    1   21    2    2    0    1    0      1755    6  -12    6    7   -4   12    1   -6   10   15   16   -7   -4    9    4   15   -6   -2
    2    1   22    1    2    4    2    0       870    6   -7    6    6   -5   12   -6   -8    9   14   16   -8    2    3    4   16    0    7
    2    1   23    6    0    0    2    1       852    2    1   -2   -8  -16    8   -7    5  -10   14   15    3   15  -15    9   14    5    6
    2    1   24    4    3    4    2    1      4836   17    7   16  -15  -13    5   15   16    7   -3   21   -5   -2    6   16   11    5  -11
    2    1   25    1    1    4    1    1      2132   12   16   10   14    3    3   -6   11    7   -8  -11   -1   14   -5    3   -7  -17   10
    2    1   26    6    0    0    2    1       832  -11   -5   -2   -6  -15    7   10   15   17   21    2   -1   -7    1   -5   16   -4    1
    2    1   27    1    1    5    1    1      1215   13   18   10   15   -1    4  -13   13    4   -9  -15    3   12   -7    6   -2  -11    9
    2    1   28    1    3    3    1    1     11152   17    6   16  -16  -16   14   15    8    4   -4   15   -1   -4    4   14   14    6  -10
    2    1   29    1    3    5    1    1      2307   15    8   20   -8   -9    1    8    6    2  -10   11    0   -3    4   12   12    3   -8
    2    1   30    4    2    1    2    1       888    6   -7    6    8   -3   13   -3    3    9   17   17   -4   -4   10   -1   23   -7   -4
    2    1   31    4    1    3    1    0       854   14   19    7   17    1    4  -18   21    4  -11  -11   -1   11   -7    6   -5  -11    8
    2    1   32    4    1    1    2    1      4357   15   15   10   15    2    1  -11   14    4   -9  -12    0   12   -5    8   -5  -12    8
    2    1   33    4    2    2    2    1      6153    5  -11    5    7   -6   14   -4   -5   12   16   12   -5   -4   11    4   16   -5   -3
    2    1   34    1    2    5    1    1      1460   11   -6   16   16   -5   13    3   -5   11   14   21   -9   -5    9    5   16   -8    0
    2    1   35    6    0    0    2    1       683    6   -2   -1   -9  -11   16   -8    4  -16   16   12    2   14   -7    6   13    6    7
    2    1   36    1    3    2    1    1      1456   11   16   17  -14  -11   11   14   10    6   -4   14   -9   -3    4   13   14    0   -9
    2    1   37    4    3    1    2    1      3080   17    7   14  -13  -10    5    7   10    6   -3   13    3   -9   11   12   14    3   -7
    2    1   38    4    3    3    1    0      1613   16    6   15  -16  -12    5   11    9    0   -6   12   -3   -2    7   14   14    6  -10
    2    1   39    4    2    3    2    1      3678    7  -14    5    7   -5   14   -2  -13   11   16   16   -6   -5    9    3   16  -15    1
