    1    1    1    1    2    1    1    0      2471  -12    0  -16  -11   -3    1  -13   11    7    3   11   12   11   -7   -3   10    4    5
    1    1    2    1    3    5    1    0      1053    6  -11    5   -1    4   16   15   12    6    3   -1   -1    0   10    6   17  -14   -4
    1    1    3    1    3    1    1    0      1045    9  -14   15   -4    4   15   16   17    3    2    4   -2   20   12    9   15   -3    5
    1    1    4    1    3    4    2    0      2236    0  -10   14   -5    3   17   14   11    3    4    1    1    8   15   10   13   -9   -1
    1    1    5    1    1    5    2    0       805   10    9    1  -12   13    3  -10   16   -7    1  -10   -3   14    1   -5  -13   -5    8
    1    1    6    1    1    4    1    1      1318   12   11    2  -16   13    2  -11   14   -7    2   -9   -5    7   -1  -10  -19   -2   10
    1    1    7    1    3    3    3    1       755   -5  -15   18    0   -5   14   14   11    3    5   -2    5   10   17    7   16   -8   -4
    1    1    8    1    2    3    2    1       678  -11    1   -4   -5    5    0   -2    3   11   -1   12   16   10   -6    7   -2   10    2
    1    1    9    1    3    2    3    1      1133    4  -14   12    7    5   24   14   11    4    3    1    3    9   17    6   11   -6    0
    1    1   10    1    2    4    1    0       817  -12    2   -6   -2   -2    2  -11   13    8    2   11   17   22   -8   13    5   12   -4
    1    1   11    1    1    2    1    1      1186   15   13   -1   -9    9    2  -11   14   -3   -4   -9   -4   11   -3   -3  -10   -3    9
    1    1   12    1    2    5    2    1       740  -13    2  -11    0  -13   -5  -11   10    8    1   14   22   12   -9    4    1   12    3
    1    1   13    1    2    2    2    1       520  -10    2   -7   -5   -2    1  -11    8    8    1   10    5   11   -6    6    5   10    0
    1    1   14    1    1    1    3    0       596   15   15    8   -5   11    4   -9   11   -8    1   -9   -5   10   -3   -5  -10   -6    9
    1    1   15    1    1    3    3    0      1567   14   13    5  -12   10    1  -10   14   -9    3  -11   -2   11   -3    3  -17   -6    8
    1    2    1    1    1    4    2    0      1473   12   11    2  -16   13    2  -11   14   -7    2   -9   -5    7   -1  -10  -19   -2   10
    1    2    2    1    2    4    2    1       840  -12    2   -6   -2   -2    2  -11   13    8    2   11   17   22   -8   13    5   12   -4
    1    2    3    1    2    1    2    1      1720  -12    0  -16  -11   -3    1  -13   11    7    3   11   12   11   -7   -3   10    4    5
    1    2    4    1    2    5    2    1       565  -13    2  -11    0  -13   -5  -11   10    8    1   14   22   12   -9    4    1   12    3
    1    2    5    1    1    3    1    1      1056   14   13    5  -12   10    1  -10   14   -9    3  -11   -2   11   -3    3  -17   -6    8
    1    2    6    1    2    2    2    1       615  -10    2   -7   -5   -2    1  -11    8    8    1   10    5   11   -6    6    5   10    0
    1    2    7    1    3    5    3    1      1056    6  -11    5   -1    4   16   15   12    6    3   -1   -1    0   10    6   17  -14   -4
    1    2    8    1    2    3    2    1       583  -11    1   -4   -5    5    0   -2    3   11   -1   12   16   10   -6    7   -2   10    2
    1    2    9    1    3    2    1    0      1025    4  -14   12    7    5   24   14   11    4    3    1    3    9   17    6   11   -6    0
    1    2   10    1    1    2    1    1      1418   15   13   -1   -9    9    2  -11   14   -3   -4   -9   -4   11   -3   -3  -10   -3    9
    1    2   11    1    1    1    1    1      1218   15   15    8   -5   11    4   -9   11   -8    1   -9   -5   10   -3   -5  -10   -6    9
    1    2   12    1    3    4    3    1      1027    0  -10   14   -5    3   17   14   11    3    4    1    1    8   15   10   13   -9   -1
    1    2   13    1    3    1    3    1      1260    9  -14   15   -4    4   15   16   17    3    2    4   -2   20   12    9   15   -3    5
    1    2   14    1    1    5    1    1      1627   10    9    1  -12   13    3  -10   16   -7    1  -10   -3   14    1   -5  -13   -5    8
    1    2   15    1    3    3    3    1      1164   -5  -15   18    0   -5   14   14   11    3    5   -2    5   10   17    7   16   -8   -4
    1    3    1    1    3    4    3    1       576    0  -10   14   -5    3   17   14   11    3    4    1    1    8   15   10   13   -9   -1
    1    3    2    1    2    2    2    1       330  -10    2   -7   -5   -2    1  -11    8    8    1   10    5   11   -6    6    5   10    0
    1    3    3    1    2    3    2    1       463  -11    1   -4   -5    5    0   -2    3   11   -1   12   16   10   -6    7   -2   10    2
    1    3    4    1    2    4    2    1       494  -12    2   -6   -2   -2    2  -11   13    8    2   11   17   22   -8   13    5   12   -4
    1    3    5    1    3    5    3    1      1244    6  -11    5   -1    4   16   15   12    6    3   -1   -1    0   10    6   17  -14   -4
    1    3    6    1    1    5    1    1       876   10    9    1  -12   13    3  -10   16   -7    1  -10   -3   14    1   -5  -13   -5    8
    1    3    7    1    1    1    1    1       875   15   15    8   -5   11    4   -9   11   -8    1   -9   -5   10   -3   -5  -10   -6    9
    1    3    8    1    3    3    3    1       810   -5  -15   18    0   -5   14   14   11    3    5   -2    5   10   17    7   16   -8   -4
    1    3    9    1    1    4    2    0       971   12   11    2  -16   13    2  -11   14   -7    2   -9   -5    7   -1  -10  -19   -2   10
    1    3   10    1    2    5    2    1       454  -13    2  -11    0  -13   -5  -11   10    8    1   14   22   12   -9    4    1   12    3
    1    3   11    1    3    1    3    1       982    9  -14   15   -4    4   15   16   17    3    2    4   -2   20   12    9   15   -3    5
    1    3   12    1    3    2    1    0       944    4  -14   12    7    5   24   14   11    4    3    1    3    9   17    6   11   -6    0
    1    3   13    1    2    1    2    1       636  -12    0  -16  -11   -3    1  -13   11    7    3   11   12   11   -7   -3   10    4    5
    1    3   14    1    1    2    1    1       612   15   13   -1   -9    9    2  -11   14   -3   -4   -9   -4   11   -3   -3  -10   -3    9
    1    3   15    1    1    3    1    1      1101   14   13    5  -12   10    1  -10   14   -9    3  -11   -2   11   -3    3  -17   -6    8
    1    4    1    1    3    5    3    1       786    6  -11    5   -1    4   16   15   12    6    3   -1   -1    0   10    6   17  -14   -4
    1    4    2    1    3    1    3    1       644    9  -14   15   -4    4   15   16   17    3    2    4   -2   20   12    9   15   -3    5
    1    4    3    1    1    3    3    0       717   14   13    5  -12   10    1  -10   14   -9    3  -11   -2   11   -3    3  -17   -6    8
    1    4    4    1    1    1    1    1      1089   15   15    8   -5   11    4   -9   11   -8    1   -9   -5   10   -3   -5  -10   -6    9
    1    4    5    1    2    4    2    1       615  -12    2   -6   -2   -2    2  -11   13    8    2   11   17   22   -8   13    5   12   -4
    1    4    6    1    1    2    1    1      1040   15   13   -1   -9    9    2  -11   14   -3   -4   -9   -4   11   -3   -3  -10   -3    9
    1    4    7    1    1    4    1    1       824   12   11    2  -16   13    2  -11   14   -7    2   -9   -5    7   -1  -10  -19   -2   10
    1    4    8    1    3    3    3    1       681   -5  -15   18    0   -5   14   14   11    3    5   -2    5   10   17    7   16   -8   -4
    1    4    9    1    2    5    2    1       511  -13    2  -11    0  -13   -5  -11   10    8    1   14   22   12   -9    4    1   12    3
    1    4   10    1    3    4    3    1       605    0  -10   14   -5    3   17   14   11    3    4    1    1    8   15   10   13   -9   -1
    1    4   11    1    2    1    2    1       646  -12    0  -16  -11   -3    1  -13   11    7    3   11   12   11   -7   -3   10    4    5
    1    4   12    1    3    2    1    0       766    4  -14   12    7    5   24   14   11    4    3    1    3    9   17    6   11   -6    0
    1    4   13    1    2    2    2    1       624  -10    2   -7   -5   -2    1  -11    8    8    1   10    5   11   -6    6    5   10    0
    1    4   14    1    1    5    1    1       777   10    9    1  -12   13    3  -10   16   -7    1  -10   -3   14    1   -5  -13   -5    8
    1    4   15    1    2    3    2    1       524  -11    1   -4   -5    5    0   -2    3   11   -1   12   16   10   -6    7   -2   10    2
    1    5    1    1    3    1    3    1       968    9  -14   15   -4    4   15   16   17    3    2    4   -2   20   12    9   15   -3    5
    1    5    2    1    2    2    2    1       675  -10    2   -7   -5   -2    1  -11    8    8    1   10    5   11   -6    6    5   10    0
    1    5    3    1    1    5    1    1       826   10    9    1  -12   13    3  -10   16   -7    1  -10   -3   14    1   -5  -13   -5    8
    1    5    4    1    1    2    1    1       811   15   13   -1   -9    9    2  -11   14   -3   -4   -9   -4   11   -3   -3  -10   -3    9
    1    5    5    1    1    1    1    1       556   15   15    8   -5   11    4   -9   11   -8    1   -9   -5   10   -3   -5  -10   -6    9
    1    5    6    1    2    1    2    1       568  -12    0  -16  -11   -3    1  -13   11    7    3   11   12   11   -7   -3   10    4    5
    1    5    7    1    3    2    1    0       738    4  -14   12    7    5   24   14   11    4    3    1    3    9   17    6   11   -6    0
    1    5    8    1    2    4    2    1       662  -12    2   -6   -2   -2    2  -11   13    8    2   11   17   22   -8   13    5   12   -4
    1    5    9    1    3    5    1    0       654    6  -11    5   -1    4   16   15   12    6    3   -1   -1    0   10    6   17  -14   -4
    1    5   10    1    1    4    2    0       597   12   11    2  -16   13    2  -11   14   -7    2   -9   -5    7   -1  -10  -19   -2   10
    1    5   11    1    1    3    1    1       767   14   13    5  -12   10    1  -10   14   -9    3  -11   -2   11   -3    3  -17   -6    8
    1    5   12    1    3    4    3    1      1202    0  -10   14   -5    3   17   14   11    3    4    1    1    8   15   10   13   -9   -1
    1    5   13    1    3    3    3    1      1011   -5  -15   18    0   -5   14   14   11    3    5   -2    5   10   17    7   16   -8   -4
    1    5   14    1    2    3    2    1       605  -11    1   -4   -5    5    0   -2    3   11   -1   12   16   10   -6    7   -2   10    2
    1    5   15    1    2    5    2    1       758  -13    2  -11    0  -13   -5  -11   10    8    1   14   22   12   -9    4    1   12    3
    1    6    1    1    3    4    3    1       729    0  -10   14   -5    3   17   14   11    3    4    1    1    8   15   10   13   -9   -1
    1    6    2    1    2    1    2    1       606  -12    0  -16  -11   -3    1  -13   11    7    3   11   12   11   -7   -3   10    4    5
    1    6    3    1    3    5    3    1      1416    6  -11    5   -1    4   16   15   12    6    3   -1   -1    0   10    6   17  -14   -4
    1    6    4    1    1    1    3    0       592   15   15    8   -5   11    4   -9   11   -8    1   -9   -5   10   -3   -5  -10   -6    9
    1    6    5    1    2    3    2    1       602  -11    1   -4   -5    5    0   -2    3   11   -1   12   16   10   -6    7   -2   10    2
    1    6    6    1    3    3    3    1       868   -5  -15   18    0   -5   14   14   11    3    5   -2    5   10   17    7   16   -8   -4
    1    6    7    1    2    5    2    1       578  -13    2  -11    0  -13   -5  -11   10    8    1   14   22   12   -9    4    1   12    3
    1    6    8    1    1    5    1    1       429   10    9    1  -12   13    3  -10   16   -7    1  -10   -3   14    1   -5  -13   -5    8
    1    6    9    1    1    4    1    1       926   12   11    2  -16   13    2  -11   14   -7    2   -9   -5    7   -1  -10  -19   -2   10
    1    6   10    1    1    2    1    1       667   15   13   -1   -9    9    2  -11   14   -3   -4   -9   -4   11   -3   -3  -10   -3    9
    1    6   11    1    1    3    1    1       609   14   13    5  -12   10    1  -10   14   -9    3  -11   -2   11   -3    3  -17   -6    8
    1    6   12    1    2    2    2    1       491  -10    2   -7   -5   -2    1  -11    8    8    1   10    5   11   -6    6    5   10    0
    1    6   13    1    3    2    3    1       537    4  -14   12    7    5   24   14   11    4    3    1    3    9   17    6   11   -6    0
    1    6   14    1    2    4    2    1       725  -12    2   -6   -2   -2    2  -11   13    8    2   11   17   22   -8   13    5   12   -4
    1    6   15    1    3    1    1    0       714    9  -14   15   -4    4   15   16   17    3    2    4   -2   20   12    9   15   -3    5
    1    7    1    1    1    1    3    0       623   15   15    8   -5   11    4   -9   11   -8    1   -9   -5   10   -3   -5  -10   -6    9
    1    7    2    1    3    2    3    1       664    4  -14   12    7    5   24   14   11    4    3    1    3    9   17    6   11   -6    0
    1    7    3    1    3    3    1    0       559   -5  -15   18    0   -5   14   14   11    3    5   -2    5   10   17    7   16   -8   -4
    1    7    4    1    1    4    2    0       603   12   11    2  -16   13    2  -11   14   -7    2   -9   -5    7   -1  -10  -19   -2   10
    1    7    5    1    3    4    3    1       772    0  -10   14   -5    3   17   14   11    3    4    1    1    8   15   10   13   -9   -1
    1    7    6    1    2    4    2    1       711  -12    2   -6   -2   -2    2  -11   13    8    2   11   17   22   -8   13    5   12   -4
    1    7    7    1    2    2    2    1       476  -10    2   -7   -5   -2    1  -11    8    8    1   10    5   11   -6    6    5   10    0
    1    7    8    1    2    3    2    1       507  -11    1   -4   -5    5    0   -2    3   11   -1   12   16   10   -6    7   -2   10    2
    1    7    9    1    3    1    3    1      1208    9  -14   15   -4    4   15   16   17    3    2    4   -2   20   12    9   15   -3    5
    1    7   10    1    1    2    1    1       618   15   13   -1   -9    9    2  -11   14   -3   -4   -9   -4   11   -3   -3  -10   -3    9
    1    7   11    1    1    3    3    0      1394   14   13    5  -12   10    1  -10   14   -9    3  -11   -2   11   -3    3  -17   -6    8
    1    7   12    1    1    5    1    1      1132   10    9    1  -12   13    3  -10   16   -7    1  -10   -3   14    1   -5  -13   -5    8
    1    7   13    1    3    5    3    1      1024    6  -11    5   -1    4   16   15   12    6    3   -1   -1    0   10    6   17  -14   -4
    1    7   14    1    2    1    2    1       585  -12    0  -16  -11   -3    1  -13   11    7    3   11   12   11   -7   -3   10    4    5
    1    7   15    1    2    5    2    1       787  -13    2  -11    0  -13   -5  -11   10    8    1   14   22   12   -9    4    1   12    3
    1    8    1    1    3    2    1    0       757    4  -14   12    7    5   24   14   11    4    3    1    3    9   17    6   11   -6    0
    1    8    2    1    3    4    3    1       649    0  -10   14   -5    3   17   14   11    3    4    1    1    8   15   10   13   -9   -1
    1    8    3    1    1    4    1    1       864   12   11    2  -16   13    2  -11   14   -7    2   -9   -5    7   -1  -10  -19   -2   10
    1    8    4    1    3    3    3    1       928   -5  -15   18    0   -5   14   14   11    3    5   -2    5   10   17    7   16   -8   -4
    1    8    5    1    3    5    3    1       780    6  -11    5   -1    4   16   15   12    6    3   -1   -1    0   10    6   17  -14   -4
    1    8    6    1    3    1    3    1       975    9  -14   15   -4    4   15   16   17    3    2    4   -2   20   12    9   15   -3    5
    1    8    7    1    2    4    2    1       633  -12    2   -6   -2   -2    2  -11   13    8    2   11   17   22   -8   13    5   12   -4
    1    8    8    1    2    2    2    1       642  -10    2   -7   -5   -2    1  -11    8    8    1   10    5   11   -6    6    5   10    0
    1    8    9    1    1    5    1    1       794   10    9    1  -12   13    3  -10   16   -7    1  -10   -3   14    1   -5  -13   -5    8
    1    8   10    1    2    3    2    1       636  -11    1   -4   -5    5    0   -2    3   11   -1   12   16   10   -6    7   -2   10    2
    1    8   11    1    2    5    2    1       612  -13    2  -11    0  -13   -5  -11   10    8    1   14   22   12   -9    4    1   12    3
    1    8   12    1    1    2    1    1       765   15   13   -1   -9    9    2  -11   14   -3   -4   -9   -4   11   -3   -3  -10   -3    9
    1    8   13    1    1    3    1    1      1152   14   13    5  -12   10    1  -10   14   -9    3  -11   -2   11   -3    3  -17   -6    8
    1    8   14    1    1    1    3    0       659   15   15    8   -5   11    4   -9   11   -8    1   -9   -5   10   -3   -5  -10   -6    9
    1    8   15    1    2    1    1    0      1467  -12    0  -16  -11   -3    1  -13   11    7    3   11   12   11   -7   -3   10    4    5
    1    9    1    1    1    4    1    1       897   12   11    2  -16   13    2  -11   14   -7    2   -9   -5    7   -1  -10  -19   -2   10
    1    9    2    1    3    5    3    1       720    6  -11    5   -1    4   16   15   12    6    3   -1   -1    0   10    6   17  -14   -4
    1    9    3    1    1    2    1    1       740   15   13   -1   -9    9    2  -11   14   -3   -4   -9   -4   11   -3   -3  -10   -3    9
    1    9    4    1    1    3    1    1      1656   14   13    5  -12   10    1  -10   14   -9    3  -11   -2   11   -3    3  -17   -6    8
    1    9    5    1    2    2    2    1       584  -10    2   -7   -5   -2    1  -11    8    8    1   10    5   11   -6    6    5   10    0
    1    9    6    1    3    4    3    1       706    0  -10   14   -5    3   17   14   11    3    4    1    1    8   15   10   13   -9   -1
    1    9    7    1    2    1    2    1       759  -12    0  -16  -11   -3    1  -13   11    7    3   11   12   11   -7   -3   10    4    5
    1    9    8    1    2    3    2    1       507  -11    1   -4   -5    5    0   -2    3   11   -1   12   16   10   -6    7   -2   10    2
    1    9    9    1    2    5    2    1       504  -13    2  -11    0  -13   -5  -11   10    8    1   14   22   12   -9    4    1   12    3
    1    9   10    1    3    1    3    1       869    9  -14   15   -4    4   15   16   17    3    2    4   -2   20   12    9   15   -3    5
    1    9   11    1    1    5    1    1       644   10    9    1  -12   13    3  -10   16   -7    1  -10   -3   14    1   -5  -13   -5    8
    1    9   12    1    3    3    3    1       716   -5  -15   18    0   -5   14   14   11    3    5   -2    5   10   17    7   16   -8   -4
    1    9   13    1    1    1    3    0       881   15   15    8   -5   11    4   -9   11   -8    1   -9   -5   10   -3   -5  -10   -6    9
    1    9   14    1    3    2    3    1      1135    4  -14   12    7    5   24   14   11    4    3    1    3    9   17    6   11   -6    0
    1    9   15    1    2    4    2    1       531  -12    2   -6   -2   -2    2  -11   13    8    2   11   17   22   -8   13    5   12   -4
    1   10    1    1    2    4    2    1       400  -12    2   -6   -2   -2    2  -11   13    8    2   11   17   22   -8   13    5   12   -4
    1   10    2    1    3    1    1    0       785    9  -14   15   -4    4   15   16   17    3    2    4   -2   20   12    9   15   -3    5
    1   10    3    1    3    5    3    1       787    6  -11    5   -1    4   16   15   12    6    3   -1   -1    0   10    6   17  -14   -4
    1   10    4    1    2    5    2    1       517  -13    2  -11    0  -13   -5  -11   10    8    1   14   22   12   -9    4    1   12    3
    1   10    5    1    1    2    1    1       770   15   13   -1   -9    9    2  -11   14   -3   -4   -9   -4   11   -3   -3  -10   -3    9
    1   10    6    1    3    4    3    1       741    0  -10   14   -5    3   17   14   11    3    4    1    1    8   15   10   13   -9   -1
    1   10    7    1    3    3    3    1       665   -5  -15   18    0   -5   14   14   11    3    5   -2    5   10   17    7   16   -8   -4
    1   10    8    1    1    1    3    0       719   15   15    8   -5   11    4   -9   11   -8    1   -9   -5   10   -3   -5  -10   -6    9
    1   10    9    1    2    3    2    1       564  -11    1   -4   -5    5    0   -2    3   11   -1   12   16   10   -6    7   -2   10    2
    1   10   10    1    1    3    1    1       831   14   13    5  -12   10    1  -10   14   -9    3  -11   -2   11   -3    3  -17   -6    8
    1   10   11    1    3    2    3    1       544    4  -14   12    7    5   24   14   11    4    3    1    3    9   17    6   11   -6    0
    1   10   12    1    1    5    1    1      1436   10    9    1  -12   13    3  -10   16   -7    1  -10   -3   14    1   -5  -13   -5    8
    1   10   13    1    2    2    2    1       628  -10    2   -7   -5   -2    1  -11    8    8    1   10    5   11   -6    6    5   10    0
    1   10   14    1    2    1    2    1       573  -12    0  -16  -11   -3    1  -13   11    7    3   11   12   11   -7   -3   10    4    5
    1   10   15    1    1    4    1    1       823   12   11    2  -16   13    2  -11   14   -7    2   -9   -5    7   -1  -10  -19   -2   10
    1   11    1    1    1    3    1    1       840   14   13    5  -12   10    1  -10   14   -9    3  -11   -2   11   -3    3  -17   -6    8
    1   11    2    1    2    2    2    1       648  -10    2   -7   -5   -2    1  -11    8    8    1   10    5   11   -6    6    5   10    0
    1   11    3    1    3    4    3    1       527    0  -10   14   -5    3   17   14   11    3    4    1    1    8   15   10   13   -9   -1
    1   11    4    1    3    5    3    1       604    6  -11    5   -1    4   16   15   12    6    3   -1   -1    0   10    6   17  -14   -4
    1   11    5    1    3    3    1    0      1141   -5  -15   18    0   -5   14   14   11    3    5   -2    5   10   17    7   16   -8   -4
    1   11    6    1    1    4    1    1       649   12   11    2  -16   13    2  -11   14   -7    2   -9   -5    7   -1  -10  -19   -2   10
    1   11    7    1    1    2    1    1       545   15   13   -1   -9    9    2  -11   14   -3   -4   -9   -4   11   -3   -3  -10   -3    9
    1   11    8    1    3    2    2    0       701    4  -14   12    7    5   24   14   11    4    3    1    3    9   17    6   11   -6    0
    1   11    9    1    1    1    3    0      1106   15   15    8   -5   11    4   -9   11   -8    1   -9   -5   10   -3   -5  -10   -6    9
    1   11   10    1    2    5    2    1       664  -13    2  -11    0  -13   -5  -11   10    8    1   14   22   12   -9    4    1   12    3
    1   11   11    1    2    4    2    1       479  -12    2   -6   -2   -2    2  -11   13    8    2   11   17   22   -8   13    5   12   -4
    1   11   12    1    2    3    2    1       414  -11    1   -4   -5    5    0   -2    3   11   -1   12   16   10   -6    7   -2   10    2
    1   11   13    1    3    1    1    0       719    9  -14   15   -4    4   15   16   17    3    2    4   -2   20   12    9   15   -3    5
    1   11   14    1    1    5    1    1      2260   10    9    1  -12   13    3  -10   16   -7    1  -10   -3   14    1   -5  -13   -5    8
    1   11   15    1    2    1    2    1       571  -12    0  -16  -11   -3    1  -13   11    7    3   11   12   11   -7   -3   10    4    5
    1   12    1    1    2    4    2    1       646  -12    2   -6   -2   -2    2  -11   13    8    2   11   17   22   -8   13    5   12   -4
    1   12    2    1    2    1    2    1      1182  -12    0  -16  -11   -3    1  -13   11    7    3   11   12   11   -7   -3   10    4    5
    1   12    3    1    2    2    2    1       704  -10    2   -7   -5   -2    1  -11    8    8    1   10    5   11   -6    6    5   10    0
    1   12    4    1    2    3    2    1       789  -11    1   -4   -5    5    0   -2    3   11   -1   12   16   10   -6    7   -2   10    2
    1   12    5    1    3    3    2    0      4328   -5  -15   18    0   -5   14   14   11    3    5   -2    5   10   17    7   16   -8   -4
    1   12    6    1    3    1    1    0       157    9  -14   15   -4    4   15   16   17    3    2    4   -2   20   12    9   15   -3    5
    1   12    7    1    1    1    2    0         0   15   15    8   -5   11    4   -9   11   -8    1   -9   -5   10   -3   -5  -10   -6    9
    1   12    8    1    1    2    1    1         0   15   13   -1   -9    9    2  -11   14   -3   -4   -9   -4   11   -3   -3  -10   -3    9
    1   12    9    1    1    3    1    1        59   14   13    5  -12   10    1  -10   14   -9    3  -11   -2   11   -3    3  -17   -6    8
    1   12   10    1    1    5    3    0         0   10    9    1  -12   13    3  -10   16   -7    1  -10   -3   14    1   -5  -13   -5    8
    1   12   11    1    1    4    1    1       251   12   11    2  -16   13    2  -11   14   -7    2   -9   -5    7   -1  -10  -19   -2   10
    1   12   12    1    3    4    1    0       211    0  -10   14   -5    3   17   14   11    3    4    1    1    8   15   10   13   -9   -1
    1   12   13    1    3    2    1    0       156    4  -14   12    7    5   24   14   11    4    3    1    3    9   17    6   11   -6    0
    1   12   14    1    3    5    1    0       504    6  -11    5   -1    4   16   15   12    6    3   -1   -1    0   10    6   17  -14   -4
    1   12   15    1    2    5    2    1       533  -13    2  -11    0  -13   -5  -11   10    8    1   14   22   12   -9    4    1   12    3
    1   13    1    1    1    5    1    1       465   10    9    1  -12   13    3  -10   16   -7    1  -10   -3   14    1   -5  -13   -5    8
    1   13    2    1    2    3    2    1       512  -11    1   -4   -5    5    0   -2    3   11   -1   12   16   10   -6    7   -2   10    2
    1   13    3    1    1    1    1    1       557   15   15    8   -5   11    4   -9   11   -8    1   -9   -5   10   -3   -5  -10   -6    9
    1   13    4    1    1    4    1    1       552   12   11    2  -16   13    2  -11   14   -7    2   -9   -5    7   -1  -10  -19   -2   10
    1   13    5    1    3    4    3    1       516    0  -10   14   -5    3   17   14   11    3    4    1    1    8   15   10   13   -9   -1
    1   13    6    1    3    1    3    1       528    9  -14   15   -4    4   15   16   17    3    2    4   -2   20   12    9   15   -3    5
    1   13    7    1    2    5    1    0       445  -13    2  -11    0  -13   -5  -11   10    8    1   14   22   12   -9    4    1   12    3
    1   13    8    1    2    4    2    1       413  -12    2   -6   -2   -2    2  -11   13    8    2   11   17   22   -8   13    5   12   -4
    1   13    9    1    3    2    1    0       543    4  -14   12    7    5   24   14   11    4    3    1    3    9   17    6   11   -6    0
    1   13   10    1    1    2    1    1       539   15   13   -1   -9    9    2  -11   14   -3   -4   -9   -4   11   -3   -3  -10   -3    9
    1   13   11    1    2    2    2    1       343  -10    2   -7   -5   -2    1  -11    8    8    1   10    5   11   -6    6    5   10    0
    1   13   12    1    2    1    2    1       923  -12    0  -16  -11   -3    1  -13   11    7    3   11   12   11   -7   -3   10    4    5
    1   13   13    1    1    3    1    1       743   14   13    5  -12   10    1  -10   14   -9    3  -11   -2   11   -3    3  -17   -6    8
    1   13   14    1    3    5    3    1       748    6  -11    5   -1    4   16   15   12    6    3   -1   -1    0   10    6   17  -14   -4
    1   13   15    1    3    3    3    1       479   -5  -15   18    0   -5   14   14   11    3    5   -2    5   10   17    7   16   -8   -4
    1   14    1    1    2    4    2    1       670  -12    2   -6   -2   -2    2  -11   13    8    2   11   17   22   -8   13    5   12   -4
    1   14    2    1    1    5    1    1       724   10    9    1  -12   13    3  -10   16   -7    1  -10   -3   14    1   -5  -13   -5    8
    1   14    3    1    1    3    3    0       713   14   13    5  -12   10    1  -10   14   -9    3  -11   -2   11   -3    3  -17   -6    8
    1   14    4    1    1    1    3    0       607   15   15    8   -5   11    4   -9   11   -8    1   -9   -5   10   -3   -5  -10   -6    9
    1   14    5    1    2    3    2    1       520  -11    1   -4   -5    5    0   -2    3   11   -1   12   16   10   -6    7   -2   10    2
    1   14    6    1    2    1    2    1       581  -12    0  -16  -11   -3    1  -13   11    7    3   11   12   11   -7   -3   10    4    5
    1   14    7    1    3    5    3    1       655    6  -11    5   -1    4   16   15   12    6    3   -1   -1    0   10    6   17  -14   -4
    1   14    8    1    2    5    2    1       935  -13    2  -11    0  -13   -5  -11   10    8    1   14   22   12   -9    4    1   12    3
    1   14    9    1    3    4    1    0       595    0  -10   14   -5    3   17   14   11    3    4    1    1    8   15   10   13   -9   -1
    1   14   10    1    3    2    2    0       349    4  -14   12    7    5   24   14   11    4    3    1    3    9   17    6   11   -6    0
    1   14   11    1    3    1    3    1       912    9  -14   15   -4    4   15   16   17    3    2    4   -2   20   12    9   15   -3    5
    1   14   12    1    3    3    3    1      1150   -5  -15   18    0   -5   14   14   11    3    5   -2    5   10   17    7   16   -8   -4
    1   14   13    1    2    2    2    1       561  -10    2   -7   -5   -2    1  -11    8    8    1   10    5   11   -6    6    5   10    0
    1   14   14    1    1    4    1    1       732   12   11    2  -16   13    2  -11   14   -7    2   -9   -5    7   -1  -10  -19   -2   10
    1   14   15    1    1    2    1    1       528   15   13   -1   -9    9    2  -11   14   -3   -4   -9   -4   11   -3   -3  -10   -3    9
    1   15    1    1    1    1    3    0       877   15   15    8   -5   11    4   -9   11   -8    1   -9   -5   10   -3   -5  -10   -6    9
    1   15    2    1    3    2    3    1      1004    4  -14   12    7    5   24   14   11    4    3    1    3    9   17    6   11   -6    0
    1   15    3    1    2    2    2    1       661  -10    2   -7   -5   -2    1  -11    8    8    1   10    5   11   -6    6    5   10    0
    1   15    4    1    2    4    2    1       925  -12    2   -6   -2   -2    2  -11   13    8    2   11   17   22   -8   13    5   12   -4
    1   15    5    1    3    3    1    0      1529   -5  -15   18    0   -5   14   14   11    3    5   -2    5   10   17    7   16   -8   -4
    1   15    6    1    2    1    2    1       574  -12    0  -16  -11   -3    1  -13   11    7    3   11   12   11   -7   -3   10    4    5
    1   15    7    1    1    5    1    1      1305   10    9    1  -12   13    3  -10   16   -7    1  -10   -3   14    1   -5  -13   -5    8
    1   15    8    1    3    1    1    0      1654    9  -14   15   -4    4   15   16   17    3    2    4   -2   20   12    9   15   -3    5
    1   15    9    1    3    4    3    1       678    0  -10   14   -5    3   17   14   11    3    4    1    1    8   15   10   13   -9   -1
    1   15   10    1    2    5    2    1       796  -13    2  -11    0  -13   -5  -11   10    8    1   14   22   12   -9    4    1   12    3
    1   15   11    1    2    3    2    1       479  -11    1   -4   -5    5    0   -2    3   11   -1   12   16   10   -6    7   -2   10    2
    1   15   12    1    1    3    1    1       749   14   13    5  -12   10    1  -10   14   -9    3  -11   -2   11   -3    3  -17   -6    8
    1   15   13    1    1    2    1    1      1457   15   13   -1   -9    9    2  -11   14   -3   -4   -9   -4   11   -3   -3  -10   -3    9
    1   15   14    1    1    4    1    1       360   12   11    2  -16   13    2  -11   14   -7    2   -9   -5    7   -1  -10  -19   -2   10
    1   15   15    1    3    5    2    0       796    6  -11    5   -1    4   16   15   12    6    3   -1   -1    0   10    6   17  -14   -4
    2    1    1    2    2    0    1    0      4630  -12    1   -6   -4   -3    2  -12   11    9    1   13   14   12   -8    7    0   11    2
    2    1    2    1    3    3    1    1       638   -5  -15   18    0   -5   14   14   11    3    5   -2    5   10   17    7   16   -8   -4
    2    1    3    4    3    2    2    1       710    3  -13   16    7    2   17   14   12    5    6   -2    1   11    9    4   16   -7   -1
    2    1    4    4    3    5    2    1       844    5  -13    9    0   -1   12   12   12   -1    9   -9   -2    9   14    4   18   -6    0
    2    1    5    1    2    2    2    0      1676  -10    2   -7   -5   -2    1  -11    8    8    1   10    5   11   -6    6    5   10    0
    2    1    6    1    3    1    1    1       635    9  -14   15   -4    4   15   16   17    3    2    4   -2   20   12    9   15   -3    5
    2    1    7    4    3    3    1    0      1779    6  -16   18   -5    5   15   12   13    4    3   -5   -2   12   16    7   14   -8    1
    2    1    8    6    0    0    2    1       749    1  -11    1   -8   -7    4   14    3    5    3    9   -2    8    2   14   11  -15    8
    2    1    9    4    3    1    1    0       705    4  -11   13   -4    2   15   13   14    3    5   -1    5   10   17    8   13   -9    3
    2    1   10    6    0    0    1    0       630  -14    5    9    6   -2    1  -11   -1   -1   10   16    4   16  -12   -3   -8   -6   17
    2    1   11    6    0    0    2    1       959    5    0    2   -8   -9    3   14    3    2    4   12   -2    8    2   10   14  -12    9
    2    1   12    1    1    3    1    1      1114   14   13    5  -12   10    1  -10   14   -9    3  -11   -2   11   -3    3  -17   -6    8
    2    1   13    4    1    4    1    0       831   15   13    1  -11   10    1   -4    7   -6    0   -9   -5   11    3   -4  -10    0   10
    2    1   14    4    2    1    1    0      1055  -10    3   -9   -6   -5    3  -11   10    8    2   13   13   13   -9    4   -4   15   -7
    2    1   15    1    2    4    1    1       950  -12    2   -6   -2   -2    2  -11   13    8    2   11   17   22   -8   13    5   12   -4
    2    1   16    4    1    3    2    1       914   15   14    0  -13    5   -5  -20   16   -9    3  -11    4   10   -2   -5  -14   -5    9
    2    1   17    1    3    5    1    1       735    6  -11    5   -1    4   16   15   12    6    3   -1   -1    0   10    6   17  -14   -4
    2    1   18    1    2    1    1    1      1459  -12    0  -16  -11   -3    1  -13   11    7    3   11   12   11   -7   -3   10    4    5
    2    1   19    4    2    4    1    0       779  -14    4   -5   -5    2    2  -10   14    9   -1   14   15    8   -7    7    1   11    1
    2    1   20    4    3    4    1    0      1661    5  -12   14   -2    3   15   12   13    9    1   -2    4   10   17   15   24   -8    0
    2    1   21    6    0    0    2    1       685  -19    2    7    5  -13   -5   -8    2   -2   10   13    5   17  -13    5   -5  -12   14
    2    1   22    4    1    5    2    1       771   14   12   -1  -10   11    5  -12   16  -16   -7  -11   -3   13   -7   -3  -12   -6   11
    2    1   23    2    1    0    1    0       758   13   13    0  -11   11    3  -12   15   -8    2  -10   -4    9   -2   -5  -12   -4    9
    2    1   24    4    1    2    1    0       569   13   14   -2  -12   12    5  -10   17   -4    4   -9   -6    8   -2   -6  -10   -5   10
    2    1   25    6    0    0    1    0       884    0    4   -2    5   18  -13   -7   14    1    9   -6   -8  -12   17  -13   13    4    4
    2    1   26    1    1    5    1    1       898   10    9    1  -12   13    3  -10   16   -7    1  -10   -3   14    1   -5  -13   -5    8
    2    1   27    4    2    3    1    0      1983  -11    0   -7    1   -7   -3  -13    8    8    1   14   16   11   -8    9   -1   12    1
    2    1   28    1    1    1    1    1       913   15   15    8   -5   11    4   -9   11   -8    1   -9   -5   10   -3   -5  -10   -6    9
    2    1   29    1    3    2    2    0       863    4  -14   12    7    5   24   14   11    4    3    1    3    9   17    6   11   -6    0
    2    1   30    1    2    3    1    1       318  -11    1   -4   -5    5    0   -2    3   11   -1   12   16   10   -6    7   -2   10    2
    2    1   31    1    1    2    1    1       691   15   13   -1   -9    9    2  -11   14   -3   -4   -9   -4   11   -3   -3  -10   -3    9
    2    1   32    4    1    1    1    0       489   14   10   -2   -9    1    5  -13   15   -6    0   -6   -5   10   -3   -8   -9   -2   11
    2    1   33    1    2    5    1    1       759  -13    2  -11    0  -13   -5  -11   10    8    1   14   22   12   -9    4    1   12    3
    2    1   34    4    2    5    2    1       682  -17    1   -7   -3   -3    1  -13   11    3    4   14   10   17   -4    6    1   10    0
    2    1   35    6    0    0    2    1       336    4    1    0    5   10  -12   -9   16   -1    7   -5  -10  -10   14  -12   13    4    6
    2    1   36    1    3    4    1    1       340    0  -10   14   -5    3   17   14   11    3    4    1    1    8   15   10   13   -9   -1
    2    1   37    2    3    0    1    0       472    4  -12   14   -3    3   16   13   12    4    4   -1    3   10   16    8   15   -7    0
    2    1   38    1    1    4    1    1       759   12   11    2  -16   13    2  -11   14   -7    2   -9   -5    7   -1  -10  -19   -2   10
    2    1   39    4    2    2    1    0       555  -12    3   -9   -7   -1    0  -12   13   10    1   15   12   13   -8   14    7    2   -1
