    1    1    1    1    1    1    1    1      8947   22    8   11    5    6    6   -9   10    9    6   -4  -11  -10   -8    1   -8  -13    6
    1    1    2    1    3    3    2    0      3168   11   15   10    2   18   13   11   -3   -9    0   14  -11   -5   -1   17    9   -8    6
    1    1    3    1    3    2    2    0      1595   10   14    6    4   15   15    5   -3   -9   -2   14  -11   -1   -2   13    4   -3    2
    1    1    4    1    1    2    2    0      1709   17   11    7    7    3    3   -5   10   -1    9  -12  -16  -11   -6    4   -9  -10    7
    1    1    5    1    2    2    1    0      2435   -4    5   14    0   11   -7    2   16   -3   -3   -6    2   13   12   -4   -8   -2    9
    1    1    6    1    1    5    2    0      3266   14   12    7    7    5    5   -8    9    9    5   -7   -9  -13   -5    4  -12  -11    8
    1    1    7    1    2    4    3    0      2089   -2    6   19   -6   12   -7    2   20   -9   -2   -5    1   11   16   -5   -6    5    3
    1    1    8    1    3    1    3    1      3239   22    7    9    3   18   17    3  -14   -9   -3   16  -12   -3   -2   12    6   -4    5
    1    1    9    1    1    4    1    1      1847   15   13    5    8   10   -3   -7   10    2    7   -6   -9  -17  -11   -3   -9  -12    6
    1    1   10    1    3    5    2    0       767   10   17    0   -6   16   17   10   -7   -8    0   18  -12   -6   -2   12    6  -11    7
    1    1   11    1    2    5    2    1       858   -3    0   14    0    8   -4   -3   18   -5   -2   -6    3   15   10   -5   -5   -3    8
    1    1   12    1    2    1    3    0      1729   -4    4   14    2   10   -4    3   13   -4   -3  -12    6   14   12   -5   -7   -1    9
    1    1   13    1    3    4    2    0      4014   12   16   10    4   20   12   11   -5  -10   -2   17  -14   -2    5   12    3   -7    5
    1    1   14    1    1    3    3    0      1159   18   10   13   -2    3    6  -10    8    8    7  -10  -17  -11   -8   -2   -5  -10   15
    1    1   15    1    2    3    2    1       827   -2    5   20    4    9   -4    7   16   -5   -3   -5    0   20   18   -2   -8   -6   13
    1    2    1    1    2    3    1    0      1107   -2    5   20    4    9   -4    7   16   -5   -3   -5    0   20   18   -2   -8   -6   13
    1    2    2    1    3    5    3    1      1969   10   17    0   -6   16   17   10   -7   -8    0   18  -12   -6   -2   12    6  -11    7
    1    2    3    1    3    2    1    0      1827   10   14    6    4   15   15    5   -3   -9   -2   14  -11   -1   -2   13    4   -3    2
    1    2    4    1    1    3    2    0      1452   18   10   13   -2    3    6  -10    8    8    7  -10  -17  -11   -8   -2   -5  -10   15
    1    2    5    1    3    1    1    0      3371   22    7    9    3   18   17    3  -14   -9   -3   16  -12   -3   -2   12    6   -4    5
    1    2    6    1    2    2    2    1      1438   -4    5   14    0   11   -7    2   16   -3   -3   -6    2   13   12   -4   -8   -2    9
    1    2    7    1    2    1    3    0      2166   -4    4   14    2   10   -4    3   13   -4   -3  -12    6   14   12   -5   -7   -1    9
    1    2    8    1    1    1    1    1       601   22    8   11    5    6    6   -9   10    9    6   -4  -11  -10   -8    1   -8  -13    6
    1    2    9    1    1    5    2    0       489   14   12    7    7    5    5   -8    9    9    5   -7   -9  -13   -5    4  -12  -11    8
    1    2   10    1    1    2    1    1       687   17   11    7    7    3    3   -5   10   -1    9  -12  -16  -11   -6    4   -9  -10    7
    1    2   11    1    3    4    3    1      1501   12   16   10    4   20   12   11   -5  -10   -2   17  -14   -2    5   12    3   -7    5
    1    2   12    1    2    5    2    1       850   -3    0   14    0    8   -4   -3   18   -5   -2   -6    3   15   10   -5   -5   -3    8
    1    2   13    1    1    4    1    1      1602   15   13    5    8   10   -3   -7   10    2    7   -6   -9  -17  -11   -3   -9  -12    6
    1    2   14    1    3    3    1    0      2051   11   15   10    2   18   13   11   -3   -9    0   14  -11   -5   -1   17    9   -8    6
    1    2   15    1    2    4    2    1      1714   -2    6   19   -6   12   -7    2   20   -9   -2   -5    1   11   16   -5   -6    5    3
    1    3    1    1    2    4    2    1       887   -2    6   19   -6   12   -7    2   20   -9   -2   -5    1   11   16   -5   -6    5    3
    1    3    2    1    2    5    3    0      1053   -3    0   14    0    8   -4   -3   18   -5   -2   -6    3   15   10   -5   -5   -3    8
    1    3    3    1    3    4    2    0       996   12   16   10    4   20   12   11   -5  -10   -2   17  -14   -2    5   12    3   -7    5
    1    3    4    1    1    1    1    1      1078   22    8   11    5    6    6   -9   10    9    6   -4  -11  -10   -8    1   -8  -13    6
    1    3    5    1    2    1    2    1       861   -4    4   14    2   10   -4    3   13   -4   -3  -12    6   14   12   -5   -7   -1    9
    1    3    6    1    2    3    2    1       988   -2    5   20    4    9   -4    7   16   -5   -3   -5    0   20   18   -2   -8   -6   13
    1    3    7    1    3    1    1    0      1094   22    7    9    3   18   17    3  -14   -9   -3   16  -12   -3   -2   12    6   -4    5
    1    3    8    1    1    4    2    0      1308   15   13    5    8   10   -3   -7   10    2    7   -6   -9  -17  -11   -3   -9  -12    6
    1    3    9    1    1    5    1    1       969   14   12    7    7    5    5   -8    9    9    5   -7   -9  -13   -5    4  -12  -11    8
    1    3   10    1    2    2    1    0       916   -4    5   14    0   11   -7    2   16   -3   -3   -6    2   13   12   -4   -8   -2    9
    1    3   11    1    3    3    2    0      3313   11   15   10    2   18   13   11   -3   -9    0   14  -11   -5   -1   17    9   -8    6
    1    3   12    1    1    3    2    0      1662   18   10   13   -2    3    6  -10    8    8    7  -10  -17  -11   -8   -2   -5  -10   15
    1    3   13    1    1    2    2    0      2526   17   11    7    7    3    3   -5   10   -1    9  -12  -16  -11   -6    4   -9  -10    7
    1    3   14    1    3    5    3    1      2651   10   17    0   -6   16   17   10   -7   -8    0   18  -12   -6   -2   12    6  -11    7
    1    3   15    1    3    2    2    0      1618   10   14    6    4   15   15    5   -3   -9   -2   14  -11   -1   -2   13    4   -3    2
    1    4    1    1    3    4    1    0      1819   12   16   10    4   20   12   11   -5  -10   -2   17  -14   -2    5   12    3   -7    5
    1    4    2    1    2    2    2    1       819   -4    5   14    0   11   -7    2   16   -3   -3   -6    2   13   12   -4   -8   -2    9
    1    4    3    1    2    1    2    1       772   -4    4   14    2   10   -4    3   13   -4   -3  -12    6   14   12   -5   -7   -1    9
    1    4    4    1    2    5    2    1      1063   -3    0   14    0    8   -4   -3   18   -5   -2   -6    3   15   10   -5   -5   -3    8
    1    4    5    1    1    5    1    1      1198   14   12    7    7    5    5   -8    9    9    5   -7   -9  -13   -5    4  -12  -11    8
    1    4    6    1    1    1    3    0      1679   22    8   11    5    6    6   -9   10    9    6   -4  -11  -10   -8    1   -8  -13    6
    1    4    7    1    1    3    3    0      2086   18   10   13   -2    3    6  -10    8    8    7  -10  -17  -11   -8   -2   -5  -10   15
    1    4    8    1    3    1    1    0      1284   22    7    9    3   18   17    3  -14   -9   -3   16  -12   -3   -2   12    6   -4    5
    1    4    9    1    2    4    1    0      3626   -2    6   19   -6   12   -7    2   20   -9   -2   -5    1   11   16   -5   -6    5    3
    1    4   10    1    2    3    2    1       755   -2    5   20    4    9   -4    7   16   -5   -3   -5    0   20   18   -2   -8   -6   13
    1    4   11    1    1    4    3    0      2958   15   13    5    8   10   -3   -7   10    2    7   -6   -9  -17  -11   -3   -9  -12    6
    1    4   12    1    3    3    3    1      2153   11   15   10    2   18   13   11   -3   -9    0   14  -11   -5   -1   17    9   -8    6
    1    4   13    1    3    2    3    1      2309   10   14    6    4   15   15    5   -3   -9   -2   14  -11   -1   -2   13    4   -3    2
    1    4   14    1    3    5    3    1      1050   10   17    0   -6   16   17   10   -7   -8    0   18  -12   -6   -2   12    6  -11    7
    1    4   15    1    1    2    1    1      1769   17   11    7    7    3    3   -5   10   -1    9  -12  -16  -11   -6    4   -9  -10    7
    1    5    1    1    3    2    3    1      6740   10   14    6    4   15   15    5   -3   -9   -2   14  -11   -1   -2   13    4   -3    2
    1    5    2    1    2    5    2    1      3728   -3    0   14    0    8   -4   -3   18   -5   -2   -6    3   15   10   -5   -5   -3    8
    1    5    3    1    2    2    2    1      1157   -4    5   14    0   11   -7    2   16   -3   -3   -6    2   13   12   -4   -8   -2    9
    1    5    4    1    1    3    1    1      2808   18   10   13   -2    3    6  -10    8    8    7  -10  -17  -11   -8   -2   -5  -10   15
    1    5    5    1    3    3    3    1      1433   11   15   10    2   18   13   11   -3   -9    0   14  -11   -5   -1   17    9   -8    6
    1    5    6    1    1    1    2    0      1121   22    8   11    5    6    6   -9   10    9    6   -4  -11  -10   -8    1   -8  -13    6
    1    5    7    1    3    4    1    0       774   12   16   10    4   20   12   11   -5  -10   -2   17  -14   -2    5   12    3   -7    5
    1    5    8    1    1    4    3    0      1321   15   13    5    8   10   -3   -7   10    2    7   -6   -9  -17  -11   -3   -9  -12    6
    1    5    9    1    1    2    1    1       933   17   11    7    7    3    3   -5   10   -1    9  -12  -16  -11   -6    4   -9  -10    7
    1    5   10    1    3    1    1    0      2674   22    7    9    3   18   17    3  -14   -9   -3   16  -12   -3   -2   12    6   -4    5
    1    5   11    1    1    5    1    1      1480   14   12    7    7    5    5   -8    9    9    5   -7   -9  -13   -5    4  -12  -11    8
    1    5   12    1    2    4    2    1      2127   -2    6   19   -6   12   -7    2   20   -9   -2   -5    1   11   16   -5   -6    5    3
    1    5   13    1    2    1    1    0      2972   -4    4   14    2   10   -4    3   13   -4   -3  -12    6   14   12   -5   -7   -1    9
    1    5   14    1    3    5    3    1      2974   10   17    0   -6   16   17   10   -7   -8    0   18  -12   -6   -2   12    6  -11    7
    1    5   15    1    2    3    1    0      3593   -2    5   20    4    9   -4    7   16   -5   -3   -5    0   20   18   -2   -8   -6   13
    1    6    1    1    2    2    1    0      1211   -4    5   14    0   11   -7    2   16   -3   -3   -6    2   13   12   -4   -8   -2    9
    1    6    2    1    2    4    1    0       972   -2    6   19   -6   12   -7    2   20   -9   -2   -5    1   11   16   -5   -6    5    3
    1    6    3    1    3    5    3    1      1143   10   17    0   -6   16   17   10   -7   -8    0   18  -12   -6   -2   12    6  -11    7
    1    6    4    1    2    5    2    1      2051   -3    0   14    0    8   -4   -3   18   -5   -2   -6    3   15   10   -5   -5   -3    8
    1    6    5    1    2    1    2    1       962   -4    4   14    2   10   -4    3   13   -4   -3  -12    6   14   12   -5   -7   -1    9
    1    6    6    1    3    4    1    0       814   12   16   10    4   20   12   11   -5  -10   -2   17  -14   -2    5   12    3   -7    5
    1    6    7    1    3    2    3    1       815   10   14    6    4   15   15    5   -3   -9   -2   14  -11   -1   -2   13    4   -3    2
    1    6    8    1    2    3    2    1      1920   -2    5   20    4    9   -4    7   16   -5   -3   -5    0   20   18   -2   -8   -6   13
    1    6    9    1    1    1    1    1       620   22    8   11    5    6    6   -9   10    9    6   -4  -11  -10   -8    1   -8  -13    6
    1    6   10    1    1    3    1    1       549   18   10   13   -2    3    6  -10    8    8    7  -10  -17  -11   -8   -2   -5  -10   15
    1    6   11    1    1    4    3    0      2345   15   13    5    8   10   -3   -7   10    2    7   -6   -9  -17  -11   -3   -9  -12    6
    1    6   12    1    3    3    3    1      1301   11   15   10    2   18   13   11   -3   -9    0   14  -11   -5   -1   17    9   -8    6
    1    6   13    1    3    1    2    0      2946   22    7    9    3   18   17    3  -14   -9   -3   16  -12   -3   -2   12    6   -4    5
    1    6   14    1    1    5    1    1       942   14   12    7    7    5    5   -8    9    9    5   -7   -9  -13   -5    4  -12  -11    8
    1    6   15    1    1    2    1    1      1090   17   11    7    7    3    3   -5   10   -1    9  -12  -16  -11   -6    4   -9  -10    7
    1    7    1    1    2    5    2    1       848   -3    0   14    0    8   -4   -3   18   -5   -2   -6    3   15   10   -5   -5   -3    8
    1    7    2    1    2    2    2    1       591   -4    5   14    0   11   -7    2   16   -3   -3   -6    2   13   12   -4   -8   -2    9
    1    7    3    1    2    1    2    1       465   -4    4   14    2   10   -4    3   13   -4   -3  -12    6   14   12   -5   -7   -1    9
    1    7    4    1    3    2    3    1      3248   10   14    6    4   15   15    5   -3   -9   -2   14  -11   -1   -2   13    4   -3    2
    1    7    5    1    1    5    1    1      1567   14   12    7    7    5    5   -8    9    9    5   -7   -9  -13   -5    4  -12  -11    8
    1    7    6    1    2    3    3    0      1250   -2    5   20    4    9   -4    7   16   -5   -3   -5    0   20   18   -2   -8   -6   13
    1    7    7    1    3    3    3    1      2169   11   15   10    2   18   13   11   -3   -9    0   14  -11   -5   -1   17    9   -8    6
    1    7    8    1    3    5    3    1       796   10   17    0   -6   16   17   10   -7   -8    0   18  -12   -6   -2   12    6  -11    7
    1    7    9    1    2    4    3    0      1902   -2    6   19   -6   12   -7    2   20   -9   -2   -5    1   11   16   -5   -6    5    3
    1    7   10    1    1    1    1    1      1747   22    8   11    5    6    6   -9   10    9    6   -4  -11  -10   -8    1   -8  -13    6
    1    7   11    1    3    1    3    1      2615   22    7    9    3   18   17    3  -14   -9   -3   16  -12   -3   -2   12    6   -4    5
    1    7   12    1    3    4    3    1       976   12   16   10    4   20   12   11   -5  -10   -2   17  -14   -2    5   12    3   -7    5
    1    7   13    1    1    3    2    0      1755   18   10   13   -2    3    6  -10    8    8    7  -10  -17  -11   -8   -2   -5  -10   15
    1    7   14    1    1    2    1    1       694   17   11    7    7    3    3   -5   10   -1    9  -12  -16  -11   -6    4   -9  -10    7
    1    7   15    1    1    4    2    0      1052   15   13    5    8   10   -3   -7   10    2    7   -6   -9  -17  -11   -3   -9  -12    6
    1    8    1    1    3    5    3    1      1116   10   17    0   -6   16   17   10   -7   -8    0   18  -12   -6   -2   12    6  -11    7
    1    8    2    1    1    4    1    1       856   15   13    5    8   10   -3   -7   10    2    7   -6   -9  -17  -11   -3   -9  -12    6
    1    8    3    1    3    2    3    1       776   10   14    6    4   15   15    5   -3   -9   -2   14  -11   -1   -2   13    4   -3    2
    1    8    4    1    3    3    2    0       666   11   15   10    2   18   13   11   -3   -9    0   14  -11   -5   -1   17    9   -8    6
    1    8    5    1    2    5    2    1      1473   -3    0   14    0    8   -4   -3   18   -5   -2   -6    3   15   10   -5   -5   -3    8
    1    8    6    1    2    1    2    1       728   -4    4   14    2   10   -4    3   13   -4   -3  -12    6   14   12   -5   -7   -1    9
    1    8    7    1    1    2    1    1       876   17   11    7    7    3    3   -5   10   -1    9  -12  -16  -11   -6    4   -9  -10    7
    1    8    8    1    1    1    1    1       731   22    8   11    5    6    6   -9   10    9    6   -4  -11  -10   -8    1   -8  -13    6
    1    8    9    1    2    2    2    1      1183   -4    5   14    0   11   -7    2   16   -3   -3   -6    2   13   12   -4   -8   -2    9
    1    8   10    1    1    3    1    1      2441   18   10   13   -2    3    6  -10    8    8    7  -10  -17  -11   -8   -2   -5  -10   15
    1    8   11    1    3    1    3    1      1505   22    7    9    3   18   17    3  -14   -9   -3   16  -12   -3   -2   12    6   -4    5
    1    8   12    1    1    5    1    1      1094   14   12    7    7    5    5   -8    9    9    5   -7   -9  -13   -5    4  -12  -11    8
    1    8   13    1    3    4    3    1      1908   12   16   10    4   20   12   11   -5  -10   -2   17  -14   -2    5   12    3   -7    5
    1    8   14    1    2    4    3    0      2274   -2    6   19   -6   12   -7    2   20   -9   -2   -5    1   11   16   -5   -6    5    3
    1    8   15    1    2    3    2    1       880   -2    5   20    4    9   -4    7   16   -5   -3   -5    0   20   18   -2   -8   -6   13
    1    9    1    1    2    1    2    1       743   -4    4   14    2   10   -4    3   13   -4   -3  -12    6   14   12   -5   -7   -1    9
    1    9    2    1    2    5    2    1       691   -3    0   14    0    8   -4   -3   18   -5   -2   -6    3   15   10   -5   -5   -3    8
    1    9    3    1    3    4    1    0      1993   12   16   10    4   20   12   11   -5  -10   -2   17  -14   -2    5   12    3   -7    5
    1    9    4    1    1    5    1    1      1627   14   12    7    7    5    5   -8    9    9    5   -7   -9  -13   -5    4  -12  -11    8
    1    9    5    1    1    4    3    0      4476   15   13    5    8   10   -3   -7   10    2    7   -6   -9  -17  -11   -3   -9  -12    6
    1    9    6    1    1    2    1    1       850   17   11    7    7    3    3   -5   10   -1    9  -12  -16  -11   -6    4   -9  -10    7
    1    9    7    1    1    3    2    0       850   18   10   13   -2    3    6  -10    8    8    7  -10  -17  -11   -8   -2   -5  -10   15
    1    9    8    1    2    3    1    0       649   -2    5   20    4    9   -4    7   16   -5   -3   -5    0   20   18   -2   -8   -6   13
    1    9    9    1    2    4    3    0       280   -2    6   19   -6   12   -7    2   20   -9   -2   -5    1   11   16   -5   -6    5    3
    1    9   10    1    3    3    2    0       311   11   15   10    2   18   13   11   -3   -9    0   14  -11   -5   -1   17    9   -8    6
    1    9   11    1    3    1    3    1      2349   22    7    9    3   18   17    3  -14   -9   -3   16  -12   -3   -2   12    6   -4    5
    1    9   12    1    3    5    3    1       752   10   17    0   -6   16   17   10   -7   -8    0   18  -12   -6   -2   12    6  -11    7
    1    9   13    1    1    1    3    0      1235   22    8   11    5    6    6   -9   10    9    6   -4  -11  -10   -8    1   -8  -13    6
    1    9   14    1    2    2    2    1       731   -4    5   14    0   11   -7    2   16   -3   -3   -6    2   13   12   -4   -8   -2    9
    1    9   15    1    3    2    1    0      1095   10   14    6    4   15   15    5   -3   -9   -2   14  -11   -1   -2   13    4   -3    2
    1   10    1    1    3    4    3    1      1861   12   16   10    4   20   12   11   -5  -10   -2   17  -14   -2    5   12    3   -7    5
    1   10    2    1    1    2    1    1       813   17   11    7    7    3    3   -5   10   -1    9  -12  -16  -11   -6    4   -9  -10    7
    1   10    3    1    2    1    2    1       550   -4    4   14    2   10   -4    3   13   -4   -3  -12    6   14   12   -5   -7   -1    9
    1   10    4    1    1    4    1    1       626   15   13    5    8   10   -3   -7   10    2    7   -6   -9  -17  -11   -3   -9  -12    6
    1   10    5    1    1    1    1    1      2474   22    8   11    5    6    6   -9   10    9    6   -4  -11  -10   -8    1   -8  -13    6
    1   10    6    1    2    4    1    0      2225   -2    6   19   -6   12   -7    2   20   -9   -2   -5    1   11   16   -5   -6    5    3
    1   10    7    1    2    5    2    1      1041   -3    0   14    0    8   -4   -3   18   -5   -2   -6    3   15   10   -5   -5   -3    8
    1   10    8    1    3    2    3    1       681   10   14    6    4   15   15    5   -3   -9   -2   14  -11   -1   -2   13    4   -3    2
    1   10    9    1    1    5    1    1       831   14   12    7    7    5    5   -8    9    9    5   -7   -9  -13   -5    4  -12  -11    8
    1   10   10    1    2    2    2    1      5415   -4    5   14    0   11   -7    2   16   -3   -3   -6    2   13   12   -4   -8   -2    9
    1   10   11    1    3    5    3    1       920   10   17    0   -6   16   17   10   -7   -8    0   18  -12   -6   -2   12    6  -11    7
    1   10   12    1    3    1    3    1       989   22    7    9    3   18   17    3  -14   -9   -3   16  -12   -3   -2   12    6   -4    5
    1   10   13    1    2    3    2    1       855   -2    5   20    4    9   -4    7   16   -5   -3   -5    0   20   18   -2   -8   -6   13
    1   10   14    1    1    3    1    1      1766   18   10   13   -2    3    6  -10    8    8    7  -10  -17  -11   -8   -2   -5  -10   15
    1   10   15    1    3    3    3    1      1177   11   15   10    2   18   13   11   -3   -9    0   14  -11   -5   -1   17    9   -8    6
    1   11    1    1    1    3    1    1       995   18   10   13   -2    3    6  -10    8    8    7  -10  -17  -11   -8   -2   -5  -10   15
    1   11    2    1    2    1    2    1       573   -4    4   14    2   10   -4    3   13   -4   -3  -12    6   14   12   -5   -7   -1    9
    1   11    3    1    3    5    3    1      2032   10   17    0   -6   16   17   10   -7   -8    0   18  -12   -6   -2   12    6  -11    7
    1   11    4    1    3    2    3    1      1040   10   14    6    4   15   15    5   -3   -9   -2   14  -11   -1   -2   13    4   -3    2
    1   11    5    1    2    3    2    1       960   -2    5   20    4    9   -4    7   16   -5   -3   -5    0   20   18   -2   -8   -6   13
    1   11    6    1    2    2    2    1       412   -4    5   14    0   11   -7    2   16   -3   -3   -6    2   13   12   -4   -8   -2    9
    1   11    7    1    1    1    1    1       525   22    8   11    5    6    6   -9   10    9    6   -4  -11  -10   -8    1   -8  -13    6
    1   11    8    1    1    2    1    1       546   17   11    7    7    3    3   -5   10   -1    9  -12  -16  -11   -6    4   -9  -10    7
    1   11    9    1    1    4    1    1      2086   15   13    5    8   10   -3   -7   10    2    7   -6   -9  -17  -11   -3   -9  -12    6
    1   11   10    1    1    5    1    1       772   14   12    7    7    5    5   -8    9    9    5   -7   -9  -13   -5    4  -12  -11    8
    1   11   11    1    3    1    3    1      3094   22    7    9    3   18   17    3  -14   -9   -3   16  -12   -3   -2   12    6   -4    5
    1   11   12    1    2    4    3    0       813   -2    6   19   -6   12   -7    2   20   -9   -2   -5    1   11   16   -5   -6    5    3
    1   11   13    1    3    3    3    1      2246   11   15   10    2   18   13   11   -3   -9    0   14  -11   -5   -1   17    9   -8    6
    1   11   14    1    3    4    1    0      5134   12   16   10    4   20   12   11   -5  -10   -2   17  -14   -2    5   12    3   -7    5
    1   11   15    1    2    5    2    1       946   -3    0   14    0    8   -4   -3   18   -5   -2   -6    3   15   10   -5   -5   -3    8
    1   12    1    1    1    5    1    1       838   14   12    7    7    5    5   -8    9    9    5   -7   -9  -13   -5    4  -12  -11    8
    1   12    2    1    3    1    3    1      1022   22    7    9    3   18   17    3  -14   -9   -3   16  -12   -3   -2   12    6   -4    5
    1   12    3    1    1    3    1    1       990   18   10   13   -2    3    6  -10    8    8    7  -10  -17  -11   -8   -2   -5  -10   15
    1   12    4    1    3    3    3    1      1121   11   15   10    2   18   13   11   -3   -9    0   14  -11   -5   -1   17    9   -8    6
    1   12    5    1    1    1    1    1      1085   22    8   11    5    6    6   -9   10    9    6   -4  -11  -10   -8    1   -8  -13    6
    1   12    6    1    3    5    3    1       987   10   17    0   -6   16   17   10   -7   -8    0   18  -12   -6   -2   12    6  -11    7
    1   12    7    1    2    2    2    1       813   -4    5   14    0   11   -7    2   16   -3   -3   -6    2   13   12   -4   -8   -2    9
    1   12    8    1    1    2    1    1       727   17   11    7    7    3    3   -5   10   -1    9  -12  -16  -11   -6    4   -9  -10    7
    1   12    9    1    3    4    1    0      2667   12   16   10    4   20   12   11   -5  -10   -2   17  -14   -2    5   12    3   -7    5
    1   12   10    1    2    1    2    1      1178   -4    4   14    2   10   -4    3   13   -4   -3  -12    6   14   12   -5   -7   -1    9
    1   12   11    1    2    5    2    1      2172   -3    0   14    0    8   -4   -3   18   -5   -2   -6    3   15   10   -5   -5   -3    8
    1   12   12    1    1    4    3    0      1919   15   13    5    8   10   -3   -7   10    2    7   -6   -9  -17  -11   -3   -9  -12    6
    1   12   13    1    2    3    2    1      1332   -2    5   20    4    9   -4    7   16   -5   -3   -5    0   20   18   -2   -8   -6   13
    1   12   14    1    3    2    3    1       800   10   14    6    4   15   15    5   -3   -9   -2   14  -11   -1   -2   13    4   -3    2
    1   12   15    1    2    4    2    1      4153   -2    6   19   -6   12   -7    2   20   -9   -2   -5    1   11   16   -5   -6    5    3
    1   13    1    1    1    3    1    1      5613   18   10   13   -2    3    6  -10    8    8    7  -10  -17  -11   -8   -2   -5  -10   15
    1   13    2    1    2    2    2    1      2078   -4    5   14    0   11   -7    2   16   -3   -3   -6    2   13   12   -4   -8   -2    9
    1   13    3    1    2    5    2    1       845   -3    0   14    0    8   -4   -3   18   -5   -2   -6    3   15   10   -5   -5   -3    8
    1   13    4    1    1    4    1    1      1653   15   13    5    8   10   -3   -7   10    2    7   -6   -9  -17  -11   -3   -9  -12    6
    1   13    5    1    2    1    2    1       844   -4    4   14    2   10   -4    3   13   -4   -3  -12    6   14   12   -5   -7   -1    9
    1   13    6    1    3    2    3    1      2804   10   14    6    4   15   15    5   -3   -9   -2   14  -11   -1   -2   13    4   -3    2
    1   13    7    1    3    5    3    1       774   10   17    0   -6   16   17   10   -7   -8    0   18  -12   -6   -2   12    6  -11    7
    1   13    8    1    2    3    2    1      1080   -2    5   20    4    9   -4    7   16   -5   -3   -5    0   20   18   -2   -8   -6   13
    1   13    9    1    1    2    1    1      1167   17   11    7    7    3    3   -5   10   -1    9  -12  -16  -11   -6    4   -9  -10    7
    1   13   10    1    3    4    3    1      2929   12   16   10    4   20   12   11   -5  -10   -2   17  -14   -2    5   12    3   -7    5
    1   13   11    1    1    1    3    0      4590   22    8   11    5    6    6   -9   10    9    6   -4  -11  -10   -8    1   -8  -13    6
    1   13   12    1    3    3    3    1       568   11   15   10    2   18   13   11   -3   -9    0   14  -11   -5   -1   17    9   -8    6
    1   13   13    1    1    5    1    1      1635   14   12    7    7    5    5   -8    9    9    5   -7   -9  -13   -5    4  -12  -11    8
    1   13   14    1    3    1    3    1      2555   22    7    9    3   18   17    3  -14   -9   -3   16  -12   -3   -2   12    6   -4    5
    1   13   15    1    2    4    3    0      4030   -2    6   19   -6   12   -7    2   20   -9   -2   -5    1   11   16   -5   -6    5    3
    1   14    1    1    3    5    3    1      1463   10   17    0   -6   16   17   10   -7   -8    0   18  -12   -6   -2   12    6  -11    7
    1   14    2    1    3    2    3    1       998   10   14    6    4   15   15    5   -3   -9   -2   14  -11   -1   -2   13    4   -3    2
    1   14    3    1    1    2    1    1      2760   17   11    7    7    3    3   -5   10   -1    9  -12  -16  -11   -6    4   -9  -10    7
    1   14    4    1    1    3    3    0      5755   18   10   13   -2    3    6  -10    8    8    7  -10  -17  -11   -8   -2   -5  -10   15
    1   14    5    1    2    2    2    1       686   -4    5   14    0   11   -7    2   16   -3   -3   -6    2   13   12   -4   -8   -2    9
    1   14    6    1    3    1    3    1      1877   22    7    9    3   18   17    3  -14   -9   -3   16  -12   -3   -2   12    6   -4    5
    1   14    7    1    2    1    2    1       803   -4    4   14    2   10   -4    3   13   -4   -3  -12    6   14   12   -5   -7   -1    9
    1   14    8    1    1    4    1    1      1836   15   13    5    8   10   -3   -7   10    2    7   -6   -9  -17  -11   -3   -9  -12    6
    1   14    9    1    1    5    1    1      1013   14   12    7    7    5    5   -8    9    9    5   -7   -9  -13   -5    4  -12  -11    8
    1   14   10    1    2    3    2    1       894   -2    5   20    4    9   -4    7   16   -5   -3   -5    0   20   18   -2   -8   -6   13
    1   14   11    1    3    3    3    1      1204   11   15   10    2   18   13   11   -3   -9    0   14  -11   -5   -1   17    9   -8    6
    1   14   12    1    1    1    1    1      2117   22    8   11    5    6    6   -9   10    9    6   -4  -11  -10   -8    1   -8  -13    6
    1   14   13    1    2    4    2    1      2226   -2    6   19   -6   12   -7    2   20   -9   -2   -5    1   11   16   -5   -6    5    3
    1   14   14    1    2    5    2    1       875   -3    0   14    0    8   -4   -3   18   -5   -2   -6    3   15   10   -5   -5   -3    8
    1   14   15    1    3    4    3    1      2281   12   16   10    4   20   12   11   -5  -10   -2   17  -14   -2    5   12    3   -7    5
    1   15    1    1    1    5    1    1       919   14   12    7    7    5    5   -8    9    9    5   -7   -9  -13   -5    4  -12  -11    8
    1   15    2    1    3    1    3    1      1708   22    7    9    3   18   17    3  -14   -9   -3   16  -12   -3   -2   12    6   -4    5
    1   15    3    1    1    3    1    1      2281   18   10   13   -2    3    6  -10    8    8    7  -10  -17  -11   -8   -2   -5  -10   15
    1   15    4    1    1    2    1    1       687   17   11    7    7    3    3   -5   10   -1    9  -12  -16  -11   -6    4   -9  -10    7
    1   15    5    1    2    2    2    1      1037   -4    5   14    0   11   -7    2   16   -3   -3   -6    2   13   12   -4   -8   -2    9
    1   15    6    1    1    1    1    1      1141   22    8   11    5    6    6   -9   10    9    6   -4  -11  -10   -8    1   -8  -13    6
    1   15    7    1    2    3    2    1       817   -2    5   20    4    9   -4    7   16   -5   -3   -5    0   20   18   -2   -8   -6   13
    1   15    8    1    3    2    3    1      1482   10   14    6    4   15   15    5   -3   -9   -2   14  -11   -1   -2   13    4   -3    2
    1   15    9    1    2    1    2    1      1208   -4    4   14    2   10   -4    3   13   -4   -3  -12    6   14   12   -5   -7   -1    9
    1   15   10    1    2    4    2    1      2161   -2    6   19   -6   12   -7    2   20   -9   -2   -5    1   11   16   -5   -6    5    3
    1   15   11    1    3    5    3    1       773   10   17    0   -6   16   17   10   -7   -8    0   18  -12   -6   -2   12    6  -11    7
    1   15   12    1    3    4    3    1      1463   12   16   10    4   20   12   11   -5  -10   -2   17  -14   -2    5   12    3   -7    5
    1   15   13    1    3    3    3    1       847   11   15   10    2   18   13   11   -3   -9    0   14  -11   -5   -1   17    9   -8    6
    1   15   14    1    2    5    2    1       775   -3    0   14    0    8   -4   -3   18   -5   -2   -6    3   15   10   -5   -5   -3    8
    1   15   15    1    1    4    1    1      1098   15   13    5    8   10   -3   -7   10    2    7   -6   -9  -17  -11   -3   -9  -12    6
    2    1    1    4    1    3    2    1      1835   10   15   11    3    4    6   -7   12    9   -2  -16   -1  -10   -8    4  -15  -12    8
    2    1    2    6    0    0    2    1      3891   14    7  -10   20   13   -3   10    2    2   -4    6    0  -11   15    1   15    6   -8
    2    1    3    1    3    3    1    1      2793   11   15   10    2   18   13   11   -3   -9    0   14  -11   -5   -1   17    9   -8    6
    2    1    4    4    3    3    1    0      4843   12   14    8    4   24   23    4   -9   -7   -1   18  -12   -1   -5   10    7   -5    5
    2    1    5    2    2    0    1    0      7235   -3    5   13    1   10   -5    7   15   -4   -2   -6    1   14   11   -4   -7   -2   10
    2    1    6    1    1    2    1    1      2059   17   11    7    7    3    3   -5   10   -1    9  -12  -16  -11   -6    4   -9  -10    7
    2    1    7    6    0    0    2    1      2163    0  -12   -6  -15   16   16   -7    7   -8  -14   -6   13   14    4    4   -1    8    9
    2    1    8    1    3    4    1    1      3206   12   16   10    4   20   12   11   -5  -10   -2   17  -14   -2    5   12    3   -7    5
    2    1    9    4    1    2    1    0      2207   17   12    5    7    0    5   -9   12   12    0  -15   -7  -13   -4   -5  -20   -9    5
    2    1   10    4    2    1    1    0      2880   -3    4   11    1    8   -3    7   14   -3   -4   -1   -2   13   12   -5   -8   -4   12
    2    1   11    4    2    2    2    1      1151   -2    5   14    3   10   -6    8   16   -2   -1    4   -7   12   13   -3   -8   -4   10
    2    1   12    6    0    0    2    1      1715   11    9  -14   18   24  -11    9    5   -2  -12    6   -2   -8   15    2   16    9   -9
    2    1   13    2    3    0    1    0      1015   12   15   10    3   15   14   10   -5   -9   -1   16  -13   -3   -3   12    5   -6    4
    2    1   14    2    1    0    1    0      3360   16   12    6    7    4    4   -8   10    8    5   -6  -10  -11   -7    2  -10  -11    7
    2    1   15    4    2    4    1    0      2619  -11   -3   13    2   10   -6    8   14   -3   -1   -7    0    9    8   -2   -8    4    2
    2    1   16    1    2    1    1    1      4052   -4    4   14    2   10   -4    3   13   -4   -3  -12    6   14   12   -5   -7   -1    9
    2    1   17    4    1    4    1    0      1987   17    3   10    3    4    6  -11   13    7    2   -7  -10  -13  -12    3  -10  -13   12
    2    1   18    1    1    3    1    1      1077   18   10   13   -2    3    6  -10    8    8    7  -10  -17  -11   -8   -2   -5  -10   15
    2    1   19    6    0    0    2    1      1540    1  -14  -16  -11   16   11   -4    9   -6  -11   -3   11   11    2    5   -3    8   12
    2    1   20    1    2    5    1    1      1720   -3    0   14    0    8   -4   -3   18   -5   -2   -6    3   15   10   -5   -5   -3    8
    2    1   21    6    0    0    2    1      3981  -12   15   -5  -16  -15   18    7    9    7   -2  -14    7    7    3  -16  -10   -2   -7
    2    1   22    1    3    2    1    1      1271   10   14    6    4   15   15    5   -3   -9   -2   14  -11   -1   -2   13    4   -3    2
    2    1   23    4    2    5    1    0      1677   -3    7   15    3   11   -7    4   21   -5   -2   -4    2   16   11   -6   -6    7    5
    2    1   24    1    3    5    1    1       900   10   17    0   -6   16   17   10   -7   -8    0   18  -12   -6   -2   12    6  -11    7
    2    1   25    4    2    3    2    1       722   -3    4   14    2    6   -8    8   14   -3   -3   -5    0   14    5    6  -12   -1    9
    2    1   26    4    3    2    1    0       702   14   15    7    9   16   13    9   -5  -10   -2   14  -15   -1   -5   12    3   -7    4
    2    1   27    1    1    4    1    1      1036   15   13    5    8   10   -3   -7   10    2    7   -6   -9  -17  -11   -3   -9  -12    6
    2    1   28    4    1    5    1    0      1172   15   13    5    7    5    4   -9   10    9    3   -6  -17  -12   -9    4  -11  -12    7
    2    1   29    4    3    5    2    1      4686   12   16   10    1   10   10   12   -1   -7   -1   21  -10    4  -11   11    7   -4    3
    2    1   30    4    3    1    1    0       756   10   16    9    4   14   15    9   -6  -11   -2   16  -14   -3   -4   12    3   -5    4
    2    1   31    1    2    2    1    1      1551   -4    5   14    0   11   -7    2   16   -3   -3   -6    2   13   12   -4   -8   -2    9
    2    1   32    4    1    1    1    0      3459   12   16    7    7    5   12   -8   12   10    5   -7  -10   -9   -8    1  -12  -10    7
    2    1   33    1    1    5    1    1       762   14   12    7    7    5    5   -8    9    9    5   -7   -9  -13   -5    4  -12  -11    8
    2    1   34    1    3    1    1    1      1438   22    7    9    3   18   17    3  -14   -9   -3   16  -12   -3   -2   12    6   -4    5
    2    1   35    1    2    4    1    1      2806   -2    6   19   -6   12   -7    2   20   -9   -2   -5    1   11   16   -5   -6    5    3
    2    1   36    1    1    1    1    1       815   22    8   11    5    6    6   -9   10    9    6   -4  -11  -10   -8    1   -8  -13    6
    2    1   37    6    0    0    2    1      2991  -15   12  -11  -13   -5   10    9   11    6   -5  -14    6    7   14  -21   -4  -11    3
    2    1   38    4    3    4    1    0      1266   12   16   11    1   17   16   12   -4  -11   -4   11  -13   -3   -2   12    4   -9   10
    2    1   39    1    2    3    1    1      2409   -2    5   20    4    9   -4    7   16   -5   -3   -5    0   20   18   -2   -8   -6   13
