    1    1    1    1    2    2    3    0      9882  -12    5  -10   -9   10   11    4   -1  -13  -10  -12   14   11   -5  -12    8   15   13
    1    1    2    1    2    4    2    1      1557   -9    1   -1   -8    7    4    4    1  -15   -7  -11   10   14    2  -13    9   11   14
    1    1    3    1    2    3    2    1      1352   -8   -2  -12  -12   10   10    4    1  -16  -10   -9   16   14    1  -20    6   11   13
    1    1    4    1    1    2    1    1      1059   -7   14   -1   -7    4    5   -2   -3    5   -4    4  -17    6   -8   -5   -3  -14    0
    1    1    5    1    3    5    3    1       907   14    7   24   23  -10   -6   -2  -15  -12   -3   -5   15    1   -5   13    0  -10  -15
    1    1    6    1    1    4    1    1       664   -7   14    4  -12    5   11    1   -3    3   -6   15   -9    9   -3   -2   -6  -14    5
    1    1    7    1    3    1    3    1       527   16    7   21   15   -3    2    1  -17  -13   -4   -8   14   -1   -4    8    4   -9  -17
    1    1    8    1    3    4    2    0       988    6    3   15   12   -4    3    1  -17  -16   -3   -7   13    0   -6   10    4  -10  -15
    1    1    9    1    3    3    3    1      1653   14    4   24   15    0    7   -2  -16  -12   -5  -11   12    1   -4   17   -6  -12  -12
    1    1   10    1    1    3    1    1       805   -4   12    4  -15    4    9   -1   -1    4   -3   16  -11    9   -6   -4   -3  -14    7
    1    1   11    1    2    1    2    1       758  -12   -2  -17    0   10   12    2   -1  -15   -7  -10   16   15   -2  -14    8   12   14
    1    1   12    1    1    5    1    1      1017   -5   15    3  -14   -1    2    2   -2    5   -4   11    1    7   -5   -5   -1  -12    2
    1    1   13    1    3    2    3    1       642   15    5   11   13   -3    2    5  -23  -14   -5   -8   16    2   -5    5    1  -14  -14
    1    1   14    1    2    5    2    1      1066  -12   -1   -4   -5   12    8    5   -1  -14   -7   -9   15    9   -4  -13   13    9   18
    1    1   15    1    1    1    1    1       529   -5   13    7  -15    0   12   -2   -2    6   -4   15   -7   10   -6   -4   -3  -13    4
    1    2    1    1    2    5    2    1       589  -12   -1   -4   -5   12    8    5   -1  -14   -7   -9   15    9   -4  -13   13    9   18
    1    2    2    1    1    1    1    1       599   -5   13    7  -15    0   12   -2   -2    6   -4   15   -7   10   -6   -4   -3  -13    4
    1    2    3    1    2    1    2    1       833  -12   -2  -17    0   10   12    2   -1  -15   -7  -10   16   15   -2  -14    8   12   14
    1    2    4    1    1    4    1    1       801   -7   14    4  -12    5   11    1   -3    3   -6   15   -9    9   -3   -2   -6  -14    5
    1    2    5    1    3    3    3    1       434   14    4   24   15    0    7   -2  -16  -12   -5  -11   12    1   -4   17   -6  -12  -12
    1    2    6    1    2    4    2    1      1986   -9    1   -1   -8    7    4    4    1  -15   -7  -11   10   14    2  -13    9   11   14
    1    2    7    1    3    4    3    1      1044    6    3   15   12   -4    3    1  -17  -16   -3   -7   13    0   -6   10    4  -10  -15
    1    2    8    1    3    2    2    0      1356   15    5   11   13   -3    2    5  -23  -14   -5   -8   16    2   -5    5    1  -14  -14
    1    2    9    1    1    2    1    1       792   -7   14   -1   -7    4    5   -2   -3    5   -4    4  -17    6   -8   -5   -3  -14    0
    1    2   10    1    1    3    1    1      1929   -4   12    4  -15    4    9   -1   -1    4   -3   16  -11    9   -6   -4   -3  -14    7
    1    2   11    1    1    5    1    1       798   -5   15    3  -14   -1    2    2   -2    5   -4   11    1    7   -5   -5   -1  -12    2
    1    2   12    1    2    3    2    1      1311   -8   -2  -12  -12   10   10    4    1  -16  -10   -9   16   14    1  -20    6   11   13
    1    2   13    1    2    2    2    1       589  -12    5  -10   -9   10   11    4   -1  -13  -10  -12   14   11   -5  -12    8   15   13
    1    2   14    1    3    5    3    1       919   14    7   24   23  -10   -6   -2  -15  -12   -3   -5   15    1   -5   13    0  -10  -15
    1    2   15    1    3    1    3    1       787   16    7   21   15   -3    2    1  -17  -13   -4   -8   14   -1   -4    8    4   -9  -17
    1    3    1    1    1    2    1    1      1093   -7   14   -1   -7    4    5   -2   -3    5   -4    4  -17    6   -8   -5   -3  -14    0
    1    3    2    1    2    3    2    1      1307   -8   -2  -12  -12   10   10    4    1  -16  -10   -9   16   14    1  -20    6   11   13
    1    3    3    1    1    4    1    1      1449   -7   14    4  -12    5   11    1   -3    3   -6   15   -9    9   -3   -2   -6  -14    5
    1    3    4    1    1    1    1    1       688   -5   13    7  -15    0   12   -2   -2    6   -4   15   -7   10   -6   -4   -3  -13    4
    1    3    5    1    1    5    1    1       854   -5   15    3  -14   -1    2    2   -2    5   -4   11    1    7   -5   -5   -1  -12    2
    1    3    6    1    3    4    3    1      1477    6    3   15   12   -4    3    1  -17  -16   -3   -7   13    0   -6   10    4  -10  -15
    1    3    7    1    2    1    2    1       780  -12   -2  -17    0   10   12    2   -1  -15   -7  -10   16   15   -2  -14    8   12   14
    1    3    8    1    2    2    2    1       798  -12    5  -10   -9   10   11    4   -1  -13  -10  -12   14   11   -5  -12    8   15   13
    1    3    9    1    3    2    1    0      2511   15    5   11   13   -3    2    5  -23  -14   -5   -8   16    2   -5    5    1  -14  -14
    1    3   10    1    3    5    3    1       797   14    7   24   23  -10   -6   -2  -15  -12   -3   -5   15    1   -5   13    0  -10  -15
    1    3   11    1    2    4    1    0       990   -9    1   -1   -8    7    4    4    1  -15   -7  -11   10   14    2  -13    9   11   14
    1    3   12    1    3    1    2    0      1592   16    7   21   15   -3    2    1  -17  -13   -4   -8   14   -1   -4    8    4   -9  -17
    1    3   13    1    1    3    1    1       794   -4   12    4  -15    4    9   -1   -1    4   -3   16  -11    9   -6   -4   -3  -14    7
    1    3   14    1    2    5    2    1       684  -12   -1   -4   -5   12    8    5   -1  -14   -7   -9   15    9   -4  -13   13    9   18
    1    3   15    1    3    3    3    1       834   14    4   24   15    0    7   -2  -16  -12   -5  -11   12    1   -4   17   -6  -12  -12
    1    4    1    1    2    4    2    1      1874   -9    1   -1   -8    7    4    4    1  -15   -7  -11   10   14    2  -13    9   11   14
    1    4    2    1    3    5    3    1       776   14    7   24   23  -10   -6   -2  -15  -12   -3   -5   15    1   -5   13    0  -10  -15
    1    4    3    1    2    2    2    1      1339  -12    5  -10   -9   10   11    4   -1  -13  -10  -12   14   11   -5  -12    8   15   13
    1    4    4    1    1    4    1    1      1207   -7   14    4  -12    5   11    1   -3    3   -6   15   -9    9   -3   -2   -6  -14    5
    1    4    5    1    3    4    3    1      1144    6    3   15   12   -4    3    1  -17  -16   -3   -7   13    0   -6   10    4  -10  -15
    1    4    6    1    3    3    3    1      1101   14    4   24   15    0    7   -2  -16  -12   -5  -11   12    1   -4   17   -6  -12  -12
    1    4    7    1    1    3    1    1       802   -4   12    4  -15    4    9   -1   -1    4   -3   16  -11    9   -6   -4   -3  -14    7
    1    4    8    1    2    3    2    1      1763   -8   -2  -12  -12   10   10    4    1  -16  -10   -9   16   14    1  -20    6   11   13
    1    4    9    1    1    5    1    1       622   -5   15    3  -14   -1    2    2   -2    5   -4   11    1    7   -5   -5   -1  -12    2
    1    4   10    1    1    1    2    0       726   -5   13    7  -15    0   12   -2   -2    6   -4   15   -7   10   -6   -4   -3  -13    4
    1    4   11    1    2    1    2    1       619  -12   -2  -17    0   10   12    2   -1  -15   -7  -10   16   15   -2  -14    8   12   14
    1    4   12    1    1    2    1    1       612   -7   14   -1   -7    4    5   -2   -3    5   -4    4  -17    6   -8   -5   -3  -14    0
    1    4   13    1    3    1    3    1       413   16    7   21   15   -3    2    1  -17  -13   -4   -8   14   -1   -4    8    4   -9  -17
    1    4   14    1    2    5    2    1       974  -12   -1   -4   -5   12    8    5   -1  -14   -7   -9   15    9   -4  -13   13    9   18
    1    4   15    1    3    2    3    1      1192   15    5   11   13   -3    2    5  -23  -14   -5   -8   16    2   -5    5    1  -14  -14
    1    5    1    1    3    3    3    1      1978   14    4   24   15    0    7   -2  -16  -12   -5  -11   12    1   -4   17   -6  -12  -12
    1    5    2    1    1    4    1    1      2461   -7   14    4  -12    5   11    1   -3    3   -6   15   -9    9   -3   -2   -6  -14    5
    1    5    3    1    1    2    1    1       556   -7   14   -1   -7    4    5   -2   -3    5   -4    4  -17    6   -8   -5   -3  -14    0
    1    5    4    1    2    3    2    1       728   -8   -2  -12  -12   10   10    4    1  -16  -10   -9   16   14    1  -20    6   11   13
    1    5    5    1    2    2    2    1      1052  -12    5  -10   -9   10   11    4   -1  -13  -10  -12   14   11   -5  -12    8   15   13
    1    5    6    1    3    2    1    0       852   15    5   11   13   -3    2    5  -23  -14   -5   -8   16    2   -5    5    1  -14  -14
    1    5    7    1    1    5    1    1       803   -5   15    3  -14   -1    2    2   -2    5   -4   11    1    7   -5   -5   -1  -12    2
    1    5    8    1    2    4    2    1       868   -9    1   -1   -8    7    4    4    1  -15   -7  -11   10   14    2  -13    9   11   14
    1    5    9    1    3    4    3    1       995    6    3   15   12   -4    3    1  -17  -16   -3   -7   13    0   -6   10    4  -10  -15
    1    5   10    1    1    1    1    1      1581   -5   13    7  -15    0   12   -2   -2    6   -4   15   -7   10   -6   -4   -3  -13    4
    1    5   11    1    1    3    1    1      1903   -4   12    4  -15    4    9   -1   -1    4   -3   16  -11    9   -6   -4   -3  -14    7
    1    5   12    1    3    5    3    1       740   14    7   24   23  -10   -6   -2  -15  -12   -3   -5   15    1   -5   13    0  -10  -15
    1    5   13    1    2    1    2    1      1144  -12   -2  -17    0   10   12    2   -1  -15   -7  -10   16   15   -2  -14    8   12   14
    1    5   14    1    3    1    3    1      2124   16    7   21   15   -3    2    1  -17  -13   -4   -8   14   -1   -4    8    4   -9  -17
    1    5   15    1    2    5    2    1      1017  -12   -1   -4   -5   12    8    5   -1  -14   -7   -9   15    9   -4  -13   13    9   18
    1    6    1    1    3    2    3    1      1442   15    5   11   13   -3    2    5  -23  -14   -5   -8   16    2   -5    5    1  -14  -14
    1    6    2    1    1    5    1    1      1274   -5   15    3  -14   -1    2    2   -2    5   -4   11    1    7   -5   -5   -1  -12    2
    1    6    3    1    3    3    3    1       856   14    4   24   15    0    7   -2  -16  -12   -5  -11   12    1   -4   17   -6  -12  -12
    1    6    4    1    1    3    1    1       744   -4   12    4  -15    4    9   -1   -1    4   -3   16  -11    9   -6   -4   -3  -14    7
    1    6    5    1    3    5    3    1       588   14    7   24   23  -10   -6   -2  -15  -12   -3   -5   15    1   -5   13    0  -10  -15
    1    6    6    1    3    1    3    1      1446   16    7   21   15   -3    2    1  -17  -13   -4   -8   14   -1   -4    8    4   -9  -17
    1    6    7    1    2    2    2    1      1006  -12    5  -10   -9   10   11    4   -1  -13  -10  -12   14   11   -5  -12    8   15   13
    1    6    8    1    1    1    1    1       791   -5   13    7  -15    0   12   -2   -2    6   -4   15   -7   10   -6   -4   -3  -13    4
    1    6    9    1    1    2    1    1      1049   -7   14   -1   -7    4    5   -2   -3    5   -4    4  -17    6   -8   -5   -3  -14    0
    1    6   10    1    2    5    2    1       816  -12   -1   -4   -5   12    8    5   -1  -14   -7   -9   15    9   -4  -13   13    9   18
    1    6   11    1    1    4    3    0      1361   -7   14    4  -12    5   11    1   -3    3   -6   15   -9    9   -3   -2   -6  -14    5
    1    6   12    1    3    4    1    0      1260    6    3   15   12   -4    3    1  -17  -16   -3   -7   13    0   -6   10    4  -10  -15
    1    6   13    1    2    3    2    1       987   -8   -2  -12  -12   10   10    4    1  -16  -10   -9   16   14    1  -20    6   11   13
    1    6   14    1    2    4    2    1      1445   -9    1   -1   -8    7    4    4    1  -15   -7  -11   10   14    2  -13    9   11   14
    1    6   15    1    2    1    2    1       717  -12   -2  -17    0   10   12    2   -1  -15   -7  -10   16   15   -2  -14    8   12   14
    1    7    1    1    2    3    2    1       866   -8   -2  -12  -12   10   10    4    1  -16  -10   -9   16   14    1  -20    6   11   13
    1    7    2    1    3    5    3    1       737   14    7   24   23  -10   -6   -2  -15  -12   -3   -5   15    1   -5   13    0  -10  -15
    1    7    3    1    3    3    3    1       773   14    4   24   15    0    7   -2  -16  -12   -5  -11   12    1   -4   17   -6  -12  -12
    1    7    4    1    1    3    1    1      1767   -4   12    4  -15    4    9   -1   -1    4   -3   16  -11    9   -6   -4   -3  -14    7
    1    7    5    1    2    1    2    1       674  -12   -2  -17    0   10   12    2   -1  -15   -7  -10   16   15   -2  -14    8   12   14
    1    7    6    1    2    5    2    1      1017  -12   -1   -4   -5   12    8    5   -1  -14   -7   -9   15    9   -4  -13   13    9   18
    1    7    7    1    2    4    2    1      2849   -9    1   -1   -8    7    4    4    1  -15   -7  -11   10   14    2  -13    9   11   14
    1    7    8    1    3    2    1    0       929   15    5   11   13   -3    2    5  -23  -14   -5   -8   16    2   -5    5    1  -14  -14
    1    7    9    1    1    1    1    1      1021   -5   13    7  -15    0   12   -2   -2    6   -4   15   -7   10   -6   -4   -3  -13    4
    1    7   10    1    3    1    3    1      1126   16    7   21   15   -3    2    1  -17  -13   -4   -8   14   -1   -4    8    4   -9  -17
    1    7   11    1    1    4    1    1       779   -7   14    4  -12    5   11    1   -3    3   -6   15   -9    9   -3   -2   -6  -14    5
    1    7   12    1    3    4    1    0       781    6    3   15   12   -4    3    1  -17  -16   -3   -7   13    0   -6   10    4  -10  -15
    1    7   13    1    1    5    1    1       671   -5   15    3  -14   -1    2    2   -2    5   -4   11    1    7   -5   -5   -1  -12    2
    1    7   14    1    2    2    2    1       758  -12    5  -10   -9   10   11    4   -1  -13  -10  -12   14   11   -5  -12    8   15   13
    1    7   15    1    1    2    1    1      1305   -7   14   -1   -7    4    5   -2   -3    5   -4    4  -17    6   -8   -5   -3  -14    0
    1    8    1    1    1    1    1    1      1819   -5   13    7  -15    0   12   -2   -2    6   -4   15   -7   10   -6   -4   -3  -13    4
    1    8    2    1    1    2    1    1       991   -7   14   -1   -7    4    5   -2   -3    5   -4    4  -17    6   -8   -5   -3  -14    0
    1    8    3    1    3    1    3    1       841   16    7   21   15   -3    2    1  -17  -13   -4   -8   14   -1   -4    8    4   -9  -17
    1    8    4    1    1    5    1    1       761   -5   15    3  -14   -1    2    2   -2    5   -4   11    1    7   -5   -5   -1  -12    2
    1    8    5    1    2    4    3    0      1692   -9    1   -1   -8    7    4    4    1  -15   -7  -11   10   14    2  -13    9   11   14
    1    8    6    1    3    2    3    1      1401   15    5   11   13   -3    2    5  -23  -14   -5   -8   16    2   -5    5    1  -14  -14
    1    8    7    1    1    4    3    0       771   -7   14    4  -12    5   11    1   -3    3   -6   15   -9    9   -3   -2   -6  -14    5
    1    8    8    1    2    2    2    1      1829  -12    5  -10   -9   10   11    4   -1  -13  -10  -12   14   11   -5  -12    8   15   13
    1    8    9    1    3    3    3    1       814   14    4   24   15    0    7   -2  -16  -12   -5  -11   12    1   -4   17   -6  -12  -12
    1    8   10    1    3    5    3    1      1071   14    7   24   23  -10   -6   -2  -15  -12   -3   -5   15    1   -5   13    0  -10  -15
    1    8   11    1    3    4    3    1       725    6    3   15   12   -4    3    1  -17  -16   -3   -7   13    0   -6   10    4  -10  -15
    1    8   12    1    2    3    2    1      1497   -8   -2  -12  -12   10   10    4    1  -16  -10   -9   16   14    1  -20    6   11   13
    1    8   13    1    1    3    1    1      2175   -4   12    4  -15    4    9   -1   -1    4   -3   16  -11    9   -6   -4   -3  -14    7
    1    8   14    1    2    5    2    1       794  -12   -1   -4   -5   12    8    5   -1  -14   -7   -9   15    9   -4  -13   13    9   18
    1    8   15    1    2    1    2    1       827  -12   -2  -17    0   10   12    2   -1  -15   -7  -10   16   15   -2  -14    8   12   14
    1    9    1    1    1    5    2    0       492   -5   15    3  -14   -1    2    2   -2    5   -4   11    1    7   -5   -5   -1  -12    2
    1    9    2    1    3    2    3    1       874   15    5   11   13   -3    2    5  -23  -14   -5   -8   16    2   -5    5    1  -14  -14
    1    9    3    1    2    2    2    1       713  -12    5  -10   -9   10   11    4   -1  -13  -10  -12   14   11   -5  -12    8   15   13
    1    9    4    1    2    1    2    1       830  -12   -2  -17    0   10   12    2   -1  -15   -7  -10   16   15   -2  -14    8   12   14
    1    9    5    1    3    4    3    1       702    6    3   15   12   -4    3    1  -17  -16   -3   -7   13    0   -6   10    4  -10  -15
    1    9    6    1    2    3    2    1      1091   -8   -2  -12  -12   10   10    4    1  -16  -10   -9   16   14    1  -20    6   11   13
    1    9    7    1    2    4    2    1       985   -9    1   -1   -8    7    4    4    1  -15   -7  -11   10   14    2  -13    9   11   14
    1    9    8    1    3    5    3    1       675   14    7   24   23  -10   -6   -2  -15  -12   -3   -5   15    1   -5   13    0  -10  -15
    1    9    9    1    1    2    1    1       746   -7   14   -1   -7    4    5   -2   -3    5   -4    4  -17    6   -8   -5   -3  -14    0
    1    9   10    1    1    3    1    1       574   -4   12    4  -15    4    9   -1   -1    4   -3   16  -11    9   -6   -4   -3  -14    7
    1    9   11    1    3    3    3    1      1129   14    4   24   15    0    7   -2  -16  -12   -5  -11   12    1   -4   17   -6  -12  -12
    1    9   12    1    3    1    3    1       621   16    7   21   15   -3    2    1  -17  -13   -4   -8   14   -1   -4    8    4   -9  -17
    1    9   13    1    1    1    3    0      1462   -5   13    7  -15    0   12   -2   -2    6   -4   15   -7   10   -6   -4   -3  -13    4
    1    9   14    1    2    5    2    1      1901  -12   -1   -4   -5   12    8    5   -1  -14   -7   -9   15    9   -4  -13   13    9   18
    1    9   15    1    1    4    1    1       675   -7   14    4  -12    5   11    1   -3    3   -6   15   -9    9   -3   -2   -6  -14    5
    1   10    1    1    3    5    3    1      1225   14    7   24   23  -10   -6   -2  -15  -12   -3   -5   15    1   -5   13    0  -10  -15
    1   10    2    1    1    1    1    1       778   -5   13    7  -15    0   12   -2   -2    6   -4   15   -7   10   -6   -4   -3  -13    4
    1   10    3    1    3    2    3    1       845   15    5   11   13   -3    2    5  -23  -14   -5   -8   16    2   -5    5    1  -14  -14
    1   10    4    1    1    4    3    0      3036   -7   14    4  -12    5   11    1   -3    3   -6   15   -9    9   -3   -2   -6  -14    5
    1   10    5    1    1    5    1    1       757   -5   15    3  -14   -1    2    2   -2    5   -4   11    1    7   -5   -5   -1  -12    2
    1   10    6    1    2    4    1    0      1672   -9    1   -1   -8    7    4    4    1  -15   -7  -11   10   14    2  -13    9   11   14
    1   10    7    1    2    5    2    1       694  -12   -1   -4   -5   12    8    5   -1  -14   -7   -9   15    9   -4  -13   13    9   18
    1   10    8    1    3    1    3    1       796   16    7   21   15   -3    2    1  -17  -13   -4   -8   14   -1   -4    8    4   -9  -17
    1   10    9    1    1    2    1    1       894   -7   14   -1   -7    4    5   -2   -3    5   -4    4  -17    6   -8   -5   -3  -14    0
    1   10   10    1    2    3    2    1       780   -8   -2  -12  -12   10   10    4    1  -16  -10   -9   16   14    1  -20    6   11   13
    1   10   11    1    2    2    2    1      1054  -12    5  -10   -9   10   11    4   -1  -13  -10  -12   14   11   -5  -12    8   15   13
    1   10   12    1    2    1    2    1      3237  -12   -2  -17    0   10   12    2   -1  -15   -7  -10   16   15   -2  -14    8   12   14
    1   10   13    1    1    3    1    1      1285   -4   12    4  -15    4    9   -1   -1    4   -3   16  -11    9   -6   -4   -3  -14    7
    1   10   14    1    3    3    3    1       563   14    4   24   15    0    7   -2  -16  -12   -5  -11   12    1   -4   17   -6  -12  -12
    1   10   15    1    3    4    2    0       670    6    3   15   12   -4    3    1  -17  -16   -3   -7   13    0   -6   10    4  -10  -15
    1   11    1    1    2    3    2    1       693   -8   -2  -12  -12   10   10    4    1  -16  -10   -9   16   14    1  -20    6   11   13
    1   11    2    1    3    2    3    1       714   15    5   11   13   -3    2    5  -23  -14   -5   -8   16    2   -5    5    1  -14  -14
    1   11    3    1    1    3    1    1       639   -4   12    4  -15    4    9   -1   -1    4   -3   16  -11    9   -6   -4   -3  -14    7
    1   11    4    1    1    2    2    0       647   -7   14   -1   -7    4    5   -2   -3    5   -4    4  -17    6   -8   -5   -3  -14    0
    1   11    5    1    2    2    2    1       670  -12    5  -10   -9   10   11    4   -1  -13  -10  -12   14   11   -5  -12    8   15   13
    1   11    6    1    3    1    3    1       597   16    7   21   15   -3    2    1  -17  -13   -4   -8   14   -1   -4    8    4   -9  -17
    1   11    7    1    1    1    1    1       734   -5   13    7  -15    0   12   -2   -2    6   -4   15   -7   10   -6   -4   -3  -13    4
    1   11    8    1    3    3    3    1       546   14    4   24   15    0    7   -2  -16  -12   -5  -11   12    1   -4   17   -6  -12  -12
    1   11    9    1    3    5    3    1       590   14    7   24   23  -10   -6   -2  -15  -12   -3   -5   15    1   -5   13    0  -10  -15
    1   11   10    1    2    4    2    1       616   -9    1   -1   -8    7    4    4    1  -15   -7  -11   10   14    2  -13    9   11   14
    1   11   11    1    1    5    1    1       752   -5   15    3  -14   -1    2    2   -2    5   -4   11    1    7   -5   -5   -1  -12    2
    1   11   12    1    3    4    3    1      1540    6    3   15   12   -4    3    1  -17  -16   -3   -7   13    0   -6   10    4  -10  -15
    1   11   13    1    1    4    3    0      1032   -7   14    4  -12    5   11    1   -3    3   -6   15   -9    9   -3   -2   -6  -14    5
    1   11   14    1    2    5    2    1       816  -12   -1   -4   -5   12    8    5   -1  -14   -7   -9   15    9   -4  -13   13    9   18
    1   11   15    1    2    1    2    1       656  -12   -2  -17    0   10   12    2   -1  -15   -7  -10   16   15   -2  -14    8   12   14
    1   12    1    1    2    1    2    1       776  -12   -2  -17    0   10   12    2   -1  -15   -7  -10   16   15   -2  -14    8   12   14
    1   12    2    1    2    2    2    1       698  -12    5  -10   -9   10   11    4   -1  -13  -10  -12   14   11   -5  -12    8   15   13
    1   12    3    1    3    3    3    1       752   14    4   24   15    0    7   -2  -16  -12   -5  -11   12    1   -4   17   -6  -12  -12
    1   12    4    1    1    4    1    1       803   -7   14    4  -12    5   11    1   -3    3   -6   15   -9    9   -3   -2   -6  -14    5
    1   12    5    1    1    1    1    1       676   -5   13    7  -15    0   12   -2   -2    6   -4   15   -7   10   -6   -4   -3  -13    4
    1   12    6    1    3    2    3    1       843   15    5   11   13   -3    2    5  -23  -14   -5   -8   16    2   -5    5    1  -14  -14
    1   12    7    1    3    1    3    1       683   16    7   21   15   -3    2    1  -17  -13   -4   -8   14   -1   -4    8    4   -9  -17
    1   12    8    1    2    5    1    0       561  -12   -1   -4   -5   12    8    5   -1  -14   -7   -9   15    9   -4  -13   13    9   18
    1   12    9    1    2    3    2    1       844   -8   -2  -12  -12   10   10    4    1  -16  -10   -9   16   14    1  -20    6   11   13
    1   12   10    1    3    4    3    1       588    6    3   15   12   -4    3    1  -17  -16   -3   -7   13    0   -6   10    4  -10  -15
    1   12   11    1    3    5    3    1       698   14    7   24   23  -10   -6   -2  -15  -12   -3   -5   15    1   -5   13    0  -10  -15
    1   12   12    1    1    3    1    1       812   -4   12    4  -15    4    9   -1   -1    4   -3   16  -11    9   -6   -4   -3  -14    7
    1   12   13    1    2    4    2    1      2541   -9    1   -1   -8    7    4    4    1  -15   -7  -11   10   14    2  -13    9   11   14
    1   12   14    1    1    2    1    1      1033   -7   14   -1   -7    4    5   -2   -3    5   -4    4  -17    6   -8   -5   -3  -14    0
    1   12   15    1    1    5    1    1       673   -5   15    3  -14   -1    2    2   -2    5   -4   11    1    7   -5   -5   -1  -12    2
    1   13    1    1    3    2    3    1       568   15    5   11   13   -3    2    5  -23  -14   -5   -8   16    2   -5    5    1  -14  -14
    1   13    2    1    2    4    2    1      2018   -9    1   -1   -8    7    4    4    1  -15   -7  -11   10   14    2  -13    9   11   14
    1   13    3    1    3    4    3    1       643    6    3   15   12   -4    3    1  -17  -16   -3   -7   13    0   -6   10    4  -10  -15
    1   13    4    1    3    3    3    1       539   14    4   24   15    0    7   -2  -16  -12   -5  -11   12    1   -4   17   -6  -12  -12
    1   13    5    1    1    2    1    1       662   -7   14   -1   -7    4    5   -2   -3    5   -4    4  -17    6   -8   -5   -3  -14    0
    1   13    6    1    2    5    2    1       733  -12   -1   -4   -5   12    8    5   -1  -14   -7   -9   15    9   -4  -13   13    9   18
    1   13    7    1    1    4    3    0      1458   -7   14    4  -12    5   11    1   -3    3   -6   15   -9    9   -3   -2   -6  -14    5
    1   13    8    1    3    1    3    1       569   16    7   21   15   -3    2    1  -17  -13   -4   -8   14   -1   -4    8    4   -9  -17
    1   13    9    1    1    1    1    1       755   -5   13    7  -15    0   12   -2   -2    6   -4   15   -7   10   -6   -4   -3  -13    4
    1   13   10    1    2    2    2    1      1735  -12    5  -10   -9   10   11    4   -1  -13  -10  -12   14   11   -5  -12    8   15   13
    1   13   11    1    3    5    3    1      1059   14    7   24   23  -10   -6   -2  -15  -12   -3   -5   15    1   -5   13    0  -10  -15
    1   13   12    1    1    5    1    1      1290   -5   15    3  -14   -1    2    2   -2    5   -4   11    1    7   -5   -5   -1  -12    2
    1   13   13    1    1    3    1    1       696   -4   12    4  -15    4    9   -1   -1    4   -3   16  -11    9   -6   -4   -3  -14    7
    1   13   14    1    2    3    2    1       637   -8   -2  -12  -12   10   10    4    1  -16  -10   -9   16   14    1  -20    6   11   13
    1   13   15    1    2    1    2    1       677  -12   -2  -17    0   10   12    2   -1  -15   -7  -10   16   15   -2  -14    8   12   14
    1   14    1    1    1    2    1    1       716   -7   14   -1   -7    4    5   -2   -3    5   -4    4  -17    6   -8   -5   -3  -14    0
    1   14    2    1    3    1    3    1       609   16    7   21   15   -3    2    1  -17  -13   -4   -8   14   -1   -4    8    4   -9  -17
    1   14    3    1    3    3    2    0      1658   14    4   24   15    0    7   -2  -16  -12   -5  -11   12    1   -4   17   -6  -12  -12
    1   14    4    1    2    1    2    1       585  -12   -2  -17    0   10   12    2   -1  -15   -7  -10   16   15   -2  -14    8   12   14
    1   14    5    1    2    4    2    1       723   -9    1   -1   -8    7    4    4    1  -15   -7  -11   10   14    2  -13    9   11   14
    1   14    6    1    3    2    2    0      1832   15    5   11   13   -3    2    5  -23  -14   -5   -8   16    2   -5    5    1  -14  -14
    1   14    7    1    1    3    1    1       656   -4   12    4  -15    4    9   -1   -1    4   -3   16  -11    9   -6   -4   -3  -14    7
    1   14    8    1    2    2    2    1       903  -12    5  -10   -9   10   11    4   -1  -13  -10  -12   14   11   -5  -12    8   15   13
    1   14    9    1    3    4    3    1       933    6    3   15   12   -4    3    1  -17  -16   -3   -7   13    0   -6   10    4  -10  -15
    1   14   10    1    1    5    1    1       753   -5   15    3  -14   -1    2    2   -2    5   -4   11    1    7   -5   -5   -1  -12    2
    1   14   11    1    1    1    1    1       708   -5   13    7  -15    0   12   -2   -2    6   -4   15   -7   10   -6   -4   -3  -13    4
    1   14   12    1    1    4    1    1       553   -7   14    4  -12    5   11    1   -3    3   -6   15   -9    9   -3   -2   -6  -14    5
    1   14   13    1    2    3    3    0       901   -8   -2  -12  -12   10   10    4    1  -16  -10   -9   16   14    1  -20    6   11   13
    1   14   14    1    2    5    2    1      1474  -12   -1   -4   -5   12    8    5   -1  -14   -7   -9   15    9   -4  -13   13    9   18
    1   14   15    1    3    5    3    1       729   14    7   24   23  -10   -6   -2  -15  -12   -3   -5   15    1   -5   13    0  -10  -15
    1   15    1    1    1    5    1    1       685   -5   15    3  -14   -1    2    2   -2    5   -4   11    1    7   -5   -5   -1  -12    2
    1   15    2    1    1    1    2    0       803   -5   13    7  -15    0   12   -2   -2    6   -4   15   -7   10   -6   -4   -3  -13    4
    1   15    3    1    2    1    2    1       677  -12   -2  -17    0   10   12    2   -1  -15   -7  -10   16   15   -2  -14    8   12   14
    1   15    4    1    1    3    1    1      1051   -4   12    4  -15    4    9   -1   -1    4   -3   16  -11    9   -6   -4   -3  -14    7
    1   15    5    1    3    2    2    0       851   15    5   11   13   -3    2    5  -23  -14   -5   -8   16    2   -5    5    1  -14  -14
    1   15    6    1    3    5    3    1       722   14    7   24   23  -10   -6   -2  -15  -12   -3   -5   15    1   -5   13    0  -10  -15
    1   15    7    1    3    4    3    1      1287    6    3   15   12   -4    3    1  -17  -16   -3   -7   13    0   -6   10    4  -10  -15
    1   15    8    1    3    3    3    1       677   14    4   24   15    0    7   -2  -16  -12   -5  -11   12    1   -4   17   -6  -12  -12
    1   15    9    1    1    4    3    0      3083   -7   14    4  -12    5   11    1   -3    3   -6   15   -9    9   -3   -2   -6  -14    5
    1   15   10    1    1    2    1    1      3585   -7   14   -1   -7    4    5   -2   -3    5   -4    4  -17    6   -8   -5   -3  -14    0
    1   15   11    1    2    2    2    1      1235  -12    5  -10   -9   10   11    4   -1  -13  -10  -12   14   11   -5  -12    8   15   13
    1   15   12    1    2    3    2    1       915   -8   -2  -12  -12   10   10    4    1  -16  -10   -9   16   14    1  -20    6   11   13
    1   15   13    1    2    4    2    1      5152   -9    1   -1   -8    7    4    4    1  -15   -7  -11   10   14    2  -13    9   11   14
    1   15   14    1    2    5    2    1      1011  -12   -1   -4   -5   12    8    5   -1  -14   -7   -9   15    9   -4  -13   13    9   18
    1   15   15    1    3    1    2    0      1132   16    7   21   15   -3    2    1  -17  -13   -4   -8   14   -1   -4    8    4   -9  -17
    2    1    1    1    1    2    2    0       848   -7   14   -1   -7    4    5   -2   -3    5   -4    4  -17    6   -8   -5   -3  -14    0
    2    1    2    4    2    4    2    1      3600   -9    5   -9   -9   11    9    2    1  -13   -8  -10   14   14    1  -15    8   14   13
    2    1    3    4    3    2    2    1      3025   14    3   16   12   -2    4    1  -17  -19    1   -6   14   -1   -6    8    3  -10  -14
    2    1    4    1    2    2    1    1      1418  -12    5  -10   -9   10   11    4   -1  -13  -10  -12   14   11   -5  -12    8   15   13
    2    1    5    6    0    0    2    1      1218   -5  -12   -1    6    1  -14  -15    7   -1   -9  -10   -3   14  -12   -8    5   15   11
    2    1    6    4    1    3    1    0      1107  -11    6    4  -14    3    5   -6    0    4   -9   16  -10   12   -6   -5    3  -12    4
    2    1    7    2    1    0    1    0      2312   -5   14    5  -14    3    6    0   -2    4   -4   14   -9   10   -5   -4   -4  -12    3
    2    1    8    4    3    4    1    0      2509   14    4   18   14   -3    4    0  -17  -11   -9   -8   16    2   -5   11    3   -2  -19
    2    1    9    1    3    4    2    0      1259    6    3   15   12   -4    3    1  -17  -16   -3   -7   13    0   -6   10    4  -10  -15
    2    1   10    2    3    0    2    1      3354   14    5   15   13   -3    3   -1  -15  -14   -4   -7   14    0   -5    9    4  -12  -13
    2    1   11    6    0    0    2    1      3685   -3   -9   -5   10   10  -10  -14    9    0  -14   -7   -4   12  -14  -11    6   15   11
    2    1   12    4    2    5    1    0       995  -11    0   -9  -11   11    9    6    0  -15  -10  -11   19   12    3  -12   11   11   15
    2    1   13    4    1    5    2    1      1198   -5   13    4  -13    1    7    7   -9    3   -3   13   -9   11   -6   -6   -3  -13    3
    2    1   14    4    2    2    1    0      1695   -9    3  -12  -11    9   12    5   -1  -16  -11  -11   17   15    0  -13    9   14   12
    2    1   15    1    3    5    1    1      3117   14    7   24   23  -10   -6   -2  -15  -12   -3   -5   15    1   -5   13    0  -10  -15
    2    1   16    4    3    1    2    1      1554   17    8   14   13   -3    2    0  -15  -17   -8   -9   16   -1   -3    8    4  -15  -19
    2    1   17    1    1    4    1    1      1333   -7   14    4  -12    5   11    1   -3    3   -6   15   -9    9   -3   -2   -6  -14    5
    2    1   18    6    0    0    2    1      6193   15   14    2    4   -6   12  -10   -1  -11   13   -6  -12   -1  -17    8    3    6    6
    2    1   19    1    2    5    2    0      3595  -12   -1   -4   -5   12    8    5   -1  -14   -7   -9   15    9   -4  -13   13    9   18
    2    1   20    1    1    5    2    0      1501   -5   15    3  -14   -1    2    2   -2    5   -4   11    1    7   -5   -5   -1  -12    2
    2    1   21    4    2    3    2    1      1698  -12    1  -10  -11   16    5    9   -1  -15   -2  -17   20   13    2  -16   10   12   14
    2    1   22    1    2    1    2    0      4063  -12   -2  -17    0   10   12    2   -1  -15   -7  -10   16   15   -2  -14    8   12   14
    2    1   23    4    3    5    1    0      1758   13    6   16   12   -2    2    9   -9  -16   -3   -7   13   -1   -6    9    3   -9  -16
    2    1   24    1    1    3    1    1      1689   -4   12    4  -15    4    9   -1   -1    4   -3   16  -11    9   -6   -4   -3  -14    7
    2    1   25    1    2    4    1    1      1703   -9    1   -1   -8    7    4    4    1  -15   -7  -11   10   14    2  -13    9   11   14
    2    1   26    2    2    0    1    0      1125  -10    0  -10  -10   11   10    4    0  -14   -9  -10   15   14    0  -14   10   13   13
    2    1   27    1    3    2    2    0       825   15    5   11   13   -3    2    5  -23  -14   -5   -8   16    2   -5    5    1  -14  -14
    2    1   28    1    3    1    1    1      1162   16    7   21   15   -3    2    1  -17  -13   -4   -8   14   -1   -4    8    4   -9  -17
    2    1   29    6    0    0    2    1      1469   16   -5   -1  -17    2    8   -7   10    4    5   11    9  -22   18  -10  -20    4   16
    2    1   30    4    3    3    2    1      4116    6   -1   19    8   -4    4   -9   -6  -13   -6   -9   12   -1   -7   10    5  -10  -14
    2    1   31    6    0    0    2    1      1201   24   -3    7  -15    1    6   -2    7    1    2   22    3  -16   16   -2  -14   -2   12
    2    1   32    1    1    1    1    1      1266   -5   13    7  -15    0   12   -2   -2    6   -4   15   -7   10   -6   -4   -3  -13    4
    2    1   33    6    0    0    2    1      1329   13   17    1    6   -6   12  -13    0  -13    6  -11  -16   -8   -5    3   -4   10    2
    2    1   34    4    1    2    1    0      2957   -6   14    6  -13    5    6   -3   -2    4   -5   15  -10   11   -5   -6   -2  -12    5
    2    1   35    1    3    3    2    0      3945   14    4   24   15    0    7   -2  -16  -12   -5  -11   12    1   -4   17   -6  -12  -12
    2    1   36    4    2    1    2    1      2492   -2    1  -12   -8   10   10   -1   -5  -16  -14  -10   17   13   -1  -16   14   12   14
    2    1   37    1    2    3    1    1      1786   -8   -2  -12  -12   10   10    4    1  -16  -10   -9   16   14    1  -20    6   11   13
    2    1   38    4    1    4    2    1      2021   -4   14    5  -16    2    4    0   -1    4   -3   10  -11    9   -3   -5   -5  -11    5
    2    1   39    4    1    1    2    1     19829   -7   14    4  -14    3    7   -1   -3    4   -3   15   -9    8   -7   -4   -5  -10    5
