    1    1    1    1    3    5    1    0      4740   -8    7   -5   -3    1  -21   16    3   -3   -5  -18   24   -6    6   -1  -12  -13    1
    1    1    2    1    3    2    2    0      1910  -14    9   -8   -5    5   -5   13    5   -3   -4   -4   18  -19   -5    2  -12  -14    2
    1    1    3    1    1    2    3    0       788    5    5    6   -2    1    6  -13  -19    0   -6   -7  -10  -16   -3    0  -12    0   15
    1    1    4    1    2    4    1    0      1782   -9   -2  -11  -10   13   13  -14   -6  -13   -4    1   -2  -10    5  -14  -16   -1    8
    1    1    5    1    3    1    3    1      3208  -11   10   -6   -4    8   -6   15    1   -1   -2   -8   15  -11    2    1  -12  -15    2
    1    1    6    1    2    2    1    0      1242   -6   -1  -15  -12   13   17  -17   -6   -9   -4    4   -2  -12    9  -14  -17   -1    8
    1    1    7    1    3    3    3    1      1171   -7    7   -9    2   -9   -6   14    1   -8    5  -10   15  -12   -1    1  -12  -13    2
    1    1    8    1    2    1    2    1       878   -5   -3   -6  -17   11   14  -12   -8  -10   -2    3   -2  -11    5  -11  -14   -1    5
    1    1    9    1    1    1    1    1      1013    7    5    4   -8   12   10  -10  -18    0   -6   -7   -9  -12   -3    2  -12   -3   12
    1    1   10    1    1    3    2    0      1814    8    6    2   -1    1    9   -5  -13    1   -9   -8  -12  -13   -3   -7   -6   -3   14
    1    1   11    1    1    5    3    0      1416   14   15    4   -2   16    9  -11  -18   -1   -7   -5  -11  -15   -3    0   -9   -1   10
    1    1   12    1    2    3    1    0       744   -3  -12  -13  -10   14   13  -13   -5  -11   -3    0   -4  -12    6  -11  -14   -3    8
    1    1   13    1    2    5    2    1      1013   -5   -2  -13   -9   14   16  -19   -9  -13   -1    1   -2  -12    8  -14  -14   -1    7
    1    1   14    1    1    4    1    1      1486   10    9    5    1   12    7  -10  -14    1   -6   -5  -11  -14   -2    0  -13   -1   13
    1    1   15    1    3    4    3    1       757   -3    3   -4   -4    2  -12   17    6   -2    1   -4    7  -11    3   -3  -11  -16    1
    1    2    1    1    3    1    3    1      1592  -11   10   -6   -4    8   -6   15    1   -1   -2   -8   15  -11    2    1  -12  -15    2
    1    2    2    1    2    5    2    1       827   -5   -2  -13   -9   14   16  -19   -9  -13   -1    1   -2  -12    8  -14  -14   -1    7
    1    2    3    1    2    2    2    1       772   -6   -1  -15  -12   13   17  -17   -6   -9   -4    4   -2  -12    9  -14  -17   -1    8
    1    2    4    1    3    5    3    1       727   -8    7   -5   -3    1  -21   16    3   -3   -5  -18   24   -6    6   -1  -12  -13    1
    1    2    5    1    1    5    3    0      4876   14   15    4   -2   16    9  -11  -18   -1   -7   -5  -11  -15   -3    0   -9   -1   10
    1    2    6    1    3    2    3    1       955  -14    9   -8   -5    5   -5   13    5   -3   -4   -4   18  -19   -5    2  -12  -14    2
    1    2    7    1    3    4    3    1      1367   -3    3   -4   -4    2  -12   17    6   -2    1   -4    7  -11    3   -3  -11  -16    1
    1    2    8    1    3    3    3    1       874   -7    7   -9    2   -9   -6   14    1   -8    5  -10   15  -12   -1    1  -12  -13    2
    1    2    9    1    2    4    2    1       969   -9   -2  -11  -10   13   13  -14   -6  -13   -4    1   -2  -10    5  -14  -16   -1    8
    1    2   10    1    2    1    3    0      1436   -5   -3   -6  -17   11   14  -12   -8  -10   -2    3   -2  -11    5  -11  -14   -1    5
    1    2   11    1    1    3    1    1       876    8    6    2   -1    1    9   -5  -13    1   -9   -8  -12  -13   -3   -7   -6   -3   14
    1    2   12    1    2    3    2    1      1251   -3  -12  -13  -10   14   13  -13   -5  -11   -3    0   -4  -12    6  -11  -14   -3    8
    1    2   13    1    1    4    1    1      1211   10    9    5    1   12    7  -10  -14    1   -6   -5  -11  -14   -2    0  -13   -1   13
    1    2   14    1    1    2    1    1      1157    5    5    6   -2    1    6  -13  -19    0   -6   -7  -10  -16   -3    0  -12    0   15
    1    2   15    1    1    1    1    1       753    7    5    4   -8   12   10  -10  -18    0   -6   -7   -9  -12   -3    2  -12   -3   12
    1    3    1    1    2    4    2    1       892   -9   -2  -11  -10   13   13  -14   -6  -13   -4    1   -2  -10    5  -14  -16   -1    8
    1    3    2    1    2    3    2    1       603   -3  -12  -13  -10   14   13  -13   -5  -11   -3    0   -4  -12    6  -11  -14   -3    8
    1    3    3    1    3    3    3    1       612   -7    7   -9    2   -9   -6   14    1   -8    5  -10   15  -12   -1    1  -12  -13    2
    1    3    4    1    1    1    1    1       606    7    5    4   -8   12   10  -10  -18    0   -6   -7   -9  -12   -3    2  -12   -3   12
    1    3    5    1    1    4    1    1       695   10    9    5    1   12    7  -10  -14    1   -6   -5  -11  -14   -2    0  -13   -1   13
    1    3    6    1    3    4    3    1       718   -3    3   -4   -4    2  -12   17    6   -2    1   -4    7  -11    3   -3  -11  -16    1
    1    3    7    1    2    5    2    1       642   -5   -2  -13   -9   14   16  -19   -9  -13   -1    1   -2  -12    8  -14  -14   -1    7
    1    3    8    1    1    5    3    0      1347   14   15    4   -2   16    9  -11  -18   -1   -7   -5  -11  -15   -3    0   -9   -1   10
    1    3    9    1    1    3    1    1       967    8    6    2   -1    1    9   -5  -13    1   -9   -8  -12  -13   -3   -7   -6   -3   14
    1    3   10    1    1    2    1    1      1114    5    5    6   -2    1    6  -13  -19    0   -6   -7  -10  -16   -3    0  -12    0   15
    1    3   11    1    3    5    3    1      1431   -8    7   -5   -3    1  -21   16    3   -3   -5  -18   24   -6    6   -1  -12  -13    1
    1    3   12    1    3    1    3    1       671  -11   10   -6   -4    8   -6   15    1   -1   -2   -8   15  -11    2    1  -12  -15    2
    1    3   13    1    2    2    2    1       622   -6   -1  -15  -12   13   17  -17   -6   -9   -4    4   -2  -12    9  -14  -17   -1    8
    1    3   14    1    3    2    3    1       903  -14    9   -8   -5    5   -5   13    5   -3   -4   -4   18  -19   -5    2  -12  -14    2
    1    3   15    1    2    1    3    0      1260   -5   -3   -6  -17   11   14  -12   -8  -10   -2    3   -2  -11    5  -11  -14   -1    5
    1    4    1    1    3    3    3    1      1796   -7    7   -9    2   -9   -6   14    1   -8    5  -10   15  -12   -1    1  -12  -13    2
    1    4    2    1    1    2    1    1       503    5    5    6   -2    1    6  -13  -19    0   -6   -7  -10  -16   -3    0  -12    0   15
    1    4    3    1    2    4    2    1       980   -9   -2  -11  -10   13   13  -14   -6  -13   -4    1   -2  -10    5  -14  -16   -1    8
    1    4    4    1    3    2    3    1      2679  -14    9   -8   -5    5   -5   13    5   -3   -4   -4   18  -19   -5    2  -12  -14    2
    1    4    5    1    3    5    3    1      2454   -8    7   -5   -3    1  -21   16    3   -3   -5  -18   24   -6    6   -1  -12  -13    1
    1    4    6    1    1    1    1    1       494    7    5    4   -8   12   10  -10  -18    0   -6   -7   -9  -12   -3    2  -12   -3   12
    1    4    7    1    1    5    1    1       812   14   15    4   -2   16    9  -11  -18   -1   -7   -5  -11  -15   -3    0   -9   -1   10
    1    4    8    1    1    4    1    1       606   10    9    5    1   12    7  -10  -14    1   -6   -5  -11  -14   -2    0  -13   -1   13
    1    4    9    1    2    5    2    1       767   -5   -2  -13   -9   14   16  -19   -9  -13   -1    1   -2  -12    8  -14  -14   -1    7
    1    4   10    1    2    2    2    1       586   -6   -1  -15  -12   13   17  -17   -6   -9   -4    4   -2  -12    9  -14  -17   -1    8
    1    4   11    1    1    3    1    1       780    8    6    2   -1    1    9   -5  -13    1   -9   -8  -12  -13   -3   -7   -6   -3   14
    1    4   12    1    2    3    2    1       871   -3  -12  -13  -10   14   13  -13   -5  -11   -3    0   -4  -12    6  -11  -14   -3    8
    1    4   13    1    2    1    2    1      1894   -5   -3   -6  -17   11   14  -12   -8  -10   -2    3   -2  -11    5  -11  -14   -1    5
    1    4   14    1    3    1    3    1       676  -11   10   -6   -4    8   -6   15    1   -1   -2   -8   15  -11    2    1  -12  -15    2
    1    4   15    1    3    4    3    1      1603   -3    3   -4   -4    2  -12   17    6   -2    1   -4    7  -11    3   -3  -11  -16    1
    1    5    1    1    3    4    3    1      1661   -3    3   -4   -4    2  -12   17    6   -2    1   -4    7  -11    3   -3  -11  -16    1
    1    5    2    1    1    5    3    0       669   14   15    4   -2   16    9  -11  -18   -1   -7   -5  -11  -15   -3    0   -9   -1   10
    1    5    3    1    2    3    2    1      1020   -3  -12  -13  -10   14   13  -13   -5  -11   -3    0   -4  -12    6  -11  -14   -3    8
    1    5    4    1    3    1    3    1      1212  -11   10   -6   -4    8   -6   15    1   -1   -2   -8   15  -11    2    1  -12  -15    2
    1    5    5    1    2    2    2    1      4318   -6   -1  -15  -12   13   17  -17   -6   -9   -4    4   -2  -12    9  -14  -17   -1    8
    1    5    6    1    1    3    1    1      1132    8    6    2   -1    1    9   -5  -13    1   -9   -8  -12  -13   -3   -7   -6   -3   14
    1    5    7    1    1    2    1    1      2512    5    5    6   -2    1    6  -13  -19    0   -6   -7  -10  -16   -3    0  -12    0   15
    1    5    8    1    3    2    3    1       686  -14    9   -8   -5    5   -5   13    5   -3   -4   -4   18  -19   -5    2  -12  -14    2
    1    5    9    1    2    4    2    1       636   -9   -2  -11  -10   13   13  -14   -6  -13   -4    1   -2  -10    5  -14  -16   -1    8
    1    5   10    1    2    5    2    1       716   -5   -2  -13   -9   14   16  -19   -9  -13   -1    1   -2  -12    8  -14  -14   -1    7
    1    5   11    1    3    5    3    1      1009   -8    7   -5   -3    1  -21   16    3   -3   -5  -18   24   -6    6   -1  -12  -13    1
    1    5   12    1    3    3    3    1      2899   -7    7   -9    2   -9   -6   14    1   -8    5  -10   15  -12   -1    1  -12  -13    2
    1    5   13    1    1    1    1    1      1265    7    5    4   -8   12   10  -10  -18    0   -6   -7   -9  -12   -3    2  -12   -3   12
    1    5   14    1    2    1    1    0      1232   -5   -3   -6  -17   11   14  -12   -8  -10   -2    3   -2  -11    5  -11  -14   -1    5
    1    5   15    1    1    4    1    1       728   10    9    5    1   12    7  -10  -14    1   -6   -5  -11  -14   -2    0  -13   -1   13
    1    6    1    1    3    1    3    1       861  -11   10   -6   -4    8   -6   15    1   -1   -2   -8   15  -11    2    1  -12  -15    2
    1    6    2    1    1    4    1    1       669   10    9    5    1   12    7  -10  -14    1   -6   -5  -11  -14   -2    0  -13   -1   13
    1    6    3    1    3    4    3    1       780   -3    3   -4   -4    2  -12   17    6   -2    1   -4    7  -11    3   -3  -11  -16    1
    1    6    4    1    2    1    1    0       502   -5   -3   -6  -17   11   14  -12   -8  -10   -2    3   -2  -11    5  -11  -14   -1    5
    1    6    5    1    1    1    1    1       836    7    5    4   -8   12   10  -10  -18    0   -6   -7   -9  -12   -3    2  -12   -3   12
    1    6    6    1    2    3    2    1       916   -3  -12  -13  -10   14   13  -13   -5  -11   -3    0   -4  -12    6  -11  -14   -3    8
    1    6    7    1    3    3    3    1      1353   -7    7   -9    2   -9   -6   14    1   -8    5  -10   15  -12   -1    1  -12  -13    2
    1    6    8    1    2    5    2    1       845   -5   -2  -13   -9   14   16  -19   -9  -13   -1    1   -2  -12    8  -14  -14   -1    7
    1    6    9    1    1    2    1    1       741    5    5    6   -2    1    6  -13  -19    0   -6   -7  -10  -16   -3    0  -12    0   15
    1    6   10    1    1    3    1    1       657    8    6    2   -1    1    9   -5  -13    1   -9   -8  -12  -13   -3   -7   -6   -3   14
    1    6   11    1    3    2    3    1       641  -14    9   -8   -5    5   -5   13    5   -3   -4   -4   18  -19   -5    2  -12  -14    2
    1    6   12    1    2    2    2    1       529   -6   -1  -15  -12   13   17  -17   -6   -9   -4    4   -2  -12    9  -14  -17   -1    8
    1    6   13    1    3    5    3    1      1494   -8    7   -5   -3    1  -21   16    3   -3   -5  -18   24   -6    6   -1  -12  -13    1
    1    6   14    1    1    5    1    1       469   14   15    4   -2   16    9  -11  -18   -1   -7   -5  -11  -15   -3    0   -9   -1   10
    1    6   15    1    2    4    2    1      1708   -9   -2  -11  -10   13   13  -14   -6  -13   -4    1   -2  -10    5  -14  -16   -1    8
    1    7    1    1    2    4    2    1       465   -9   -2  -11  -10   13   13  -14   -6  -13   -4    1   -2  -10    5  -14  -16   -1    8
    1    7    2    1    2    5    2    1       608   -5   -2  -13   -9   14   16  -19   -9  -13   -1    1   -2  -12    8  -14  -14   -1    7
    1    7    3    1    1    3    1    1       778    8    6    2   -1    1    9   -5  -13    1   -9   -8  -12  -13   -3   -7   -6   -3   14
    1    7    4    1    2    1    1    0       693   -5   -3   -6  -17   11   14  -12   -8  -10   -2    3   -2  -11    5  -11  -14   -1    5
    1    7    5    1    3    2    3    1       779  -14    9   -8   -5    5   -5   13    5   -3   -4   -4   18  -19   -5    2  -12  -14    2
    1    7    6    1    1    4    1    1      1926   10    9    5    1   12    7  -10  -14    1   -6   -5  -11  -14   -2    0  -13   -1   13
    1    7    7    1    3    1    3    1       579  -11   10   -6   -4    8   -6   15    1   -1   -2   -8   15  -11    2    1  -12  -15    2
    1    7    8    1    3    5    3    1      1486   -8    7   -5   -3    1  -21   16    3   -3   -5  -18   24   -6    6   -1  -12  -13    1
    1    7    9    1    3    3    2    0      1309   -7    7   -9    2   -9   -6   14    1   -8    5  -10   15  -12   -1    1  -12  -13    2
    1    7   10    1    1    1    1    1       722    7    5    4   -8   12   10  -10  -18    0   -6   -7   -9  -12   -3    2  -12   -3   12
    1    7   11    1    2    2    2    1       895   -6   -1  -15  -12   13   17  -17   -6   -9   -4    4   -2  -12    9  -14  -17   -1    8
    1    7   12    1    1    5    3    0      1014   14   15    4   -2   16    9  -11  -18   -1   -7   -5  -11  -15   -3    0   -9   -1   10
    1    7   13    1    3    4    3    1       671   -3    3   -4   -4    2  -12   17    6   -2    1   -4    7  -11    3   -3  -11  -16    1
    1    7   14    1    1    2    1    1       862    5    5    6   -2    1    6  -13  -19    0   -6   -7  -10  -16   -3    0  -12    0   15
    1    7   15    1    2    3    2    1       765   -3  -12  -13  -10   14   13  -13   -5  -11   -3    0   -4  -12    6  -11  -14   -3    8
    1    8    1    1    1    3    1    1      1896    8    6    2   -1    1    9   -5  -13    1   -9   -8  -12  -13   -3   -7   -6   -3   14
    1    8    2    1    1    5    1    1       879   14   15    4   -2   16    9  -11  -18   -1   -7   -5  -11  -15   -3    0   -9   -1   10
    1    8    3    1    1    4    1    1       757   10    9    5    1   12    7  -10  -14    1   -6   -5  -11  -14   -2    0  -13   -1   13
    1    8    4    1    3    1    3    1       681  -11   10   -6   -4    8   -6   15    1   -1   -2   -8   15  -11    2    1  -12  -15    2
    1    8    5    1    1    2    1    1       535    5    5    6   -2    1    6  -13  -19    0   -6   -7  -10  -16   -3    0  -12    0   15
    1    8    6    1    3    4    3    1       980   -3    3   -4   -4    2  -12   17    6   -2    1   -4    7  -11    3   -3  -11  -16    1
    1    8    7    1    3    2    3    1       526  -14    9   -8   -5    5   -5   13    5   -3   -4   -4   18  -19   -5    2  -12  -14    2
    1    8    8    1    2    2    2    1       443   -6   -1  -15  -12   13   17  -17   -6   -9   -4    4   -2  -12    9  -14  -17   -1    8
    1    8    9    1    3    5    3    1       715   -8    7   -5   -3    1  -21   16    3   -3   -5  -18   24   -6    6   -1  -12  -13    1
    1    8   10    1    1    1    1    1       912    7    5    4   -8   12   10  -10  -18    0   -6   -7   -9  -12   -3    2  -12   -3   12
    1    8   11    1    2    4    1    0      2278   -9   -2  -11  -10   13   13  -14   -6  -13   -4    1   -2  -10    5  -14  -16   -1    8
    1    8   12    1    2    3    2    1       637   -3  -12  -13  -10   14   13  -13   -5  -11   -3    0   -4  -12    6  -11  -14   -3    8
    1    8   13    1    3    3    3    1      1653   -7    7   -9    2   -9   -6   14    1   -8    5  -10   15  -12   -1    1  -12  -13    2
    1    8   14    1    2    1    1    0      1277   -5   -3   -6  -17   11   14  -12   -8  -10   -2    3   -2  -11    5  -11  -14   -1    5
    1    8   15    1    2    5    2    1      1684   -5   -2  -13   -9   14   16  -19   -9  -13   -1    1   -2  -12    8  -14  -14   -1    7
    1    9    1    1    2    4    2    1       435   -9   -2  -11  -10   13   13  -14   -6  -13   -4    1   -2  -10    5  -14  -16   -1    8
    1    9    2    1    3    5    3    1       603   -8    7   -5   -3    1  -21   16    3   -3   -5  -18   24   -6    6   -1  -12  -13    1
    1    9    3    1    1    2    1    1      1773    5    5    6   -2    1    6  -13  -19    0   -6   -7  -10  -16   -3    0  -12    0   15
    1    9    4    1    3    4    3    1      1407   -3    3   -4   -4    2  -12   17    6   -2    1   -4    7  -11    3   -3  -11  -16    1
    1    9    5    1    1    3    1    1       697    8    6    2   -1    1    9   -5  -13    1   -9   -8  -12  -13   -3   -7   -6   -3   14
    1    9    6    1    2    1    3    0      2183   -5   -3   -6  -17   11   14  -12   -8  -10   -2    3   -2  -11    5  -11  -14   -1    5
    1    9    7    1    2    3    2    1       521   -3  -12  -13  -10   14   13  -13   -5  -11   -3    0   -4  -12    6  -11  -14   -3    8
    1    9    8    1    2    5    2    1       470   -5   -2  -13   -9   14   16  -19   -9  -13   -1    1   -2  -12    8  -14  -14   -1    7
    1    9    9    1    3    2    3    1       749  -14    9   -8   -5    5   -5   13    5   -3   -4   -4   18  -19   -5    2  -12  -14    2
    1    9   10    1    3    1    3    1      1577  -11   10   -6   -4    8   -6   15    1   -1   -2   -8   15  -11    2    1  -12  -15    2
    1    9   11    1    1    1    1    1       524    7    5    4   -8   12   10  -10  -18    0   -6   -7   -9  -12   -3    2  -12   -3   12
    1    9   12    1    1    4    1    1       561   10    9    5    1   12    7  -10  -14    1   -6   -5  -11  -14   -2    0  -13   -1   13
    1    9   13    1    3    3    3    1       692   -7    7   -9    2   -9   -6   14    1   -8    5  -10   15  -12   -1    1  -12  -13    2
    1    9   14    1    1    5    1    1       603   14   15    4   -2   16    9  -11  -18   -1   -7   -5  -11  -15   -3    0   -9   -1   10
    1    9   15    1    2    2    2    1       748   -6   -1  -15  -12   13   17  -17   -6   -9   -4    4   -2  -12    9  -14  -17   -1    8
    1   10    1    1    3    5    3    1      1048   -8    7   -5   -3    1  -21   16    3   -3   -5  -18   24   -6    6   -1  -12  -13    1
    1   10    2    1    3    3    3    1      2416   -7    7   -9    2   -9   -6   14    1   -8    5  -10   15  -12   -1    1  -12  -13    2
    1   10    3    1    1    5    1    1       441   14   15    4   -2   16    9  -11  -18   -1   -7   -5  -11  -15   -3    0   -9   -1   10
    1   10    4    1    1    3    1    1       673    8    6    2   -1    1    9   -5  -13    1   -9   -8  -12  -13   -3   -7   -6   -3   14
    1   10    5    1    2    2    2    1       792   -6   -1  -15  -12   13   17  -17   -6   -9   -4    4   -2  -12    9  -14  -17   -1    8
    1   10    6    1    2    3    2    1       594   -3  -12  -13  -10   14   13  -13   -5  -11   -3    0   -4  -12    6  -11  -14   -3    8
    1   10    7    1    2    4    2    1       541   -9   -2  -11  -10   13   13  -14   -6  -13   -4    1   -2  -10    5  -14  -16   -1    8
    1   10    8    1    3    1    3    1       641  -11   10   -6   -4    8   -6   15    1   -1   -2   -8   15  -11    2    1  -12  -15    2
    1   10    9    1    1    4    1    1       793   10    9    5    1   12    7  -10  -14    1   -6   -5  -11  -14   -2    0  -13   -1   13
    1   10   10    1    3    4    3    1       675   -3    3   -4   -4    2  -12   17    6   -2    1   -4    7  -11    3   -3  -11  -16    1
    1   10   11    1    1    1    1    1       498    7    5    4   -8   12   10  -10  -18    0   -6   -7   -9  -12   -3    2  -12   -3   12
    1   10   12    1    1    2    1    1       552    5    5    6   -2    1    6  -13  -19    0   -6   -7  -10  -16   -3    0  -12    0   15
    1   10   13    1    3    2    3    1       476  -14    9   -8   -5    5   -5   13    5   -3   -4   -4   18  -19   -5    2  -12  -14    2
    1   10   14    1    2    5    1    0       755   -5   -2  -13   -9   14   16  -19   -9  -13   -1    1   -2  -12    8  -14  -14   -1    7
    1   10   15    1    2    1    1    0       782   -5   -3   -6  -17   11   14  -12   -8  -10   -2    3   -2  -11    5  -11  -14   -1    5
    1   11    1    1    1    2    1    1      1289    5    5    6   -2    1    6  -13  -19    0   -6   -7  -10  -16   -3    0  -12    0   15
    1   11    2    1    2    2    2    1       519   -6   -1  -15  -12   13   17  -17   -6   -9   -4    4   -2  -12    9  -14  -17   -1    8
    1   11    3    1    3    1    3    1       572  -11   10   -6   -4    8   -6   15    1   -1   -2   -8   15  -11    2    1  -12  -15    2
    1   11    4    1    3    2    3    1       807  -14    9   -8   -5    5   -5   13    5   -3   -4   -4   18  -19   -5    2  -12  -14    2
    1   11    5    1    3    3    3    1       537   -7    7   -9    2   -9   -6   14    1   -8    5  -10   15  -12   -1    1  -12  -13    2
    1   11    6    1    1    3    1    1       613    8    6    2   -1    1    9   -5  -13    1   -9   -8  -12  -13   -3   -7   -6   -3   14
    1   11    7    1    1    1    1    1       430    7    5    4   -8   12   10  -10  -18    0   -6   -7   -9  -12   -3    2  -12   -3   12
    1   11    8    1    2    4    2    1      1263   -9   -2  -11  -10   13   13  -14   -6  -13   -4    1   -2  -10    5  -14  -16   -1    8
    1   11    9    1    2    1    2    1       614   -5   -3   -6  -17   11   14  -12   -8  -10   -2    3   -2  -11    5  -11  -14   -1    5
    1   11   10    1    2    3    2    1       631   -3  -12  -13  -10   14   13  -13   -5  -11   -3    0   -4  -12    6  -11  -14   -3    8
    1   11   11    1    1    5    1    1       736   14   15    4   -2   16    9  -11  -18   -1   -7   -5  -11  -15   -3    0   -9   -1   10
    1   11   12    1    3    5    3    1       724   -8    7   -5   -3    1  -21   16    3   -3   -5  -18   24   -6    6   -1  -12  -13    1
    1   11   13    1    1    4    1    1       545   10    9    5    1   12    7  -10  -14    1   -6   -5  -11  -14   -2    0  -13   -1   13
    1   11   14    1    3    4    3    1       669   -3    3   -4   -4    2  -12   17    6   -2    1   -4    7  -11    3   -3  -11  -16    1
    1   11   15    1    2    5    2    1       676   -5   -2  -13   -9   14   16  -19   -9  -13   -1    1   -2  -12    8  -14  -14   -1    7
    1   12    1    1    2    3    2    1       627   -3  -12  -13  -10   14   13  -13   -5  -11   -3    0   -4  -12    6  -11  -14   -3    8
    1   12    2    1    3    1    3    1       580  -11   10   -6   -4    8   -6   15    1   -1   -2   -8   15  -11    2    1  -12  -15    2
    1   12    3    1    1    5    1    1       566   14   15    4   -2   16    9  -11  -18   -1   -7   -5  -11  -15   -3    0   -9   -1   10
    1   12    4    1    1    4    1    1       521   10    9    5    1   12    7  -10  -14    1   -6   -5  -11  -14   -2    0  -13   -1   13
    1   12    5    1    2    2    2    1      1110   -6   -1  -15  -12   13   17  -17   -6   -9   -4    4   -2  -12    9  -14  -17   -1    8
    1   12    6    1    3    2    3    1       572  -14    9   -8   -5    5   -5   13    5   -3   -4   -4   18  -19   -5    2  -12  -14    2
    1   12    7    1    2    4    1    0       727   -9   -2  -11  -10   13   13  -14   -6  -13   -4    1   -2  -10    5  -14  -16   -1    8
    1   12    8    1    1    2    1    1       675    5    5    6   -2    1    6  -13  -19    0   -6   -7  -10  -16   -3    0  -12    0   15
    1   12    9    1    3    3    3    1       579   -7    7   -9    2   -9   -6   14    1   -8    5  -10   15  -12   -1    1  -12  -13    2
    1   12   10    1    2    5    2    1       702   -5   -2  -13   -9   14   16  -19   -9  -13   -1    1   -2  -12    8  -14  -14   -1    7
    1   12   11    1    2    1    1    0       635   -5   -3   -6  -17   11   14  -12   -8  -10   -2    3   -2  -11    5  -11  -14   -1    5
    1   12   12    1    1    3    1    1      1635    8    6    2   -1    1    9   -5  -13    1   -9   -8  -12  -13   -3   -7   -6   -3   14
    1   12   13    1    1    1    1    1       700    7    5    4   -8   12   10  -10  -18    0   -6   -7   -9  -12   -3    2  -12   -3   12
    1   12   14    1    3    4    3    1       586   -3    3   -4   -4    2  -12   17    6   -2    1   -4    7  -11    3   -3  -11  -16    1
    1   12   15    1    3    5    3    1       644   -8    7   -5   -3    1  -21   16    3   -3   -5  -18   24   -6    6   -1  -12  -13    1
    1   13    1    1    2    5    2    1       412   -5   -2  -13   -9   14   16  -19   -9  -13   -1    1   -2  -12    8  -14  -14   -1    7
    1   13    2    1    3    2    3    1       966  -14    9   -8   -5    5   -5   13    5   -3   -4   -4   18  -19   -5    2  -12  -14    2
    1   13    3    1    1    4    1    1       569   10    9    5    1   12    7  -10  -14    1   -6   -5  -11  -14   -2    0  -13   -1   13
    1   13    4    1    2    4    3    0       460   -9   -2  -11  -10   13   13  -14   -6  -13   -4    1   -2  -10    5  -14  -16   -1    8
    1   13    5    1    1    1    1    1       675    7    5    4   -8   12   10  -10  -18    0   -6   -7   -9  -12   -3    2  -12   -3   12
    1   13    6    1    3    4    3    1       682   -3    3   -4   -4    2  -12   17    6   -2    1   -4    7  -11    3   -3  -11  -16    1
    1   13    7    1    3    1    3    1       744  -11   10   -6   -4    8   -6   15    1   -1   -2   -8   15  -11    2    1  -12  -15    2
    1   13    8    1    1    3    1    1       805    8    6    2   -1    1    9   -5  -13    1   -9   -8  -12  -13   -3   -7   -6   -3   14
    1   13    9    1    3    3    3    1       670   -7    7   -9    2   -9   -6   14    1   -8    5  -10   15  -12   -1    1  -12  -13    2
    1   13   10    1    2    2    2    1       709   -6   -1  -15  -12   13   17  -17   -6   -9   -4    4   -2  -12    9  -14  -17   -1    8
    1   13   11    1    3    5    3    1       603   -8    7   -5   -3    1  -21   16    3   -3   -5  -18   24   -6    6   -1  -12  -13    1
    1   13   12    1    1    2    1    1      1213    5    5    6   -2    1    6  -13  -19    0   -6   -7  -10  -16   -3    0  -12    0   15
    1   13   13    1    1    5    1    1       590   14   15    4   -2   16    9  -11  -18   -1   -7   -5  -11  -15   -3    0   -9   -1   10
    1   13   14    1    2    1    2    1       913   -5   -3   -6  -17   11   14  -12   -8  -10   -2    3   -2  -11    5  -11  -14   -1    5
    1   13   15    1    2    3    2    1       790   -3  -12  -13  -10   14   13  -13   -5  -11   -3    0   -4  -12    6  -11  -14   -3    8
    1   14    1    1    1    2    1    1      1025    5    5    6   -2    1    6  -13  -19    0   -6   -7  -10  -16   -3    0  -12    0   15
    1   14    2    1    2    5    2    1       674   -5   -2  -13   -9   14   16  -19   -9  -13   -1    1   -2  -12    8  -14  -14   -1    7
    1   14    3    1    1    3    1    1       552    8    6    2   -1    1    9   -5  -13    1   -9   -8  -12  -13   -3   -7   -6   -3   14
    1   14    4    1    3    3    3    1       620   -7    7   -9    2   -9   -6   14    1   -8    5  -10   15  -12   -1    1  -12  -13    2
    1   14    5    1    2    3    2    1       829   -3  -12  -13  -10   14   13  -13   -5  -11   -3    0   -4  -12    6  -11  -14   -3    8
    1   14    6    1    2    1    2    1       614   -5   -3   -6  -17   11   14  -12   -8  -10   -2    3   -2  -11    5  -11  -14   -1    5
    1   14    7    1    2    2    2    1       567   -6   -1  -15  -12   13   17  -17   -6   -9   -4    4   -2  -12    9  -14  -17   -1    8
    1   14    8    1    3    5    3    1       530   -8    7   -5   -3    1  -21   16    3   -3   -5  -18   24   -6    6   -1  -12  -13    1
    1   14    9    1    1    4    1    1       670   10    9    5    1   12    7  -10  -14    1   -6   -5  -11  -14   -2    0  -13   -1   13
    1   14   10    1    3    1    3    1       589  -11   10   -6   -4    8   -6   15    1   -1   -2   -8   15  -11    2    1  -12  -15    2
    1   14   11    1    2    4    2    1       831   -9   -2  -11  -10   13   13  -14   -6  -13   -4    1   -2  -10    5  -14  -16   -1    8
    1   14   12    1    1    5    1    1       560   14   15    4   -2   16    9  -11  -18   -1   -7   -5  -11  -15   -3    0   -9   -1   10
    1   14   13    1    3    2    3    1       619  -14    9   -8   -5    5   -5   13    5   -3   -4   -4   18  -19   -5    2  -12  -14    2
    1   14   14    1    1    1    1    1       556    7    5    4   -8   12   10  -10  -18    0   -6   -7   -9  -12   -3    2  -12   -3   12
    1   14   15    1    3    4    3    1      1200   -3    3   -4   -4    2  -12   17    6   -2    1   -4    7  -11    3   -3  -11  -16    1
    1   15    1    1    1    3    1    1       657    8    6    2   -1    1    9   -5  -13    1   -9   -8  -12  -13   -3   -7   -6   -3   14
    1   15    2    1    3    4    3    1       609   -3    3   -4   -4    2  -12   17    6   -2    1   -4    7  -11    3   -3  -11  -16    1
    1   15    3    1    3    1    3    1       579  -11   10   -6   -4    8   -6   15    1   -1   -2   -8   15  -11    2    1  -12  -15    2
    1   15    4    1    2    1    2    1       950   -5   -3   -6  -17   11   14  -12   -8  -10   -2    3   -2  -11    5  -11  -14   -1    5
    1   15    5    1    2    2    2    1       681   -6   -1  -15  -12   13   17  -17   -6   -9   -4    4   -2  -12    9  -14  -17   -1    8
    1   15    6    1    2    5    2    1       472   -5   -2  -13   -9   14   16  -19   -9  -13   -1    1   -2  -12    8  -14  -14   -1    7
    1   15    7    1    2    3    2    1       447   -3  -12  -13  -10   14   13  -13   -5  -11   -3    0   -4  -12    6  -11  -14   -3    8
    1   15    8    1    1    5    1    1       742   14   15    4   -2   16    9  -11  -18   -1   -7   -5  -11  -15   -3    0   -9   -1   10
    1   15    9    1    2    4    2    1       531   -9   -2  -11  -10   13   13  -14   -6  -13   -4    1   -2  -10    5  -14  -16   -1    8
    1   15   10    1    3    3    3    1       575   -7    7   -9    2   -9   -6   14    1   -8    5  -10   15  -12   -1    1  -12  -13    2
    1   15   11    1    1    4    1    1       562   10    9    5    1   12    7  -10  -14    1   -6   -5  -11  -14   -2    0  -13   -1   13
    1   15   12    1    1    1    1    1       485    7    5    4   -8   12   10  -10  -18    0   -6   -7   -9  -12   -3    2  -12   -3   12
    1   15   13    1    3    5    3    1       524   -8    7   -5   -3    1  -21   16    3   -3   -5  -18   24   -6    6   -1  -12  -13    1
    1   15   14    1    1    2    1    1       473    5    5    6   -2    1    6  -13  -19    0   -6   -7  -10  -16   -3    0  -12    0   15
    1   15   15    1    3    2    3    1       631  -14    9   -8   -5    5   -5   13    5   -3   -4   -4   18  -19   -5    2  -12  -14    2
    2    1    1    6    0    0    2    1      5604   11    2   -9    3    7  -14    1    1   15   15    6   -5  -13   13   -8    8   -7   -6
    2    1    2    1    2    3    1    1      2327   -3  -12  -13  -10   14   13  -13   -5  -11   -3    0   -4  -12    6  -11  -14   -3    8
    2    1    3    1    3    4    1    1       764   -3    3   -4   -4    2  -12   17    6   -2    1   -4    7  -11    3   -3  -11  -16    1
    2    1    4    4    1    3    2    1       975    6    6    4   -6   11    7    0  -11    1   -8   -6  -12   -9   -3    2  -10   -8   12
    2    1    5    6    0    0    2    1      2570   10    2  -11    2    4  -11    2   -4   13   16    6   -2  -15   11   -6    7    4  -16
    2    1    6    6    0    0    2    1       997   -6   -1    6   16   -7   13  -17  -13  -13  -14  -10   -6  -14    7   11    9   -3   -4
    2    1    7    1    1    1    1    1      1502    7    5    4   -8   12   10  -10  -18    0   -6   -7   -9  -12   -3    2  -12   -3   12
    2    1    8    1    1    4    1    1       780   10    9    5    1   12    7  -10  -14    1   -6   -5  -11  -14   -2    0  -13   -1   13
    2    1    9    4    3    4    2    1      1022   -7    8   -6   -4   -8   -6   14    5   -1   -2  -10   11  -11    3   -1  -15  -15    6
    2    1   10    4    2    3    2    1      1623   -6   -3  -12  -11    6   17  -23   -5   -9   -4    3   -1  -12    8  -12  -16    8   15
    2    1   11    2    1    0    1    0      1640    6    5    4   -4   11    9   -9  -14    0   -7   -6  -11  -14   -4    1  -11   -2   14
    2    1   12    1    1    3    1    1       961    8    6    2   -1    1    9   -5  -13    1   -9   -8  -12  -13   -3   -7   -6   -3   14
    2    1   13    1    3    5    1    1      3149   -8    7   -5   -3    1  -21   16    3   -3   -5  -18   24   -6    6   -1  -12  -13    1
    2    1   14    6    0    0    2    1      2160   15   14   14   -2   17  -18    3   -7   -5    1  -14   -2   13    8    4  -11  -13  -12
    2    1   15    4    3    2    1    0      2092   -7    7   -7   -5   -4  -11   13    5   -2   -3  -11   13   -9    2    3  -16  -12    0
    2    1   16    4    2    5    2    1       827  -16    6  -10   -9   10   17  -15   -2   -7    3    2   -4  -13    8  -14   -6   -2    8
    2    1   17    1    2    5    1    1       972   -5   -2  -13   -9   14   16  -19   -9  -13   -1    1   -2  -12    8  -14  -14   -1    7
    2    1   18    4    1    4    2    1      1495    6    4    4   -3   13   10   -8   -5    0   -8   -7  -12  -15   -3   -1  -12   -2   15
    2    1   19    1    3    2    1    1       741  -14    9   -8   -5    5   -5   13    5   -3   -4   -4   18  -19   -5    2  -12  -14    2
    2    1   20    1    1    5    1    1       929   14   15    4   -2   16    9  -11  -18   -1   -7   -5  -11  -15   -3    0   -9   -1   10
    2    1   21    1    1    2    1    1       839    5    5    6   -2    1    6  -13  -19    0   -6   -7  -10  -16   -3    0  -12    0   15
    2    1   22    4    2    4    2    1      1783   -9   -4  -12  -17   15   18  -12   -6  -13   -1    4   -3  -13    6   -9  -10   -2    9
    2    1   23    4    3    3    1    0       713   -8    5   -3    3    6  -18   14    3   -5   -3   -6   13  -12    3    0  -11  -19   -1
    2    1   24    4    1    5    2    1      1094    7    5    2   -5    9    7  -10  -14    0   -6   -8  -12  -14   -5    3  -12   -1   14
    2    1   25    2    3    0    1    0       893   -6    6   -6   -3    1  -11   15    3   -3   -3   -9   15  -10    2   -1  -13  -14    1
    2    1   26    1    2    4    1    1      2835   -9   -2  -11  -10   13   13  -14   -6  -13   -4    1   -2  -10    5  -14  -16   -1    8
    2    1   27    4    3    5    2    1      1411   -5    5   -8   -5    1  -12   17    1   -3   -5   -6   11  -14    9   -4  -17  -14    3
    2    1   28    1    2    2    1    1      3869   -6   -1  -15  -12   13   17  -17   -6   -9   -4    4   -2  -12    9  -14  -17   -1    8
    2    1   29    4    1    2    2    1      2676    7    7    4   -2   12    9   -7  -16    0   -8   -7  -10  -17   -3   -1  -10   -2   13
    2    1   30    2    2    0    1    0      2060   -7   -2  -12  -10   12   15  -13   -6  -11   -2    1   -3  -11    7  -13  -15   -2    7
    2    1   31    1    2    1    2    0      1260   -5   -3   -6  -17   11   14  -12   -8  -10   -2    3   -2  -11    5  -11  -14   -1    5
    2    1   32    4    2    2    2    1      1451   -5    2   -6  -10   12   14  -14   -4  -10    5    6  -13  -13    8  -11  -17    1    0
    2    1   33    6    0    0    2    1       851   16   10   13   -3    0   -9    5   -8  -12    3  -13    0   11    3    7  -14  -14  -11
    2    1   34    6    0    0    2    1       707  -14   -4    4   12   -5   12  -17  -12  -11  -11   -9   -8  -12    3   11    9   -2   -3
    2    1   35    4    3    1    1    0       976   -8    6   -5   -7    4  -11   13    2   -4   -2  -11   16  -16   -4   -3  -12  -15   -1
    2    1   36    1    3    3    1    1      1235   -7    7   -9    2   -9   -6   14    1   -8    5  -10   15  -12   -1    1  -12  -13    2
    2    1   37    4    2    1    2    1      1236   -7   -1  -11  -10   13   14  -18   -5  -10   -3    3    1  -11    6  -18  -12  -10   10
    2    1   38    4    1    1    2    1       916    5    5    4   -5   10   10  -10  -14   -1   -7   -4  -12  -14   -3    1  -12   -2   18
    2    1   39    1    3    1    1    1       721  -11   10   -6   -4    8   -6   15    1   -1   -2   -8   15  -11    2    1  -12  -15    2
