    1    1    1    1    3    3    1    0      7729   12  -12   -1  -12   11   14   -6  -12   -8   -6    3    0    1    2   19   13   -5   13
    1    1    2    1    3    5    3    1      3453   12   -9  -12  -15   10   14   -5  -11  -13   -5   10    4   -3   13    7    6   -6   12
    1    1    3    1    2    4    3    0      3220    6    7   -1  -11   -1    4  -10    2   -8    0   -4   -7    2   14    8  -10  -11  -11
    1    1    4    1    1    4    2    0      2013    1   -2   -3   -4   -6    3   -2   -2    0  -12    2  -14   12   23    3   -4   -5  -13
    1    1    5    1    3    1    2    0      2686   11  -10   -4   -7   10   13   -9  -10   -9   -6    6    2    0    2   13    6   -4   14
    1    1    6    1    1    2    1    1      1660   -5   -1    0   -5   -4    9   -2   -1    4  -15   -1  -11   15   13    2   -6   -3   -9
    1    1    7    1    1    1    1    1      1628   -5   -6   -4   -2   -6    4   -1    3    0   -3    0  -12   14   11    3   -4   -2  -11
    1    1    8    1    2    3    2    1      1636   14    7    0  -11   -1    4  -12   -2  -12    9   -3   -7    1   13   12   -9  -10   -7
    1    1    9    1    3    4    3    1      2916   16  -17   -1  -13    8   14   -8   -9   -7   -7   15   12   -7   11   10    7   -5   16
    1    1   10    1    3    2    3    1      3457   13  -11   -3   -9    9   12   -8  -12  -13   -2    7   -1   -3   13   10    4   -6   13
    1    1   11    1    1    3    1    1      1689   10   -1   -6   -1   -5   -3    0   -1   -2  -12   -4  -11    9   14    5   -6   -6  -10
    1    1   12    1    2    5    2    1      2734    8    6   -2  -14   -1    4   -2    8   -6   10   -1   -6    0   13    7   -6   -5  -22
    1    1   13    1    2    1    3    0      1963    8    7    0  -13   -1    4   -7    2  -10    9   -4   -5    1   12    8  -11  -15  -13
    1    1   14    1    1    5    1    1      1566   -3   -1   -5   -3   -7    0   -1    0    2   -6    0  -10    6    7    3   -4   -6  -10
    1    1   15    1    2    2    3    0      2248    4    4   -6  -14   -9   -3   -5   -4   -6    7   -2   -6   -2   12   10  -13  -11  -14
    1    2    1    1    1    4    1    1       984    1   -2   -3   -4   -6    3   -2   -2    0  -12    2  -14   12   23    3   -4   -5  -13
    1    2    2    1    3    3    2    0      3842   12  -12   -1  -12   11   14   -6  -12   -8   -6    3    0    1    2   19   13   -5   13
    1    2    3    1    2    4    3    0      1818    6    7   -1  -11   -1    4  -10    2   -8    0   -4   -7    2   14    8  -10  -11  -11
    1    2    4    1    1    5    1    1      1131   -3   -1   -5   -3   -7    0   -1    0    2   -6    0  -10    6    7    3   -4   -6  -10
    1    2    5    1    3    2    2    0      1567   13  -11   -3   -9    9   12   -8  -12  -13   -2    7   -1   -3   13   10    4   -6   13
    1    2    6    1    2    5    2    1      1250    8    6   -2  -14   -1    4   -2    8   -6   10   -1   -6    0   13    7   -6   -5  -22
    1    2    7    1    2    3    3    0      1385   14    7    0  -11   -1    4  -12   -2  -12    9   -3   -7    1   13   12   -9  -10   -7
    1    2    8    1    1    2    1    1      1059   -5   -1    0   -5   -4    9   -2   -1    4  -15   -1  -11   15   13    2   -6   -3   -9
    1    2    9    1    2    2    2    1      1707    4    4   -6  -14   -9   -3   -5   -4   -6    7   -2   -6   -2   12   10  -13  -11  -14
    1    2   10    1    1    3    1    1      1216   10   -1   -6   -1   -5   -3    0   -1   -2  -12   -4  -11    9   14    5   -6   -6  -10
    1    2   11    1    2    1    2    1      1897    8    7    0  -13   -1    4   -7    2  -10    9   -4   -5    1   12    8  -11  -15  -13
    1    2   12    1    3    4    3    1      1735   16  -17   -1  -13    8   14   -8   -9   -7   -7   15   12   -7   11   10    7   -5   16
    1    2   13    1    1    1    1    1      1099   -5   -6   -4   -2   -6    4   -1    3    0   -3    0  -12   14   11    3   -4   -2  -11
    1    2   14    1    3    5    3    1      1871   12   -9  -12  -15   10   14   -5  -11  -13   -5   10    4   -3   13    7    6   -6   12
    1    2   15    1    3    1    2    0      1687   11  -10   -4   -7   10   13   -9  -10   -9   -6    6    2    0    2   13    6   -4   14
    1    3    1    1    2    1    3    0      1389    8    7    0  -13   -1    4   -7    2  -10    9   -4   -5    1   12    8  -11  -15  -13
    1    3    2    1    1    1    1    1      1055   -5   -6   -4   -2   -6    4   -1    3    0   -3    0  -12   14   11    3   -4   -2  -11
    1    3    3    1    3    4    3    1      3150   16  -17   -1  -13    8   14   -8   -9   -7   -7   15   12   -7   11   10    7   -5   16
    1    3    4    1    3    2    3    1      2546   13  -11   -3   -9    9   12   -8  -12  -13   -2    7   -1   -3   13   10    4   -6   13
    1    3    5    1    2    5    2    1      1053    8    6   -2  -14   -1    4   -2    8   -6   10   -1   -6    0   13    7   -6   -5  -22
    1    3    6    1    1    5    1    1      1053   -3   -1   -5   -3   -7    0   -1    0    2   -6    0  -10    6    7    3   -4   -6  -10
    1    3    7    1    1    2    1    1      1092   -5   -1    0   -5   -4    9   -2   -1    4  -15   -1  -11   15   13    2   -6   -3   -9
    1    3    8    1    1    3    1    1      1130   10   -1   -6   -1   -5   -3    0   -1   -2  -12   -4  -11    9   14    5   -6   -6  -10
    1    3    9    1    3    3    2    0      2151   12  -12   -1  -12   11   14   -6  -12   -8   -6    3    0    1    2   19   13   -5   13
    1    3   10    1    2    2    3    0      1154    4    4   -6  -14   -9   -3   -5   -4   -6    7   -2   -6   -2   12   10  -13  -11  -14
    1    3   11    1    3    5    3    1      1366   12   -9  -12  -15   10   14   -5  -11  -13   -5   10    4   -3   13    7    6   -6   12
    1    3   12    1    2    3    3    0      1272   14    7    0  -11   -1    4  -12   -2  -12    9   -3   -7    1   13   12   -9  -10   -7
    1    3   13    1    1    4    1    1       927    1   -2   -3   -4   -6    3   -2   -2    0  -12    2  -14   12   23    3   -4   -5  -13
    1    3   14    1    3    1    2    0      1187   11  -10   -4   -7   10   13   -9  -10   -9   -6    6    2    0    2   13    6   -4   14
    1    3   15    1    2    4    2    1      1021    6    7   -1  -11   -1    4  -10    2   -8    0   -4   -7    2   14    8  -10  -11  -11
    1    4    1    1    2    1    3    0      1766    8    7    0  -13   -1    4   -7    2  -10    9   -4   -5    1   12    8  -11  -15  -13
    1    4    2    1    1    2    1    1       985   -5   -1    0   -5   -4    9   -2   -1    4  -15   -1  -11   15   13    2   -6   -3   -9
    1    4    3    1    3    5    3    1      7411   12   -9  -12  -15   10   14   -5  -11  -13   -5   10    4   -3   13    7    6   -6   12
    1    4    4    1    1    3    1    1      1005   10   -1   -6   -1   -5   -3    0   -1   -2  -12   -4  -11    9   14    5   -6   -6  -10
    1    4    5    1    3    4    2    0      1294   16  -17   -1  -13    8   14   -8   -9   -7   -7   15   12   -7   11   10    7   -5   16
    1    4    6    1    3    3    3    1      1780   12  -12   -1  -12   11   14   -6  -12   -8   -6    3    0    1    2   19   13   -5   13
    1    4    7    1    2    5    1    0      1774    8    6   -2  -14   -1    4   -2    8   -6   10   -1   -6    0   13    7   -6   -5  -22
    1    4    8    1    2    4    2    1      1130    6    7   -1  -11   -1    4  -10    2   -8    0   -4   -7    2   14    8  -10  -11  -11
    1    4    9    1    3    2    3    1       830   13  -11   -3   -9    9   12   -8  -12  -13   -2    7   -1   -3   13   10    4   -6   13
    1    4   10    1    2    2    2    1      1030    4    4   -6  -14   -9   -3   -5   -4   -6    7   -2   -6   -2   12   10  -13  -11  -14
    1    4   11    1    1    5    1    1       799   -3   -1   -5   -3   -7    0   -1    0    2   -6    0  -10    6    7    3   -4   -6  -10
    1    4   12    1    2    3    2    1       513   14    7    0  -11   -1    4  -12   -2  -12    9   -3   -7    1   13   12   -9  -10   -7
    1    4   13    1    1    1    1    1       990   -5   -6   -4   -2   -6    4   -1    3    0   -3    0  -12   14   11    3   -4   -2  -11
    1    4   14    1    3    1    3    1      1528   11  -10   -4   -7   10   13   -9  -10   -9   -6    6    2    0    2   13    6   -4   14
    1    4   15    1    1    4    1    1       972    1   -2   -3   -4   -6    3   -2   -2    0  -12    2  -14   12   23    3   -4   -5  -13
    1    5    1    1    3    1    3    1      1271   11  -10   -4   -7   10   13   -9  -10   -9   -6    6    2    0    2   13    6   -4   14
    1    5    2    1    1    5    1    1      1102   -3   -1   -5   -3   -7    0   -1    0    2   -6    0  -10    6    7    3   -4   -6  -10
    1    5    3    1    2    1    3    0      1155    8    7    0  -13   -1    4   -7    2  -10    9   -4   -5    1   12    8  -11  -15  -13
    1    5    4    1    2    5    3    0      2663    8    6   -2  -14   -1    4   -2    8   -6   10   -1   -6    0   13    7   -6   -5  -22
    1    5    5    1    1    4    1    1       910    1   -2   -3   -4   -6    3   -2   -2    0  -12    2  -14   12   23    3   -4   -5  -13
    1    5    6    1    2    2    2    1      1555    4    4   -6  -14   -9   -3   -5   -4   -6    7   -2   -6   -2   12   10  -13  -11  -14
    1    5    7    1    1    1    1    1       999   -5   -6   -4   -2   -6    4   -1    3    0   -3    0  -12   14   11    3   -4   -2  -11
    1    5    8    1    1    3    1    1      1048   10   -1   -6   -1   -5   -3    0   -1   -2  -12   -4  -11    9   14    5   -6   -6  -10
    1    5    9    1    3    4    3    1      1655   16  -17   -1  -13    8   14   -8   -9   -7   -7   15   12   -7   11   10    7   -5   16
    1    5   10    1    3    2    2    0      1375   13  -11   -3   -9    9   12   -8  -12  -13   -2    7   -1   -3   13   10    4   -6   13
    1    5   11    1    1    2    1    1       921   -5   -1    0   -5   -4    9   -2   -1    4  -15   -1  -11   15   13    2   -6   -3   -9
    1    5   12    1    3    3    3    1      1390   12  -12   -1  -12   11   14   -6  -12   -8   -6    3    0    1    2   19   13   -5   13
    1    5   13    1    3    5    2    0      1343   12   -9  -12  -15   10   14   -5  -11  -13   -5   10    4   -3   13    7    6   -6   12
    1    5   14    1    2    4    2    1      5355    6    7   -1  -11   -1    4  -10    2   -8    0   -4   -7    2   14    8  -10  -11  -11
    1    5   15    1    2    3    2    1       983   14    7    0  -11   -1    4  -12   -2  -12    9   -3   -7    1   13   12   -9  -10   -7
    1    6    1    1    2    4    2    1      1561    6    7   -1  -11   -1    4  -10    2   -8    0   -4   -7    2   14    8  -10  -11  -11
    1    6    2    1    1    5    1    1      1036   -3   -1   -5   -3   -7    0   -1    0    2   -6    0  -10    6    7    3   -4   -6  -10
    1    6    3    1    3    4    3    1      1173   16  -17   -1  -13    8   14   -8   -9   -7   -7   15   12   -7   11   10    7   -5   16
    1    6    4    1    2    2    2    1      1111    4    4   -6  -14   -9   -3   -5   -4   -6    7   -2   -6   -2   12   10  -13  -11  -14
    1    6    5    1    2    5    2    1      3196    8    6   -2  -14   -1    4   -2    8   -6   10   -1   -6    0   13    7   -6   -5  -22
    1    6    6    1    3    3    3    1      3894   12  -12   -1  -12   11   14   -6  -12   -8   -6    3    0    1    2   19   13   -5   13
    1    6    7    1    3    2    3    1      1572   13  -11   -3   -9    9   12   -8  -12  -13   -2    7   -1   -3   13   10    4   -6   13
    1    6    8    1    1    3    1    1      2351   10   -1   -6   -1   -5   -3    0   -1   -2  -12   -4  -11    9   14    5   -6   -6  -10
    1    6    9    1    3    5    3    1      1266   12   -9  -12  -15   10   14   -5  -11  -13   -5   10    4   -3   13    7    6   -6   12
    1    6   10    1    1    2    1    1       945   -5   -1    0   -5   -4    9   -2   -1    4  -15   -1  -11   15   13    2   -6   -3   -9
    1    6   11    1    2    1    3    0      1765    8    7    0  -13   -1    4   -7    2  -10    9   -4   -5    1   12    8  -11  -15  -13
    1    6   12    1    3    1    3    1      1424   11  -10   -4   -7   10   13   -9  -10   -9   -6    6    2    0    2   13    6   -4   14
    1    6   13    1    2    3    2    1       977   14    7    0  -11   -1    4  -12   -2  -12    9   -3   -7    1   13   12   -9  -10   -7
    1    6   14    1    1    4    1    1       883    1   -2   -3   -4   -6    3   -2   -2    0  -12    2  -14   12   23    3   -4   -5  -13
    1    6   15    1    1    1    1    1       961   -5   -6   -4   -2   -6    4   -1    3    0   -3    0  -12   14   11    3   -4   -2  -11
    1    7    1    1    1    2    1    1       773   -5   -1    0   -5   -4    9   -2   -1    4  -15   -1  -11   15   13    2   -6   -3   -9
    1    7    2    1    3    1    2    0      1887   11  -10   -4   -7   10   13   -9  -10   -9   -6    6    2    0    2   13    6   -4   14
    1    7    3    1    3    3    2    0       868   12  -12   -1  -12   11   14   -6  -12   -8   -6    3    0    1    2   19   13   -5   13
    1    7    4    1    3    4    3    1       924   16  -17   -1  -13    8   14   -8   -9   -7   -7   15   12   -7   11   10    7   -5   16
    1    7    5    1    1    5    1    1       984   -3   -1   -5   -3   -7    0   -1    0    2   -6    0  -10    6    7    3   -4   -6  -10
    1    7    6    1    2    5    3    0      1067    8    6   -2  -14   -1    4   -2    8   -6   10   -1   -6    0   13    7   -6   -5  -22
    1    7    7    1    3    2    3    1      1169   13  -11   -3   -9    9   12   -8  -12  -13   -2    7   -1   -3   13   10    4   -6   13
    1    7    8    1    2    1    2    1      1884    8    7    0  -13   -1    4   -7    2  -10    9   -4   -5    1   12    8  -11  -15  -13
    1    7    9    1    2    2    2    1      1234    4    4   -6  -14   -9   -3   -5   -4   -6    7   -2   -6   -2   12   10  -13  -11  -14
    1    7   10    1    2    3    2    1       602   14    7    0  -11   -1    4  -12   -2  -12    9   -3   -7    1   13   12   -9  -10   -7
    1    7   11    1    1    3    3    0      1107   10   -1   -6   -1   -5   -3    0   -1   -2  -12   -4  -11    9   14    5   -6   -6  -10
    1    7   12    1    2    4    3    0      1641    6    7   -1  -11   -1    4  -10    2   -8    0   -4   -7    2   14    8  -10  -11  -11
    1    7   13    1    1    4    1    1       801    1   -2   -3   -4   -6    3   -2   -2    0  -12    2  -14   12   23    3   -4   -5  -13
    1    7   14    1    1    1    1    1       778   -5   -6   -4   -2   -6    4   -1    3    0   -3    0  -12   14   11    3   -4   -2  -11
    1    7   15    1    3    5    3    1      1901   12   -9  -12  -15   10   14   -5  -11  -13   -5   10    4   -3   13    7    6   -6   12
    1    8    1    1    1    5    1    1      1858   -3   -1   -5   -3   -7    0   -1    0    2   -6    0  -10    6    7    3   -4   -6  -10
    1    8    2    1    1    1    1    1       713   -5   -6   -4   -2   -6    4   -1    3    0   -3    0  -12   14   11    3   -4   -2  -11
    1    8    3    1    1    2    1    1       551   -5   -1    0   -5   -4    9   -2   -1    4  -15   -1  -11   15   13    2   -6   -3   -9
    1    8    4    1    3    5    3    1      3034   12   -9  -12  -15   10   14   -5  -11  -13   -5   10    4   -3   13    7    6   -6   12
    1    8    5    1    1    3    2    0      1418   10   -1   -6   -1   -5   -3    0   -1   -2  -12   -4  -11    9   14    5   -6   -6  -10
    1    8    6    1    3    3    2    0      1227   12  -12   -1  -12   11   14   -6  -12   -8   -6    3    0    1    2   19   13   -5   13
    1    8    7    1    2    1    2    1       852    8    7    0  -13   -1    4   -7    2  -10    9   -4   -5    1   12    8  -11  -15  -13
    1    8    8    1    2    4    3    0       659    6    7   -1  -11   -1    4  -10    2   -8    0   -4   -7    2   14    8  -10  -11  -11
    1    8    9    1    3    4    2    0      1202   16  -17   -1  -13    8   14   -8   -9   -7   -7   15   12   -7   11   10    7   -5   16
    1    8   10    1    1    4    1    1       716    1   -2   -3   -4   -6    3   -2   -2    0  -12    2  -14   12   23    3   -4   -5  -13
    1    8   11    1    3    2    2    0       800   13  -11   -3   -9    9   12   -8  -12  -13   -2    7   -1   -3   13   10    4   -6   13
    1    8   12    1    2    5    3    0      1241    8    6   -2  -14   -1    4   -2    8   -6   10   -1   -6    0   13    7   -6   -5  -22
    1    8   13    1    2    2    2    1      1114    4    4   -6  -14   -9   -3   -5   -4   -6    7   -2   -6   -2   12   10  -13  -11  -14
    1    8   14    1    2    3    2    1       959   14    7    0  -11   -1    4  -12   -2  -12    9   -3   -7    1   13   12   -9  -10   -7
    1    8   15    1    3    1    3    1      2018   11  -10   -4   -7   10   13   -9  -10   -9   -6    6    2    0    2   13    6   -4   14
    1    9    1    1    1    5    1    1       883   -3   -1   -5   -3   -7    0   -1    0    2   -6    0  -10    6    7    3   -4   -6  -10
    1    9    2    1    2    1    2    1      2273    8    7    0  -13   -1    4   -7    2  -10    9   -4   -5    1   12    8  -11  -15  -13
    1    9    3    1    1    1    1    1      1120   -5   -6   -4   -2   -6    4   -1    3    0   -3    0  -12   14   11    3   -4   -2  -11
    1    9    4    1    3    1    3    1      2900   11  -10   -4   -7   10   13   -9  -10   -9   -6    6    2    0    2   13    6   -4   14
    1    9    5    1    3    5    3    1      1714   12   -9  -12  -15   10   14   -5  -11  -13   -5   10    4   -3   13    7    6   -6   12
    1    9    6    1    2    2    2    1      1047    4    4   -6  -14   -9   -3   -5   -4   -6    7   -2   -6   -2   12   10  -13  -11  -14
    1    9    7    1    3    2    3    1      3575   13  -11   -3   -9    9   12   -8  -12  -13   -2    7   -1   -3   13   10    4   -6   13
    1    9    8    1    2    3    2    1       954   14    7    0  -11   -1    4  -12   -2  -12    9   -3   -7    1   13   12   -9  -10   -7
    1    9    9    1    1    4    1    1       941    1   -2   -3   -4   -6    3   -2   -2    0  -12    2  -14   12   23    3   -4   -5  -13
    1    9   10    1    1    3    2    0      5761   10   -1   -6   -1   -5   -3    0   -1   -2  -12   -4  -11    9   14    5   -6   -6  -10
    1    9   11    1    3    3    2    0      1452   12  -12   -1  -12   11   14   -6  -12   -8   -6    3    0    1    2   19   13   -5   13
    1    9   12    1    3    4    2    0       892   16  -17   -1  -13    8   14   -8   -9   -7   -7   15   12   -7   11   10    7   -5   16
    1    9   13    1    2    4    2    1      1186    6    7   -1  -11   -1    4  -10    2   -8    0   -4   -7    2   14    8  -10  -11  -11
    1    9   14    1    1    2    1    1       900   -5   -1    0   -5   -4    9   -2   -1    4  -15   -1  -11   15   13    2   -6   -3   -9
    1    9   15    1    2    5    2    1      1369    8    6   -2  -14   -1    4   -2    8   -6   10   -1   -6    0   13    7   -6   -5  -22
    1   10    1    1    3    4    2    0      1300   16  -17   -1  -13    8   14   -8   -9   -7   -7   15   12   -7   11   10    7   -5   16
    1   10    2    1    2    4    2    1      1313    6    7   -1  -11   -1    4  -10    2   -8    0   -4   -7    2   14    8  -10  -11  -11
    1   10    3    1    3    3    3    1      1462   12  -12   -1  -12   11   14   -6  -12   -8   -6    3    0    1    2   19   13   -5   13
    1   10    4    1    1    3    1    1      2646   10   -1   -6   -1   -5   -3    0   -1   -2  -12   -4  -11    9   14    5   -6   -6  -10
    1   10    5    1    3    2    3    1      1214   13  -11   -3   -9    9   12   -8  -12  -13   -2    7   -1   -3   13   10    4   -6   13
    1   10    6    1    2    1    2    1      1247    8    7    0  -13   -1    4   -7    2  -10    9   -4   -5    1   12    8  -11  -15  -13
    1   10    7    1    3    5    3    1      1727   12   -9  -12  -15   10   14   -5  -11  -13   -5   10    4   -3   13    7    6   -6   12
    1   10    8    1    1    4    1    1      1028    1   -2   -3   -4   -6    3   -2   -2    0  -12    2  -14   12   23    3   -4   -5  -13
    1   10    9    1    2    2    2    1      1556    4    4   -6  -14   -9   -3   -5   -4   -6    7   -2   -6   -2   12   10  -13  -11  -14
    1   10   10    1    1    5    1    1       967   -3   -1   -5   -3   -7    0   -1    0    2   -6    0  -10    6    7    3   -4   -6  -10
    1   10   11    1    2    3    2    1      1026   14    7    0  -11   -1    4  -12   -2  -12    9   -3   -7    1   13   12   -9  -10   -7
    1   10   12    1    1    1    1    1       923   -5   -6   -4   -2   -6    4   -1    3    0   -3    0  -12   14   11    3   -4   -2  -11
    1   10   13    1    1    2    1    1      1111   -5   -1    0   -5   -4    9   -2   -1    4  -15   -1  -11   15   13    2   -6   -3   -9
    1   10   14    1    2    5    2    1      2285    8    6   -2  -14   -1    4   -2    8   -6   10   -1   -6    0   13    7   -6   -5  -22
    1   10   15    1    3    1    3    1      2179   11  -10   -4   -7   10   13   -9  -10   -9   -6    6    2    0    2   13    6   -4   14
    1   11    1    1    1    3    2    0      1206   10   -1   -6   -1   -5   -3    0   -1   -2  -12   -4  -11    9   14    5   -6   -6  -10
    1   11    2    1    3    3    2    0      1007   12  -12   -1  -12   11   14   -6  -12   -8   -6    3    0    1    2   19   13   -5   13
    1   11    3    1    2    4    2    1      1216    6    7   -1  -11   -1    4  -10    2   -8    0   -4   -7    2   14    8  -10  -11  -11
    1   11    4    1    1    5    1    1       969   -3   -1   -5   -3   -7    0   -1    0    2   -6    0  -10    6    7    3   -4   -6  -10
    1   11    5    1    3    4    2    0      2043   16  -17   -1  -13    8   14   -8   -9   -7   -7   15   12   -7   11   10    7   -5   16
    1   11    6    1    2    5    2    1      2155    8    6   -2  -14   -1    4   -2    8   -6   10   -1   -6    0   13    7   -6   -5  -22
    1   11    7    1    2    3    2    1       719   14    7    0  -11   -1    4  -12   -2  -12    9   -3   -7    1   13   12   -9  -10   -7
    1   11    8    1    2    2    2    1       916    4    4   -6  -14   -9   -3   -5   -4   -6    7   -2   -6   -2   12   10  -13  -11  -14
    1   11    9    1    3    2    3    1       848   13  -11   -3   -9    9   12   -8  -12  -13   -2    7   -1   -3   13   10    4   -6   13
    1   11   10    1    2    1    2    1       959    8    7    0  -13   -1    4   -7    2  -10    9   -4   -5    1   12    8  -11  -15  -13
    1   11   11    1    3    1    3    1       971   11  -10   -4   -7   10   13   -9  -10   -9   -6    6    2    0    2   13    6   -4   14
    1   11   12    1    1    2    1    1      1038   -5   -1    0   -5   -4    9   -2   -1    4  -15   -1  -11   15   13    2   -6   -3   -9
    1   11   13    1    1    1    1    1       838   -5   -6   -4   -2   -6    4   -1    3    0   -3    0  -12   14   11    3   -4   -2  -11
    1   11   14    1    1    4    1    1       637    1   -2   -3   -4   -6    3   -2   -2    0  -12    2  -14   12   23    3   -4   -5  -13
    1   11   15    1    3    5    3    1      1022   12   -9  -12  -15   10   14   -5  -11  -13   -5   10    4   -3   13    7    6   -6   12
    1   12    1    1    3    5    3    1      1702   12   -9  -12  -15   10   14   -5  -11  -13   -5   10    4   -3   13    7    6   -6   12
    1   12    2    1    2    2    2    1      3371    4    4   -6  -14   -9   -3   -5   -4   -6    7   -2   -6   -2   12   10  -13  -11  -14
    1   12    3    1    1    3    1    1       830   10   -1   -6   -1   -5   -3    0   -1   -2  -12   -4  -11    9   14    5   -6   -6  -10
    1   12    4    1    1    5    1    1       895   -3   -1   -5   -3   -7    0   -1    0    2   -6    0  -10    6    7    3   -4   -6  -10
    1   12    5    1    1    4    1    1       893    1   -2   -3   -4   -6    3   -2   -2    0  -12    2  -14   12   23    3   -4   -5  -13
    1   12    6    1    1    2    1    1      1195   -5   -1    0   -5   -4    9   -2   -1    4  -15   -1  -11   15   13    2   -6   -3   -9
    1   12    7    1    1    1    1    1      1076   -5   -6   -4   -2   -6    4   -1    3    0   -3    0  -12   14   11    3   -4   -2  -11
    1   12    8    1    2    5    2    1      3027    8    6   -2  -14   -1    4   -2    8   -6   10   -1   -6    0   13    7   -6   -5  -22
    1   12    9    1    2    1    2    1      1100    8    7    0  -13   -1    4   -7    2  -10    9   -4   -5    1   12    8  -11  -15  -13
    1   12   10    1    2    4    2    1       825    6    7   -1  -11   -1    4  -10    2   -8    0   -4   -7    2   14    8  -10  -11  -11
    1   12   11    1    3    1    3    1      1266   11  -10   -4   -7   10   13   -9  -10   -9   -6    6    2    0    2   13    6   -4   14
    1   12   12    1    3    4    3    1      1128   16  -17   -1  -13    8   14   -8   -9   -7   -7   15   12   -7   11   10    7   -5   16
    1   12   13    1    3    2    3    1       597   13  -11   -3   -9    9   12   -8  -12  -13   -2    7   -1   -3   13   10    4   -6   13
    1   12   14    1    3    3    3    1      1687   12  -12   -1  -12   11   14   -6  -12   -8   -6    3    0    1    2   19   13   -5   13
    1   12   15    1    2    3    2    1      1069   14    7    0  -11   -1    4  -12   -2  -12    9   -3   -7    1   13   12   -9  -10   -7
    1   13    1    1    2    3    2    1       924   14    7    0  -11   -1    4  -12   -2  -12    9   -3   -7    1   13   12   -9  -10   -7
    1   13    2    1    1    4    1    1       841    1   -2   -3   -4   -6    3   -2   -2    0  -12    2  -14   12   23    3   -4   -5  -13
    1   13    3    1    2    2    2    1      3697    4    4   -6  -14   -9   -3   -5   -4   -6    7   -2   -6   -2   12   10  -13  -11  -14
    1   13    4    1    1    2    1    1       959   -5   -1    0   -5   -4    9   -2   -1    4  -15   -1  -11   15   13    2   -6   -3   -9
    1   13    5    1    3    5    3    1      1106   12   -9  -12  -15   10   14   -5  -11  -13   -5   10    4   -3   13    7    6   -6   12
    1   13    6    1    3    3    3    1      1111   12  -12   -1  -12   11   14   -6  -12   -8   -6    3    0    1    2   19   13   -5   13
    1   13    7    1    3    2    3    1      1277   13  -11   -3   -9    9   12   -8  -12  -13   -2    7   -1   -3   13   10    4   -6   13
    1   13    8    1    1    5    1    1       907   -3   -1   -5   -3   -7    0   -1    0    2   -6    0  -10    6    7    3   -4   -6  -10
    1   13    9    1    3    1    3    1      1481   11  -10   -4   -7   10   13   -9  -10   -9   -6    6    2    0    2   13    6   -4   14
    1   13   10    1    1    3    2    0      1151   10   -1   -6   -1   -5   -3    0   -1   -2  -12   -4  -11    9   14    5   -6   -6  -10
    1   13   11    1    2    4    2    1      1307    6    7   -1  -11   -1    4  -10    2   -8    0   -4   -7    2   14    8  -10  -11  -11
    1   13   12    1    2    1    2    1      4736    8    7    0  -13   -1    4   -7    2  -10    9   -4   -5    1   12    8  -11  -15  -13
    1   13   13    1    3    4    2    0      4516   16  -17   -1  -13    8   14   -8   -9   -7   -7   15   12   -7   11   10    7   -5   16
    1   13   14    1    1    1    1    1       929   -5   -6   -4   -2   -6    4   -1    3    0   -3    0  -12   14   11    3   -4   -2  -11
    1   13   15    1    2    5    2    1      1477    8    6   -2  -14   -1    4   -2    8   -6   10   -1   -6    0   13    7   -6   -5  -22
    1   14    1    1    1    1    1    1       820   -5   -6   -4   -2   -6    4   -1    3    0   -3    0  -12   14   11    3   -4   -2  -11
    1   14    2    1    2    1    2    1      1269    8    7    0  -13   -1    4   -7    2  -10    9   -4   -5    1   12    8  -11  -15  -13
    1   14    3    1    1    3    1    1      1419   10   -1   -6   -1   -5   -3    0   -1   -2  -12   -4  -11    9   14    5   -6   -6  -10
    1   14    4    1    1    2    1    1       875   -5   -1    0   -5   -4    9   -2   -1    4  -15   -1  -11   15   13    2   -6   -3   -9
    1   14    5    1    3    2    3    1      7154   13  -11   -3   -9    9   12   -8  -12  -13   -2    7   -1   -3   13   10    4   -6   13
    1   14    6    1    2    5    2    1      1925    8    6   -2  -14   -1    4   -2    8   -6   10   -1   -6    0   13    7   -6   -5  -22
    1   14    7    1    3    1    3    1      1106   11  -10   -4   -7   10   13   -9  -10   -9   -6    6    2    0    2   13    6   -4   14
    1   14    8    1    3    3    3    1      2896   12  -12   -1  -12   11   14   -6  -12   -8   -6    3    0    1    2   19   13   -5   13
    1   14    9    1    1    4    1    1       798    1   -2   -3   -4   -6    3   -2   -2    0  -12    2  -14   12   23    3   -4   -5  -13
    1   14   10    1    3    4    2    0      6359   16  -17   -1  -13    8   14   -8   -9   -7   -7   15   12   -7   11   10    7   -5   16
    1   14   11    1    2    4    2    1       994    6    7   -1  -11   -1    4  -10    2   -8    0   -4   -7    2   14    8  -10  -11  -11
    1   14   12    1    2    2    2    1      1012    4    4   -6  -14   -9   -3   -5   -4   -6    7   -2   -6   -2   12   10  -13  -11  -14
    1   14   13    1    2    3    2    1       902   14    7    0  -11   -1    4  -12   -2  -12    9   -3   -7    1   13   12   -9  -10   -7
    1   14   14    1    1    5    1    1      1147   -3   -1   -5   -3   -7    0   -1    0    2   -6    0  -10    6    7    3   -4   -6  -10
    1   14   15    1    3    5    3    1      1134   12   -9  -12  -15   10   14   -5  -11  -13   -5   10    4   -3   13    7    6   -6   12
    1   15    1    1    3    2    3    1      1098   13  -11   -3   -9    9   12   -8  -12  -13   -2    7   -1   -3   13   10    4   -6   13
    1   15    2    1    2    2    2    1       928    4    4   -6  -14   -9   -3   -5   -4   -6    7   -2   -6   -2   12   10  -13  -11  -14
    1   15    3    1    3    3    3    1      1428   12  -12   -1  -12   11   14   -6  -12   -8   -6    3    0    1    2   19   13   -5   13
    1   15    4    1    3    1    3    1       893   11  -10   -4   -7   10   13   -9  -10   -9   -6    6    2    0    2   13    6   -4   14
    1   15    5    1    1    1    1    1      1187   -5   -6   -4   -2   -6    4   -1    3    0   -3    0  -12   14   11    3   -4   -2  -11
    1   15    6    1    3    4    3    1      1429   16  -17   -1  -13    8   14   -8   -9   -7   -7   15   12   -7   11   10    7   -5   16
    1   15    7    1    1    5    1    1       910   -3   -1   -5   -3   -7    0   -1    0    2   -6    0  -10    6    7    3   -4   -6  -10
    1   15    8    1    1    2    1    1      1571   -5   -1    0   -5   -4    9   -2   -1    4  -15   -1  -11   15   13    2   -6   -3   -9
    1   15    9    1    2    4    2    1      5318    6    7   -1  -11   -1    4  -10    2   -8    0   -4   -7    2   14    8  -10  -11  -11
    1   15   10    1    2    5    2    1      2611    8    6   -2  -14   -1    4   -2    8   -6   10   -1   -6    0   13    7   -6   -5  -22
    1   15   11    1    1    3    3    0      1044   10   -1   -6   -1   -5   -3    0   -1   -2  -12   -4  -11    9   14    5   -6   -6  -10
    1   15   12    1    2    3    2    1      1052   14    7    0  -11   -1    4  -12   -2  -12    9   -3   -7    1   13   12   -9  -10   -7
    1   15   13    1    2    1    2    1      1043    8    7    0  -13   -1    4   -7    2  -10    9   -4   -5    1   12    8  -11  -15  -13
    1   15   14    1    3    5    3    1      1187   12   -9  -12  -15   10   14   -5  -11  -13   -5   10    4   -3   13    7    6   -6   12
    1   15   15    1    1    4    1    1       797    1   -2   -3   -4   -6    3   -2   -2    0  -12    2  -14   12   23    3   -4   -5  -13
    2    1    1    4    2    3    2    1      3678    7    6    2   -8   -2    6   -9   -1   -8    4   -5   -5    0    4    9  -12  -21  -22
    2    1    2    2    3    0    1    0      2309   12  -10   -2  -13    8   13   -7  -11   -8   -7    8    2   -2   12    9    5   -5   12
    2    1    3    1    1    5    1    1      2154   -3   -1   -5   -3   -7    0   -1    0    2   -6    0  -10    6    7    3   -4   -6  -10
    2    1    4    4    3    1    2    1      4038   10  -12   -1  -14   13   11   -8  -12   -7   -8    9    2    6   19    7    9   -7   10
    2    1    5    1    3    2    1    1      1438   13  -11   -3   -9    9   12   -8  -12  -13   -2    7   -1   -3   13   10    4   -6   13
    2    1    6    6    0    0    2    1      1582  -15    9  -12   14    3   16   -1    7   -1   -5    5   -8   17  -10    2   14  -10    3
    2    1    7    4    2    1    2    1      2584    5   13   -1  -13   -1    4  -10    1   -6    7   -7   -3    1   13    7  -10  -13  -13
    2    1    8    4    2    5    2    1      3321    6   11   -2   -8   -2    3   -6   -1   -8    8   -4   -6   -7   12   10  -12  -13  -11
    2    1    9    1    2    4    1    1      3270    6    7   -1  -11   -1    4  -10    2   -8    0   -4   -7    2   14    8  -10  -11  -11
    2    1   10    4    3    5    2    1      4717   13  -14    8  -16    6   17    3  -18   -7   -6   13    8   -1   14   14   -2   -4   11
    2    1   11    1    2    2    1    1      4914    4    4   -6  -14   -9   -3   -5   -4   -6    7   -2   -6   -2   12   10  -13  -11  -14
    2    1   12    1    1    1    1    1      1799   -5   -6   -4   -2   -6    4   -1    3    0   -3    0  -12   14   11    3   -4   -2  -11
    2    1   13    2    2    0    1    0      2096    8    8   -1  -12   -1    5   -8    0   -7    6   -3   -6    2   13    9  -11  -13  -12
    2    1   14    2    1    0    1    0      4574    0   -2   -4   -4   -5    4   -2    1   -1  -13   -2  -10   14   13    4   -4   -4  -11
    2    1   15    1    3    1    2    0      5641   11  -10   -4   -7   10   13   -9  -10   -9   -6    6    2    0    2   13    6   -4   14
    2    1   16    6    0    0    2    1      1912   10  -11   -5   -9    3    8   -3  -14  -10   10  -15    2   10    7    9    5    6  -16
    2    1   17    4    1    5    2    1      2462   -3   -3   -4   -5   -6    2   -3    0    1  -15    8  -10   15   12    2   -2    1   -9
    2    1   18    6    0    0    2    1      1493   -6    9  -21   16   -4   11   -3    9    0   -6    7  -10   16    0   10   10  -13    1
    2    1   19    1    1    4    1    1      1267    1   -2   -3   -4   -6    3   -2   -2    0  -12    2  -14   12   23    3   -4   -5  -13
    2    1   20    4    1    4    2    1      3298    2   -3   -3   -4   -5    6   -2    0    1  -12   -6  -15   15   11    2   -9   -3  -11
    2    1   21    1    3    4    1    1      3327   16  -17   -1  -13    8   14   -8   -9   -7   -7   15   12   -7   11   10    7   -5   16
    2    1   22    1    2    5    1    1      1204    8    6   -2  -14   -1    4   -2    8   -6   10   -1   -6    0   13    7   -6   -5  -22
    2    1   23    1    3    3    1    1      1189   12  -12   -1  -12   11   14   -6  -12   -8   -6    3    0    1    2   19   13   -5   13
    2    1   24    6    0    0    2    1      1976    7    4    8  -13   17  -10   12   12    9    6  -15  -13  -14   -9   18   13   12    7
    2    1   25    4    1    3    2    1      1474   -1   -1  -10  -14   -4    5    1    5   -2  -14   -1  -11   13   12   11  -13   -3  -10
    2    1   26    4    3    3    1    0      3265   11   -9    0  -13    6   15   -7  -12   -7   -7    8    1   -2   11    9    7   -6   13
    2    1   27    4    3    2    1    0       711   13  -12   -3  -13    8   19   -5  -11  -10   -8    7    2   -3   12    9    4   -6   12
    2    1   28    1    3    5    1    1      4661   12   -9  -12  -15   10   14   -5  -11  -13   -5   10    4   -3   13    7    6   -6   12
    2    1   29    4    3    4    1    0     10724   11  -12   -1  -11   11   12   -6  -12   -9   -6    4    2    0   11   11    3   -6   14
    2    1   30    4    2    2    2    1      2905    6    8   -2  -12   -1    6  -13   -1   -7    7   -1   -5    0   13    9  -14  -15  -12
    2    1   31    4    1    1    2    1      1718    9    0   -2   -6   -6    5    0   -3    7   -4   -3   -8   16   15    5   -3   -2  -12
    2    1   32    4    2    4    2    1      4595   11   18    1  -11   -2    2   -9    2   -5    4   -3   -7    2   14    8  -13  -14  -13
    2    1   33    6    0    0    2    1       797   13  -12  -12  -10    3    4  -10  -11  -14   20   -6   -2   16    4    5    1    7  -13
    2    1   34    1    1    2    2    0      1327   -5   -1    0   -5   -4    9   -2   -1    4  -15   -1  -11   15   13    2   -6   -3   -9
    2    1   35    1    2    3    1    1      1228   14    7    0  -11   -1    4  -12   -2  -12    9   -3   -7    1   13   12   -9  -10   -7
    2    1   36    1    2    1    1    1      1180    8    7    0  -13   -1    4   -7    2  -10    9   -4   -5    1   12    8  -11  -15  -13
    2    1   37    6    0    0    2    1       687   11    8   11  -10   19   -7   15   12   12   10  -15  -15   -9  -12   15    5   14    8
    2    1   38    1    1    3    1    1      2589   10   -1   -6   -1   -5   -3    0   -1   -2  -12   -4  -11    9   14    5   -6   -6  -10
    2    1   39    4    1    2    2    1      1319    0   -4   -4   -1   -4    5   -2    2    0  -13    0  -10   15   11   10   -6   -8   -6
