    1    1    1    1    2    3    1    0      5229   12   10   -4    5    4    8   -4   -2    1    0   -4   10    1   -3    1    3   11    3
    1    1    2    1    3    3    2    0      4997    7   -2    2  -12    7   15  -12   13   11   15   10    0  -13   -4   14  -12   -8  -11
    1    1    3    1    3    5    1    0      1487   -1   -8    2  -12   15   21   -8   19    9   15   13    1  -17   -9   15  -13   -8  -15
    1    1    4    1    1    5    1    1      2404   14    8    6   12   12    9    6   -8   -8   -4    6    5    3   14   13    3   14  -12
    1    1    5    1    1    1    1    1      1350   15    6    4    9   10    8   -1   -6  -16   -1    8    7    6   11   16    3   14  -13
    1    1    6    1    2    2    2    1      1385   11   10   -4    1   -4   12   -7    0    7    7   -5   14   -1   -3    3    3   15    1
    1    1    7    1    3    4    3    1       907   11   -8    2  -13    3   15  -12   13    9   15    7    9   -5  -15   14  -12  -11  -12
    1    1    8    1    3    2    3    1       913   -2  -10    0  -12    5   16  -10   14   12   15   10    0  -13  -14   11  -12  -10  -11
    1    1    9    1    1    3    1    1      1158   16   15    9   11   11    9   -2   -9  -10   -3    7    6    3   13   11    4    7  -18
    1    1   10    1    2    1    2    1       761    8    6   -4   -2   -1   12    0   -6    2    1   -2   10    0   -2    5    3   15    5
    1    1   11    1    1    4    1    1       893   15    5    8   12   10    7    3   -7   -9   -3    7    8    5   11   15    2   14  -13
    1    1   12    1    3    1    3    1      1067   -4  -13    0   -8    7   24  -12   22   11   15   13   -1  -12  -16   18   -9  -10  -15
    1    1   13    1    1    2    1    1       929   15    8    6   15   10    8    1  -10  -12   -3    8   14    3   11   12    2   12   -9
    1    1   14    1    2    5    2    1       958   11    9   -4    1    0   11   -4   -2    2    1   -4   13    1   -1    5    4   18   -1
    1    1   15    1    2    4    2    1      1057   14   10   -4    8    1   14   -4   -2    2    1   -3   13    0   -2    2    4   12    2
    1    2    1    1    1    2    1    1      1073   15    8    6   15   10    8    1  -10  -12   -3    8   14    3   11   12    2   12   -9
    1    2    2    1    1    1    1    1       727   15    6    4    9   10    8   -1   -6  -16   -1    8    7    6   11   16    3   14  -13
    1    2    3    1    3    1    3    1       780   -4  -13    0   -8    7   24  -12   22   11   15   13   -1  -12  -16   18   -9  -10  -15
    1    2    4    1    2    3    1    0      1095   12   10   -4    5    4    8   -4   -2    1    0   -4   10    1   -3    1    3   11    3
    1    2    5    1    3    3    1    0      1381    7   -2    2  -12    7   15  -12   13   11   15   10    0  -13   -4   14  -12   -8  -11
    1    2    6    1    2    1    2    1      1511    8    6   -4   -2   -1   12    0   -6    2    1   -2   10    0   -2    5    3   15    5
    1    2    7    1    2    2    2    1      1116   11   10   -4    1   -4   12   -7    0    7    7   -5   14   -1   -3    3    3   15    1
    1    2    8    1    1    4    1    1       809   15    5    8   12   10    7    3   -7   -9   -3    7    8    5   11   15    2   14  -13
    1    2    9    1    3    5    1    0      1002   -1   -8    2  -12   15   21   -8   19    9   15   13    1  -17   -9   15  -13   -8  -15
    1    2   10    1    1    5    1    1       988   14    8    6   12   12    9    6   -8   -8   -4    6    5    3   14   13    3   14  -12
    1    2   11    1    2    4    2    1      1446   14   10   -4    8    1   14   -4   -2    2    1   -3   13    0   -2    2    4   12    2
    1    2   12    1    3    2    3    1       741   -2  -10    0  -12    5   16  -10   14   12   15   10    0  -13  -14   11  -12  -10  -11
    1    2   13    1    2    5    1    0       962   11    9   -4    1    0   11   -4   -2    2    1   -4   13    1   -1    5    4   18   -1
    1    2   14    1    3    4    3    1      1829   11   -8    2  -13    3   15  -12   13    9   15    7    9   -5  -15   14  -12  -11  -12
    1    2   15    1    1    3    1    1       798   16   15    9   11   11    9   -2   -9  -10   -3    7    6    3   13   11    4    7  -18
    1    3    1    1    3    1    3    1       951   -4  -13    0   -8    7   24  -12   22   11   15   13   -1  -12  -16   18   -9  -10  -15
    1    3    2    1    2    2    2    1       538   11   10   -4    1   -4   12   -7    0    7    7   -5   14   -1   -3    3    3   15    1
    1    3    3    1    3    5    3    1      1031   -1   -8    2  -12   15   21   -8   19    9   15   13    1  -17   -9   15  -13   -8  -15
    1    3    4    1    3    2    3    1       759   -2  -10    0  -12    5   16  -10   14   12   15   10    0  -13  -14   11  -12  -10  -11
    1    3    5    1    1    3    1    1       802   16   15    9   11   11    9   -2   -9  -10   -3    7    6    3   13   11    4    7  -18
    1    3    6    1    1    1    2    0       660   15    6    4    9   10    8   -1   -6  -16   -1    8    7    6   11   16    3   14  -13
    1    3    7    1    1    2    1    1      1155   15    8    6   15   10    8    1  -10  -12   -3    8   14    3   11   12    2   12   -9
    1    3    8    1    2    4    2    1      1062   14   10   -4    8    1   14   -4   -2    2    1   -3   13    0   -2    2    4   12    2
    1    3    9    1    2    5    2    1       614   11    9   -4    1    0   11   -4   -2    2    1   -4   13    1   -1    5    4   18   -1
    1    3   10    1    3    3    3    1      1063    7   -2    2  -12    7   15  -12   13   11   15   10    0  -13   -4   14  -12   -8  -11
    1    3   11    1    2    1    1    0      1119    8    6   -4   -2   -1   12    0   -6    2    1   -2   10    0   -2    5    3   15    5
    1    3   12    1    3    4    3    1       883   11   -8    2  -13    3   15  -12   13    9   15    7    9   -5  -15   14  -12  -11  -12
    1    3   13    1    1    5    1    1      1369   14    8    6   12   12    9    6   -8   -8   -4    6    5    3   14   13    3   14  -12
    1    3   14    1    1    4    1    1       892   15    5    8   12   10    7    3   -7   -9   -3    7    8    5   11   15    2   14  -13
    1    3   15    1    2    3    2    1      1106   12   10   -4    5    4    8   -4   -2    1    0   -4   10    1   -3    1    3   11    3
    1    4    1    1    3    5    3    1       615   -1   -8    2  -12   15   21   -8   19    9   15   13    1  -17   -9   15  -13   -8  -15
    1    4    2    1    2    4    2    1      1296   14   10   -4    8    1   14   -4   -2    2    1   -3   13    0   -2    2    4   12    2
    1    4    3    1    1    4    1    1       822   15    5    8   12   10    7    3   -7   -9   -3    7    8    5   11   15    2   14  -13
    1    4    4    1    3    1    3    1       783   -4  -13    0   -8    7   24  -12   22   11   15   13   -1  -12  -16   18   -9  -10  -15
    1    4    5    1    1    5    1    1       961   14    8    6   12   12    9    6   -8   -8   -4    6    5    3   14   13    3   14  -12
    1    4    6    1    2    1    2    1      1052    8    6   -4   -2   -1   12    0   -6    2    1   -2   10    0   -2    5    3   15    5
    1    4    7    1    2    5    2    1       627   11    9   -4    1    0   11   -4   -2    2    1   -4   13    1   -1    5    4   18   -1
    1    4    8    1    1    3    1    1       972   16   15    9   11   11    9   -2   -9  -10   -3    7    6    3   13   11    4    7  -18
    1    4    9    1    3    2    3    1       591   -2  -10    0  -12    5   16  -10   14   12   15   10    0  -13  -14   11  -12  -10  -11
    1    4   10    1    3    4    3    1      1225   11   -8    2  -13    3   15  -12   13    9   15    7    9   -5  -15   14  -12  -11  -12
    1    4   11    1    2    3    2    1      1385   12   10   -4    5    4    8   -4   -2    1    0   -4   10    1   -3    1    3   11    3
    1    4   12    1    3    3    3    1       931    7   -2    2  -12    7   15  -12   13   11   15   10    0  -13   -4   14  -12   -8  -11
    1    4   13    1    2    2    2    1       895   11   10   -4    1   -4   12   -7    0    7    7   -5   14   -1   -3    3    3   15    1
    1    4   14    1    1    1    2    0      1365   15    6    4    9   10    8   -1   -6  -16   -1    8    7    6   11   16    3   14  -13
    1    4   15    1    1    2    1    1      1168   15    8    6   15   10    8    1  -10  -12   -3    8   14    3   11   12    2   12   -9
    1    5    1    1    3    4    3    1       787   11   -8    2  -13    3   15  -12   13    9   15    7    9   -5  -15   14  -12  -11  -12
    1    5    2    1    1    3    1    1       781   16   15    9   11   11    9   -2   -9  -10   -3    7    6    3   13   11    4    7  -18
    1    5    3    1    1    1    1    1      1495   15    6    4    9   10    8   -1   -6  -16   -1    8    7    6   11   16    3   14  -13
    1    5    4    1    3    5    3    1       661   -1   -8    2  -12   15   21   -8   19    9   15   13    1  -17   -9   15  -13   -8  -15
    1    5    5    1    1    4    1    1       820   15    5    8   12   10    7    3   -7   -9   -3    7    8    5   11   15    2   14  -13
    1    5    6    1    3    3    3    1       845    7   -2    2  -12    7   15  -12   13   11   15   10    0  -13   -4   14  -12   -8  -11
    1    5    7    1    2    5    2    1      1317   11    9   -4    1    0   11   -4   -2    2    1   -4   13    1   -1    5    4   18   -1
    1    5    8    1    2    2    2    1       970   11   10   -4    1   -4   12   -7    0    7    7   -5   14   -1   -3    3    3   15    1
    1    5    9    1    2    1    2    1       924    8    6   -4   -2   -1   12    0   -6    2    1   -2   10    0   -2    5    3   15    5
    1    5   10    1    3    2    3    1       665   -2  -10    0  -12    5   16  -10   14   12   15   10    0  -13  -14   11  -12  -10  -11
    1    5   11    1    2    3    2    1      1151   12   10   -4    5    4    8   -4   -2    1    0   -4   10    1   -3    1    3   11    3
    1    5   12    1    3    1    3    1       675   -4  -13    0   -8    7   24  -12   22   11   15   13   -1  -12  -16   18   -9  -10  -15
    1    5   13    1    2    4    2    1       905   14   10   -4    8    1   14   -4   -2    2    1   -3   13    0   -2    2    4   12    2
    1    5   14    1    1    5    2    0      1535   14    8    6   12   12    9    6   -8   -8   -4    6    5    3   14   13    3   14  -12
    1    5   15    1    1    2    2    0      1459   15    8    6   15   10    8    1  -10  -12   -3    8   14    3   11   12    2   12   -9
    1    6    1    1    1    5    1    1      1322   14    8    6   12   12    9    6   -8   -8   -4    6    5    3   14   13    3   14  -12
    1    6    2    1    3    3    3    1       735    7   -2    2  -12    7   15  -12   13   11   15   10    0  -13   -4   14  -12   -8  -11
    1    6    3    1    2    2    2    1       739   11   10   -4    1   -4   12   -7    0    7    7   -5   14   -1   -3    3    3   15    1
    1    6    4    1    3    2    3    1       695   -2  -10    0  -12    5   16  -10   14   12   15   10    0  -13  -14   11  -12  -10  -11
    1    6    5    1    1    3    1    1       868   16   15    9   11   11    9   -2   -9  -10   -3    7    6    3   13   11    4    7  -18
    1    6    6    1    2    1    2    1       723    8    6   -4   -2   -1   12    0   -6    2    1   -2   10    0   -2    5    3   15    5
    1    6    7    1    1    1    1    1      1528   15    6    4    9   10    8   -1   -6  -16   -1    8    7    6   11   16    3   14  -13
    1    6    8    1    2    4    2    1      1389   14   10   -4    8    1   14   -4   -2    2    1   -3   13    0   -2    2    4   12    2
    1    6    9    1    1    4    1    1       879   15    5    8   12   10    7    3   -7   -9   -3    7    8    5   11   15    2   14  -13
    1    6   10    1    1    2    1    1      1254   15    8    6   15   10    8    1  -10  -12   -3    8   14    3   11   12    2   12   -9
    1    6   11    1    2    5    2    1      1005   11    9   -4    1    0   11   -4   -2    2    1   -4   13    1   -1    5    4   18   -1
    1    6   12    1    3    4    3    1       798   11   -8    2  -13    3   15  -12   13    9   15    7    9   -5  -15   14  -12  -11  -12
    1    6   13    1    3    5    3    1      1624   -1   -8    2  -12   15   21   -8   19    9   15   13    1  -17   -9   15  -13   -8  -15
    1    6   14    1    3    1    3    1      1176   -4  -13    0   -8    7   24  -12   22   11   15   13   -1  -12  -16   18   -9  -10  -15
    1    6   15    1    2    3    2    1       907   12   10   -4    5    4    8   -4   -2    1    0   -4   10    1   -3    1    3   11    3
    1    7    1    1    2    4    2    1       912   14   10   -4    8    1   14   -4   -2    2    1   -3   13    0   -2    2    4   12    2
    1    7    2    1    2    5    2    1      1350   11    9   -4    1    0   11   -4   -2    2    1   -4   13    1   -1    5    4   18   -1
    1    7    3    1    3    5    3    1       945   -1   -8    2  -12   15   21   -8   19    9   15   13    1  -17   -9   15  -13   -8  -15
    1    7    4    1    3    4    3    1       813   11   -8    2  -13    3   15  -12   13    9   15    7    9   -5  -15   14  -12  -11  -12
    1    7    5    1    3    2    3    1       711   -2  -10    0  -12    5   16  -10   14   12   15   10    0  -13  -14   11  -12  -10  -11
    1    7    6    1    2    2    2    1       900   11   10   -4    1   -4   12   -7    0    7    7   -5   14   -1   -3    3    3   15    1
    1    7    7    1    3    1    3    1       753   -4  -13    0   -8    7   24  -12   22   11   15   13   -1  -12  -16   18   -9  -10  -15
    1    7    8    1    1    5    1    1      1445   14    8    6   12   12    9    6   -8   -8   -4    6    5    3   14   13    3   14  -12
    1    7    9    1    1    2    1    1      1397   15    8    6   15   10    8    1  -10  -12   -3    8   14    3   11   12    2   12   -9
    1    7   10    1    3    3    3    1       815    7   -2    2  -12    7   15  -12   13   11   15   10    0  -13   -4   14  -12   -8  -11
    1    7   11    1    1    4    1    1       951   15    5    8   12   10    7    3   -7   -9   -3    7    8    5   11   15    2   14  -13
    1    7   12    1    1    1    1    1      1691   15    6    4    9   10    8   -1   -6  -16   -1    8    7    6   11   16    3   14  -13
    1    7   13    1    1    3    1    1       848   16   15    9   11   11    9   -2   -9  -10   -3    7    6    3   13   11    4    7  -18
    1    7   14    1    2    3    1    0      1912   12   10   -4    5    4    8   -4   -2    1    0   -4   10    1   -3    1    3   11    3
    1    7   15    1    2    1    2    1       685    8    6   -4   -2   -1   12    0   -6    2    1   -2   10    0   -2    5    3   15    5
    1    8    1    1    1    3    1    1      1203   16   15    9   11   11    9   -2   -9  -10   -3    7    6    3   13   11    4    7  -18
    1    8    2    1    3    1    3    1      1069   -4  -13    0   -8    7   24  -12   22   11   15   13   -1  -12  -16   18   -9  -10  -15
    1    8    3    1    2    5    2    1      1356   11    9   -4    1    0   11   -4   -2    2    1   -4   13    1   -1    5    4   18   -1
    1    8    4    1    1    2    1    1      1495   15    8    6   15   10    8    1  -10  -12   -3    8   14    3   11   12    2   12   -9
    1    8    5    1    2    2    2    1       653   11   10   -4    1   -4   12   -7    0    7    7   -5   14   -1   -3    3    3   15    1
    1    8    6    1    3    5    3    1       900   -1   -8    2  -12   15   21   -8   19    9   15   13    1  -17   -9   15  -13   -8  -15
    1    8    7    1    2    4    2    1       706   14   10   -4    8    1   14   -4   -2    2    1   -3   13    0   -2    2    4   12    2
    1    8    8    1    2    3    2    1       631   12   10   -4    5    4    8   -4   -2    1    0   -4   10    1   -3    1    3   11    3
    1    8    9    1    3    4    3    1       647   11   -8    2  -13    3   15  -12   13    9   15    7    9   -5  -15   14  -12  -11  -12
    1    8   10    1    1    4    1    1       743   15    5    8   12   10    7    3   -7   -9   -3    7    8    5   11   15    2   14  -13
    1    8   11    1    3    2    3    1       635   -2  -10    0  -12    5   16  -10   14   12   15   10    0  -13  -14   11  -12  -10  -11
    1    8   12    1    2    1    2    1       651    8    6   -4   -2   -1   12    0   -6    2    1   -2   10    0   -2    5    3   15    5
    1    8   13    1    3    3    3    1       962    7   -2    2  -12    7   15  -12   13   11   15   10    0  -13   -4   14  -12   -8  -11
    1    8   14    1    1    1    1    1      1197   15    6    4    9   10    8   -1   -6  -16   -1    8    7    6   11   16    3   14  -13
    1    8   15    1    1    5    1    1      1903   14    8    6   12   12    9    6   -8   -8   -4    6    5    3   14   13    3   14  -12
    1    9    1    1    3    1    3    1       836   -4  -13    0   -8    7   24  -12   22   11   15   13   -1  -12  -16   18   -9  -10  -15
    1    9    2    1    3    2    3    1       812   -2  -10    0  -12    5   16  -10   14   12   15   10    0  -13  -14   11  -12  -10  -11
    1    9    3    1    3    5    3    1       653   -1   -8    2  -12   15   21   -8   19    9   15   13    1  -17   -9   15  -13   -8  -15
    1    9    4    1    1    3    1    1       917   16   15    9   11   11    9   -2   -9  -10   -3    7    6    3   13   11    4    7  -18
    1    9    5    1    1    5    1    1      1346   14    8    6   12   12    9    6   -8   -8   -4    6    5    3   14   13    3   14  -12
    1    9    6    1    1    4    1    1       702   15    5    8   12   10    7    3   -7   -9   -3    7    8    5   11   15    2   14  -13
    1    9    7    1    1    1    1    1      1267   15    6    4    9   10    8   -1   -6  -16   -1    8    7    6   11   16    3   14  -13
    1    9    8    1    1    2    1    1      1090   15    8    6   15   10    8    1  -10  -12   -3    8   14    3   11   12    2   12   -9
    1    9    9    1    3    3    3    1      1032    7   -2    2  -12    7   15  -12   13   11   15   10    0  -13   -4   14  -12   -8  -11
    1    9   10    1    2    3    2    1       871   12   10   -4    5    4    8   -4   -2    1    0   -4   10    1   -3    1    3   11    3
    1    9   11    1    2    2    2    1       807   11   10   -4    1   -4   12   -7    0    7    7   -5   14   -1   -3    3    3   15    1
    1    9   12    1    2    1    2    1       904    8    6   -4   -2   -1   12    0   -6    2    1   -2   10    0   -2    5    3   15    5
    1    9   13    1    3    4    3    1       669   11   -8    2  -13    3   15  -12   13    9   15    7    9   -5  -15   14  -12  -11  -12
    1    9   14    1    2    5    2    1      1692   11    9   -4    1    0   11   -4   -2    2    1   -4   13    1   -1    5    4   18   -1
    1    9   15    1    2    4    2    1      1074   14   10   -4    8    1   14   -4   -2    2    1   -3   13    0   -2    2    4   12    2
    1   10    1    1    2    1    2    1       792    8    6   -4   -2   -1   12    0   -6    2    1   -2   10    0   -2    5    3   15    5
    1   10    2    1    3    1    3    1       667   -4  -13    0   -8    7   24  -12   22   11   15   13   -1  -12  -16   18   -9  -10  -15
    1   10    3    1    1    1    1    1      1025   15    6    4    9   10    8   -1   -6  -16   -1    8    7    6   11   16    3   14  -13
    1   10    4    1    1    5    1    1       858   14    8    6   12   12    9    6   -8   -8   -4    6    5    3   14   13    3   14  -12
    1   10    5    1    3    3    3    1      1369    7   -2    2  -12    7   15  -12   13   11   15   10    0  -13   -4   14  -12   -8  -11
    1   10    6    1    2    2    2    1       620   11   10   -4    1   -4   12   -7    0    7    7   -5   14   -1   -3    3    3   15    1
    1   10    7    1    2    3    2    1       677   12   10   -4    5    4    8   -4   -2    1    0   -4   10    1   -3    1    3   11    3
    1   10    8    1    2    5    2    1      1331   11    9   -4    1    0   11   -4   -2    2    1   -4   13    1   -1    5    4   18   -1
    1   10    9    1    2    4    2    1      1039   14   10   -4    8    1   14   -4   -2    2    1   -3   13    0   -2    2    4   12    2
    1   10   10    1    3    2    3    1       639   -2  -10    0  -12    5   16  -10   14   12   15   10    0  -13  -14   11  -12  -10  -11
    1   10   11    1    1    4    1    1      1103   15    5    8   12   10    7    3   -7   -9   -3    7    8    5   11   15    2   14  -13
    1   10   12    1    3    5    3    1       717   -1   -8    2  -12   15   21   -8   19    9   15   13    1  -17   -9   15  -13   -8  -15
    1   10   13    1    1    3    1    1       961   16   15    9   11   11    9   -2   -9  -10   -3    7    6    3   13   11    4    7  -18
    1   10   14    1    1    2    2    0      2260   15    8    6   15   10    8    1  -10  -12   -3    8   14    3   11   12    2   12   -9
    1   10   15    1    3    4    3    1       628   11   -8    2  -13    3   15  -12   13    9   15    7    9   -5  -15   14  -12  -11  -12
    1   11    1    1    1    2    1    1       957   15    8    6   15   10    8    1  -10  -12   -3    8   14    3   11   12    2   12   -9
    1   11    2    1    3    1    3    1       560   -4  -13    0   -8    7   24  -12   22   11   15   13   -1  -12  -16   18   -9  -10  -15
    1   11    3    1    1    3    1    1       835   16   15    9   11   11    9   -2   -9  -10   -3    7    6    3   13   11    4    7  -18
    1   11    4    1    3    4    3    1       691   11   -8    2  -13    3   15  -12   13    9   15    7    9   -5  -15   14  -12  -11  -12
    1   11    5    1    2    1    2    1      1529    8    6   -4   -2   -1   12    0   -6    2    1   -2   10    0   -2    5    3   15    5
    1   11    6    1    3    3    3    1       878    7   -2    2  -12    7   15  -12   13   11   15   10    0  -13   -4   14  -12   -8  -11
    1   11    7    1    1    1    1    1      1069   15    6    4    9   10    8   -1   -6  -16   -1    8    7    6   11   16    3   14  -13
    1   11    8    1    2    5    1    0      1563   11    9   -4    1    0   11   -4   -2    2    1   -4   13    1   -1    5    4   18   -1
    1   11    9    1    1    4    1    1       919   15    5    8   12   10    7    3   -7   -9   -3    7    8    5   11   15    2   14  -13
    1   11   10    1    2    2    2    1       652   11   10   -4    1   -4   12   -7    0    7    7   -5   14   -1   -3    3    3   15    1
    1   11   11    1    3    2    3    1       779   -2  -10    0  -12    5   16  -10   14   12   15   10    0  -13  -14   11  -12  -10  -11
    1   11   12    1    2    4    2    1       869   14   10   -4    8    1   14   -4   -2    2    1   -3   13    0   -2    2    4   12    2
    1   11   13    1    1    5    1    1      1636   14    8    6   12   12    9    6   -8   -8   -4    6    5    3   14   13    3   14  -12
    1   11   14    1    3    5    3    1       676   -1   -8    2  -12   15   21   -8   19    9   15   13    1  -17   -9   15  -13   -8  -15
    1   11   15    1    2    3    2    1      1051   12   10   -4    5    4    8   -4   -2    1    0   -4   10    1   -3    1    3   11    3
    1   12    1    1    1    3    1    1       738   16   15    9   11   11    9   -2   -9  -10   -3    7    6    3   13   11    4    7  -18
    1   12    2    1    2    1    2    1      1022    8    6   -4   -2   -1   12    0   -6    2    1   -2   10    0   -2    5    3   15    5
    1   12    3    1    3    3    3    1       863    7   -2    2  -12    7   15  -12   13   11   15   10    0  -13   -4   14  -12   -8  -11
    1   12    4    1    1    4    1    1      2630   15    5    8   12   10    7    3   -7   -9   -3    7    8    5   11   15    2   14  -13
    1   12    5    1    3    1    3    1       663   -4  -13    0   -8    7   24  -12   22   11   15   13   -1  -12  -16   18   -9  -10  -15
    1   12    6    1    3    4    3    1       702   11   -8    2  -13    3   15  -12   13    9   15    7    9   -5  -15   14  -12  -11  -12
    1   12    7    1    2    3    2    1       900   12   10   -4    5    4    8   -4   -2    1    0   -4   10    1   -3    1    3   11    3
    1   12    8    1    2    2    2    1       777   11   10   -4    1   -4   12   -7    0    7    7   -5   14   -1   -3    3    3   15    1
    1   12    9    1    1    2    1    1       892   15    8    6   15   10    8    1  -10  -12   -3    8   14    3   11   12    2   12   -9
    1   12   10    1    3    5    3    1       754   -1   -8    2  -12   15   21   -8   19    9   15   13    1  -17   -9   15  -13   -8  -15
    1   12   11    1    3    2    3    1       701   -2  -10    0  -12    5   16  -10   14   12   15   10    0  -13  -14   11  -12  -10  -11
    1   12   12    1    2    5    1    0      1218   11    9   -4    1    0   11   -4   -2    2    1   -4   13    1   -1    5    4   18   -1
    1   12   13    1    1    1    1    1       867   15    6    4    9   10    8   -1   -6  -16   -1    8    7    6   11   16    3   14  -13
    1   12   14    1    2    4    2    1       714   14   10   -4    8    1   14   -4   -2    2    1   -3   13    0   -2    2    4   12    2
    1   12   15    1    1    5    1    1       975   14    8    6   12   12    9    6   -8   -8   -4    6    5    3   14   13    3   14  -12
    1   13    1    1    3    4    3    1       834   11   -8    2  -13    3   15  -12   13    9   15    7    9   -5  -15   14  -12  -11  -12
    1   13    2    1    2    3    2    1       866   12   10   -4    5    4    8   -4   -2    1    0   -4   10    1   -3    1    3   11    3
    1   13    3    1    1    4    1    1       816   15    5    8   12   10    7    3   -7   -9   -3    7    8    5   11   15    2   14  -13
    1   13    4    1    2    1    2    1      1185    8    6   -4   -2   -1   12    0   -6    2    1   -2   10    0   -2    5    3   15    5
    1   13    5    1    1    5    1    1      1155   14    8    6   12   12    9    6   -8   -8   -4    6    5    3   14   13    3   14  -12
    1   13    6    1    3    3    3    1       622    7   -2    2  -12    7   15  -12   13   11   15   10    0  -13   -4   14  -12   -8  -11
    1   13    7    1    2    4    2    1      2999   14   10   -4    8    1   14   -4   -2    2    1   -3   13    0   -2    2    4   12    2
    1   13    8    1    3    5    3    1       688   -1   -8    2  -12   15   21   -8   19    9   15   13    1  -17   -9   15  -13   -8  -15
    1   13    9    1    1    2    1    1       678   15    8    6   15   10    8    1  -10  -12   -3    8   14    3   11   12    2   12   -9
    1   13   10    1    1    3    1    1      1077   16   15    9   11   11    9   -2   -9  -10   -3    7    6    3   13   11    4    7  -18
    1   13   11    1    2    2    2    1       652   11   10   -4    1   -4   12   -7    0    7    7   -5   14   -1   -3    3    3   15    1
    1   13   12    1    2    5    2    1      1707   11    9   -4    1    0   11   -4   -2    2    1   -4   13    1   -1    5    4   18   -1
    1   13   13    1    1    1    1    1      1105   15    6    4    9   10    8   -1   -6  -16   -1    8    7    6   11   16    3   14  -13
    1   13   14    1    3    1    3    1       654   -4  -13    0   -8    7   24  -12   22   11   15   13   -1  -12  -16   18   -9  -10  -15
    1   13   15    1    3    2    3    1      1133   -2  -10    0  -12    5   16  -10   14   12   15   10    0  -13  -14   11  -12  -10  -11
    1   14    1    1    2    3    2    1      1561   12   10   -4    5    4    8   -4   -2    1    0   -4   10    1   -3    1    3   11    3
    1   14    2    1    3    4    3    1       612   11   -8    2  -13    3   15  -12   13    9   15    7    9   -5  -15   14  -12  -11  -12
    1   14    3    1    1    2    1    1      1534   15    8    6   15   10    8    1  -10  -12   -3    8   14    3   11   12    2   12   -9
    1   14    4    1    2    2    2    1       746   11   10   -4    1   -4   12   -7    0    7    7   -5   14   -1   -3    3    3   15    1
    1   14    5    1    2    1    2    1      1278    8    6   -4   -2   -1   12    0   -6    2    1   -2   10    0   -2    5    3   15    5
    1   14    6    1    1    5    1    1      1061   14    8    6   12   12    9    6   -8   -8   -4    6    5    3   14   13    3   14  -12
    1   14    7    1    3    1    3    1       692   -4  -13    0   -8    7   24  -12   22   11   15   13   -1  -12  -16   18   -9  -10  -15
    1   14    8    1    1    4    1    1       994   15    5    8   12   10    7    3   -7   -9   -3    7    8    5   11   15    2   14  -13
    1   14    9    1    3    2    3    1       868   -2  -10    0  -12    5   16  -10   14   12   15   10    0  -13  -14   11  -12  -10  -11
    1   14   10    1    2    4    2    1      1475   14   10   -4    8    1   14   -4   -2    2    1   -3   13    0   -2    2    4   12    2
    1   14   11    1    1    1    1    1       913   15    6    4    9   10    8   -1   -6  -16   -1    8    7    6   11   16    3   14  -13
    1   14   12    1    1    3    1    1       975   16   15    9   11   11    9   -2   -9  -10   -3    7    6    3   13   11    4    7  -18
    1   14   13    1    2    5    2    1      1281   11    9   -4    1    0   11   -4   -2    2    1   -4   13    1   -1    5    4   18   -1
    1   14   14    1    3    5    3    1       655   -1   -8    2  -12   15   21   -8   19    9   15   13    1  -17   -9   15  -13   -8  -15
    1   14   15    1    3    3    3    1       662    7   -2    2  -12    7   15  -12   13   11   15   10    0  -13   -4   14  -12   -8  -11
    1   15    1    1    3    2    3    1       638   -2  -10    0  -12    5   16  -10   14   12   15   10    0  -13  -14   11  -12  -10  -11
    1   15    2    1    3    3    3    1       933    7   -2    2  -12    7   15  -12   13   11   15   10    0  -13   -4   14  -12   -8  -11
    1   15    3    1    3    4    3    1       761   11   -8    2  -13    3   15  -12   13    9   15    7    9   -5  -15   14  -12  -11  -12
    1   15    4    1    1    5    1    1       885   14    8    6   12   12    9    6   -8   -8   -4    6    5    3   14   13    3   14  -12
    1   15    5    1    3    5    3    1       619   -1   -8    2  -12   15   21   -8   19    9   15   13    1  -17   -9   15  -13   -8  -15
    1   15    6    1    1    4    1    1       652   15    5    8   12   10    7    3   -7   -9   -3    7    8    5   11   15    2   14  -13
    1   15    7    1    1    3    1    1       923   16   15    9   11   11    9   -2   -9  -10   -3    7    6    3   13   11    4    7  -18
    1   15    8    1    2    5    2    1       703   11    9   -4    1    0   11   -4   -2    2    1   -4   13    1   -1    5    4   18   -1
    1   15    9    1    1    1    1    1       613   15    6    4    9   10    8   -1   -6  -16   -1    8    7    6   11   16    3   14  -13
    1   15   10    1    2    4    2    1       590   14   10   -4    8    1   14   -4   -2    2    1   -3   13    0   -2    2    4   12    2
    1   15   11    1    3    1    3    1       520   -4  -13    0   -8    7   24  -12   22   11   15   13   -1  -12  -16   18   -9  -10  -15
    1   15   12    1    2    1    2    1      1004    8    6   -4   -2   -1   12    0   -6    2    1   -2   10    0   -2    5    3   15    5
    1   15   13    1    2    3    2    1       902   12   10   -4    5    4    8   -4   -2    1    0   -4   10    1   -3    1    3   11    3
    1   15   14    1    1    2    1    1       660   15    8    6   15   10    8    1  -10  -12   -3    8   14    3   11   12    2   12   -9
    1   15   15    1    2    2    2    1       635   11   10   -4    1   -4   12   -7    0    7    7   -5   14   -1   -3    3    3   15    1
    2    1    1    4    1    3    2    1      2065   16    7    7   15    6    9   -3   -7  -11   -5    7    6    5   11   12    2   14  -12
    2    1    2    4    3    2    2    1      2303   -7   -6    5   -7    6   13  -12    3   12   14   10    0  -13  -10   13  -10   -7  -21
    2    1    3    4    1    5    2    1      2860   14    5    7   11   12    7   -2   -8  -13   -4    6    5   -4    4   14    1   14  -12
    2    1    4    1    1    4    1    1      1284   15    5    8   12   10    7    3   -7   -9   -3    7    8    5   11   15    2   14  -13
    2    1    5    1    3    1    1    1      2529   -4  -13    0   -8    7   24  -12   22   11   15   13   -1  -12  -16   18   -9  -10  -15
    2    1    6    1    3    3    2    0      2783    7   -2    2  -12    7   15  -12   13   11   15   10    0  -13   -4   14  -12   -8  -11
    2    1    7    1    2    5    1    1      2001   11    9   -4    1    0   11   -4   -2    2    1   -4   13    1   -1    5    4   18   -1
    2    1    8    2    1    0    1    0      1242   14    6    6   13   11    8   -1   -8  -11   -3    7    7    4   12   13    1   13  -13
    2    1    9    1    3    5    1    1      4530   -1   -8    2  -12   15   21   -8   19    9   15   13    1  -17   -9   15  -13   -8  -15
    2    1   10    4    1    1    2    1      1367   14    7    6   14   21   16    0   -9   -8   -2   17    3   -2   10   16   10   12  -12
    2    1   11    4    2    1    2    1      1786   15    5   -4    4    7   11   -6    1    3   -1   -3   14   -1    1   10   10   11    2
    2    1   12    1    2    1    2    0      3979    8    6   -4   -2   -1   12    0   -6    2    1   -2   10    0   -2    5    3   15    5
    2    1   13    6    0    0    2    1      1502   -3  -14   -8   14   -1   10   -5   -9   -7   -8  -12   -9   -2  -10  -15    4   -9    1
    2    1   14    4    3    5    1    0      3163    3   -8    2  -13    5   12   -6   16    0   18   10    2  -12  -15   14  -12  -10  -14
    2    1   15    6    0    0    2    1      1191   -4  -11  -14   17    3    7    1  -14   -8   -6  -12  -12    1   -9  -11   -5  -12    3
    2    1   16    2    2    0    1    0      2201   12    9   -4    3    0   12   -5   -1    2    0   -4   12   -1   -1    3    2   13    3
    2    1   17    4    2    4    1    0      1930   12   10   -5    3   -4   19   -1   -8    4    0   -5   13    0    0    1   -2   14    2
    2    1   18    1    1    3    1    1      1399   16   15    9   11   11    9   -2   -9  -10   -3    7    6    3   13   11    4    7  -18
    2    1   19    2    3    0    1    0      2760    3   -9    1  -12    5   14  -11   12   10   15   11    0  -12  -14   13  -11  -10  -13
    2    1   20    4    2    3    2    1      2179   10    9   -2    2    1   12   -5    1    3    2   -6   12   -2   -2    1    4    8    5
    2    1   21    4    3    1    2    1      3030    4  -10    2  -13   13    6   -8    7    9   16    5   -8  -13  -12   23  -11   -9  -10
    2    1   22    1    3    2    1    1      1095   -2  -10    0  -12    5   16  -10   14   12   15   10    0  -13  -14   11  -12  -10  -11
    2    1   23    1    1    5    1    1      3173   14    8    6   12   12    9    6   -8   -8   -4    6    5    3   14   13    3   14  -12
    2    1   24    4    1    2    2    1      3632   13    6    4   12   12    8   -2  -10  -12   -4    2    4    0   13   13    3   16  -12
    2    1   25    4    2    5    2    1       880   10   19   -4    4   -5    7   -6    1    1    6    3   12   -1   -2    3   -4   14    3
    2    1   26    4    1    4    2    1      1622   15    5    6   14   10    7    1  -12  -10   -1    5    9   -5   10   12    1   12  -12
    2    1   27    1    1    2    1    1      3631   15    8    6   15   10    8    1  -10  -12   -3    8   14    3   11   12    2   12   -9
    2    1   28    6    0    0    2    1      1255  -10   -3   12   14    0   19   -4    0   15   11    7    6   -4    3   14   -8   -9   10
    2    1   29    1    1    1    2    0      3006   15    6    4    9   10    8   -1   -6  -16   -1    8    7    6   11   16    3   14  -13
    2    1   30    1    3    4    1    1      1472   11   -8    2  -13    3   15  -12   13    9   15    7    9   -5  -15   14  -12  -11  -12
    2    1   31    1    2    3    2    0      1678   12   10   -4    5    4    8   -4   -2    1    0   -4   10    1   -3    1    3   11    3
    2    1   32    1    2    4    1    1      3589   14   10   -4    8    1   14   -4   -2    2    1   -3   13    0   -2    2    4   12    2
    2    1   33    6    0    0    2    1       967   17   -1    1  -15    8    9   -7    0  -15   18   -3    3    4    5   -4   11   -2   -1
    2    1   34    6    0    0    2    1      1170  -10   -2   12   14   -3   17   -6    0   17    9    6    4   -4    2   13   -8  -11   13
    2    1   35    6    0    0    2    1       925   16    0   -1  -16   12   14  -12   -1  -18   14  -14   19   -5   -2   -4    9    1   -5
    2    1   36    1    2    2    1    1       913   11   10   -4    1   -4   12   -7    0    7    7   -5   14   -1   -3    3    3   15    1
    2    1   37    4    2    2    2    1      1783   12    7   -3    4   -1   11   -7    7    3    0   -5   13    0   -2    3    4   12    4
    2    1   38    4    3    3    2    1      1129    1   -4    1  -10    6   14  -11   11    9   16    9   -1  -12  -15   12  -10   -9  -12
    2    1   39    4    3    4    1    0      4109    3   -8    1  -11   10    8  -11    6   11   16   12   -1  -12  -19   14  -12   -8  -13
