    1    1    1    1    2    2    1    0      3420  -14   16  -17   15   -9    3  -16   10   -5   -4   10    1    7    3    5   -2  -13   -5
    1    1    2    1    2    3    2    1      1373  -13   16  -10   19  -15   -2  -13   12   -5   -2   12    3    3    6   10    2  -16   -4
    1    1    3    1    3    2    1    0      1607  -14    0    8   -2    9  -12   -7   16   -5   10    5  -12   13   -5   -2   10    8  -10
    1    1    4    1    2    5    3    0       209  -20   23  -14   18   -9    0   -9   12   -6   -4    8   11    1    7   11    0  -16   -2
    1    1    5    1    1    3    1    1      2138   -6   10    7   -5    0   16   -2   14    4   -8  -10   -5   -9  -15    7    9   -1   -1
    1    1    6    1    1    4    3    0      1302   -4    1   10   -5    0    9   -6   11    5   -7  -16   -1   -7  -15    6   11   -7  -12
    1    1    7    1    1    1    1    1       859   -7   11    9   -5    1   11   -1    8    7   -3  -12   -8   -8  -16    7   10   -7  -11
    1    1    8    1    2    4    2    1       995  -11   13  -15   17  -13   -1  -15   12   -3   -2   13    2    4    9   10    1  -23   -4
    1    1    9    1    3    4    3    1      1397  -12   -2    9   -4   18  -20   -4   16   -2   12    8  -13   11   -5    3    9    9   -9
    1    1   10    1    3    3    2    0      1583  -15   -2    8   -1    4  -10   -4   16    2    7    6  -12   12   -5   -7    7   11   -9
    1    1   11    1    3    5    3    1       737  -14   -1    3   -1   15  -11   -1   11   -2    9    2  -10   10   -2   -7   10    8   -9
    1    1   12    1    1    2    1    1       237   -6   10   10   -5    2    8   -2   14    1   -6   -4   -5   -1  -25    4   10   -5  -14
    1    1   13    1    3    1    2    0        37  -13    0    5    0   14  -11   -4   18   -2   12    4  -10   10   -5   -6   11    7   -9
    1    1   14    1    1    5    1    1         0  -11    7   17    6   -1    9   -1   15    1   -9  -11   -5  -10  -18    6   15   -7  -20
    1    1   15    1    2    1    3    0       710  -12   14  -17   17  -16    0  -15   13   -8  -12   13    0    1    5    9    3  -15   -2
    1    2    1    1    1    3    2    0      1323   -6   10    7   -5    0   16   -2   14    4   -8  -10   -5   -9  -15    7    9   -1   -1
    1    2    2    1    3    5    1    0       544  -14   -1    3   -1   15  -11   -1   11   -2    9    2  -10   10   -2   -7   10    8   -9
    1    2    3    1    2    1    3    0       387  -12   14  -17   17  -16    0  -15   13   -8  -12   13    0    1    5    9    3  -15   -2
    1    2    4    1    3    1    3    1      1118  -13    0    5    0   14  -11   -4   18   -2   12    4  -10   10   -5   -6   11    7   -9
    1    2    5    1    2    5    2    1      1490  -20   23  -14   18   -9    0   -9   12   -6   -4    8   11    1    7   11    0  -16   -2
    1    2    6    1    1    5    1    1       480  -11    7   17    6   -1    9   -1   15    1   -9  -11   -5  -10  -18    6   15   -7  -20
    1    2    7    1    1    2    2    0      1055   -6   10   10   -5    2    8   -2   14    1   -6   -4   -5   -1  -25    4   10   -5  -14
    1    2    8    1    2    3    3    0      1510  -13   16  -10   19  -15   -2  -13   12   -5   -2   12    3    3    6   10    2  -16   -4
    1    2    9    1    3    2    2    0      8043  -14    0    8   -2    9  -12   -7   16   -5   10    5  -12   13   -5   -2   10    8  -10
    1    2   10    1    3    4    3    1      5275  -12   -2    9   -4   18  -20   -4   16   -2   12    8  -13   11   -5    3    9    9   -9
    1    2   11    1    3    3    1    0      1042  -15   -2    8   -1    4  -10   -4   16    2    7    6  -12   12   -5   -7    7   11   -9
    1    2   12    1    2    2    1    0       762  -14   16  -17   15   -9    3  -16   10   -5   -4   10    1    7    3    5   -2  -13   -5
    1    2   13    1    1    1    2    0       741   -7   11    9   -5    1   11   -1    8    7   -3  -12   -8   -8  -16    7   10   -7  -11
    1    2   14    1    1    4    2    0       169   -4    1   10   -5    0    9   -6   11    5   -7  -16   -1   -7  -15    6   11   -7  -12
    1    2   15    1    2    4    3    0       796  -11   13  -15   17  -13   -1  -15   12   -3   -2   13    2    4    9   10    1  -23   -4
    1    3    1    1    1    2    2    0       142   -6   10   10   -5    2    8   -2   14    1   -6   -4   -5   -1  -25    4   10   -5  -14
    1    3    2    1    3    4    2    0      1394  -12   -2    9   -4   18  -20   -4   16   -2   12    8  -13   11   -5    3    9    9   -9
    1    3    3    1    3    3    1    0      1268  -15   -2    8   -1    4  -10   -4   16    2    7    6  -12   12   -5   -7    7   11   -9
    1    3    4    1    1    4    2    0      1603   -4    1   10   -5    0    9   -6   11    5   -7  -16   -1   -7  -15    6   11   -7  -12
    1    3    5    1    3    2    1    0      1100  -14    0    8   -2    9  -12   -7   16   -5   10    5  -12   13   -5   -2   10    8  -10
    1    3    6    1    2    4    2    1       201  -11   13  -15   17  -13   -1  -15   12   -3   -2   13    2    4    9   10    1  -23   -4
    1    3    7    1    1    1    2    0       723   -7   11    9   -5    1   11   -1    8    7   -3  -12   -8   -8  -16    7   10   -7  -11
    1    3    8    1    2    5    2    1       495  -20   23  -14   18   -9    0   -9   12   -6   -4    8   11    1    7   11    0  -16   -2
    1    3    9    1    2    1    3    0      1365  -12   14  -17   17  -16    0  -15   13   -8  -12   13    0    1    5    9    3  -15   -2
    1    3   10    1    2    2    1    0       928  -14   16  -17   15   -9    3  -16   10   -5   -4   10    1    7    3    5   -2  -13   -5
    1    3   11    1    1    5    3    0      1781  -11    7   17    6   -1    9   -1   15    1   -9  -11   -5  -10  -18    6   15   -7  -20
    1    3   12    1    1    3    2    0      1031   -6   10    7   -5    0   16   -2   14    4   -8  -10   -5   -9  -15    7    9   -1   -1
    1    3   13    1    3    5    1    0      1176  -14   -1    3   -1   15  -11   -1   11   -2    9    2  -10   10   -2   -7   10    8   -9
    1    3   14    1    3    1    3    1       347  -13    0    5    0   14  -11   -4   18   -2   12    4  -10   10   -5   -6   11    7   -9
    1    3   15    1    2    3    2    1       879  -13   16  -10   19  -15   -2  -13   12   -5   -2   12    3    3    6   10    2  -16   -4
    1    4    1    1    2    5    2    1       829  -20   23  -14   18   -9    0   -9   12   -6   -4    8   11    1    7   11    0  -16   -2
    1    4    2    1    3    4    3    1       957  -12   -2    9   -4   18  -20   -4   16   -2   12    8  -13   11   -5    3    9    9   -9
    1    4    3    1    2    1    1    0       552  -12   14  -17   17  -16    0  -15   13   -8  -12   13    0    1    5    9    3  -15   -2
    1    4    4    1    2    4    2    1      1051  -11   13  -15   17  -13   -1  -15   12   -3   -2   13    2    4    9   10    1  -23   -4
    1    4    5    1    3    5    3    1      1171  -14   -1    3   -1   15  -11   -1   11   -2    9    2  -10   10   -2   -7   10    8   -9
    1    4    6    1    1    4    1    1       821   -4    1   10   -5    0    9   -6   11    5   -7  -16   -1   -7  -15    6   11   -7  -12
    1    4    7    1    1    1    1    1      1638   -7   11    9   -5    1   11   -1    8    7   -3  -12   -8   -8  -16    7   10   -7  -11
    1    4    8    1    2    2    2    1      1093  -14   16  -17   15   -9    3  -16   10   -5   -4   10    1    7    3    5   -2  -13   -5
    1    4    9    1    3    2    3    1       619  -14    0    8   -2    9  -12   -7   16   -5   10    5  -12   13   -5   -2   10    8  -10
    1    4   10    1    2    3    1    0      1076  -13   16  -10   19  -15   -2  -13   12   -5   -2   12    3    3    6   10    2  -16   -4
    1    4   11    1    3    3    3    1      1547  -15   -2    8   -1    4  -10   -4   16    2    7    6  -12   12   -5   -7    7   11   -9
    1    4   12    1    1    2    2    0      1087   -6   10   10   -5    2    8   -2   14    1   -6   -4   -5   -1  -25    4   10   -5  -14
    1    4   13    1    1    3    1    1       765   -6   10    7   -5    0   16   -2   14    4   -8  -10   -5   -9  -15    7    9   -1   -1
    1    4   14    1    3    1    3    1      1072  -13    0    5    0   14  -11   -4   18   -2   12    4  -10   10   -5   -6   11    7   -9
    1    4   15    1    1    5    1    1       775  -11    7   17    6   -1    9   -1   15    1   -9  -11   -5  -10  -18    6   15   -7  -20
    1    5    1    1    3    5    2    0       809  -14   -1    3   -1   15  -11   -1   11   -2    9    2  -10   10   -2   -7   10    8   -9
    1    5    2    1    2    1    2    1       826  -12   14  -17   17  -16    0  -15   13   -8  -12   13    0    1    5    9    3  -15   -2
    1    5    3    1    3    3    3    1       859  -15   -2    8   -1    4  -10   -4   16    2    7    6  -12   12   -5   -7    7   11   -9
    1    5    4    1    1    5    1    1       450  -11    7   17    6   -1    9   -1   15    1   -9  -11   -5  -10  -18    6   15   -7  -20
    1    5    5    1    3    2    2    0       753  -14    0    8   -2    9  -12   -7   16   -5   10    5  -12   13   -5   -2   10    8  -10
    1    5    6    1    3    4    3    1       829  -12   -2    9   -4   18  -20   -4   16   -2   12    8  -13   11   -5    3    9    9   -9
    1    5    7    1    1    4    1    1       821   -4    1   10   -5    0    9   -6   11    5   -7  -16   -1   -7  -15    6   11   -7  -12
    1    5    8    1    2    4    2    1       702  -11   13  -15   17  -13   -1  -15   12   -3   -2   13    2    4    9   10    1  -23   -4
    1    5    9    1    3    1    3    1       731  -13    0    5    0   14  -11   -4   18   -2   12    4  -10   10   -5   -6   11    7   -9
    1    5   10    1    1    1    1    1       896   -7   11    9   -5    1   11   -1    8    7   -3  -12   -8   -8  -16    7   10   -7  -11
    1    5   11    1    2    2    2    1       502  -14   16  -17   15   -9    3  -16   10   -5   -4   10    1    7    3    5   -2  -13   -5
    1    5   12    1    2    5    2    1       899  -20   23  -14   18   -9    0   -9   12   -6   -4    8   11    1    7   11    0  -16   -2
    1    5   13    1    1    2    1    1      1192   -6   10   10   -5    2    8   -2   14    1   -6   -4   -5   -1  -25    4   10   -5  -14
    1    5   14    1    1    3    1    1       954   -6   10    7   -5    0   16   -2   14    4   -8  -10   -5   -9  -15    7    9   -1   -1
    1    5   15    1    2    3    1    0      1342  -13   16  -10   19  -15   -2  -13   12   -5   -2   12    3    3    6   10    2  -16   -4
    1    6    1    1    3    1    3    1      1058  -13    0    5    0   14  -11   -4   18   -2   12    4  -10   10   -5   -6   11    7   -9
    1    6    2    1    3    2    3    1      4425  -14    0    8   -2    9  -12   -7   16   -5   10    5  -12   13   -5   -2   10    8  -10
    1    6    3    1    2    4    2    1       786  -11   13  -15   17  -13   -1  -15   12   -3   -2   13    2    4    9   10    1  -23   -4
    1    6    4    1    1    3    1    1      1580   -6   10    7   -5    0   16   -2   14    4   -8  -10   -5   -9  -15    7    9   -1   -1
    1    6    5    1    2    1    3    0      1127  -12   14  -17   17  -16    0  -15   13   -8  -12   13    0    1    5    9    3  -15   -2
    1    6    6    1    1    1    1    1       875   -7   11    9   -5    1   11   -1    8    7   -3  -12   -8   -8  -16    7   10   -7  -11
    1    6    7    1    1    5    1    1      2082  -11    7   17    6   -1    9   -1   15    1   -9  -11   -5  -10  -18    6   15   -7  -20
    1    6    8    1    2    3    2    1      1064  -13   16  -10   19  -15   -2  -13   12   -5   -2   12    3    3    6   10    2  -16   -4
    1    6    9    1    2    5    2    1      1055  -20   23  -14   18   -9    0   -9   12   -6   -4    8   11    1    7   11    0  -16   -2
    1    6   10    1    1    2    1    1      6318   -6   10   10   -5    2    8   -2   14    1   -6   -4   -5   -1  -25    4   10   -5  -14
    1    6   11    1    3    4    3    1       707  -12   -2    9   -4   18  -20   -4   16   -2   12    8  -13   11   -5    3    9    9   -9
    1    6   12    1    2    2    2    1       449  -14   16  -17   15   -9    3  -16   10   -5   -4   10    1    7    3    5   -2  -13   -5
    1    6   13    1    3    3    3    1       625  -15   -2    8   -1    4  -10   -4   16    2    7    6  -12   12   -5   -7    7   11   -9
    1    6   14    1    1    4    1    1       793   -4    1   10   -5    0    9   -6   11    5   -7  -16   -1   -7  -15    6   11   -7  -12
    1    6   15    1    3    5    3    1      1339  -14   -1    3   -1   15  -11   -1   11   -2    9    2  -10   10   -2   -7   10    8   -9
    1    7    1    1    3    3    3    1      1071  -15   -2    8   -1    4  -10   -4   16    2    7    6  -12   12   -5   -7    7   11   -9
    1    7    2    1    2    3    2    1      1230  -13   16  -10   19  -15   -2  -13   12   -5   -2   12    3    3    6   10    2  -16   -4
    1    7    3    1    3    1    3    1       527  -13    0    5    0   14  -11   -4   18   -2   12    4  -10   10   -5   -6   11    7   -9
    1    7    4    1    1    3    1    1       355   -6   10    7   -5    0   16   -2   14    4   -8  -10   -5   -9  -15    7    9   -1   -1
    1    7    5    1    3    4    3    1       734  -12   -2    9   -4   18  -20   -4   16   -2   12    8  -13   11   -5    3    9    9   -9
    1    7    6    1    1    1    1    1      1346   -7   11    9   -5    1   11   -1    8    7   -3  -12   -8   -8  -16    7   10   -7  -11
    1    7    7    1    2    5    2    1       806  -20   23  -14   18   -9    0   -9   12   -6   -4    8   11    1    7   11    0  -16   -2
    1    7    8    1    3    5    3    1       704  -14   -1    3   -1   15  -11   -1   11   -2    9    2  -10   10   -2   -7   10    8   -9
    1    7    9    1    2    1    3    0      2213  -12   14  -17   17  -16    0  -15   13   -8  -12   13    0    1    5    9    3  -15   -2
    1    7   10    1    1    4    3    0       750   -4    1   10   -5    0    9   -6   11    5   -7  -16   -1   -7  -15    6   11   -7  -12
    1    7   11    1    2    4    3    0       442  -11   13  -15   17  -13   -1  -15   12   -3   -2   13    2    4    9   10    1  -23   -4
    1    7   12    1    3    2    3    1      1018  -14    0    8   -2    9  -12   -7   16   -5   10    5  -12   13   -5   -2   10    8  -10
    1    7   13    1    2    2    2    1       722  -14   16  -17   15   -9    3  -16   10   -5   -4   10    1    7    3    5   -2  -13   -5
    1    7   14    1    1    5    1    1      1055  -11    7   17    6   -1    9   -1   15    1   -9  -11   -5  -10  -18    6   15   -7  -20
    1    7   15    1    1    2    2    0      1182   -6   10   10   -5    2    8   -2   14    1   -6   -4   -5   -1  -25    4   10   -5  -14
    1    8    1    1    2    3    1    0       288  -13   16  -10   19  -15   -2  -13   12   -5   -2   12    3    3    6   10    2  -16   -4
    1    8    2    1    3    1    2    0       182  -13    0    5    0   14  -11   -4   18   -2   12    4  -10   10   -5   -6   11    7   -9
    1    8    3    1    2    5    2    1        25  -20   23  -14   18   -9    0   -9   12   -6   -4    8   11    1    7   11    0  -16   -2
    1    8    4    1    3    2    3    1       521  -14    0    8   -2    9  -12   -7   16   -5   10    5  -12   13   -5   -2   10    8  -10
    1    8    5    1    3    4    3    1       614  -12   -2    9   -4   18  -20   -4   16   -2   12    8  -13   11   -5    3    9    9   -9
    1    8    6    1    2    4    2    1       783  -11   13  -15   17  -13   -1  -15   12   -3   -2   13    2    4    9   10    1  -23   -4
    1    8    7    1    3    5    3    1       761  -14   -1    3   -1   15  -11   -1   11   -2    9    2  -10   10   -2   -7   10    8   -9
    1    8    8    1    1    4    1    1      1548   -4    1   10   -5    0    9   -6   11    5   -7  -16   -1   -7  -15    6   11   -7  -12
    1    8    9    1    2    1    2    1       568  -12   14  -17   17  -16    0  -15   13   -8  -12   13    0    1    5    9    3  -15   -2
    1    8   10    1    1    1    2    0       779   -7   11    9   -5    1   11   -1    8    7   -3  -12   -8   -8  -16    7   10   -7  -11
    1    8   11    1    3    3    2    0       566  -15   -2    8   -1    4  -10   -4   16    2    7    6  -12   12   -5   -7    7   11   -9
    1    8   12    1    2    2    2    1      1728  -14   16  -17   15   -9    3  -16   10   -5   -4   10    1    7    3    5   -2  -13   -5
    1    8   13    1    1    5    2    0       365  -11    7   17    6   -1    9   -1   15    1   -9  -11   -5  -10  -18    6   15   -7  -20
    1    8   14    1    1    3    1    1       504   -6   10    7   -5    0   16   -2   14    4   -8  -10   -5   -9  -15    7    9   -1   -1
    1    8   15    1    1    2    1    1       726   -6   10   10   -5    2    8   -2   14    1   -6   -4   -5   -1  -25    4   10   -5  -14
    1    9    1    1    1    1    1    1      5530   -7   11    9   -5    1   11   -1    8    7   -3  -12   -8   -8  -16    7   10   -7  -11
    1    9    2    1    1    3    1    1      5783   -6   10    7   -5    0   16   -2   14    4   -8  -10   -5   -9  -15    7    9   -1   -1
    1    9    3    1    2    3    2    1      7625  -13   16  -10   19  -15   -2  -13   12   -5   -2   12    3    3    6   10    2  -16   -4
    1    9    4    1    3    4    3    1      3778  -12   -2    9   -4   18  -20   -4   16   -2   12    8  -13   11   -5    3    9    9   -9
    1    9    5    1    3    5    2    0       844  -14   -1    3   -1   15  -11   -1   11   -2    9    2  -10   10   -2   -7   10    8   -9
    1    9    6    1    1    4    1    1       580   -4    1   10   -5    0    9   -6   11    5   -7  -16   -1   -7  -15    6   11   -7  -12
    1    9    7    1    3    2    3    1      4711  -14    0    8   -2    9  -12   -7   16   -5   10    5  -12   13   -5   -2   10    8  -10
    1    9    8    1    2    1    1    0      1100  -12   14  -17   17  -16    0  -15   13   -8  -12   13    0    1    5    9    3  -15   -2
    1    9    9    1    1    5    1    1      1026  -11    7   17    6   -1    9   -1   15    1   -9  -11   -5  -10  -18    6   15   -7  -20
    1    9   10    1    2    5    2    1       858  -20   23  -14   18   -9    0   -9   12   -6   -4    8   11    1    7   11    0  -16   -2
    1    9   11    1    3    3    3    1       729  -15   -2    8   -1    4  -10   -4   16    2    7    6  -12   12   -5   -7    7   11   -9
    1    9   12    1    2    2    2    1       862  -14   16  -17   15   -9    3  -16   10   -5   -4   10    1    7    3    5   -2  -13   -5
    1    9   13    1    2    4    1    0       925  -11   13  -15   17  -13   -1  -15   12   -3   -2   13    2    4    9   10    1  -23   -4
    1    9   14    1    1    2    1    1       930   -6   10   10   -5    2    8   -2   14    1   -6   -4   -5   -1  -25    4   10   -5  -14
    1    9   15    1    3    1    3    1       382  -13    0    5    0   14  -11   -4   18   -2   12    4  -10   10   -5   -6   11    7   -9
    1   10    1    1    2    2    2    1       392  -14   16  -17   15   -9    3  -16   10   -5   -4   10    1    7    3    5   -2  -13   -5
    1   10    2    1    3    3    3    1       530  -15   -2    8   -1    4  -10   -4   16    2    7    6  -12   12   -5   -7    7   11   -9
    1   10    3    1    2    5    2    1       535  -20   23  -14   18   -9    0   -9   12   -6   -4    8   11    1    7   11    0  -16   -2
    1   10    4    1    3    5    3    1       563  -14   -1    3   -1   15  -11   -1   11   -2    9    2  -10   10   -2   -7   10    8   -9
    1   10    5    1    3    1    3    1       382  -13    0    5    0   14  -11   -4   18   -2   12    4  -10   10   -5   -6   11    7   -9
    1   10    6    1    1    1    3    0       416   -7   11    9   -5    1   11   -1    8    7   -3  -12   -8   -8  -16    7   10   -7  -11
    1   10    7    1    3    2    3    1       433  -14    0    8   -2    9  -12   -7   16   -5   10    5  -12   13   -5   -2   10    8  -10
    1   10    8    1    2    4    2    1       809  -11   13  -15   17  -13   -1  -15   12   -3   -2   13    2    4    9   10    1  -23   -4
    1   10    9    1    1    2    1    1      8066   -6   10   10   -5    2    8   -2   14    1   -6   -4   -5   -1  -25    4   10   -5  -14
    1   10   10    1    1    3    1    1      1537   -6   10    7   -5    0   16   -2   14    4   -8  -10   -5   -9  -15    7    9   -1   -1
    1   10   11    1    2    3    2    1       941  -13   16  -10   19  -15   -2  -13   12   -5   -2   12    3    3    6   10    2  -16   -4
    1   10   12    1    2    1    2    1       993  -12   14  -17   17  -16    0  -15   13   -8  -12   13    0    1    5    9    3  -15   -2
    1   10   13    1    1    5    1    1       867  -11    7   17    6   -1    9   -1   15    1   -9  -11   -5  -10  -18    6   15   -7  -20
    1   10   14    1    1    4    2    0       594   -4    1   10   -5    0    9   -6   11    5   -7  -16   -1   -7  -15    6   11   -7  -12
    1   10   15    1    3    4    3    1       108  -12   -2    9   -4   18  -20   -4   16   -2   12    8  -13   11   -5    3    9    9   -9
    1   11    1    1    3    4    3    1       425  -12   -2    9   -4   18  -20   -4   16   -2   12    8  -13   11   -5    3    9    9   -9
    1   11    2    1    2    4    1    0       458  -11   13  -15   17  -13   -1  -15   12   -3   -2   13    2    4    9   10    1  -23   -4
    1   11    3    1    1    1    2    0       569   -7   11    9   -5    1   11   -1    8    7   -3  -12   -8   -8  -16    7   10   -7  -11
    1   11    4    1    2    1    2    1       724  -12   14  -17   17  -16    0  -15   13   -8  -12   13    0    1    5    9    3  -15   -2
    1   11    5    1    1    4    1    1      1464   -4    1   10   -5    0    9   -6   11    5   -7  -16   -1   -7  -15    6   11   -7  -12
    1   11    6    1    2    3    3    0      2447  -13   16  -10   19  -15   -2  -13   12   -5   -2   12    3    3    6   10    2  -16   -4
    1   11    7    1    3    2    3    1      1016  -14    0    8   -2    9  -12   -7   16   -5   10    5  -12   13   -5   -2   10    8  -10
    1   11    8    1    3    3    3    1      1032  -15   -2    8   -1    4  -10   -4   16    2    7    6  -12   12   -5   -7    7   11   -9
    1   11    9    1    2    5    2    1      1120  -20   23  -14   18   -9    0   -9   12   -6   -4    8   11    1    7   11    0  -16   -2
    1   11   10    1    1    3    1    1       773   -6   10    7   -5    0   16   -2   14    4   -8  -10   -5   -9  -15    7    9   -1   -1
    1   11   11    1    3    1    1    0      1399  -13    0    5    0   14  -11   -4   18   -2   12    4  -10   10   -5   -6   11    7   -9
    1   11   12    1    3    5    1    0       881  -14   -1    3   -1   15  -11   -1   11   -2    9    2  -10   10   -2   -7   10    8   -9
    1   11   13    1    1    5    1    1        47  -11    7   17    6   -1    9   -1   15    1   -9  -11   -5  -10  -18    6   15   -7  -20
    1   11   14    1    2    2    1    0       144  -14   16  -17   15   -9    3  -16   10   -5   -4   10    1    7    3    5   -2  -13   -5
    1   11   15    1    1    2    1    1       684   -6   10   10   -5    2    8   -2   14    1   -6   -4   -5   -1  -25    4   10   -5  -14
    1   12    1    1    1    2    1    1      2065   -6   10   10   -5    2    8   -2   14    1   -6   -4   -5   -1  -25    4   10   -5  -14
    1   12    2    1    1    1    2    0      1368   -7   11    9   -5    1   11   -1    8    7   -3  -12   -8   -8  -16    7   10   -7  -11
    1   12    3    1    1    5    1    1      1379  -11    7   17    6   -1    9   -1   15    1   -9  -11   -5  -10  -18    6   15   -7  -20
    1   12    4    1    3    3    2    0      1422  -15   -2    8   -1    4  -10   -4   16    2    7    6  -12   12   -5   -7    7   11   -9
    1   12    5    1    3    5    3    1      3974  -14   -1    3   -1   15  -11   -1   11   -2    9    2  -10   10   -2   -7   10    8   -9
    1   12    6    1    3    2    3    1       537  -14    0    8   -2    9  -12   -7   16   -5   10    5  -12   13   -5   -2   10    8  -10
    1   12    7    1    2    1    2    1       589  -12   14  -17   17  -16    0  -15   13   -8  -12   13    0    1    5    9    3  -15   -2
    1   12    8    1    2    3    2    1      1103  -13   16  -10   19  -15   -2  -13   12   -5   -2   12    3    3    6   10    2  -16   -4
    1   12    9    1    1    3    1    1       836   -6   10    7   -5    0   16   -2   14    4   -8  -10   -5   -9  -15    7    9   -1   -1
    1   12   10    1    3    4    3    1      1860  -12   -2    9   -4   18  -20   -4   16   -2   12    8  -13   11   -5    3    9    9   -9
    1   12   11    1    3    1    2    0      1108  -13    0    5    0   14  -11   -4   18   -2   12    4  -10   10   -5   -6   11    7   -9
    1   12   12    1    2    4    2    1      2177  -11   13  -15   17  -13   -1  -15   12   -3   -2   13    2    4    9   10    1  -23   -4
    1   12   13    1    1    4    2    0       483   -4    1   10   -5    0    9   -6   11    5   -7  -16   -1   -7  -15    6   11   -7  -12
    1   12   14    1    2    5    2    1      1314  -20   23  -14   18   -9    0   -9   12   -6   -4    8   11    1    7   11    0  -16   -2
    1   12   15    1    2    2    2    1      1951  -14   16  -17   15   -9    3  -16   10   -5   -4   10    1    7    3    5   -2  -13   -5
    1   13    1    1    3    5    3    1      1074  -14   -1    3   -1   15  -11   -1   11   -2    9    2  -10   10   -2   -7   10    8   -9
    1   13    2    1    1    5    1    1       673  -11    7   17    6   -1    9   -1   15    1   -9  -11   -5  -10  -18    6   15   -7  -20
    1   13    3    1    3    1    3    1       583  -13    0    5    0   14  -11   -4   18   -2   12    4  -10   10   -5   -6   11    7   -9
    1   13    4    1    2    1    1    0       786  -12   14  -17   17  -16    0  -15   13   -8  -12   13    0    1    5    9    3  -15   -2
    1   13    5    1    2    3    2    1       691  -13   16  -10   19  -15   -2  -13   12   -5   -2   12    3    3    6   10    2  -16   -4
    1   13    6    1    1    1    2    0      2026   -7   11    9   -5    1   11   -1    8    7   -3  -12   -8   -8  -16    7   10   -7  -11
    1   13    7    1    3    2    3    1       778  -14    0    8   -2    9  -12   -7   16   -5   10    5  -12   13   -5   -2   10    8  -10
    1   13    8    1    1    3    3    0      2589   -6   10    7   -5    0   16   -2   14    4   -8  -10   -5   -9  -15    7    9   -1   -1
    1   13    9    1    1    4    1    1      2015   -4    1   10   -5    0    9   -6   11    5   -7  -16   -1   -7  -15    6   11   -7  -12
    1   13   10    1    3    4    3    1      4376  -12   -2    9   -4   18  -20   -4   16   -2   12    8  -13   11   -5    3    9    9   -9
    1   13   11    1    3    3    3    1       459  -15   -2    8   -1    4  -10   -4   16    2    7    6  -12   12   -5   -7    7   11   -9
    1   13   12    1    2    2    2    1       618  -14   16  -17   15   -9    3  -16   10   -5   -4   10    1    7    3    5   -2  -13   -5
    1   13   13    1    2    5    1    0      3875  -20   23  -14   18   -9    0   -9   12   -6   -4    8   11    1    7   11    0  -16   -2
    1   13   14    1    2    4    2    1         0  -11   13  -15   17  -13   -1  -15   12   -3   -2   13    2    4    9   10    1  -23   -4
    1   13   15    1    1    2    2    0       379   -6   10   10   -5    2    8   -2   14    1   -6   -4   -5   -1  -25    4   10   -5  -14
    1   14    1    1    2    3    2    1       518  -13   16  -10   19  -15   -2  -13   12   -5   -2   12    3    3    6   10    2  -16   -4
    1   14    2    1    2    2    2    1       946  -14   16  -17   15   -9    3  -16   10   -5   -4   10    1    7    3    5   -2  -13   -5
    1   14    3    1    1    5    1    1       598  -11    7   17    6   -1    9   -1   15    1   -9  -11   -5  -10  -18    6   15   -7  -20
    1   14    4    1    2    5    3    0       424  -20   23  -14   18   -9    0   -9   12   -6   -4    8   11    1    7   11    0  -16   -2
    1   14    5    1    1    4    1    1       833   -4    1   10   -5    0    9   -6   11    5   -7  -16   -1   -7  -15    6   11   -7  -12
    1   14    6    1    2    4    2    1       521  -11   13  -15   17  -13   -1  -15   12   -3   -2   13    2    4    9   10    1  -23   -4
    1   14    7    1    3    4    3    1       789  -12   -2    9   -4   18  -20   -4   16   -2   12    8  -13   11   -5    3    9    9   -9
    1   14    8    1    1    1    1    1       679   -7   11    9   -5    1   11   -1    8    7   -3  -12   -8   -8  -16    7   10   -7  -11
    1   14    9    1    1    3    1    1       654   -6   10    7   -5    0   16   -2   14    4   -8  -10   -5   -9  -15    7    9   -1   -1
    1   14   10    1    1    2    1    1       661   -6   10   10   -5    2    8   -2   14    1   -6   -4   -5   -1  -25    4   10   -5  -14
    1   14   11    1    2    1    2    1       621  -12   14  -17   17  -16    0  -15   13   -8  -12   13    0    1    5    9    3  -15   -2
    1   14   12    1    3    3    3    1       445  -15   -2    8   -1    4  -10   -4   16    2    7    6  -12   12   -5   -7    7   11   -9
    1   14   13    1    3    2    3    1       877  -14    0    8   -2    9  -12   -7   16   -5   10    5  -12   13   -5   -2   10    8  -10
    1   14   14    1    3    5    3    1       764  -14   -1    3   -1   15  -11   -1   11   -2    9    2  -10   10   -2   -7   10    8   -9
    1   14   15    1    3    1    3    1       679  -13    0    5    0   14  -11   -4   18   -2   12    4  -10   10   -5   -6   11    7   -9
    1   15    1    1    3    5    3    1       846  -14   -1    3   -1   15  -11   -1   11   -2    9    2  -10   10   -2   -7   10    8   -9
    1   15    2    1    1    4    1    1      2270   -4    1   10   -5    0    9   -6   11    5   -7  -16   -1   -7  -15    6   11   -7  -12
    1   15    3    1    1    5    1    1      1381  -11    7   17    6   -1    9   -1   15    1   -9  -11   -5  -10  -18    6   15   -7  -20
    1   15    4    1    2    3    3    0      3983  -13   16  -10   19  -15   -2  -13   12   -5   -2   12    3    3    6   10    2  -16   -4
    1   15    5    1    3    3    1    0       898  -15   -2    8   -1    4  -10   -4   16    2    7    6  -12   12   -5   -7    7   11   -9
    1   15    6    1    3    1    2    0       567  -13    0    5    0   14  -11   -4   18   -2   12    4  -10   10   -5   -6   11    7   -9
    1   15    7    1    1    2    2    0        66   -6   10   10   -5    2    8   -2   14    1   -6   -4   -5   -1  -25    4   10   -5  -14
    1   15    8    1    1    1    2    0        33   -7   11    9   -5    1   11   -1    8    7   -3  -12   -8   -8  -16    7   10   -7  -11
    1   15    9    1    2    5    1    0        49  -20   23  -14   18   -9    0   -9   12   -6   -4    8   11    1    7   11    0  -16   -2
    1   15   10    1    1    3    2    0       296   -6   10    7   -5    0   16   -2   14    4   -8  -10   -5   -9  -15    7    9   -1   -1
    1   15   11    1    2    4    2    1         0  -11   13  -15   17  -13   -1  -15   12   -3   -2   13    2    4    9   10    1  -23   -4
    1   15   12    1    2    2    2    1       832  -14   16  -17   15   -9    3  -16   10   -5   -4   10    1    7    3    5   -2  -13   -5
    1   15   13    1    2    1    2    1       616  -12   14  -17   17  -16    0  -15   13   -8  -12   13    0    1    5    9    3  -15   -2
    1   15   14    1    3    2    3    1       849  -14    0    8   -2    9  -12   -7   16   -5   10    5  -12   13   -5   -2   10    8  -10
    1   15   15    1    3    4    1    0       400  -12   -2    9   -4   18  -20   -4   16   -2   12    8  -13   11   -5    3    9    9   -9
    2    1    1    1    2    1    1    1      1623  -12   14  -17   17  -16    0  -15   13   -8  -12   13    0    1    5    9    3  -15   -2
    2    1    2    1    3    5    2    0      1704  -14   -1    3   -1   15  -11   -1   11   -2    9    2  -10   10   -2   -7   10    8   -9
    2    1    3    4    3    1    2    1      1149  -15    1    6    0   14  -13   -5   15   -3   11    2  -11   13   -6   -7    9    8   -9
    2    1    4    4    3    5    1    0       808   -8   -8    5   -2   16  -14   -4   17   -4   10    5  -11   11   -5  -10    4    6   -6
    2    1    5    6    0    0    2    1      2610   -5   -7    8   -2   15   -2   10   11  -11  -11   -1   -2   -8    0   -1   11   13    6
    2    1    6    4    2    3    2    1      1355   -7   18  -15   17  -14    0  -13   12   -3   -9   13    3    1    7    7    0  -14    4
    2    1    7    2    1    0    1    0      2326   -6   11    9   -4    1    9   -3   12    3   -8  -11   -6   -8  -15    6   10   -8  -11
    2    1    8    1    1    5    1    1      1619  -11    7   17    6   -1    9   -1   15    1   -9  -11   -5  -10  -18    6   15   -7  -20
    2    1    9    4    1    1    1    0      4468   -5   13    9   -5   -1    9    7   10    5   -9  -12   -5   -8  -14    6   12  -10  -11
    2    1   10    1    2    2    1    1      2002  -14   16  -17   15   -9    3  -16   10   -5   -4   10    1    7    3    5   -2  -13   -5
    2    1   11    1    2    5    2    0      6540  -20   23  -14   18   -9    0   -9   12   -6   -4    8   11    1    7   11    0  -16   -2
    2    1   12    1    1    4    2    0      1624   -4    1   10   -5    0    9   -6   11    5   -7  -16   -1   -7  -15    6   11   -7  -12
    2    1   13    1    1    1    2    0     12624   -7   11    9   -5    1   11   -1    8    7   -3  -12   -8   -8  -16    7   10   -7  -11
    2    1   14    6    0    0    2    1      2185   12    4  -13    3   -1   12   -5   -7   12   16  -11    0   -7  -16    5   14   -4   -2
    2    1   15    1    3    4    1    1      1403  -12   -2    9   -4   18  -20   -4   16   -2   12    8  -13   11   -5    3    9    9   -9
    2    1   16    1    1    3    2    0      1292   -6   10    7   -5    0   16   -2   14    4   -8  -10   -5   -9  -15    7    9   -1   -1
    2    1   17    4    3    4    2    1       874  -15    0    5    0   13  -11   -3   17    5    8    2   -9   10   -4   -5    8    9  -14
    2    1   18    4    1    4    2    1       753   -5   13    8   -6    0    9   -2   11   -1  -10  -11   -7   -9  -14    7    9  -10   -9
    2    1   19    1    3    3    2    0       636  -15   -2    8   -1    4  -10   -4   16    2    7    6  -12   12   -5   -7    7   11   -9
    2    1   20    1    3    2    2    0       620  -14    0    8   -2    9  -12   -7   16   -5   10    5  -12   13   -5   -2   10    8  -10
    2    1   21    1    2    3    1    1      1445  -13   16  -10   19  -15   -2  -13   12   -5   -2   12    3    3    6   10    2  -16   -4
    2    1   22    6    0    0    2    1      1597    4   -3   -6   -9    5   -1    3  -12    0  -15   -6  -12    0    0  -14   -7   -1    4
    2    1   23    4    2    2    2    1      1247  -11   13  -17   15  -13    0   -7   22   -4   -3   11    1   -3    3    8    3  -13   -4
    2    1   24    1    1    2    1    1      1319   -6   10   10   -5    2    8   -2   14    1   -6   -4   -5   -1  -25    4   10   -5  -14
    2    1   25    2    2    0    1    0      1587  -13   15  -15   16  -14   -1  -14   12   -4   -4   12    2    1    6    9    2  -14   -4
    2    1   26    1    3    1    2    0      1357  -13    0    5    0   14  -11   -4   18   -2   12    4  -10   10   -5   -6   11    7   -9
    2    1   27    4    1    3    1    0      1681   -8   12    9   -3    1    8   -5   11    2   -9  -13   -4   -9  -16    8    9  -10  -12
    2    1   28    4    1    2    2    1      1703   -1   15    3   -3    3    7   -8    2    4   -9  -12   -7  -10  -15    7   12   -3  -13
    2    1   29    6    0    0    1    0       941    5    0   -6  -11   13    4    2  -10    0  -14   -4  -14   -9    2  -15   -8    0    4
    2    1   30    4    2    1    2    1      2529   -8   12  -15   14  -14    0  -18   16   -1  -10   11    1    0    5   14    6  -14   -5
    2    1   31    2    3    0    1    0      5533  -13   -1    7   -1   14  -12   -5   16   -3   10    4  -11   11   -4   -6    9    7   -8
    2    1   32    4    2    4    2    1      1553  -12   17  -15   17  -12   -2  -13   10   -4   -5   11    2   -5    8    7    3  -13   -5
    2    1   33    4    3    2    1    0      5389  -11  -10    8    0   14  -14   -4   15   -2    9    3  -12   11   -5   -5    8    8   -8
    2    1   34    4    1    5    1    0       407   -2    7    8   -5    1    8   -3   13    3   -9  -12   -6   -3  -14    5   10   -8  -13
    2    1   35    1    2    4    1    1       328  -11   13  -15   17  -13   -1  -15   12   -3   -2   13    2    4    9   10    1  -23   -4
    2    1   36    6    0    0    1    0         0   -5   -7    0    7   10    1   12    8  -11  -11    2    9   -7   -3   -7   13   12   -3
    2    1   37    4    2    5    1    0       718  -16   12  -14   16  -15   -3  -16    8  -12  -13   13    1    0    6   19    5   -7  -14
    2    1   38    6    0    0    2    1      2347   14    3   -8    6   -3   24  -14   -9   12   16  -10   -2   -6  -15    4   14   -5   -1
    2    1   39    4    3    3    2    1       967  -12   -1    6   -4   19  -13   -7   15   -4   12    5  -11   11    0   -7    5    5   -6
