    1    1    1    1    3    4    1    0      7855   16   -7   15   -2    8    3   -3   13    0    2   11   -5   -8    8  -11  -14    6  -16
    1    1    2    1    3    1    1    0      2075   12   -6   14    0    7    3    3   14    1    1   11   -4   -2    5  -17  -24    7  -14
    1    1    3    1    3    5    2    0      2874   15    5   13   -1    9    2   -2   15    2    0   17   -3   -5    7  -10  -13    9  -15
    1    1    4    1    1    5    1    1      3113    5   -7  -12   14   10   -5    8   -9  -16   17   -7  -16   -6   14  -10    2    9  -14
    1    1    5    1    2    2    2    1      2461    5    1  -15   15   15   12   -3   16   -9   14    5   12  -15    3   11  -11    4   14
    1    1    6    1    3    3    3    1      1069   18  -10   13   -1    9    2   -2    9    2    1   11   -3   -7    3  -10  -15   10  -14
    1    1    7    1    2    3    2    1      1683    4    2  -14   12   14   13   -1   17  -10   14    7    8  -14    0   11  -11   -3    6
    1    1    8    1    2    1    3    0      2049    2    0  -12   16   13   11    3   10  -10   14    7   12  -14    3   13  -11   -9    5
    1    1    9    1    2    5    2    1       672    5   -1  -12   10   15   13    1   12   -7   16    9    8  -16   -1   10  -13  -14    6
    1    1   10    1    1    2    1    1       903    3   -7  -21   23    5   -6   -2    1   -2   20   -8  -14  -10   13   -5    2    8  -12
    1    1   11    1    1    3    1    1      1733    1  -12  -12   16    6   -4    9   -7   -7   15   -7  -14   -8   11   -9    2    8  -14
    1    1   12    1    1    1    1    1      1088    3   -8  -11   13    5   -4    9   -5    3    9   -4  -19  -10   15  -11   -2   11   -9
    1    1   13    1    2    4    2    1      1078    6    0  -18   16   16    9   -3   18  -12   15   10    7   -8   -7   13  -13   -4    5
    1    1   14    1    1    4    2    0      2237    3   -7  -13    9    8   -4    6   -5    3   16   -5  -16  -11   10  -18   -1    9  -11
    1    1   15    1    3    2    3    1      1525   15   -6   14    0    8    1   -2   10    1    0   13   -2   -4    6  -11  -14    8  -16
    1    2    1    1    1    1    1    1      1146    3   -8  -11   13    5   -4    9   -5    3    9   -4  -19  -10   15  -11   -2   11   -9
    1    2    2    1    2    3    2    1      2637    4    2  -14   12   14   13   -1   17  -10   14    7    8  -14    0   11  -11   -3    6
    1    2    3    1    1    5    1    1      1557    5   -7  -12   14   10   -5    8   -9  -16   17   -7  -16   -6   14  -10    2    9  -14
    1    2    4    1    1    4    1    1       793    3   -7  -13    9    8   -4    6   -5    3   16   -5  -16  -11   10  -18   -1    9  -11
    1    2    5    1    3    2    3    1      1338   15   -6   14    0    8    1   -2   10    1    0   13   -2   -4    6  -11  -14    8  -16
    1    2    6    1    2    4    2    1      1111    6    0  -18   16   16    9   -3   18  -12   15   10    7   -8   -7   13  -13   -4    5
    1    2    7    1    2    5    2    1      1196    5   -1  -12   10   15   13    1   12   -7   16    9    8  -16   -1   10  -13  -14    6
    1    2    8    1    3    3    3    1      1022   18  -10   13   -1    9    2   -2    9    2    1   11   -3   -7    3  -10  -15   10  -14
    1    2    9    1    2    1    2    1       790    2    0  -12   16   13   11    3   10  -10   14    7   12  -14    3   13  -11   -9    5
    1    2   10    1    3    4    3    1      1336   16   -7   15   -2    8    3   -3   13    0    2   11   -5   -8    8  -11  -14    6  -16
    1    2   11    1    1    3    1    1      1204    1  -12  -12   16    6   -4    9   -7   -7   15   -7  -14   -8   11   -9    2    8  -14
    1    2   12    1    3    1    3    1      3414   12   -6   14    0    7    3    3   14    1    1   11   -4   -2    5  -17  -24    7  -14
    1    2   13    1    3    5    3    1       750   15    5   13   -1    9    2   -2   15    2    0   17   -3   -5    7  -10  -13    9  -15
    1    2   14    1    1    2    1    1       689    3   -7  -21   23    5   -6   -2    1   -2   20   -8  -14  -10   13   -5    2    8  -12
    1    2   15    1    2    2    2    1       744    5    1  -15   15   15   12   -3   16   -9   14    5   12  -15    3   11  -11    4   14
    1    3    1    1    2    2    2    1       636    5    1  -15   15   15   12   -3   16   -9   14    5   12  -15    3   11  -11    4   14
    1    3    2    1    1    3    1    1       660    1  -12  -12   16    6   -4    9   -7   -7   15   -7  -14   -8   11   -9    2    8  -14
    1    3    3    1    2    5    2    1      1099    5   -1  -12   10   15   13    1   12   -7   16    9    8  -16   -1   10  -13  -14    6
    1    3    4    1    2    4    2    1       992    6    0  -18   16   16    9   -3   18  -12   15   10    7   -8   -7   13  -13   -4    5
    1    3    5    1    2    3    2    1      1786    4    2  -14   12   14   13   -1   17  -10   14    7    8  -14    0   11  -11   -3    6
    1    3    6    1    3    5    3    1      1012   15    5   13   -1    9    2   -2   15    2    0   17   -3   -5    7  -10  -13    9  -15
    1    3    7    1    3    2    3    1      1453   15   -6   14    0    8    1   -2   10    1    0   13   -2   -4    6  -11  -14    8  -16
    1    3    8    1    1    1    1    1       628    3   -8  -11   13    5   -4    9   -5    3    9   -4  -19  -10   15  -11   -2   11   -9
    1    3    9    1    3    1    3    1      1437   12   -6   14    0    7    3    3   14    1    1   11   -4   -2    5  -17  -24    7  -14
    1    3   10    1    2    1    2    1       773    2    0  -12   16   13   11    3   10  -10   14    7   12  -14    3   13  -11   -9    5
    1    3   11    1    1    2    1    1       568    3   -7  -21   23    5   -6   -2    1   -2   20   -8  -14  -10   13   -5    2    8  -12
    1    3   12    1    3    4    3    1       786   16   -7   15   -2    8    3   -3   13    0    2   11   -5   -8    8  -11  -14    6  -16
    1    3   13    1    3    3    3    1       516   18  -10   13   -1    9    2   -2    9    2    1   11   -3   -7    3  -10  -15   10  -14
    1    3   14    1    1    4    1    1       561    3   -7  -13    9    8   -4    6   -5    3   16   -5  -16  -11   10  -18   -1    9  -11
    1    3   15    1    1    5    1    1       636    5   -7  -12   14   10   -5    8   -9  -16   17   -7  -16   -6   14  -10    2    9  -14
    1    4    1    1    2    4    2    1      1140    6    0  -18   16   16    9   -3   18  -12   15   10    7   -8   -7   13  -13   -4    5
    1    4    2    1    1    3    1    1       536    1  -12  -12   16    6   -4    9   -7   -7   15   -7  -14   -8   11   -9    2    8  -14
    1    4    3    1    1    5    1    1       628    5   -7  -12   14   10   -5    8   -9  -16   17   -7  -16   -6   14  -10    2    9  -14
    1    4    4    1    3    4    3    1       621   16   -7   15   -2    8    3   -3   13    0    2   11   -5   -8    8  -11  -14    6  -16
    1    4    5    1    2    3    2    1       549    4    2  -14   12   14   13   -1   17  -10   14    7    8  -14    0   11  -11   -3    6
    1    4    6    1    2    1    2    1       656    2    0  -12   16   13   11    3   10  -10   14    7   12  -14    3   13  -11   -9    5
    1    4    7    1    1    2    1    1       599    3   -7  -21   23    5   -6   -2    1   -2   20   -8  -14  -10   13   -5    2    8  -12
    1    4    8    1    3    1    3    1       737   12   -6   14    0    7    3    3   14    1    1   11   -4   -2    5  -17  -24    7  -14
    1    4    9    1    3    2    3    1       581   15   -6   14    0    8    1   -2   10    1    0   13   -2   -4    6  -11  -14    8  -16
    1    4   10    1    1    1    1    1       590    3   -8  -11   13    5   -4    9   -5    3    9   -4  -19  -10   15  -11   -2   11   -9
    1    4   11    1    2    2    2    1       777    5    1  -15   15   15   12   -3   16   -9   14    5   12  -15    3   11  -11    4   14
    1    4   12    1    1    4    1    1       587    3   -7  -13    9    8   -4    6   -5    3   16   -5  -16  -11   10  -18   -1    9  -11
    1    4   13    1    2    5    2    1       581    5   -1  -12   10   15   13    1   12   -7   16    9    8  -16   -1   10  -13  -14    6
    1    4   14    1    3    5    3    1      1215   15    5   13   -1    9    2   -2   15    2    0   17   -3   -5    7  -10  -13    9  -15
    1    4   15    1    3    3    3    1       816   18  -10   13   -1    9    2   -2    9    2    1   11   -3   -7    3  -10  -15   10  -14
    1    5    1    1    2    1    2    1       817    2    0  -12   16   13   11    3   10  -10   14    7   12  -14    3   13  -11   -9    5
    1    5    2    1    2    2    2    1      1217    5    1  -15   15   15   12   -3   16   -9   14    5   12  -15    3   11  -11    4   14
    1    5    3    1    3    5    3    1      1553   15    5   13   -1    9    2   -2   15    2    0   17   -3   -5    7  -10  -13    9  -15
    1    5    4    1    3    2    3    1       613   15   -6   14    0    8    1   -2   10    1    0   13   -2   -4    6  -11  -14    8  -16
    1    5    5    1    2    4    2    1       653    6    0  -18   16   16    9   -3   18  -12   15   10    7   -8   -7   13  -13   -4    5
    1    5    6    1    3    3    3    1       613   18  -10   13   -1    9    2   -2    9    2    1   11   -3   -7    3  -10  -15   10  -14
    1    5    7    1    1    3    1    1       542    1  -12  -12   16    6   -4    9   -7   -7   15   -7  -14   -8   11   -9    2    8  -14
    1    5    8    1    1    5    1    1       922    5   -7  -12   14   10   -5    8   -9  -16   17   -7  -16   -6   14  -10    2    9  -14
    1    5    9    1    1    2    1    1      1175    3   -7  -21   23    5   -6   -2    1   -2   20   -8  -14  -10   13   -5    2    8  -12
    1    5   10    1    2    3    2    1       617    4    2  -14   12   14   13   -1   17  -10   14    7    8  -14    0   11  -11   -3    6
    1    5   11    1    1    4    1    1       994    3   -7  -13    9    8   -4    6   -5    3   16   -5  -16  -11   10  -18   -1    9  -11
    1    5   12    1    1    1    1    1       972    3   -8  -11   13    5   -4    9   -5    3    9   -4  -19  -10   15  -11   -2   11   -9
    1    5   13    1    3    4    3    1       822   16   -7   15   -2    8    3   -3   13    0    2   11   -5   -8    8  -11  -14    6  -16
    1    5   14    1    2    5    2    1      1078    5   -1  -12   10   15   13    1   12   -7   16    9    8  -16   -1   10  -13  -14    6
    1    5   15    1    3    1    3    1       701   12   -6   14    0    7    3    3   14    1    1   11   -4   -2    5  -17  -24    7  -14
    1    6    1    1    3    5    3    1       770   15    5   13   -1    9    2   -2   15    2    0   17   -3   -5    7  -10  -13    9  -15
    1    6    2    1    2    4    2    1       645    6    0  -18   16   16    9   -3   18  -12   15   10    7   -8   -7   13  -13   -4    5
    1    6    3    1    2    5    2    1       749    5   -1  -12   10   15   13    1   12   -7   16    9    8  -16   -1   10  -13  -14    6
    1    6    4    1    1    1    1    1       579    3   -8  -11   13    5   -4    9   -5    3    9   -4  -19  -10   15  -11   -2   11   -9
    1    6    5    1    2    2    2    1      1066    5    1  -15   15   15   12   -3   16   -9   14    5   12  -15    3   11  -11    4   14
    1    6    6    1    2    3    2    1       577    4    2  -14   12   14   13   -1   17  -10   14    7    8  -14    0   11  -11   -3    6
    1    6    7    1    2    1    2    1       699    2    0  -12   16   13   11    3   10  -10   14    7   12  -14    3   13  -11   -9    5
    1    6    8    1    1    5    1    1       561    5   -7  -12   14   10   -5    8   -9  -16   17   -7  -16   -6   14  -10    2    9  -14
    1    6    9    1    3    4    3    1       556   16   -7   15   -2    8    3   -3   13    0    2   11   -5   -8    8  -11  -14    6  -16
    1    6   10    1    1    4    1    1       679    3   -7  -13    9    8   -4    6   -5    3   16   -5  -16  -11   10  -18   -1    9  -11
    1    6   11    1    1    2    1    1       782    3   -7  -21   23    5   -6   -2    1   -2   20   -8  -14  -10   13   -5    2    8  -12
    1    6   12    1    1    3    1    1       608    1  -12  -12   16    6   -4    9   -7   -7   15   -7  -14   -8   11   -9    2    8  -14
    1    6   13    1    3    3    3    1       569   18  -10   13   -1    9    2   -2    9    2    1   11   -3   -7    3  -10  -15   10  -14
    1    6   14    1    3    2    3    1       580   15   -6   14    0    8    1   -2   10    1    0   13   -2   -4    6  -11  -14    8  -16
    1    6   15    1    3    1    3    1       622   12   -6   14    0    7    3    3   14    1    1   11   -4   -2    5  -17  -24    7  -14
    1    7    1    1    3    2    3    1       630   15   -6   14    0    8    1   -2   10    1    0   13   -2   -4    6  -11  -14    8  -16
    1    7    2    1    2    1    2    1       734    2    0  -12   16   13   11    3   10  -10   14    7   12  -14    3   13  -11   -9    5
    1    7    3    1    2    5    2    1       722    5   -1  -12   10   15   13    1   12   -7   16    9    8  -16   -1   10  -13  -14    6
    1    7    4    1    2    4    2    1      1879    6    0  -18   16   16    9   -3   18  -12   15   10    7   -8   -7   13  -13   -4    5
    1    7    5    1    3    5    3    1       526   15    5   13   -1    9    2   -2   15    2    0   17   -3   -5    7  -10  -13    9  -15
    1    7    6    1    2    2    2    1      1306    5    1  -15   15   15   12   -3   16   -9   14    5   12  -15    3   11  -11    4   14
    1    7    7    1    1    2    1    1       647    3   -7  -21   23    5   -6   -2    1   -2   20   -8  -14  -10   13   -5    2    8  -12
    1    7    8    1    3    3    3    1       591   18  -10   13   -1    9    2   -2    9    2    1   11   -3   -7    3  -10  -15   10  -14
    1    7    9    1    1    4    1    1       649    3   -7  -13    9    8   -4    6   -5    3   16   -5  -16  -11   10  -18   -1    9  -11
    1    7   10    1    3    1    3    1       832   12   -6   14    0    7    3    3   14    1    1   11   -4   -2    5  -17  -24    7  -14
    1    7   11    1    1    5    1    1       720    5   -7  -12   14   10   -5    8   -9  -16   17   -7  -16   -6   14  -10    2    9  -14
    1    7   12    1    2    3    2    1       836    4    2  -14   12   14   13   -1   17  -10   14    7    8  -14    0   11  -11   -3    6
    1    7   13    1    1    1    1    1       565    3   -8  -11   13    5   -4    9   -5    3    9   -4  -19  -10   15  -11   -2   11   -9
    1    7   14    1    1    3    1    1       783    1  -12  -12   16    6   -4    9   -7   -7   15   -7  -14   -8   11   -9    2    8  -14
    1    7   15    1    3    4    3    1       993   16   -7   15   -2    8    3   -3   13    0    2   11   -5   -8    8  -11  -14    6  -16
    1    8    1    1    1    1    1    1       619    3   -8  -11   13    5   -4    9   -5    3    9   -4  -19  -10   15  -11   -2   11   -9
    1    8    2    1    1    4    1    1       628    3   -7  -13    9    8   -4    6   -5    3   16   -5  -16  -11   10  -18   -1    9  -11
    1    8    3    1    3    4    3    1      1756   16   -7   15   -2    8    3   -3   13    0    2   11   -5   -8    8  -11  -14    6  -16
    1    8    4    1    3    5    3    1       647   15    5   13   -1    9    2   -2   15    2    0   17   -3   -5    7  -10  -13    9  -15
    1    8    5    1    1    5    1    1       511    5   -7  -12   14   10   -5    8   -9  -16   17   -7  -16   -6   14  -10    2    9  -14
    1    8    6    1    2    3    2    1       860    4    2  -14   12   14   13   -1   17  -10   14    7    8  -14    0   11  -11   -3    6
    1    8    7    1    2    1    2    1       779    2    0  -12   16   13   11    3   10  -10   14    7   12  -14    3   13  -11   -9    5
    1    8    8    1    2    5    2    1       558    5   -1  -12   10   15   13    1   12   -7   16    9    8  -16   -1   10  -13  -14    6
    1    8    9    1    3    1    3    1       697   12   -6   14    0    7    3    3   14    1    1   11   -4   -2    5  -17  -24    7  -14
    1    8   10    1    1    3    1    1       703    1  -12  -12   16    6   -4    9   -7   -7   15   -7  -14   -8   11   -9    2    8  -14
    1    8   11    1    1    2    1    1       548    3   -7  -21   23    5   -6   -2    1   -2   20   -8  -14  -10   13   -5    2    8  -12
    1    8   12    1    3    2    3    1       607   15   -6   14    0    8    1   -2   10    1    0   13   -2   -4    6  -11  -14    8  -16
    1    8   13    1    3    3    3    1       744   18  -10   13   -1    9    2   -2    9    2    1   11   -3   -7    3  -10  -15   10  -14
    1    8   14    1    2    4    2    1      1164    6    0  -18   16   16    9   -3   18  -12   15   10    7   -8   -7   13  -13   -4    5
    1    8   15    1    2    2    2    1      1630    5    1  -15   15   15   12   -3   16   -9   14    5   12  -15    3   11  -11    4   14
    1    9    1    1    3    4    3    1       686   16   -7   15   -2    8    3   -3   13    0    2   11   -5   -8    8  -11  -14    6  -16
    1    9    2    1    1    3    1    1       660    1  -12  -12   16    6   -4    9   -7   -7   15   -7  -14   -8   11   -9    2    8  -14
    1    9    3    1    1    5    1    1      1068    5   -7  -12   14   10   -5    8   -9  -16   17   -7  -16   -6   14  -10    2    9  -14
    1    9    4    1    3    2    3    1       498   15   -6   14    0    8    1   -2   10    1    0   13   -2   -4    6  -11  -14    8  -16
    1    9    5    1    3    1    3    1       528   12   -6   14    0    7    3    3   14    1    1   11   -4   -2    5  -17  -24    7  -14
    1    9    6    1    1    1    1    1       636    3   -8  -11   13    5   -4    9   -5    3    9   -4  -19  -10   15  -11   -2   11   -9
    1    9    7    1    2    2    2    1       980    5    1  -15   15   15   12   -3   16   -9   14    5   12  -15    3   11  -11    4   14
    1    9    8    1    1    2    1    1       622    3   -7  -21   23    5   -6   -2    1   -2   20   -8  -14  -10   13   -5    2    8  -12
    1    9    9    1    3    3    3    1       679   18  -10   13   -1    9    2   -2    9    2    1   11   -3   -7    3  -10  -15   10  -14
    1    9   10    1    2    5    2    1       685    5   -1  -12   10   15   13    1   12   -7   16    9    8  -16   -1   10  -13  -14    6
    1    9   11    1    2    3    2    1       707    4    2  -14   12   14   13   -1   17  -10   14    7    8  -14    0   11  -11   -3    6
    1    9   12    1    2    1    2    1       745    2    0  -12   16   13   11    3   10  -10   14    7   12  -14    3   13  -11   -9    5
    1    9   13    1    2    4    2    1      1133    6    0  -18   16   16    9   -3   18  -12   15   10    7   -8   -7   13  -13   -4    5
    1    9   14    1    1    4    1    1       592    3   -7  -13    9    8   -4    6   -5    3   16   -5  -16  -11   10  -18   -1    9  -11
    1    9   15    1    3    5    3    1       746   15    5   13   -1    9    2   -2   15    2    0   17   -3   -5    7  -10  -13    9  -15
    1   10    1    1    2    1    2    1       654    2    0  -12   16   13   11    3   10  -10   14    7   12  -14    3   13  -11   -9    5
    1   10    2    1    3    4    3    1       629   16   -7   15   -2    8    3   -3   13    0    2   11   -5   -8    8  -11  -14    6  -16
    1   10    3    1    1    5    1    1      1006    5   -7  -12   14   10   -5    8   -9  -16   17   -7  -16   -6   14  -10    2    9  -14
    1   10    4    1    2    4    2    1       855    6    0  -18   16   16    9   -3   18  -12   15   10    7   -8   -7   13  -13   -4    5
    1   10    5    1    1    2    1    1       534    3   -7  -21   23    5   -6   -2    1   -2   20   -8  -14  -10   13   -5    2    8  -12
    1   10    6    1    1    3    1    1       786    1  -12  -12   16    6   -4    9   -7   -7   15   -7  -14   -8   11   -9    2    8  -14
    1   10    7    1    3    5    3    1       820   15    5   13   -1    9    2   -2   15    2    0   17   -3   -5    7  -10  -13    9  -15
    1   10    8    1    2    5    2    1       581    5   -1  -12   10   15   13    1   12   -7   16    9    8  -16   -1   10  -13  -14    6
    1   10    9    1    2    2    2    1       847    5    1  -15   15   15   12   -3   16   -9   14    5   12  -15    3   11  -11    4   14
    1   10   10    1    1    4    1    1       606    3   -7  -13    9    8   -4    6   -5    3   16   -5  -16  -11   10  -18   -1    9  -11
    1   10   11    1    1    1    1    1       679    3   -8  -11   13    5   -4    9   -5    3    9   -4  -19  -10   15  -11   -2   11   -9
    1   10   12    1    2    3    2    1       605    4    2  -14   12   14   13   -1   17  -10   14    7    8  -14    0   11  -11   -3    6
    1   10   13    1    3    2    3    1       678   15   -6   14    0    8    1   -2   10    1    0   13   -2   -4    6  -11  -14    8  -16
    1   10   14    1    3    3    3    1       557   18  -10   13   -1    9    2   -2    9    2    1   11   -3   -7    3  -10  -15   10  -14
    1   10   15    1    3    1    3    1       776   12   -6   14    0    7    3    3   14    1    1   11   -4   -2    5  -17  -24    7  -14
    1   11    1    1    3    5    3    1       747   15    5   13   -1    9    2   -2   15    2    0   17   -3   -5    7  -10  -13    9  -15
    1   11    2    1    2    2    2    1      3118    5    1  -15   15   15   12   -3   16   -9   14    5   12  -15    3   11  -11    4   14
    1   11    3    1    3    2    3    1      1059   15   -6   14    0    8    1   -2   10    1    0   13   -2   -4    6  -11  -14    8  -16
    1   11    4    1    2    1    2    1      1226    2    0  -12   16   13   11    3   10  -10   14    7   12  -14    3   13  -11   -9    5
    1   11    5    1    1    1    1    1       651    3   -8  -11   13    5   -4    9   -5    3    9   -4  -19  -10   15  -11   -2   11   -9
    1   11    6    1    1    2    1    1       706    3   -7  -21   23    5   -6   -2    1   -2   20   -8  -14  -10   13   -5    2    8  -12
    1   11    7    1    3    4    3    1       551   16   -7   15   -2    8    3   -3   13    0    2   11   -5   -8    8  -11  -14    6  -16
    1   11    8    1    1    5    1    1      1251    5   -7  -12   14   10   -5    8   -9  -16   17   -7  -16   -6   14  -10    2    9  -14
    1   11    9    1    2    3    2    1       514    4    2  -14   12   14   13   -1   17  -10   14    7    8  -14    0   11  -11   -3    6
    1   11   10    1    2    5    2    1       543    5   -1  -12   10   15   13    1   12   -7   16    9    8  -16   -1   10  -13  -14    6
    1   11   11    1    2    4    2    1       523    6    0  -18   16   16    9   -3   18  -12   15   10    7   -8   -7   13  -13   -4    5
    1   11   12    1    1    3    1    1       551    1  -12  -12   16    6   -4    9   -7   -7   15   -7  -14   -8   11   -9    2    8  -14
    1   11   13    1    3    1    3    1       627   12   -6   14    0    7    3    3   14    1    1   11   -4   -2    5  -17  -24    7  -14
    1   11   14    1    1    4    1    1       715    3   -7  -13    9    8   -4    6   -5    3   16   -5  -16  -11   10  -18   -1    9  -11
    1   11   15    1    3    3    3    1       592   18  -10   13   -1    9    2   -2    9    2    1   11   -3   -7    3  -10  -15   10  -14
    1   12    1    1    2    3    2    1       602    4    2  -14   12   14   13   -1   17  -10   14    7    8  -14    0   11  -11   -3    6
    1   12    2    1    3    3    3    1       627   18  -10   13   -1    9    2   -2    9    2    1   11   -3   -7    3  -10  -15   10  -14
    1   12    3    1    2    2    2    1      1004    5    1  -15   15   15   12   -3   16   -9   14    5   12  -15    3   11  -11    4   14
    1   12    4    1    3    5    3    1      1205   15    5   13   -1    9    2   -2   15    2    0   17   -3   -5    7  -10  -13    9  -15
    1   12    5    1    3    1    3    1      1046   12   -6   14    0    7    3    3   14    1    1   11   -4   -2    5  -17  -24    7  -14
    1   12    6    1    2    5    2    1       718    5   -1  -12   10   15   13    1   12   -7   16    9    8  -16   -1   10  -13  -14    6
    1   12    7    1    1    2    1    1       530    3   -7  -21   23    5   -6   -2    1   -2   20   -8  -14  -10   13   -5    2    8  -12
    1   12    8    1    3    2    3    1       750   15   -6   14    0    8    1   -2   10    1    0   13   -2   -4    6  -11  -14    8  -16
    1   12    9    1    3    4    3    1       705   16   -7   15   -2    8    3   -3   13    0    2   11   -5   -8    8  -11  -14    6  -16
    1   12   10    1    1    5    1    1       647    5   -7  -12   14   10   -5    8   -9  -16   17   -7  -16   -6   14  -10    2    9  -14
    1   12   11    1    2    4    2    1       622    6    0  -18   16   16    9   -3   18  -12   15   10    7   -8   -7   13  -13   -4    5
    1   12   12    1    1    3    1    1       615    1  -12  -12   16    6   -4    9   -7   -7   15   -7  -14   -8   11   -9    2    8  -14
    1   12   13    1    2    1    2    1       943    2    0  -12   16   13   11    3   10  -10   14    7   12  -14    3   13  -11   -9    5
    1   12   14    1    1    4    1    1       715    3   -7  -13    9    8   -4    6   -5    3   16   -5  -16  -11   10  -18   -1    9  -11
    1   12   15    1    1    1    1    1       832    3   -8  -11   13    5   -4    9   -5    3    9   -4  -19  -10   15  -11   -2   11   -9
    1   13    1    1    1    2    1    1      1056    3   -7  -21   23    5   -6   -2    1   -2   20   -8  -14  -10   13   -5    2    8  -12
    1   13    2    1    3    1    3    1       711   12   -6   14    0    7    3    3   14    1    1   11   -4   -2    5  -17  -24    7  -14
    1   13    3    1    3    5    3    1       717   15    5   13   -1    9    2   -2   15    2    0   17   -3   -5    7  -10  -13    9  -15
    1   13    4    1    3    4    3    1       577   16   -7   15   -2    8    3   -3   13    0    2   11   -5   -8    8  -11  -14    6  -16
    1   13    5    1    3    2    3    1       572   15   -6   14    0    8    1   -2   10    1    0   13   -2   -4    6  -11  -14    8  -16
    1   13    6    1    2    4    2    1       774    6    0  -18   16   16    9   -3   18  -12   15   10    7   -8   -7   13  -13   -4    5
    1   13    7    1    1    5    1    1       585    5   -7  -12   14   10   -5    8   -9  -16   17   -7  -16   -6   14  -10    2    9  -14
    1   13    8    1    2    1    2    1       643    2    0  -12   16   13   11    3   10  -10   14    7   12  -14    3   13  -11   -9    5
    1   13    9    1    1    3    1    1       635    1  -12  -12   16    6   -4    9   -7   -7   15   -7  -14   -8   11   -9    2    8  -14
    1   13   10    1    3    3    3    1       611   18  -10   13   -1    9    2   -2    9    2    1   11   -3   -7    3  -10  -15   10  -14
    1   13   11    1    1    1    1    1       556    3   -8  -11   13    5   -4    9   -5    3    9   -4  -19  -10   15  -11   -2   11   -9
    1   13   12    1    2    3    2    1       487    4    2  -14   12   14   13   -1   17  -10   14    7    8  -14    0   11  -11   -3    6
    1   13   13    1    2    5    2    1       597    5   -1  -12   10   15   13    1   12   -7   16    9    8  -16   -1   10  -13  -14    6
    1   13   14    1    2    2    2    1      1055    5    1  -15   15   15   12   -3   16   -9   14    5   12  -15    3   11  -11    4   14
    1   13   15    1    1    4    1    1       518    3   -7  -13    9    8   -4    6   -5    3   16   -5  -16  -11   10  -18   -1    9  -11
    1   14    1    1    3    3    3    1       595   18  -10   13   -1    9    2   -2    9    2    1   11   -3   -7    3  -10  -15   10  -14
    1   14    2    1    2    2    2    1       812    5    1  -15   15   15   12   -3   16   -9   14    5   12  -15    3   11  -11    4   14
    1   14    3    1    1    5    1    1       574    5   -7  -12   14   10   -5    8   -9  -16   17   -7  -16   -6   14  -10    2    9  -14
    1   14    4    1    1    2    1    1       505    3   -7  -21   23    5   -6   -2    1   -2   20   -8  -14  -10   13   -5    2    8  -12
    1   14    5    1    1    1    1    1       534    3   -8  -11   13    5   -4    9   -5    3    9   -4  -19  -10   15  -11   -2   11   -9
    1   14    6    1    3    1    3    1      1314   12   -6   14    0    7    3    3   14    1    1   11   -4   -2    5  -17  -24    7  -14
    1   14    7    1    3    2    3    1       670   15   -6   14    0    8    1   -2   10    1    0   13   -2   -4    6  -11  -14    8  -16
    1   14    8    1    2    4    2    1       693    6    0  -18   16   16    9   -3   18  -12   15   10    7   -8   -7   13  -13   -4    5
    1   14    9    1    2    3    2    1       939    4    2  -14   12   14   13   -1   17  -10   14    7    8  -14    0   11  -11   -3    6
    1   14   10    1    2    1    2    1       855    2    0  -12   16   13   11    3   10  -10   14    7   12  -14    3   13  -11   -9    5
    1   14   11    1    2    5    2    1       870    5   -1  -12   10   15   13    1   12   -7   16    9    8  -16   -1   10  -13  -14    6
    1   14   12    1    1    4    1    1       597    3   -7  -13    9    8   -4    6   -5    3   16   -5  -16  -11   10  -18   -1    9  -11
    1   14   13    1    1    3    1    1       846    1  -12  -12   16    6   -4    9   -7   -7   15   -7  -14   -8   11   -9    2    8  -14
    1   14   14    1    3    5    3    1       637   15    5   13   -1    9    2   -2   15    2    0   17   -3   -5    7  -10  -13    9  -15
    1   14   15    1    3    4    3    1       709   16   -7   15   -2    8    3   -3   13    0    2   11   -5   -8    8  -11  -14    6  -16
    1   15    1    1    2    5    2    1       811    5   -1  -12   10   15   13    1   12   -7   16    9    8  -16   -1   10  -13  -14    6
    1   15    2    1    1    3    1    1       748    1  -12  -12   16    6   -4    9   -7   -7   15   -7  -14   -8   11   -9    2    8  -14
    1   15    3    1    1    2    1    1       687    3   -7  -21   23    5   -6   -2    1   -2   20   -8  -14  -10   13   -5    2    8  -12
    1   15    4    1    2    3    2    1       651    4    2  -14   12   14   13   -1   17  -10   14    7    8  -14    0   11  -11   -3    6
    1   15    5    1    2    1    2    1       780    2    0  -12   16   13   11    3   10  -10   14    7   12  -14    3   13  -11   -9    5
    1   15    6    1    1    1    1    1       702    3   -8  -11   13    5   -4    9   -5    3    9   -4  -19  -10   15  -11   -2   11   -9
    1   15    7    1    1    5    1    1       804    5   -7  -12   14   10   -5    8   -9  -16   17   -7  -16   -6   14  -10    2    9  -14
    1   15    8    1    2    4    2    1       773    6    0  -18   16   16    9   -3   18  -12   15   10    7   -8   -7   13  -13   -4    5
    1   15    9    1    2    2    2    1       663    5    1  -15   15   15   12   -3   16   -9   14    5   12  -15    3   11  -11    4   14
    1   15   10    1    3    4    3    1       654   16   -7   15   -2    8    3   -3   13    0    2   11   -5   -8    8  -11  -14    6  -16
    1   15   11    1    1    4    1    1       645    3   -7  -13    9    8   -4    6   -5    3   16   -5  -16  -11   10  -18   -1    9  -11
    1   15   12    1    3    3    3    1       638   18  -10   13   -1    9    2   -2    9    2    1   11   -3   -7    3  -10  -15   10  -14
    1   15   13    1    3    2    3    1       661   15   -6   14    0    8    1   -2   10    1    0   13   -2   -4    6  -11  -14    8  -16
    1   15   14    1    3    5    3    1       669   15    5   13   -1    9    2   -2   15    2    0   17   -3   -5    7  -10  -13    9  -15
    1   15   15    1    3    1    3    1       627   12   -6   14    0    7    3    3   14    1    1   11   -4   -2    5  -17  -24    7  -14
    2    1    1    2    1    0    2    1      1907    5   -8  -12   15    7   -5    8   -7   -6   15   -6  -14   -8   13  -10    3    8  -13
    2    1    2    2    2    0    2    1      5721    4    1  -14   14   14   11   -2   15  -11   15    7   10  -14    2   12  -12   -4    4
    2    1    3    1    3    4    2    0      1318   16   -7   15   -2    8    3   -3   13    0    2   11   -5   -8    8  -11  -14    6  -16
    2    1    4    2    3    0    1    0      1746   14   -5   14   -2    8    2   -2   11    0    1   12   -4   -3    6  -10  -14    8  -15
    2    1    5    1    3    3    2    0      2045   18  -10   13   -1    9    2   -2    9    2    1   11   -3   -7    3  -10  -15   10  -14
    2    1    6    6    0    0    1    0      1821   16   10   -7   10   11  -13   -1    9    0  -13    6   -4   -4   11   -3   16   -7    5
    2    1    7    4    2    3    1    0       965   -6    1  -15   15   13   11   -5   24  -12   16    6   10  -13    7   13  -12    1    6
    2    1    8    1    3    2    1    1      2432   15   -6   14    0    8    1   -2   10    1    0   13   -2   -4    6  -11  -14    8  -16
    2    1    9    4    3    4    1    0      2096   16   -4   13   -2    7    1    7   15    3    5   11   -4   -4    8  -12  -13   11  -12
    2    1   10    4    2    1    2    1      1774    4    3  -15   14   14   10   -7   15  -21   18    9   12  -13    3   13  -13    4   11
    2    1   11    4    3    5    1    0      1480   15   -6   14   -1    5   -6  -11    6    1    2   13   -4   -4    4   -9  -15   18  -25
    2    1   12    4    3    1    1    0      2350   18    0   13   -2    7    3    0   13   -2    3   13   -5  -10   16   -9  -15    7  -15
    2    1   13    6    0    0    1    0      1090  -10    6   22  -10    8  -10  -14   14   13   -5    0   -2   -4   11   12   10  -14   -4
    2    1   14    6    0    0    1    0       807  -11    4   -2    4   15  -13  -10  -11  -15   -3    0  -12   11    0   12  -12    4    4
    2    1   15    1    1    1    2    0      1209    3   -8  -11   13    5   -4    9   -5    3    9   -4  -19  -10   15  -11   -2   11   -9
    2    1   16    1    3    1    1    1      5898   12   -6   14    0    7    3    3   14    1    1   11   -4   -2    5  -17  -24    7  -14
    2    1   17    6    0    0    2    1      1279   -9    4   15  -12    4   -8  -14   15   16   -7    1    2    5    9    9    9  -12   -6
    2    1   18    4    3    3    2    1      2014   13   -5    6  -12    7    2    0   12   -1   -2   20    0   -5    9   -7   -9    8  -16
    2    1   19    4    1    4    1    0      3070    5  -10  -11   16    7   -6   15  -13   -3   18   -5  -16   -4    6   -9    5    7  -12
    2    1   20    4    2    4    2    1      1669    5    2  -15   14   21    1    3   14  -11   16    7   11  -13    0   12  -11   -3    3
    2    1   21    4    3    2    2    1      1475   18   -6   14   -3    9    3   -2   13    2    0   10   -3    1    5  -11  -14    8  -16
    2    1   22    4    2    5    2    1      1562   -1   -8  -14   15   17    8   -2   14  -11   16   -2   10  -15    3   10  -12   -3    3
    2    1   23    1    2    4    1    1      1949    6    0  -18   16   16    9   -3   18  -12   15   10    7   -8   -7   13  -13   -4    5
    2    1   24    4    1    1    2    1      1201    2  -11  -13   13    6   -4   10   -8   -5   14   -8  -13   -6   18  -10    6    9  -13
    2    1   25    1    1    5    1    1      1106    5   -7  -12   14   10   -5    8   -9  -16   17   -7  -16   -6   14  -10    2    9  -14
    2    1   26    1    3    5    2    0      2103   15    5   13   -1    9    2   -2   15    2    0   17   -3   -5    7  -10  -13    9  -15
    2    1   27    1    1    2    1    1      2372    3   -7  -21   23    5   -6   -2    1   -2   20   -8  -14  -10   13   -5    2    8  -12
    2    1   28    1    1    3    1    1      2903    1  -12  -12   16    6   -4    9   -7   -7   15   -7  -14   -8   11   -9    2    8  -14
    2    1   29    1    2    1    1    1      1461    2    0  -12   16   13   11    3   10  -10   14    7   12  -14    3   13  -11   -9    5
    2    1   30    1    2    5    1    1      1708    5   -1  -12   10   15   13    1   12   -7   16    9    8  -16   -1   10  -13  -14    6
    2    1   31    6    0    0    1    0      2361   15   13   -9   11   13  -14   -7    7    1   -8    5   -6   -9    8   -5   16  -12    4
    2    1   32    4    1    5    2    1      3052    8   -7  -10   14    8   -4   10   -6   -6   14   -4  -14   -7   12  -11    5    9  -13
    2    1   33    4    2    2    2    1      1172    7    4  -14    4   14   12   -2   14  -11   16    9    9  -13    2   10  -17   -3    5
    2    1   34    1    2    3    1    1       854    4    2  -14   12   14   13   -1   17  -10   14    7    8  -14    0   11  -11   -3    6
    2    1   35    4    1    2    2    1      1557    6   -9  -16   20    8    3    7   -7   -4   14   -4  -13   -6   11  -10    2   10  -12
    2    1   36    1    1    4    1    1      2505    3   -7  -13    9    8   -4    6   -5    3   16   -5  -16  -11   10  -18   -1    9  -11
    2    1   37    1    2    2    1    1      1910    5    1  -15   15   15   12   -3   16   -9   14    5   12  -15    3   11  -11    4   14
    2    1   38    4    1    3    2    1      1163    6   -9  -10   17   15   -2    3  -11   -7   15   -4  -13  -18   13   -1    3    9  -13
    2    1   39    6    0    0    2    1      1022  -10    1   -1    9   15  -10   -9  -13  -16   -2    4  -14    8    1   10  -12   -5   -1
