    1    1    1    1    3    5    1    0      5939    0   12   10    8   -2   -2    9   -1   -7   -5   14   12    2    3   -1   -4    0   -1
    1    1    2    1    1    5    2    0      1136   13    5   14   -3   -5   -8   -9   10    1   22    2    9    2   -7   14    8    1   -9
    1    1    3    1    3    1    3    1      3268    2   10    8    6   -1   -5   12    0   -9   -3   13   10    4    0    6   -7    0   -1
    1    1    4    1    2    4    2    1      1219  -11   -8    0   15  -14    6    2    5   -4  -17   -5   -9   10  -12   17    3    9   -3
    1    1    5    1    2    5    1    0       707  -15  -13   -6    9  -12    6    2    6   -3  -13   -6  -12   11  -15   15    0    9    1
    1    1    6    1    2    2    3    0       920  -12  -11    5    6  -14    5    0    4    0  -17   -3  -17   17  -22   12   -3   18   -5
    1    1    7    1    1    4    1    1      1589    5   14   16   -5    1   -6   -6    5  -13   10   -5    0   -2   -6   15    5    0   -4
    1    1    8    1    3    4    3    1      2599   -7    1   10   12   -1   -4   14    0   -6   -6   15    9    0    3   11  -10    3    0
    1    1    9    1    3    3    2    0      1360    3   12    8   13   -3   -3   12   -3   -6   -1   15   13    2  -12   13  -16    4   -6
    1    1   10    1    2    1    1    0      1963  -11   -9    5    4  -12    7   -3    9    1  -21   -6   -7    9  -13   15    2   10    0
    1    1   11    1    3    2    1    0      1246    2   11   11   11   -4    0   12    1   -5   -6   16    9    4   -1    8   -2    0    2
    1    1   12    1    1    3    2    0      1693   13    3   14   -6   -8   -6  -11    3  -12   19    2    5   -1   -3   14    6    1  -10
    1    1   13    1    2    3    2    1      3643  -20   -3    4    6  -14    6    0    3   -2  -13   -8   -6    9  -13   11    0   10   -2
    1    1   14    1    1    1    3    0      1259   17    4   17    0   -4   -1   -8    7  -11   14    3    6   -5   -3   14    6    0  -14
    1    1   15    1    1    2    3    0      2970   11    3   15   -3   -7   -5   -7    4   -1   13    5    6  -11   -1   14    8   -1   -6
    1    2    1    1    2    2    2    1      1125  -12  -11    5    6  -14    5    0    4    0  -17   -3  -17   17  -22   12   -3   18   -5
    1    2    2    1    3    2    3    1      2010    2   11   11   11   -4    0   12    1   -5   -6   16    9    4   -1    8   -2    0    2
    1    2    3    1    1    4    1    1      1979    5   14   16   -5    1   -6   -6    5  -13   10   -5    0   -2   -6   15    5    0   -4
    1    2    4    1    3    1    1    0      2782    2   10    8    6   -1   -5   12    0   -9   -3   13   10    4    0    6   -7    0   -1
    1    2    5    1    1    1    1    1      1696   17    4   17    0   -4   -1   -8    7  -11   14    3    6   -5   -3   14    6    0  -14
    1    2    6    1    2    1    2    1       718  -11   -9    5    4  -12    7   -3    9    1  -21   -6   -7    9  -13   15    2   10    0
    1    2    7    1    1    5    1    1      2130   13    5   14   -3   -5   -8   -9   10    1   22    2    9    2   -7   14    8    1   -9
    1    2    8    1    2    5    1    0      1390  -15  -13   -6    9  -12    6    2    6   -3  -13   -6  -12   11  -15   15    0    9    1
    1    2    9    1    2    4    3    0       840  -11   -8    0   15  -14    6    2    5   -4  -17   -5   -9   10  -12   17    3    9   -3
    1    2   10    1    3    5    3    1      1112    0   12   10    8   -2   -2    9   -1   -7   -5   14   12    2    3   -1   -4    0   -1
    1    2   11    1    1    2    1    1       957   11    3   15   -3   -7   -5   -7    4   -1   13    5    6  -11   -1   14    8   -1   -6
    1    2   12    1    3    3    3    1      2008    3   12    8   13   -3   -3   12   -3   -6   -1   15   13    2  -12   13  -16    4   -6
    1    2   13    1    1    3    1    1      1098   13    3   14   -6   -8   -6  -11    3  -12   19    2    5   -1   -3   14    6    1  -10
    1    2   14    1    3    4    3    1       783   -7    1   10   12   -1   -4   14    0   -6   -6   15    9    0    3   11  -10    3    0
    1    2   15    1    2    3    2    1      1505  -20   -3    4    6  -14    6    0    3   -2  -13   -8   -6    9  -13   11    0   10   -2
    1    3    1    1    3    4    3    1       791   -7    1   10   12   -1   -4   14    0   -6   -6   15    9    0    3   11  -10    3    0
    1    3    2    1    2    1    2    1      1432  -11   -9    5    4  -12    7   -3    9    1  -21   -6   -7    9  -13   15    2   10    0
    1    3    3    1    3    1    3    1       624    2   10    8    6   -1   -5   12    0   -9   -3   13   10    4    0    6   -7    0   -1
    1    3    4    1    1    2    1    1       681   11    3   15   -3   -7   -5   -7    4   -1   13    5    6  -11   -1   14    8   -1   -6
    1    3    5    1    3    3    2    0       783    3   12    8   13   -3   -3   12   -3   -6   -1   15   13    2  -12   13  -16    4   -6
    1    3    6    1    1    3    1    1      1041   13    3   14   -6   -8   -6  -11    3  -12   19    2    5   -1   -3   14    6    1  -10
    1    3    7    1    1    5    2    0       729   13    5   14   -3   -5   -8   -9   10    1   22    2    9    2   -7   14    8    1   -9
    1    3    8    1    1    1    3    0      1101   17    4   17    0   -4   -1   -8    7  -11   14    3    6   -5   -3   14    6    0  -14
    1    3    9    1    2    3    2    1      1811  -20   -3    4    6  -14    6    0    3   -2  -13   -8   -6    9  -13   11    0   10   -2
    1    3   10    1    3    2    3    1      2204    2   11   11   11   -4    0   12    1   -5   -6   16    9    4   -1    8   -2    0    2
    1    3   11    1    1    4    1    1      1701    5   14   16   -5    1   -6   -6    5  -13   10   -5    0   -2   -6   15    5    0   -4
    1    3   12    1    3    5    3    1      1010    0   12   10    8   -2   -2    9   -1   -7   -5   14   12    2    3   -1   -4    0   -1
    1    3   13    1    2    2    2    1       812  -12  -11    5    6  -14    5    0    4    0  -17   -3  -17   17  -22   12   -3   18   -5
    1    3   14    1    2    4    2    1       733  -11   -8    0   15  -14    6    2    5   -4  -17   -5   -9   10  -12   17    3    9   -3
    1    3   15    1    2    5    1    0       897  -15  -13   -6    9  -12    6    2    6   -3  -13   -6  -12   11  -15   15    0    9    1
    1    4    1    1    3    1    3    1       654    2   10    8    6   -1   -5   12    0   -9   -3   13   10    4    0    6   -7    0   -1
    1    4    2    1    3    2    3    1       662    2   11   11   11   -4    0   12    1   -5   -6   16    9    4   -1    8   -2    0    2
    1    4    3    1    2    4    2    1      1085  -11   -8    0   15  -14    6    2    5   -4  -17   -5   -9   10  -12   17    3    9   -3
    1    4    4    1    1    4    2    0      1795    5   14   16   -5    1   -6   -6    5  -13   10   -5    0   -2   -6   15    5    0   -4
    1    4    5    1    3    3    1    0      1965    3   12    8   13   -3   -3   12   -3   -6   -1   15   13    2  -12   13  -16    4   -6
    1    4    6    1    1    1    3    0      1087   17    4   17    0   -4   -1   -8    7  -11   14    3    6   -5   -3   14    6    0  -14
    1    4    7    1    1    5    1    1       710   13    5   14   -3   -5   -8   -9   10    1   22    2    9    2   -7   14    8    1   -9
    1    4    8    1    2    2    1    0       283  -12  -11    5    6  -14    5    0    4    0  -17   -3  -17   17  -22   12   -3   18   -5
    1    4    9    1    3    4    2    0       433   -7    1   10   12   -1   -4   14    0   -6   -6   15    9    0    3   11  -10    3    0
    1    4   10    1    1    2    2    0      1633   11    3   15   -3   -7   -5   -7    4   -1   13    5    6  -11   -1   14    8   -1   -6
    1    4   11    1    2    5    2    1       945  -15  -13   -6    9  -12    6    2    6   -3  -13   -6  -12   11  -15   15    0    9    1
    1    4   12    1    2    1    1    0      5341  -11   -9    5    4  -12    7   -3    9    1  -21   -6   -7    9  -13   15    2   10    0
    1    4   13    1    2    3    2    1      1656  -20   -3    4    6  -14    6    0    3   -2  -13   -8   -6    9  -13   11    0   10   -2
    1    4   14    1    1    3    2    0      2663   13    3   14   -6   -8   -6  -11    3  -12   19    2    5   -1   -3   14    6    1  -10
    1    4   15    1    3    5    3    1      1422    0   12   10    8   -2   -2    9   -1   -7   -5   14   12    2    3   -1   -4    0   -1
    1    5    1    1    1    5    2    0      2647   13    5   14   -3   -5   -8   -9   10    1   22    2    9    2   -7   14    8    1   -9
    1    5    2    1    2    2    2    1       910  -12  -11    5    6  -14    5    0    4    0  -17   -3  -17   17  -22   12   -3   18   -5
    1    5    3    1    1    4    2    0      1163    5   14   16   -5    1   -6   -6    5  -13   10   -5    0   -2   -6   15    5    0   -4
    1    5    4    1    2    4    2    1      1486  -11   -8    0   15  -14    6    2    5   -4  -17   -5   -9   10  -12   17    3    9   -3
    1    5    5    1    2    5    2    1       980  -15  -13   -6    9  -12    6    2    6   -3  -13   -6  -12   11  -15   15    0    9    1
    1    5    6    1    2    3    2    1       766  -20   -3    4    6  -14    6    0    3   -2  -13   -8   -6    9  -13   11    0   10   -2
    1    5    7    1    1    2    2    0      1681   11    3   15   -3   -7   -5   -7    4   -1   13    5    6  -11   -1   14    8   -1   -6
    1    5    8    1    2    1    1    0       526  -11   -9    5    4  -12    7   -3    9    1  -21   -6   -7    9  -13   15    2   10    0
    1    5    9    1    3    1    3    1      1275    2   10    8    6   -1   -5   12    0   -9   -3   13   10    4    0    6   -7    0   -1
    1    5   10    1    3    3    3    1      1066    3   12    8   13   -3   -3   12   -3   -6   -1   15   13    2  -12   13  -16    4   -6
    1    5   11    1    3    4    3    1      1233   -7    1   10   12   -1   -4   14    0   -6   -6   15    9    0    3   11  -10    3    0
    1    5   12    1    3    2    3    1       992    2   11   11   11   -4    0   12    1   -5   -6   16    9    4   -1    8   -2    0    2
    1    5   13    1    3    5    3    1      1050    0   12   10    8   -2   -2    9   -1   -7   -5   14   12    2    3   -1   -4    0   -1
    1    5   14    1    1    1    1    1      3905   17    4   17    0   -4   -1   -8    7  -11   14    3    6   -5   -3   14    6    0  -14
    1    5   15    1    1    3    2    0      1415   13    3   14   -6   -8   -6  -11    3  -12   19    2    5   -1   -3   14    6    1  -10
    1    6    1    1    1    2    1    1       703   11    3   15   -3   -7   -5   -7    4   -1   13    5    6  -11   -1   14    8   -1   -6
    1    6    2    1    3    1    1    0       597    2   10    8    6   -1   -5   12    0   -9   -3   13   10    4    0    6   -7    0   -1
    1    6    3    1    1    3    1    1      1470   13    3   14   -6   -8   -6  -11    3  -12   19    2    5   -1   -3   14    6    1  -10
    1    6    4    1    3    2    1    0       981    2   11   11   11   -4    0   12    1   -5   -6   16    9    4   -1    8   -2    0    2
    1    6    5    1    2    4    2    1      1071  -11   -8    0   15  -14    6    2    5   -4  -17   -5   -9   10  -12   17    3    9   -3
    1    6    6    1    3    3    3    1      1349    3   12    8   13   -3   -3   12   -3   -6   -1   15   13    2  -12   13  -16    4   -6
    1    6    7    1    1    1    1    1       897   17    4   17    0   -4   -1   -8    7  -11   14    3    6   -5   -3   14    6    0  -14
    1    6    8    1    3    5    1    0      1134    0   12   10    8   -2   -2    9   -1   -7   -5   14   12    2    3   -1   -4    0   -1
    1    6    9    1    2    5    2    1       994  -15  -13   -6    9  -12    6    2    6   -3  -13   -6  -12   11  -15   15    0    9    1
    1    6   10    1    2    1    1    0      1100  -11   -9    5    4  -12    7   -3    9    1  -21   -6   -7    9  -13   15    2   10    0
    1    6   11    1    2    2    2    1       961  -12  -11    5    6  -14    5    0    4    0  -17   -3  -17   17  -22   12   -3   18   -5
    1    6   12    1    1    4    2    0       700    5   14   16   -5    1   -6   -6    5  -13   10   -5    0   -2   -6   15    5    0   -4
    1    6   13    1    1    5    3    0      1378   13    5   14   -3   -5   -8   -9   10    1   22    2    9    2   -7   14    8    1   -9
    1    6   14    1    2    3    2    1      1020  -20   -3    4    6  -14    6    0    3   -2  -13   -8   -6    9  -13   11    0   10   -2
    1    6   15    1    3    4    1    0       677   -7    1   10   12   -1   -4   14    0   -6   -6   15    9    0    3   11  -10    3    0
    1    7    1    1    3    2    3    1      1243    2   11   11   11   -4    0   12    1   -5   -6   16    9    4   -1    8   -2    0    2
    1    7    2    1    3    4    3    1       971   -7    1   10   12   -1   -4   14    0   -6   -6   15    9    0    3   11  -10    3    0
    1    7    3    1    3    5    3    1       998    0   12   10    8   -2   -2    9   -1   -7   -5   14   12    2    3   -1   -4    0   -1
    1    7    4    1    2    3    2    1       719  -20   -3    4    6  -14    6    0    3   -2  -13   -8   -6    9  -13   11    0   10   -2
    1    7    5    1    2    2    2    1       788  -12  -11    5    6  -14    5    0    4    0  -17   -3  -17   17  -22   12   -3   18   -5
    1    7    6    1    1    3    2    0      1862   13    3   14   -6   -8   -6  -11    3  -12   19    2    5   -1   -3   14    6    1  -10
    1    7    7    1    1    1    1    1       925   17    4   17    0   -4   -1   -8    7  -11   14    3    6   -5   -3   14    6    0  -14
    1    7    8    1    1    4    1    1       650    5   14   16   -5    1   -6   -6    5  -13   10   -5    0   -2   -6   15    5    0   -4
    1    7    9    1    1    5    1    1       561   13    5   14   -3   -5   -8   -9   10    1   22    2    9    2   -7   14    8    1   -9
    1    7   10    1    3    3    1    0       988    3   12    8   13   -3   -3   12   -3   -6   -1   15   13    2  -12   13  -16    4   -6
    1    7   11    1    3    1    1    0      2006    2   10    8    6   -1   -5   12    0   -9   -3   13   10    4    0    6   -7    0   -1
    1    7   12    1    2    4    2    1      1112  -11   -8    0   15  -14    6    2    5   -4  -17   -5   -9   10  -12   17    3    9   -3
    1    7   13    1    2    1    2    1       813  -11   -9    5    4  -12    7   -3    9    1  -21   -6   -7    9  -13   15    2   10    0
    1    7   14    1    1    2    2    0      1086   11    3   15   -3   -7   -5   -7    4   -1   13    5    6  -11   -1   14    8   -1   -6
    1    7   15    1    2    5    2    1       787  -15  -13   -6    9  -12    6    2    6   -3  -13   -6  -12   11  -15   15    0    9    1
    1    8    1    1    1    2    2    0       998   11    3   15   -3   -7   -5   -7    4   -1   13    5    6  -11   -1   14    8   -1   -6
    1    8    2    1    3    2    3    1       895    2   11   11   11   -4    0   12    1   -5   -6   16    9    4   -1    8   -2    0    2
    1    8    3    1    3    5    3    1       733    0   12   10    8   -2   -2    9   -1   -7   -5   14   12    2    3   -1   -4    0   -1
    1    8    4    1    3    1    3    1      4097    2   10    8    6   -1   -5   12    0   -9   -3   13   10    4    0    6   -7    0   -1
    1    8    5    1    2    5    2    1      1038  -15  -13   -6    9  -12    6    2    6   -3  -13   -6  -12   11  -15   15    0    9    1
    1    8    6    1    1    1    1    1      1078   17    4   17    0   -4   -1   -8    7  -11   14    3    6   -5   -3   14    6    0  -14
    1    8    7    1    2    3    2    1       780  -20   -3    4    6  -14    6    0    3   -2  -13   -8   -6    9  -13   11    0   10   -2
    1    8    8    1    1    4    1    1      2319    5   14   16   -5    1   -6   -6    5  -13   10   -5    0   -2   -6   15    5    0   -4
    1    8    9    1    2    2    2    1      1267  -12  -11    5    6  -14    5    0    4    0  -17   -3  -17   17  -22   12   -3   18   -5
    1    8   10    1    1    3    1    1      1746   13    3   14   -6   -8   -6  -11    3  -12   19    2    5   -1   -3   14    6    1  -10
    1    8   11    1    1    5    1    1      1421   13    5   14   -3   -5   -8   -9   10    1   22    2    9    2   -7   14    8    1   -9
    1    8   12    1    3    3    3    1      1494    3   12    8   13   -3   -3   12   -3   -6   -1   15   13    2  -12   13  -16    4   -6
    1    8   13    1    2    1    3    0      2524  -11   -9    5    4  -12    7   -3    9    1  -21   -6   -7    9  -13   15    2   10    0
    1    8   14    1    2    4    2    1       377  -11   -8    0   15  -14    6    2    5   -4  -17   -5   -9   10  -12   17    3    9   -3
    1    8   15    1    3    4    3    1      2331   -7    1   10   12   -1   -4   14    0   -6   -6   15    9    0    3   11  -10    3    0
    1    9    1    1    3    4    3    1       751   -7    1   10   12   -1   -4   14    0   -6   -6   15    9    0    3   11  -10    3    0
    1    9    2    1    2    5    2    1       867  -15  -13   -6    9  -12    6    2    6   -3  -13   -6  -12   11  -15   15    0    9    1
    1    9    3    1    1    2    1    1      1505   11    3   15   -3   -7   -5   -7    4   -1   13    5    6  -11   -1   14    8   -1   -6
    1    9    4    1    2    1    2    1      1238  -11   -9    5    4  -12    7   -3    9    1  -21   -6   -7    9  -13   15    2   10    0
    1    9    5    1    3    3    1    0      1590    3   12    8   13   -3   -3   12   -3   -6   -1   15   13    2  -12   13  -16    4   -6
    1    9    6    1    2    4    2    1       728  -11   -8    0   15  -14    6    2    5   -4  -17   -5   -9   10  -12   17    3    9   -3
    1    9    7    1    1    5    1    1      4029   13    5   14   -3   -5   -8   -9   10    1   22    2    9    2   -7   14    8    1   -9
    1    9    8    1    2    3    2    1      1486  -20   -3    4    6  -14    6    0    3   -2  -13   -8   -6    9  -13   11    0   10   -2
    1    9    9    1    3    1    3    1      1267    2   10    8    6   -1   -5   12    0   -9   -3   13   10    4    0    6   -7    0   -1
    1    9   10    1    3    5    3    1      1218    0   12   10    8   -2   -2    9   -1   -7   -5   14   12    2    3   -1   -4    0   -1
    1    9   11    1    1    3    3    0      1378   13    3   14   -6   -8   -6  -11    3  -12   19    2    5   -1   -3   14    6    1  -10
    1    9   12    1    1    1    1    1      1677   17    4   17    0   -4   -1   -8    7  -11   14    3    6   -5   -3   14    6    0  -14
    1    9   13    1    2    2    2    1      1803  -12  -11    5    6  -14    5    0    4    0  -17   -3  -17   17  -22   12   -3   18   -5
    1    9   14    1    1    4    3    0      3845    5   14   16   -5    1   -6   -6    5  -13   10   -5    0   -2   -6   15    5    0   -4
    1    9   15    1    3    2    3    1       988    2   11   11   11   -4    0   12    1   -5   -6   16    9    4   -1    8   -2    0    2
    1   10    1    1    1    1    1    1      1863   17    4   17    0   -4   -1   -8    7  -11   14    3    6   -5   -3   14    6    0  -14
    1   10    2    1    3    4    3    1      1645   -7    1   10   12   -1   -4   14    0   -6   -6   15    9    0    3   11  -10    3    0
    1   10    3    1    1    3    1    1      1214   13    3   14   -6   -8   -6  -11    3  -12   19    2    5   -1   -3   14    6    1  -10
    1   10    4    1    2    2    2    1      1774  -12  -11    5    6  -14    5    0    4    0  -17   -3  -17   17  -22   12   -3   18   -5
    1   10    5    1    1    5    1    1      1241   13    5   14   -3   -5   -8   -9   10    1   22    2    9    2   -7   14    8    1   -9
    1   10    6    1    2    4    2    1      2633  -11   -8    0   15  -14    6    2    5   -4  -17   -5   -9   10  -12   17    3    9   -3
    1   10    7    1    3    2    1    0      1825    2   11   11   11   -4    0   12    1   -5   -6   16    9    4   -1    8   -2    0    2
    1   10    8    1    3    1    1    0      1545    2   10    8    6   -1   -5   12    0   -9   -3   13   10    4    0    6   -7    0   -1
    1   10    9    1    1    4    3    0      2861    5   14   16   -5    1   -6   -6    5  -13   10   -5    0   -2   -6   15    5    0   -4
    1   10   10    1    3    5    3    1       844    0   12   10    8   -2   -2    9   -1   -7   -5   14   12    2    3   -1   -4    0   -1
    1   10   11    1    2    5    2    1      1388  -15  -13   -6    9  -12    6    2    6   -3  -13   -6  -12   11  -15   15    0    9    1
    1   10   12    1    2    1    1    0      1350  -11   -9    5    4  -12    7   -3    9    1  -21   -6   -7    9  -13   15    2   10    0
    1   10   13    1    2    3    2    1       930  -20   -3    4    6  -14    6    0    3   -2  -13   -8   -6    9  -13   11    0   10   -2
    1   10   14    1    1    2    2    0      1422   11    3   15   -3   -7   -5   -7    4   -1   13    5    6  -11   -1   14    8   -1   -6
    1   10   15    1    3    3    3    1      1318    3   12    8   13   -3   -3   12   -3   -6   -1   15   13    2  -12   13  -16    4   -6
    1   11    1    1    2    2    2    1       979  -12  -11    5    6  -14    5    0    4    0  -17   -3  -17   17  -22   12   -3   18   -5
    1   11    2    1    3    1    3    1       861    2   10    8    6   -1   -5   12    0   -9   -3   13   10    4    0    6   -7    0   -1
    1   11    3    1    1    4    1    1      1069    5   14   16   -5    1   -6   -6    5  -13   10   -5    0   -2   -6   15    5    0   -4
    1   11    4    1    3    3    3    1       900    3   12    8   13   -3   -3   12   -3   -6   -1   15   13    2  -12   13  -16    4   -6
    1   11    5    1    3    5    1    0      1585    0   12   10    8   -2   -2    9   -1   -7   -5   14   12    2    3   -1   -4    0   -1
    1   11    6    1    1    2    3    0      1379   11    3   15   -3   -7   -5   -7    4   -1   13    5    6  -11   -1   14    8   -1   -6
    1   11    7    1    3    4    1    0      2381   -7    1   10   12   -1   -4   14    0   -6   -6   15    9    0    3   11  -10    3    0
    1   11    8    1    3    2    3    1      1935    2   11   11   11   -4    0   12    1   -5   -6   16    9    4   -1    8   -2    0    2
    1   11    9    1    2    4    2    1       643  -11   -8    0   15  -14    6    2    5   -4  -17   -5   -9   10  -12   17    3    9   -3
    1   11   10    1    1    1    1    1      1195   17    4   17    0   -4   -1   -8    7  -11   14    3    6   -5   -3   14    6    0  -14
    1   11   11    1    2    5    2    1       589  -15  -13   -6    9  -12    6    2    6   -3  -13   -6  -12   11  -15   15    0    9    1
    1   11   12    1    1    5    2    0       535   13    5   14   -3   -5   -8   -9   10    1   22    2    9    2   -7   14    8    1   -9
    1   11   13    1    2    1    2    1       771  -11   -9    5    4  -12    7   -3    9    1  -21   -6   -7    9  -13   15    2   10    0
    1   11   14    1    2    3    2    1       661  -20   -3    4    6  -14    6    0    3   -2  -13   -8   -6    9  -13   11    0   10   -2
    1   11   15    1    1    3    2    0       637   13    3   14   -6   -8   -6  -11    3  -12   19    2    5   -1   -3   14    6    1  -10
    1   12    1    1    2    5    2    1       597  -15  -13   -6    9  -12    6    2    6   -3  -13   -6  -12   11  -15   15    0    9    1
    1   12    2    1    3    4    1    0       574   -7    1   10   12   -1   -4   14    0   -6   -6   15    9    0    3   11  -10    3    0
    1   12    3    1    3    3    1    0       857    3   12    8   13   -3   -3   12   -3   -6   -1   15   13    2  -12   13  -16    4   -6
    1   12    4    1    1    5    2    0       968   13    5   14   -3   -5   -8   -9   10    1   22    2    9    2   -7   14    8    1   -9
    1   12    5    1    3    2    3    1       915    2   11   11   11   -4    0   12    1   -5   -6   16    9    4   -1    8   -2    0    2
    1   12    6    1    1    2    3    0       751   11    3   15   -3   -7   -5   -7    4   -1   13    5    6  -11   -1   14    8   -1   -6
    1   12    7    1    2    2    3    0       451  -12  -11    5    6  -14    5    0    4    0  -17   -3  -17   17  -22   12   -3   18   -5
    1   12    8    1    2    4    2    1      1442  -11   -8    0   15  -14    6    2    5   -4  -17   -5   -9   10  -12   17    3    9   -3
    1   12    9    1    2    3    2    1       922  -20   -3    4    6  -14    6    0    3   -2  -13   -8   -6    9  -13   11    0   10   -2
    1   12   10    1    3    5    1    0      2646    0   12   10    8   -2   -2    9   -1   -7   -5   14   12    2    3   -1   -4    0   -1
    1   12   11    1    1    1    1    1       926   17    4   17    0   -4   -1   -8    7  -11   14    3    6   -5   -3   14    6    0  -14
    1   12   12    1    3    1    3    1      1643    2   10    8    6   -1   -5   12    0   -9   -3   13   10    4    0    6   -7    0   -1
    1   12   13    1    1    3    1    1      1146   13    3   14   -6   -8   -6  -11    3  -12   19    2    5   -1   -3   14    6    1  -10
    1   12   14    1    1    4    3    0      2126    5   14   16   -5    1   -6   -6    5  -13   10   -5    0   -2   -6   15    5    0   -4
    1   12   15    1    2    1    2    1      1242  -11   -9    5    4  -12    7   -3    9    1  -21   -6   -7    9  -13   15    2   10    0
    1   13    1    1    2    1    2    1      1354  -11   -9    5    4  -12    7   -3    9    1  -21   -6   -7    9  -13   15    2   10    0
    1   13    2    1    3    1    1    0      1253    2   10    8    6   -1   -5   12    0   -9   -3   13   10    4    0    6   -7    0   -1
    1   13    3    1    1    2    3    0      1221   11    3   15   -3   -7   -5   -7    4   -1   13    5    6  -11   -1   14    8   -1   -6
    1   13    4    1    3    2    2    0      1173    2   11   11   11   -4    0   12    1   -5   -6   16    9    4   -1    8   -2    0    2
    1   13    5    1    2    3    2    1      1256  -20   -3    4    6  -14    6    0    3   -2  -13   -8   -6    9  -13   11    0   10   -2
    1   13    6    1    3    4    1    0      1447   -7    1   10   12   -1   -4   14    0   -6   -6   15    9    0    3   11  -10    3    0
    1   13    7    1    1    5    2    0      1087   13    5   14   -3   -5   -8   -9   10    1   22    2    9    2   -7   14    8    1   -9
    1   13    8    1    1    3    1    1       916   13    3   14   -6   -8   -6  -11    3  -12   19    2    5   -1   -3   14    6    1  -10
    1   13    9    1    2    5    2    1      1009  -15  -13   -6    9  -12    6    2    6   -3  -13   -6  -12   11  -15   15    0    9    1
    1   13   10    1    2    4    3    0      1482  -11   -8    0   15  -14    6    2    5   -4  -17   -5   -9   10  -12   17    3    9   -3
    1   13   11    1    1    1    1    1      1584   17    4   17    0   -4   -1   -8    7  -11   14    3    6   -5   -3   14    6    0  -14
    1   13   12    1    3    3    1    0      1154    3   12    8   13   -3   -3   12   -3   -6   -1   15   13    2  -12   13  -16    4   -6
    1   13   13    1    1    4    1    1      2965    5   14   16   -5    1   -6   -6    5  -13   10   -5    0   -2   -6   15    5    0   -4
    1   13   14    1    3    5    3    1      1248    0   12   10    8   -2   -2    9   -1   -7   -5   14   12    2    3   -1   -4    0   -1
    1   13   15    1    2    2    2    1       735  -12  -11    5    6  -14    5    0    4    0  -17   -3  -17   17  -22   12   -3   18   -5
    1   14    1    1    1    4    1    1      1187    5   14   16   -5    1   -6   -6    5  -13   10   -5    0   -2   -6   15    5    0   -4
    1   14    2    1    1    3    2    0      1429   13    3   14   -6   -8   -6  -11    3  -12   19    2    5   -1   -3   14    6    1  -10
    1   14    3    1    3    1    3    1      1134    2   10    8    6   -1   -5   12    0   -9   -3   13   10    4    0    6   -7    0   -1
    1   14    4    1    3    4    1    0      1730   -7    1   10   12   -1   -4   14    0   -6   -6   15    9    0    3   11  -10    3    0
    1   14    5    1    1    1    1    1      1710   17    4   17    0   -4   -1   -8    7  -11   14    3    6   -5   -3   14    6    0  -14
    1   14    6    1    1    2    3    0      1163   11    3   15   -3   -7   -5   -7    4   -1   13    5    6  -11   -1   14    8   -1   -6
    1   14    7    1    3    2    3    1       814    2   11   11   11   -4    0   12    1   -5   -6   16    9    4   -1    8   -2    0    2
    1   14    8    1    2    2    2    1       894  -12  -11    5    6  -14    5    0    4    0  -17   -3  -17   17  -22   12   -3   18   -5
    1   14    9    1    2    4    2    1       764  -11   -8    0   15  -14    6    2    5   -4  -17   -5   -9   10  -12   17    3    9   -3
    1   14   10    1    1    5    1    1      1903   13    5   14   -3   -5   -8   -9   10    1   22    2    9    2   -7   14    8    1   -9
    1   14   11    1    3    5    3    1       756    0   12   10    8   -2   -2    9   -1   -7   -5   14   12    2    3   -1   -4    0   -1
    1   14   12    1    2    1    2    1      2151  -11   -9    5    4  -12    7   -3    9    1  -21   -6   -7    9  -13   15    2   10    0
    1   14   13    1    2    5    2    1       947  -15  -13   -6    9  -12    6    2    6   -3  -13   -6  -12   11  -15   15    0    9    1
    1   14   14    1    2    3    2    1       718  -20   -3    4    6  -14    6    0    3   -2  -13   -8   -6    9  -13   11    0   10   -2
    1   14   15    1    3    3    3    1      1891    3   12    8   13   -3   -3   12   -3   -6   -1   15   13    2  -12   13  -16    4   -6
    1   15    1    1    2    2    2    1       776  -12  -11    5    6  -14    5    0    4    0  -17   -3  -17   17  -22   12   -3   18   -5
    1   15    2    1    1    1    1    1      1083   17    4   17    0   -4   -1   -8    7  -11   14    3    6   -5   -3   14    6    0  -14
    1   15    3    1    2    4    2    1      1377  -11   -8    0   15  -14    6    2    5   -4  -17   -5   -9   10  -12   17    3    9   -3
    1   15    4    1    1    5    2    0      1116   13    5   14   -3   -5   -8   -9   10    1   22    2    9    2   -7   14    8    1   -9
    1   15    5    1    3    2    3    1      1072    2   11   11   11   -4    0   12    1   -5   -6   16    9    4   -1    8   -2    0    2
    1   15    6    1    3    3    1    0      1687    3   12    8   13   -3   -3   12   -3   -6   -1   15   13    2  -12   13  -16    4   -6
    1   15    7    1    1    3    1    1      1365   13    3   14   -6   -8   -6  -11    3  -12   19    2    5   -1   -3   14    6    1  -10
    1   15    8    1    2    1    2    1      1264  -11   -9    5    4  -12    7   -3    9    1  -21   -6   -7    9  -13   15    2   10    0
    1   15    9    1    3    1    3    1      1038    2   10    8    6   -1   -5   12    0   -9   -3   13   10    4    0    6   -7    0   -1
    1   15   10    1    2    5    2    1       678  -15  -13   -6    9  -12    6    2    6   -3  -13   -6  -12   11  -15   15    0    9    1
    1   15   11    1    3    5    3    1      1085    0   12   10    8   -2   -2    9   -1   -7   -5   14   12    2    3   -1   -4    0   -1
    1   15   12    1    2    3    2    1      1379  -20   -3    4    6  -14    6    0    3   -2  -13   -8   -6    9  -13   11    0   10   -2
    1   15   13    1    3    4    1    0      1581   -7    1   10   12   -1   -4   14    0   -6   -6   15    9    0    3   11  -10    3    0
    1   15   14    1    1    2    2    0       703   11    3   15   -3   -7   -5   -7    4   -1   13    5    6  -11   -1   14    8   -1   -6
    1   15   15    1    1    4    3    0       901    5   14   16   -5    1   -6   -6    5  -13   10   -5    0   -2   -6   15    5    0   -4
    2    1    1    2    3    0    1    0      3676    1   11   10   11   -2   -4   13    0   -7   -4   15   11    6   -2    7   -7    1   -2
    2    1    2    6    0    0    2    1       970   -6   17    5  -13    8   -5   -3   12   17  -15    3    0    5   -1   -5   11  -13   12
    2    1    3    4    1    2    2    1      1573    2    0   14   -4   -5   -5  -12   -3   -8   15    2    6   -3   -3   15    6    2  -13
    2    1    4    1    3    3    1    1       615    3   12    8   13   -3   -3   12   -3   -6   -1   15   13    2  -12   13  -16    4   -6
    2    1    5    6    0    0    2    1       768   13  -14   16   -1   -6   -3   10   -1    9    5   11  -13    9  -14    0   -8    2   -5
    2    1    6    4    3    3    1    0       771    3   10    9   12    2   -9   11    1   -6   -5   18   13    2   -3    9   -9   -4    0
    2    1    7    4    1    3    2    1      1077    9    3   13   -7  -14  -15   -7    5  -11   16    2    9   -5   -6   15    8    0   -7
    2    1    8    1    3    5    1    1       908    0   12   10    8   -2   -2    9   -1   -7   -5   14   12    2    3   -1   -4    0   -1
    2    1    9    1    2    1    1    1      4633  -11   -9    5    4  -12    7   -3    9    1  -21   -6   -7    9  -13   15    2   10    0
    2    1   10    1    2    4    1    1       753  -11   -8    0   15  -14    6    2    5   -4  -17   -5   -9   10  -12   17    3    9   -3
    2    1   11    1    2    3    1    1      1397  -20   -3    4    6  -14    6    0    3   -2  -13   -8   -6    9  -13   11    0   10   -2
    2    1   12    1    1    3    1    1       798   13    3   14   -6   -8   -6  -11    3  -12   19    2    5   -1   -3   14    6    1  -10
    2    1   13    1    1    4    2    0      1263    5   14   16   -5    1   -6   -6    5  -13   10   -5    0   -2   -6   15    5    0   -4
    2    1   14    6    0    0    2    1      2270   -9   13    3  -13   15    8    4    3   12  -11   10   -2    7   -2   -4   11  -11    8
    2    1   15    4    2    1    2    1      1092   -6  -10    5    6  -15    5   -1    4   -2  -12   -5   -5   12  -11   15   -1   11   -2
    2    1   16    1    1    2    1    1      1146   11    3   15   -3   -7   -5   -7    4   -1   13    5    6  -11   -1   14    8   -1   -6
    2    1   17    1    2    2    1    1       670  -12  -11    5    6  -14    5    0    4    0  -17   -3  -17   17  -22   12   -3   18   -5
    2    1   18    1    1    5    1    1      1700   13    5   14   -3   -5   -8   -9   10    1   22    2    9    2   -7   14    8    1   -9
    2    1   19    4    3    2    2    1      1457    5   16    9   10   -1   -6   17    5   -5   -6   18    2    5   -1    5   -8    1   -1
    2    1   20    2    1    0    2    1      1401   11    4   14   -5   -7   -6   -8    6   -9   15    3    7   -3   -4   14    7    0   -8
    2    1   21    6    0    0    2    1      1010    3   12   14    9  -10    3   16    6  -13  -15   -4    8  -10  -13   15  -13   12  -13
    2    1   22    4    1    4    2    1      1179   10    2   14   -3   -6  -13   -7    5  -10   16    2    7   -3   -5   15    7  -10  -10
    2    1   23    4    3    1    2    1      1950    0   11    2   15   -2   -6   18    2   -5   -4    8   20    4    0    5   -8    2   -1
    2    1   24    4    2    3    2    1      1042   -9  -15    0    6  -13    7    2    3   -3   -9   -7   -8   12  -14   16    2   11    0
    2    1   25    4    2    5    2    1      1369  -10   -8    5    4  -13    5    0    5   -2  -12   -6   -8   11  -13   14    1   19    7
    2    1   26    4    3    5    1    0      1075   -1   11   12   12    0   -6   14    0   -7   -2   15   10    5   -1    7   -8   -1    0
    2    1   27    6    0    0    2    1      1050   16  -13   17   -2   -7    5   13    2   -1    3   14   -8    6  -21   -4   -7   -1   -4
    2    1   28    4    1    5    2    1      1074   10    3   16   -3   -7   -4  -10    3  -17    8    2    7   -5   -3   13    7    0   -9
    2    1   29    1    2    5    1    1       744  -15  -13   -6    9  -12    6    2    6   -3  -13   -6  -12   11  -15   15    0    9    1
    2    1   30    1    3    1    1    1      1116    2   10    8    6   -1   -5   12    0   -9   -3   13   10    4    0    6   -7    0   -1
    2    1   31    4    2    4    2    1      1057  -11  -14    2    4  -14    8    8   11   -3  -14   -9   -5   13  -18   15    0   15   -3
    2    1   32    2    2    0    2    1       744  -10  -10    3    5  -13    6    1    4   -3  -12   -7   -7   10  -13   16    1   10   -1
    2    1   33    4    3    4    2    1      1020   -1   11   13   17   -3   -3   14    0  -11   -5   14   11    5   -8    9   -5    2   -4
    2    1   34    1    3    4    1    1      1573   -7    1   10   12   -1   -4   14    0   -6   -6   15    9    0    3   11  -10    3    0
    2    1   35    1    1    1    1    1      1047   17    4   17    0   -4   -1   -8    7  -11   14    3    6   -5   -3   14    6    0  -14
    2    1   36    6    0    0    2    1      3183    4   11   16    7  -13    4   13    4  -13  -13   -8   12  -16  -14   16  -13   10  -13
    2    1   37    4    1    1    1    0      1009    9    4   15   -4   -7   -7   -9    7   -7   16    4    9   -2   -5   13    6   -3  -16
    2    1   38    4    2    2    2    1      2058   -9   -9    3    4  -12    5    0    5    1  -17  -11  -12   15  -15   15    1   15   -5
    2    1   39    1    3    2    1    1       953    2   11   11   11   -4    0   12    1   -5   -6   16    9    4   -1    8   -2    0    2
