    1    1    1    1    1    2    1    1     13557   -1   -2  -13  -21    5   -2   11    0    3   -1    2    6   11   14    7   -8   -6  -12
    1    1    2    1    1    5    1    1      1661   -1   -2   -2  -12    4   -1    9    2    7   -1    2    8   13   14    5   -6   -7  -13
    1    1    3    1    2    5    2    1      2332    2   11   13   -1    4    8   12    8   -9   -3  -14   -3    4    0   -2  -12   -2   -6
    1    1    4    1    2    2    3    0      1809    7   11   12    3    5    6   15    4   -8   -5  -14   -1    3   -1   -8   -8  -12   -5
    1    1    5    1    3    5    2    0      3466    7    1    8  -10  -13    5   -9   11   -1   -6    8   -6   -4  -11   15    8   14   13
    1    1    6    1    3    4    3    1      1505    7   -1   10   -9  -13    8   -9   10   10  -14    6   -5   -5  -11   10    3   14   16
    1    1    7    1    3    2    3    1      1302    8    0    7   -7  -11    7  -10    9    1  -12    9   -4   -4  -15   11    0   14   15
    1    1    8    1    3    3    3    1      1507    8    0    7   -7  -14    7  -10   14    1  -11    6   -3  -13  -10    6   12   13   13
    1    1    9    1    3    1    3    1       665    4   -2    7  -11  -10   -3  -11   11    0  -12    7   -6   -4  -14   11    2   17   13
    1    1   10    1    2    4    1    0      1264    6   15   13    6    2    8   15   10   -8   -1  -11   -4    4   -2   -8   -5  -12  -16
    1    1   11    1    1    4    2    0      1023   -4   -5   -4  -10    2   -2   10    2    6    9    5   11   16   14    2   -6   -6  -15
    1    1   12    1    1    1    2    0      1432   -1    0   -4  -12    3   -3   10    3    6    1    1    6   14   12    6   -8   -6  -11
    1    1   13    1    2    1    2    1      2864    7   14   14    3    5    5    6    2   -9   -3  -13   -3    3   -1   -6    0   -2   -6
    1    1   14    1    2    3    3    0      1871    9   13   13    3    4    6   14    9  -11   -3  -16    3    3   -5   -8   -9   -3   -2
    1    1   15    1    1    3    2    0      1654    5   -5   -2   -7    4   -3    6    9    7    1    6    5   14   12    5   -8   -7  -13
    1    2    1    1    1    2    2    0      1253   -1   -2  -13  -21    5   -2   11    0    3   -1    2    6   11   14    7   -8   -6  -12
    1    2    2    1    3    3    3    1      1973    8    0    7   -7  -14    7  -10   14    1  -11    6   -3  -13  -10    6   12   13   13
    1    2    3    1    1    3    1    1      1784    5   -5   -2   -7    4   -3    6    9    7    1    6    5   14   12    5   -8   -7  -13
    1    2    4    1    2    4    2    1       962    6   15   13    6    2    8   15   10   -8   -1  -11   -4    4   -2   -8   -5  -12  -16
    1    2    5    1    3    1    3    1       845    4   -2    7  -11  -10   -3  -11   11    0  -12    7   -6   -4  -14   11    2   17   13
    1    2    6    1    1    1    2    0      1629   -1    0   -4  -12    3   -3   10    3    6    1    1    6   14   12    6   -8   -6  -11
    1    2    7    1    3    4    3    1       974    7   -1   10   -9  -13    8   -9   10   10  -14    6   -5   -5  -11   10    3   14   16
    1    2    8    1    3    2    3    1      1097    8    0    7   -7  -11    7  -10    9    1  -12    9   -4   -4  -15   11    0   14   15
    1    2    9    1    3    5    3    1       607    7    1    8  -10  -13    5   -9   11   -1   -6    8   -6   -4  -11   15    8   14   13
    1    2   10    1    2    5    2    1      1896    2   11   13   -1    4    8   12    8   -9   -3  -14   -3    4    0   -2  -12   -2   -6
    1    2   11    1    2    3    2    1      1582    9   13   13    3    4    6   14    9  -11   -3  -16    3    3   -5   -8   -9   -3   -2
    1    2   12    1    1    5    2    0      1632   -1   -2   -2  -12    4   -1    9    2    7   -1    2    8   13   14    5   -6   -7  -13
    1    2   13    1    2    2    2    1      1584    7   11   12    3    5    6   15    4   -8   -5  -14   -1    3   -1   -8   -8  -12   -5
    1    2   14    1    1    4    1    1      1186   -4   -5   -4  -10    2   -2   10    2    6    9    5   11   16   14    2   -6   -6  -15
    1    2   15    1    2    1    2    1      1172    7   14   14    3    5    5    6    2   -9   -3  -13   -3    3   -1   -6    0   -2   -6
    1    3    1    1    1    2    1    1      1703   -1   -2  -13  -21    5   -2   11    0    3   -1    2    6   11   14    7   -8   -6  -12
    1    3    2    1    1    3    1    1      1029    5   -5   -2   -7    4   -3    6    9    7    1    6    5   14   12    5   -8   -7  -13
    1    3    3    1    1    1    2    0      1005   -1    0   -4  -12    3   -3   10    3    6    1    1    6   14   12    6   -8   -6  -11
    1    3    4    1    2    3    2    1      2311    9   13   13    3    4    6   14    9  -11   -3  -16    3    3   -5   -8   -9   -3   -2
    1    3    5    1    2    1    2    1      1132    7   14   14    3    5    5    6    2   -9   -3  -13   -3    3   -1   -6    0   -2   -6
    1    3    6    1    3    3    3    1      1088    8    0    7   -7  -14    7  -10   14    1  -11    6   -3  -13  -10    6   12   13   13
    1    3    7    1    3    1    3    1       454    4   -2    7  -11  -10   -3  -11   11    0  -12    7   -6   -4  -14   11    2   17   13
    1    3    8    1    2    4    1    0       822    6   15   13    6    2    8   15   10   -8   -1  -11   -4    4   -2   -8   -5  -12  -16
    1    3    9    1    2    2    2    1      2470    7   11   12    3    5    6   15    4   -8   -5  -14   -1    3   -1   -8   -8  -12   -5
    1    3   10    1    3    2    3    1      1749    8    0    7   -7  -11    7  -10    9    1  -12    9   -4   -4  -15   11    0   14   15
    1    3   11    1    3    4    3    1       689    7   -1   10   -9  -13    8   -9   10   10  -14    6   -5   -5  -11   10    3   14   16
    1    3   12    1    3    5    3    1       711    7    1    8  -10  -13    5   -9   11   -1   -6    8   -6   -4  -11   15    8   14   13
    1    3   13    1    2    5    1    0      2540    2   11   13   -1    4    8   12    8   -9   -3  -14   -3    4    0   -2  -12   -2   -6
    1    3   14    1    1    5    1    1      1048   -1   -2   -2  -12    4   -1    9    2    7   -1    2    8   13   14    5   -6   -7  -13
    1    3   15    1    1    4    1    1       512   -4   -5   -4  -10    2   -2   10    2    6    9    5   11   16   14    2   -6   -6  -15
    1    4    1    1    1    2    1    1       781   -1   -2  -13  -21    5   -2   11    0    3   -1    2    6   11   14    7   -8   -6  -12
    1    4    2    1    1    5    1    1      1967   -1   -2   -2  -12    4   -1    9    2    7   -1    2    8   13   14    5   -6   -7  -13
    1    4    3    1    1    1    2    0      3298   -1    0   -4  -12    3   -3   10    3    6    1    1    6   14   12    6   -8   -6  -11
    1    4    4    1    2    3    2    1       783    9   13   13    3    4    6   14    9  -11   -3  -16    3    3   -5   -8   -9   -3   -2
    1    4    5    1    2    2    2    1      1201    7   11   12    3    5    6   15    4   -8   -5  -14   -1    3   -1   -8   -8  -12   -5
    1    4    6    1    3    5    3    1       978    7    1    8  -10  -13    5   -9   11   -1   -6    8   -6   -4  -11   15    8   14   13
    1    4    7    1    3    1    3    1       733    4   -2    7  -11  -10   -3  -11   11    0  -12    7   -6   -4  -14   11    2   17   13
    1    4    8    1    1    4    1    1      1217   -4   -5   -4  -10    2   -2   10    2    6    9    5   11   16   14    2   -6   -6  -15
    1    4    9    1    2    4    1    0       738    6   15   13    6    2    8   15   10   -8   -1  -11   -4    4   -2   -8   -5  -12  -16
    1    4   10    1    3    3    3    1      1638    8    0    7   -7  -14    7  -10   14    1  -11    6   -3  -13  -10    6   12   13   13
    1    4   11    1    3    4    3    1      1014    7   -1   10   -9  -13    8   -9   10   10  -14    6   -5   -5  -11   10    3   14   16
    1    4   12    1    2    1    2    1      1359    7   14   14    3    5    5    6    2   -9   -3  -13   -3    3   -1   -6    0   -2   -6
    1    4   13    1    2    5    2    1      1499    2   11   13   -1    4    8   12    8   -9   -3  -14   -3    4    0   -2  -12   -2   -6
    1    4   14    1    3    2    3    1      1056    8    0    7   -7  -11    7  -10    9    1  -12    9   -4   -4  -15   11    0   14   15
    1    4   15    1    1    3    1    1      1159    5   -5   -2   -7    4   -3    6    9    7    1    6    5   14   12    5   -8   -7  -13
    1    5    1    1    3    2    3    1      1483    8    0    7   -7  -11    7  -10    9    1  -12    9   -4   -4  -15   11    0   14   15
    1    5    2    1    1    1    2    0      1441   -1    0   -4  -12    3   -3   10    3    6    1    1    6   14   12    6   -8   -6  -11
    1    5    3    1    2    2    2    1      1721    7   11   12    3    5    6   15    4   -8   -5  -14   -1    3   -1   -8   -8  -12   -5
    1    5    4    1    3    3    3    1       949    8    0    7   -7  -14    7  -10   14    1  -11    6   -3  -13  -10    6   12   13   13
    1    5    5    1    1    4    1    1      1377   -4   -5   -4  -10    2   -2   10    2    6    9    5   11   16   14    2   -6   -6  -15
    1    5    6    1    3    4    3    1      1516    7   -1   10   -9  -13    8   -9   10   10  -14    6   -5   -5  -11   10    3   14   16
    1    5    7    1    2    1    2    1      4544    7   14   14    3    5    5    6    2   -9   -3  -13   -3    3   -1   -6    0   -2   -6
    1    5    8    1    3    5    3    1       877    7    1    8  -10  -13    5   -9   11   -1   -6    8   -6   -4  -11   15    8   14   13
    1    5    9    1    1    3    1    1      1403    5   -5   -2   -7    4   -3    6    9    7    1    6    5   14   12    5   -8   -7  -13
    1    5   10    1    1    5    1    1      1589   -1   -2   -2  -12    4   -1    9    2    7   -1    2    8   13   14    5   -6   -7  -13
    1    5   11    1    3    1    3    1       919    4   -2    7  -11  -10   -3  -11   11    0  -12    7   -6   -4  -14   11    2   17   13
    1    5   12    1    2    3    2    1      1236    9   13   13    3    4    6   14    9  -11   -3  -16    3    3   -5   -8   -9   -3   -2
    1    5   13    1    2    4    2    1      2660    6   15   13    6    2    8   15   10   -8   -1  -11   -4    4   -2   -8   -5  -12  -16
    1    5   14    1    2    5    2    1      1371    2   11   13   -1    4    8   12    8   -9   -3  -14   -3    4    0   -2  -12   -2   -6
    1    5   15    1    1    2    1    1      1110   -1   -2  -13  -21    5   -2   11    0    3   -1    2    6   11   14    7   -8   -6  -12
    1    6    1    1    3    2    3    1       667    8    0    7   -7  -11    7  -10    9    1  -12    9   -4   -4  -15   11    0   14   15
    1    6    2    1    1    2    1    1      1266   -1   -2  -13  -21    5   -2   11    0    3   -1    2    6   11   14    7   -8   -6  -12
    1    6    3    1    2    4    1    0       673    6   15   13    6    2    8   15   10   -8   -1  -11   -4    4   -2   -8   -5  -12  -16
    1    6    4    1    1    4    2    0      1223   -4   -5   -4  -10    2   -2   10    2    6    9    5   11   16   14    2   -6   -6  -15
    1    6    5    1    2    2    2    1       792    7   11   12    3    5    6   15    4   -8   -5  -14   -1    3   -1   -8   -8  -12   -5
    1    6    6    1    3    4    3    1       714    7   -1   10   -9  -13    8   -9   10   10  -14    6   -5   -5  -11   10    3   14   16
    1    6    7    1    2    1    2    1      3567    7   14   14    3    5    5    6    2   -9   -3  -13   -3    3   -1   -6    0   -2   -6
    1    6    8    1    3    3    3    1      1537    8    0    7   -7  -14    7  -10   14    1  -11    6   -3  -13  -10    6   12   13   13
    1    6    9    1    1    3    1    1      1590    5   -5   -2   -7    4   -3    6    9    7    1    6    5   14   12    5   -8   -7  -13
    1    6   10    1    3    1    3    1       856    4   -2    7  -11  -10   -3  -11   11    0  -12    7   -6   -4  -14   11    2   17   13
    1    6   11    1    3    5    3    1       983    7    1    8  -10  -13    5   -9   11   -1   -6    8   -6   -4  -11   15    8   14   13
    1    6   12    1    2    3    3    0       897    9   13   13    3    4    6   14    9  -11   -3  -16    3    3   -5   -8   -9   -3   -2
    1    6   13    1    1    5    1    1      1407   -1   -2   -2  -12    4   -1    9    2    7   -1    2    8   13   14    5   -6   -7  -13
    1    6   14    1    2    5    2    1       905    2   11   13   -1    4    8   12    8   -9   -3  -14   -3    4    0   -2  -12   -2   -6
    1    6   15    1    1    1    1    1      2758   -1    0   -4  -12    3   -3   10    3    6    1    1    6   14   12    6   -8   -6  -11
    1    7    1    1    2    5    2    1       794    2   11   13   -1    4    8   12    8   -9   -3  -14   -3    4    0   -2  -12   -2   -6
    1    7    2    1    3    4    3    1       972    7   -1   10   -9  -13    8   -9   10   10  -14    6   -5   -5  -11   10    3   14   16
    1    7    3    1    3    1    2    0      1446    4   -2    7  -11  -10   -3  -11   11    0  -12    7   -6   -4  -14   11    2   17   13
    1    7    4    1    3    2    3    1       638    8    0    7   -7  -11    7  -10    9    1  -12    9   -4   -4  -15   11    0   14   15
    1    7    5    1    2    1    2    1      2598    7   14   14    3    5    5    6    2   -9   -3  -13   -3    3   -1   -6    0   -2   -6
    1    7    6    1    1    1    1    1      1456   -1    0   -4  -12    3   -3   10    3    6    1    1    6   14   12    6   -8   -6  -11
    1    7    7    1    1    4    1    1       967   -4   -5   -4  -10    2   -2   10    2    6    9    5   11   16   14    2   -6   -6  -15
    1    7    8    1    1    2    1    1       770   -1   -2  -13  -21    5   -2   11    0    3   -1    2    6   11   14    7   -8   -6  -12
    1    7    9    1    2    2    2    1       709    7   11   12    3    5    6   15    4   -8   -5  -14   -1    3   -1   -8   -8  -12   -5
    1    7   10    1    3    5    3    1       906    7    1    8  -10  -13    5   -9   11   -1   -6    8   -6   -4  -11   15    8   14   13
    1    7   11    1    3    3    3    1       840    8    0    7   -7  -14    7  -10   14    1  -11    6   -3  -13  -10    6   12   13   13
    1    7   12    1    1    3    1    1      1256    5   -5   -2   -7    4   -3    6    9    7    1    6    5   14   12    5   -8   -7  -13
    1    7   13    1    1    5    1    1       823   -1   -2   -2  -12    4   -1    9    2    7   -1    2    8   13   14    5   -6   -7  -13
    1    7   14    1    2    4    2    1      1496    6   15   13    6    2    8   15   10   -8   -1  -11   -4    4   -2   -8   -5  -12  -16
    1    7   15    1    2    3    2    1      1550    9   13   13    3    4    6   14    9  -11   -3  -16    3    3   -5   -8   -9   -3   -2
    1    8    1    1    2    4    2    1      1233    6   15   13    6    2    8   15   10   -8   -1  -11   -4    4   -2   -8   -5  -12  -16
    1    8    2    1    2    5    2    1      1985    2   11   13   -1    4    8   12    8   -9   -3  -14   -3    4    0   -2  -12   -2   -6
    1    8    3    1    3    4    3    1       851    7   -1   10   -9  -13    8   -9   10   10  -14    6   -5   -5  -11   10    3   14   16
    1    8    4    1    1    5    1    1      1267   -1   -2   -2  -12    4   -1    9    2    7   -1    2    8   13   14    5   -6   -7  -13
    1    8    5    1    3    5    3    1      1042    7    1    8  -10  -13    5   -9   11   -1   -6    8   -6   -4  -11   15    8   14   13
    1    8    6    1    2    3    2    1      1226    9   13   13    3    4    6   14    9  -11   -3  -16    3    3   -5   -8   -9   -3   -2
    1    8    7    1    2    2    2    1      1290    7   11   12    3    5    6   15    4   -8   -5  -14   -1    3   -1   -8   -8  -12   -5
    1    8    8    1    1    3    1    1      3113    5   -5   -2   -7    4   -3    6    9    7    1    6    5   14   12    5   -8   -7  -13
    1    8    9    1    1    4    1    1       974   -4   -5   -4  -10    2   -2   10    2    6    9    5   11   16   14    2   -6   -6  -15
    1    8   10    1    3    1    3    1       889    4   -2    7  -11  -10   -3  -11   11    0  -12    7   -6   -4  -14   11    2   17   13
    1    8   11    1    2    1    2    1      2855    7   14   14    3    5    5    6    2   -9   -3  -13   -3    3   -1   -6    0   -2   -6
    1    8   12    1    3    2    3    1      1270    8    0    7   -7  -11    7  -10    9    1  -12    9   -4   -4  -15   11    0   14   15
    1    8   13    1    3    3    3    1       901    8    0    7   -7  -14    7  -10   14    1  -11    6   -3  -13  -10    6   12   13   13
    1    8   14    1    1    2    1    1      1410   -1   -2  -13  -21    5   -2   11    0    3   -1    2    6   11   14    7   -8   -6  -12
    1    8   15    1    1    1    1    1      1436   -1    0   -4  -12    3   -3   10    3    6    1    1    6   14   12    6   -8   -6  -11
    1    9    1    1    3    2    3    1      1332    8    0    7   -7  -11    7  -10    9    1  -12    9   -4   -4  -15   11    0   14   15
    1    9    2    1    2    3    3    0      2864    9   13   13    3    4    6   14    9  -11   -3  -16    3    3   -5   -8   -9   -3   -2
    1    9    3    1    1    1    1    1      1199   -1    0   -4  -12    3   -3   10    3    6    1    1    6   14   12    6   -8   -6  -11
    1    9    4    1    1    3    1    1       993    5   -5   -2   -7    4   -3    6    9    7    1    6    5   14   12    5   -8   -7  -13
    1    9    5    1    3    1    3    1      1051    4   -2    7  -11  -10   -3  -11   11    0  -12    7   -6   -4  -14   11    2   17   13
    1    9    6    1    1    4    1    1      1234   -4   -5   -4  -10    2   -2   10    2    6    9    5   11   16   14    2   -6   -6  -15
    1    9    7    1    1    5    1    1       930   -1   -2   -2  -12    4   -1    9    2    7   -1    2    8   13   14    5   -6   -7  -13
    1    9    8    1    2    1    2    1      1183    7   14   14    3    5    5    6    2   -9   -3  -13   -3    3   -1   -6    0   -2   -6
    1    9    9    1    3    4    3    1      1281    7   -1   10   -9  -13    8   -9   10   10  -14    6   -5   -5  -11   10    3   14   16
    1    9   10    1    3    3    3    1      1135    8    0    7   -7  -14    7  -10   14    1  -11    6   -3  -13  -10    6   12   13   13
    1    9   11    1    3    5    3    1       835    7    1    8  -10  -13    5   -9   11   -1   -6    8   -6   -4  -11   15    8   14   13
    1    9   12    1    2    5    2    1      2467    2   11   13   -1    4    8   12    8   -9   -3  -14   -3    4    0   -2  -12   -2   -6
    1    9   13    1    2    4    2    1      1442    6   15   13    6    2    8   15   10   -8   -1  -11   -4    4   -2   -8   -5  -12  -16
    1    9   14    1    1    2    1    1      1594   -1   -2  -13  -21    5   -2   11    0    3   -1    2    6   11   14    7   -8   -6  -12
    1    9   15    1    2    2    2    1       780    7   11   12    3    5    6   15    4   -8   -5  -14   -1    3   -1   -8   -8  -12   -5
    1   10    1    1    2    5    2    1      1007    2   11   13   -1    4    8   12    8   -9   -3  -14   -3    4    0   -2  -12   -2   -6
    1   10    2    1    3    3    3    1       616    8    0    7   -7  -14    7  -10   14    1  -11    6   -3  -13  -10    6   12   13   13
    1   10    3    1    2    3    3    0       929    9   13   13    3    4    6   14    9  -11   -3  -16    3    3   -5   -8   -9   -3   -2
    1   10    4    1    3    5    3    1      1998    7    1    8  -10  -13    5   -9   11   -1   -6    8   -6   -4  -11   15    8   14   13
    1   10    5    1    1    4    1    1       991   -4   -5   -4  -10    2   -2   10    2    6    9    5   11   16   14    2   -6   -6  -15
    1   10    6    1    1    1    1    1       713   -1    0   -4  -12    3   -3   10    3    6    1    1    6   14   12    6   -8   -6  -11
    1   10    7    1    3    2    3    1       974    8    0    7   -7  -11    7  -10    9    1  -12    9   -4   -4  -15   11    0   14   15
    1   10    8    1    3    1    3    1       569    4   -2    7  -11  -10   -3  -11   11    0  -12    7   -6   -4  -14   11    2   17   13
    1   10    9    1    1    2    1    1      1380   -1   -2  -13  -21    5   -2   11    0    3   -1    2    6   11   14    7   -8   -6  -12
    1   10   10    1    3    4    3    1       719    7   -1   10   -9  -13    8   -9   10   10  -14    6   -5   -5  -11   10    3   14   16
    1   10   11    1    2    1    2    1      1476    7   14   14    3    5    5    6    2   -9   -3  -13   -3    3   -1   -6    0   -2   -6
    1   10   12    1    1    3    1    1      1338    5   -5   -2   -7    4   -3    6    9    7    1    6    5   14   12    5   -8   -7  -13
    1   10   13    1    2    4    2    1      1494    6   15   13    6    2    8   15   10   -8   -1  -11   -4    4   -2   -8   -5  -12  -16
    1   10   14    1    2    2    2    1      2460    7   11   12    3    5    6   15    4   -8   -5  -14   -1    3   -1   -8   -8  -12   -5
    1   10   15    1    1    5    1    1      1148   -1   -2   -2  -12    4   -1    9    2    7   -1    2    8   13   14    5   -6   -7  -13
    1   11    1    1    1    5    1    1       800   -1   -2   -2  -12    4   -1    9    2    7   -1    2    8   13   14    5   -6   -7  -13
    1   11    2    1    2    4    2    1      1617    6   15   13    6    2    8   15   10   -8   -1  -11   -4    4   -2   -8   -5  -12  -16
    1   11    3    1    3    4    3    1       689    7   -1   10   -9  -13    8   -9   10   10  -14    6   -5   -5  -11   10    3   14   16
    1   11    4    1    2    1    2    1       791    7   14   14    3    5    5    6    2   -9   -3  -13   -3    3   -1   -6    0   -2   -6
    1   11    5    1    2    5    2    1       921    2   11   13   -1    4    8   12    8   -9   -3  -14   -3    4    0   -2  -12   -2   -6
    1   11    6    1    3    2    3    1       614    8    0    7   -7  -11    7  -10    9    1  -12    9   -4   -4  -15   11    0   14   15
    1   11    7    1    3    1    3    1       624    4   -2    7  -11  -10   -3  -11   11    0  -12    7   -6   -4  -14   11    2   17   13
    1   11    8    1    2    3    2    1      1224    9   13   13    3    4    6   14    9  -11   -3  -16    3    3   -5   -8   -9   -3   -2
    1   11    9    1    3    3    3    1       825    8    0    7   -7  -14    7  -10   14    1  -11    6   -3  -13  -10    6   12   13   13
    1   11   10    1    1    4    1    1       730   -4   -5   -4  -10    2   -2   10    2    6    9    5   11   16   14    2   -6   -6  -15
    1   11   11    1    3    5    3    1      1390    7    1    8  -10  -13    5   -9   11   -1   -6    8   -6   -4  -11   15    8   14   13
    1   11   12    1    1    2    1    1       888   -1   -2  -13  -21    5   -2   11    0    3   -1    2    6   11   14    7   -8   -6  -12
    1   11   13    1    1    3    1    1      1175    5   -5   -2   -7    4   -3    6    9    7    1    6    5   14   12    5   -8   -7  -13
    1   11   14    1    1    1    2    0      2601   -1    0   -4  -12    3   -3   10    3    6    1    1    6   14   12    6   -8   -6  -11
    1   11   15    1    2    2    2    1      1635    7   11   12    3    5    6   15    4   -8   -5  -14   -1    3   -1   -8   -8  -12   -5
    1   12    1    1    3    4    3    1       931    7   -1   10   -9  -13    8   -9   10   10  -14    6   -5   -5  -11   10    3   14   16
    1   12    2    1    3    1    3    1       752    4   -2    7  -11  -10   -3  -11   11    0  -12    7   -6   -4  -14   11    2   17   13
    1   12    3    1    1    1    1    1      1603   -1    0   -4  -12    3   -3   10    3    6    1    1    6   14   12    6   -8   -6  -11
    1   12    4    1    3    2    3    1       916    8    0    7   -7  -11    7  -10    9    1  -12    9   -4   -4  -15   11    0   14   15
    1   12    5    1    2    1    2    1       881    7   14   14    3    5    5    6    2   -9   -3  -13   -3    3   -1   -6    0   -2   -6
    1   12    6    1    3    3    3    1       959    8    0    7   -7  -14    7  -10   14    1  -11    6   -3  -13  -10    6   12   13   13
    1   12    7    1    3    5    3    1       538    7    1    8  -10  -13    5   -9   11   -1   -6    8   -6   -4  -11   15    8   14   13
    1   12    8    1    1    3    1    1       967    5   -5   -2   -7    4   -3    6    9    7    1    6    5   14   12    5   -8   -7  -13
    1   12    9    1    1    4    1    1       737   -4   -5   -4  -10    2   -2   10    2    6    9    5   11   16   14    2   -6   -6  -15
    1   12   10    1    1    5    1    1       821   -1   -2   -2  -12    4   -1    9    2    7   -1    2    8   13   14    5   -6   -7  -13
    1   12   11    1    2    3    2    1      1014    9   13   13    3    4    6   14    9  -11   -3  -16    3    3   -5   -8   -9   -3   -2
    1   12   12    1    1    2    1    1      1135   -1   -2  -13  -21    5   -2   11    0    3   -1    2    6   11   14    7   -8   -6  -12
    1   12   13    1    2    4    2    1      1364    6   15   13    6    2    8   15   10   -8   -1  -11   -4    4   -2   -8   -5  -12  -16
    1   12   14    1    2    5    2    1      1071    2   11   13   -1    4    8   12    8   -9   -3  -14   -3    4    0   -2  -12   -2   -6
    1   12   15    1    2    2    2    1      1654    7   11   12    3    5    6   15    4   -8   -5  -14   -1    3   -1   -8   -8  -12   -5
    1   13    1    1    1    1    1    1      1205   -1    0   -4  -12    3   -3   10    3    6    1    1    6   14   12    6   -8   -6  -11
    1   13    2    1    1    4    1    1      2423   -4   -5   -4  -10    2   -2   10    2    6    9    5   11   16   14    2   -6   -6  -15
    1   13    3    1    3    4    3    1      1111    7   -1   10   -9  -13    8   -9   10   10  -14    6   -5   -5  -11   10    3   14   16
    1   13    4    1    1    3    1    1      1293    5   -5   -2   -7    4   -3    6    9    7    1    6    5   14   12    5   -8   -7  -13
    1   13    5    1    2    1    2    1      2747    7   14   14    3    5    5    6    2   -9   -3  -13   -3    3   -1   -6    0   -2   -6
    1   13    6    1    2    4    2    1      1263    6   15   13    6    2    8   15   10   -8   -1  -11   -4    4   -2   -8   -5  -12  -16
    1   13    7    1    3    1    3    1      1006    4   -2    7  -11  -10   -3  -11   11    0  -12    7   -6   -4  -14   11    2   17   13
    1   13    8    1    1    5    1    1      1736   -1   -2   -2  -12    4   -1    9    2    7   -1    2    8   13   14    5   -6   -7  -13
    1   13    9    1    2    5    2    1      1028    2   11   13   -1    4    8   12    8   -9   -3  -14   -3    4    0   -2  -12   -2   -6
    1   13   10    1    2    2    2    1       685    7   11   12    3    5    6   15    4   -8   -5  -14   -1    3   -1   -8   -8  -12   -5
    1   13   11    1    3    5    3    1      1331    7    1    8  -10  -13    5   -9   11   -1   -6    8   -6   -4  -11   15    8   14   13
    1   13   12    1    3    2    3    1       719    8    0    7   -7  -11    7  -10    9    1  -12    9   -4   -4  -15   11    0   14   15
    1   13   13    1    2    3    2    1       964    9   13   13    3    4    6   14    9  -11   -3  -16    3    3   -5   -8   -9   -3   -2
    1   13   14    1    3    3    3    1       655    8    0    7   -7  -14    7  -10   14    1  -11    6   -3  -13  -10    6   12   13   13
    1   13   15    1    1    2    1    1       647   -1   -2  -13  -21    5   -2   11    0    3   -1    2    6   11   14    7   -8   -6  -12
    1   14    1    1    3    3    3    1       735    8    0    7   -7  -14    7  -10   14    1  -11    6   -3  -13  -10    6   12   13   13
    1   14    2    1    2    4    2    1      2323    6   15   13    6    2    8   15   10   -8   -1  -11   -4    4   -2   -8   -5  -12  -16
    1   14    3    1    2    5    2    1      1288    2   11   13   -1    4    8   12    8   -9   -3  -14   -3    4    0   -2  -12   -2   -6
    1   14    4    1    1    1    1    1      1670   -1    0   -4  -12    3   -3   10    3    6    1    1    6   14   12    6   -8   -6  -11
    1   14    5    1    3    5    3    1       645    7    1    8  -10  -13    5   -9   11   -1   -6    8   -6   -4  -11   15    8   14   13
    1   14    6    1    1    4    1    1      2125   -4   -5   -4  -10    2   -2   10    2    6    9    5   11   16   14    2   -6   -6  -15
    1   14    7    1    3    4    3    1       857    7   -1   10   -9  -13    8   -9   10   10  -14    6   -5   -5  -11   10    3   14   16
    1   14    8    1    2    1    2    1      1001    7   14   14    3    5    5    6    2   -9   -3  -13   -3    3   -1   -6    0   -2   -6
    1   14    9    1    1    2    1    1      1154   -1   -2  -13  -21    5   -2   11    0    3   -1    2    6   11   14    7   -8   -6  -12
    1   14   10    1    3    1    3    1       934    4   -2    7  -11  -10   -3  -11   11    0  -12    7   -6   -4  -14   11    2   17   13
    1   14   11    1    2    2    2    1       690    7   11   12    3    5    6   15    4   -8   -5  -14   -1    3   -1   -8   -8  -12   -5
    1   14   12    1    3    2    3    1       824    8    0    7   -7  -11    7  -10    9    1  -12    9   -4   -4  -15   11    0   14   15
    1   14   13    1    2    3    2    1      1545    9   13   13    3    4    6   14    9  -11   -3  -16    3    3   -5   -8   -9   -3   -2
    1   14   14    1    1    5    1    1       652   -1   -2   -2  -12    4   -1    9    2    7   -1    2    8   13   14    5   -6   -7  -13
    1   14   15    1    1    3    1    1      1188    5   -5   -2   -7    4   -3    6    9    7    1    6    5   14   12    5   -8   -7  -13
    1   15    1    1    2    3    2    1      1062    9   13   13    3    4    6   14    9  -11   -3  -16    3    3   -5   -8   -9   -3   -2
    1   15    2    1    1    4    1    1      1069   -4   -5   -4  -10    2   -2   10    2    6    9    5   11   16   14    2   -6   -6  -15
    1   15    3    1    1    3    1    1       820    5   -5   -2   -7    4   -3    6    9    7    1    6    5   14   12    5   -8   -7  -13
    1   15    4    1    2    5    2    1      1237    2   11   13   -1    4    8   12    8   -9   -3  -14   -3    4    0   -2  -12   -2   -6
    1   15    5    1    3    4    3    1       853    7   -1   10   -9  -13    8   -9   10   10  -14    6   -5   -5  -11   10    3   14   16
    1   15    6    1    2    4    2    1      1140    6   15   13    6    2    8   15   10   -8   -1  -11   -4    4   -2   -8   -5  -12  -16
    1   15    7    1    1    1    1    1       856   -1    0   -4  -12    3   -3   10    3    6    1    1    6   14   12    6   -8   -6  -11
    1   15    8    1    3    5    3    1       824    7    1    8  -10  -13    5   -9   11   -1   -6    8   -6   -4  -11   15    8   14   13
    1   15    9    1    2    1    2    1      1384    7   14   14    3    5    5    6    2   -9   -3  -13   -3    3   -1   -6    0   -2   -6
    1   15   10    1    1    2    1    1      1075   -1   -2  -13  -21    5   -2   11    0    3   -1    2    6   11   14    7   -8   -6  -12
    1   15   11    1    3    2    3    1      1113    8    0    7   -7  -11    7  -10    9    1  -12    9   -4   -4  -15   11    0   14   15
    1   15   12    1    3    3    3    1      1167    8    0    7   -7  -14    7  -10   14    1  -11    6   -3  -13  -10    6   12   13   13
    1   15   13    1    3    1    3    1       705    4   -2    7  -11  -10   -3  -11   11    0  -12    7   -6   -4  -14   11    2   17   13
    1   15   14    1    1    5    1    1      1079   -1   -2   -2  -12    4   -1    9    2    7   -1    2    8   13   14    5   -6   -7  -13
    1   15   15    1    2    2    2    1      1550    7   11   12    3    5    6   15    4   -8   -5  -14   -1    3   -1   -8   -8  -12   -5
    2    1    1    2    2    0    2    1      3107    8   13   13    4    3    7   14    8  -10   -2  -13   -2    4   -1   -7   -7   -3   -7
    2    1    2    4    3    2    1    0       936   -3   -6    6  -10  -18   -3  -10    8    2  -11    7   -6   -4  -12    9    3   17   14
    2    1    3    1    1    5    2    0       884   -1   -2   -2  -12    4   -1    9    2    7   -1    2    8   13   14    5   -6   -7  -13
    2    1    4    1    1    4    1    1      1362   -4   -5   -4  -10    2   -2   10    2    6    9    5   11   16   14    2   -6   -6  -15
    2    1    5    2    3    0    1    0      1325    7    0    8   -9  -13    7  -10   10    0  -11    7   -5   -4  -13    9    2   15   15
    2    1    6    1    1    2    1    1      1018   -1   -2  -13  -21    5   -2   11    0    3   -1    2    6   11   14    7   -8   -6  -12
    2    1    7    4    2    3    2    1       995    8   12   11    5    4    8   14    9  -11   -2  -14   -5    5   -2   -7  -16   -2   -7
    2    1    8    1    1    1    1    1      1325   -1    0   -4  -12    3   -3   10    3    6    1    1    6   14   12    6   -8   -6  -11
    2    1    9    1    1    3    1    1       746    5   -5   -2   -7    4   -3    6    9    7    1    6    5   14   12    5   -8   -7  -13
    2    1   10    1    3    2    1    1       974    8    0    7   -7  -11    7  -10    9    1  -12    9   -4   -4  -15   11    0   14   15
    2    1   11    1    2    2    1    1       920    7   11   12    3    5    6   15    4   -8   -5  -14   -1    3   -1   -8   -8  -12   -5
    2    1   12    2    1    0    1    0       613   -1   -1   -4  -11    4   -2   10    1    5    0    2    7   14   13    5   -9   -6  -13
    2    1   13    4    2    4    1    0      1199    7   14   12    6   13   15   14    9   -9   -2  -20    7    6   -1  -13  -11   -4   -9
    2    1   14    6    0    0    2    1       976   12    0   -9    8  -17   12   -5   -9   -7   17   -1   -3   -5    8   11   -3   17   -1
    2    1   15    1    3    3    1    1       811    8    0    7   -7  -14    7  -10   14    1  -11    6   -3  -13  -10    6   12   13   13
    2    1   16    1    3    4    1    1      1676    7   -1   10   -9  -13    8   -9   10   10  -14    6   -5   -5  -11   10    3   14   16
    2    1   17    1    2    1    1    1       907    7   14   14    3    5    5    6    2   -9   -3  -13   -3    3   -1   -6    0   -2   -6
    2    1   18    1    3    5    1    1       648    7    1    8  -10  -13    5   -9   11   -1   -6    8   -6   -4  -11   15    8   14   13
    2    1   19    4    1    3    2    1      1072   -2   -1    5  -21    2   -3   15    5   10   -1    4    8   18   10    6   -9   -2  -14
    2    1   20    4    3    5    2    1      1142    8   -1   -2   -9   -6   -1  -11   10    0  -10    0   -6   -3  -15    9    1   14   17
    2    1   21    6    0    0    2    1      2026    9   -2    1   -4    3    1  -10   -7  -11  -20  -13    5   -9    5   12  -10   -8  -15
    2    1   22    4    2    1    2    1      1387    9   14   13    3   -4    9   12    9  -15   -3  -14   -1    5    1   -5   -8   -2   -8
    2    1   23    1    3    1    1    1      1493    4   -2    7  -11  -10   -3  -11   11    0  -12    7   -6   -4  -14   11    2   17   13
    2    1   24    4    1    2    2    1       811    0    0   -5  -11    4   -3    9    2    7    0    1    8   22   16    4   -6   -4  -14
    2    1   25    1    2    3    1    1      1005    9   13   13    3    4    6   14    9  -11   -3  -16    3    3   -5   -8   -9   -3   -2
    2    1   26    6    0    0    2    1       822    7    3    0   -6    0  -12    5   14    1   -8    9    8  -20   13   -7    9   11   11
    2    1   27    4    1    4    2    1      2615    0   -3   -5  -13    5   -3    9    1    6   -1   -5    7   12   11    6   -9   -4  -15
    2    1   28    4    3    4    2    1      2560    5   -4   10   -8  -12    6  -13    1   -2  -10    9   -4   -5  -12   10    0   14   16
    2    1   29    6    0    0    2    1       827   12    2  -10    9  -11   -1   -3    1   -7   17   -4   -5   -3    6   15   -7    6   -2
    2    1   30    1    2    4    2    0      1676    6   15   13    6    2    8   15   10   -8   -1  -11   -4    4   -2   -8   -5  -12  -16
    2    1   31    4    3    3    1    0      1579    2    4    9  -11  -12    9   -7    9    0  -12   10   -2   -5  -12    7    2   17   16
    2    1   32    1    2    5    1    1      2637    2   11   13   -1    4    8   12    8   -9   -3  -14   -3    4    0   -2  -12   -2   -6
    2    1   33    4    3    1    1    0       470    7    1    6  -10  -14    6   -9    8   -1  -10    5   -6   -9  -13   14    5   14   15
    2    1   34    4    1    1    2    1       676   -1    3   -2  -10    3   -1    9    2    6    5    3    5   15   15    4   -8   -7  -11
    2    1   35    4    2    2    2    1      1675   15   17   14    4    3    6   14    9  -10   -4  -12    0    2   -2   -7   -9   -2   -7
    2    1   36    6    0    0    2    1       778    7    4   -6   -1    3  -13   18    5   -1   -9    8    9  -15    5   -7   11   10    8
    2    1   37    6    0    0    2    1       716    7   -1    2   -6    4    0  -12   -5   -6  -12  -15    3   -7   10   12  -12  -11  -19
    2    1   38    4    2    5    2    1       657    6   12   12    3   -4    4   16    6   -9    6  -13    0    5    5   -8   -7   -3   -8
    2    1   39    4    1    5    2    1       712   -3    1   -4  -10    3   -2    8   -1    7   -3    1    0   10   12    6   -9    0  -15
