    1    1    1    1    1    1    1    1      9902   10    7  -12   16  -11   11    4   20    6   11   -2    4   -3    8   19    1   -7    3
    1    1    2    1    3    2    2    0      1767   18  -16   11    3  -14   -1  -14   -9    4   10   -5  -20   -2   -7    3    8  -14   10
    1    1    3    1    1    3    1    1      1345   13   11  -15   13   -3   16   -3   12    9   13   -6    9   -5    6    8    6  -10    2
    1    1    4    1    2    3    2    1      1213   -2   -8   10   -2  -11   -3   15   -1   -9    3    1   -2    5    2    2  -15  -19  -15
    1    1    5    1    1    4    3    0      1086   10    8  -11   14  -13   10    0    9    3    3   -5    7   -5   10   10    4   -9    2
    1    1    6    1    3    3    2    0      1428   10  -15    9    4  -17    3  -15   -9    3   10    4   -6    1   -7    0    4  -15   11
    1    1    7    1    2    4    1    0       941   -2   -8   15    1  -10   -4   13    0  -12    6   -2   -3    5    6    7   -6  -11   -7
    1    1    8    1    2    1    3    0       793   -6  -15   10   -4   -9   -6   10    3  -12    3    6    0    6    3    4   -7   -9   -9
    1    1    9    1    1    2    2    0       923   14    2  -15   13  -13   10    0   10    6   11   -2    3   -5    9    7    5   -7    3
    1    1   10    1    2    5    1    0      1079    4   -7    8   -9  -13   -1   14   -2   -8    4    2    0    5    3    5   -5  -12   -8
    1    1   11    1    3    1    3    1      1229   11  -10   10    4  -12   -3  -15  -11    2    9    0  -18   -1   -7    0    5  -21   16
    1    1   12    1    3    4    1    0      1182   15  -13    6    2  -14   -3  -11   -6    2   12    2  -13    2   -6    2    6  -14   11
    1    1   13    1    2    2    2    1      1039   -5   -6   11   -4  -11   -3   14    0   -9    4    5   -4    4    5    5   -7   -7   -4
    1    1   14    1    1    5    3    0      1335   10    5  -15   12  -12    9   -1    9    8    9   -3    4   -3    8    9    7   -8    3
    1    1   15    1    3    5    2    0      1091   17  -14   15    9  -12   -2  -15  -12    3    9    3  -16   -1   -7    0    8  -11    9
    1    2    1    1    2    5    1    0      1177    4   -7    8   -9  -13   -1   14   -2   -8    4    2    0    5    3    5   -5  -12   -8
    1    2    2    1    1    1    3    0      2107   10    7  -12   16  -11   11    4   20    6   11   -2    4   -3    8   19    1   -7    3
    1    2    3    1    3    1    1    0      1801   11  -10   10    4  -12   -3  -15  -11    2    9    0  -18   -1   -7    0    5  -21   16
    1    2    4    1    2    3    1    0       994   -2   -8   10   -2  -11   -3   15   -1   -9    3    1   -2    5    2    2  -15  -19  -15
    1    2    5    1    2    1    2    1      1084   -6  -15   10   -4   -9   -6   10    3  -12    3    6    0    6    3    4   -7   -9   -9
    1    2    6    1    1    2    1    1      1234   14    2  -15   13  -13   10    0   10    6   11   -2    3   -5    9    7    5   -7    3
    1    2    7    1    1    3    1    1      1186   13   11  -15   13   -3   16   -3   12    9   13   -6    9   -5    6    8    6  -10    2
    1    2    8    1    3    2    3    1       596   18  -16   11    3  -14   -1  -14   -9    4   10   -5  -20   -2   -7    3    8  -14   10
    1    2    9    1    3    4    3    1       734   15  -13    6    2  -14   -3  -11   -6    2   12    2  -13    2   -6    2    6  -14   11
    1    2   10    1    3    3    3    1       754   10  -15    9    4  -17    3  -15   -9    3   10    4   -6    1   -7    0    4  -15   11
    1    2   11    1    3    5    3    1       454   17  -14   15    9  -12   -2  -15  -12    3    9    3  -16   -1   -7    0    8  -11    9
    1    2   12    1    1    5    1    1       965   10    5  -15   12  -12    9   -1    9    8    9   -3    4   -3    8    9    7   -8    3
    1    2   13    1    2    2    2    1       799   -5   -6   11   -4  -11   -3   14    0   -9    4    5   -4    4    5    5   -7   -7   -4
    1    2   14    1    2    4    1    0       929   -2   -8   15    1  -10   -4   13    0  -12    6   -2   -3    5    6    7   -6  -11   -7
    1    2   15    1    1    4    1    1       733   10    8  -11   14  -13   10    0    9    3    3   -5    7   -5   10   10    4   -9    2
    1    3    1    1    3    1    3    1       945   11  -10   10    4  -12   -3  -15  -11    2    9    0  -18   -1   -7    0    5  -21   16
    1    3    2    1    1    4    2    0      1133   10    8  -11   14  -13   10    0    9    3    3   -5    7   -5   10   10    4   -9    2
    1    3    3    1    1    3    1    1      1041   13   11  -15   13   -3   16   -3   12    9   13   -6    9   -5    6    8    6  -10    2
    1    3    4    1    2    2    2    1       809   -5   -6   11   -4  -11   -3   14    0   -9    4    5   -4    4    5    5   -7   -7   -4
    1    3    5    1    2    1    2    1      1130   -6  -15   10   -4   -9   -6   10    3  -12    3    6    0    6    3    4   -7   -9   -9
    1    3    6    1    2    4    1    0       527   -2   -8   15    1  -10   -4   13    0  -12    6   -2   -3    5    6    7   -6  -11   -7
    1    3    7    1    2    3    3    0       651   -2   -8   10   -2  -11   -3   15   -1   -9    3    1   -2    5    2    2  -15  -19  -15
    1    3    8    1    3    4    3    1       898   15  -13    6    2  -14   -3  -11   -6    2   12    2  -13    2   -6    2    6  -14   11
    1    3    9    1    3    2    3    1      2544   18  -16   11    3  -14   -1  -14   -9    4   10   -5  -20   -2   -7    3    8  -14   10
    1    3   10    1    1    1    3    0       795   10    7  -12   16  -11   11    4   20    6   11   -2    4   -3    8   19    1   -7    3
    1    3   11    1    3    3    2    0       925   10  -15    9    4  -17    3  -15   -9    3   10    4   -6    1   -7    0    4  -15   11
    1    3   12    1    3    5    3    1       826   17  -14   15    9  -12   -2  -15  -12    3    9    3  -16   -1   -7    0    8  -11    9
    1    3   13    1    1    5    1    1       746   10    5  -15   12  -12    9   -1    9    8    9   -3    4   -3    8    9    7   -8    3
    1    3   14    1    2    5    2    1       734    4   -7    8   -9  -13   -1   14   -2   -8    4    2    0    5    3    5   -5  -12   -8
    1    3   15    1    1    2    3    0       594   14    2  -15   13  -13   10    0   10    6   11   -2    3   -5    9    7    5   -7    3
    1    4    1    1    1    5    1    1       795   10    5  -15   12  -12    9   -1    9    8    9   -3    4   -3    8    9    7   -8    3
    1    4    2    1    1    2    1    1       541   14    2  -15   13  -13   10    0   10    6   11   -2    3   -5    9    7    5   -7    3
    1    4    3    1    2    1    2    1       633   -6  -15   10   -4   -9   -6   10    3  -12    3    6    0    6    3    4   -7   -9   -9
    1    4    4    1    3    5    3    1       609   17  -14   15    9  -12   -2  -15  -12    3    9    3  -16   -1   -7    0    8  -11    9
    1    4    5    1    3    2    3    1       714   18  -16   11    3  -14   -1  -14   -9    4   10   -5  -20   -2   -7    3    8  -14   10
    1    4    6    1    1    4    1    1       719   10    8  -11   14  -13   10    0    9    3    3   -5    7   -5   10   10    4   -9    2
    1    4    7    1    3    1    3    1       740   11  -10   10    4  -12   -3  -15  -11    2    9    0  -18   -1   -7    0    5  -21   16
    1    4    8    1    3    4    1    0       776   15  -13    6    2  -14   -3  -11   -6    2   12    2  -13    2   -6    2    6  -14   11
    1    4    9    1    3    3    3    1       602   10  -15    9    4  -17    3  -15   -9    3   10    4   -6    1   -7    0    4  -15   11
    1    4   10    1    2    3    3    0       772   -2   -8   10   -2  -11   -3   15   -1   -9    3    1   -2    5    2    2  -15  -19  -15
    1    4   11    1    2    5    1    0       614    4   -7    8   -9  -13   -1   14   -2   -8    4    2    0    5    3    5   -5  -12   -8
    1    4   12    1    1    1    1    1      1071   10    7  -12   16  -11   11    4   20    6   11   -2    4   -3    8   19    1   -7    3
    1    4   13    1    1    3    1    1       742   13   11  -15   13   -3   16   -3   12    9   13   -6    9   -5    6    8    6  -10    2
    1    4   14    1    2    2    2    1      1066   -5   -6   11   -4  -11   -3   14    0   -9    4    5   -4    4    5    5   -7   -7   -4
    1    4   15    1    2    4    2    1       720   -2   -8   15    1  -10   -4   13    0  -12    6   -2   -3    5    6    7   -6  -11   -7
    1    5    1    1    2    3    3    0       581   -2   -8   10   -2  -11   -3   15   -1   -9    3    1   -2    5    2    2  -15  -19  -15
    1    5    2    1    1    1    2    0      1151   10    7  -12   16  -11   11    4   20    6   11   -2    4   -3    8   19    1   -7    3
    1    5    3    1    1    3    1    1      1106   13   11  -15   13   -3   16   -3   12    9   13   -6    9   -5    6    8    6  -10    2
    1    5    4    1    2    1    2    1       472   -6  -15   10   -4   -9   -6   10    3  -12    3    6    0    6    3    4   -7   -9   -9
    1    5    5    1    1    4    1    1       854   10    8  -11   14  -13   10    0    9    3    3   -5    7   -5   10   10    4   -9    2
    1    5    6    1    1    5    2    0       713   10    5  -15   12  -12    9   -1    9    8    9   -3    4   -3    8    9    7   -8    3
    1    5    7    1    3    1    3    1      1978   11  -10   10    4  -12   -3  -15  -11    2    9    0  -18   -1   -7    0    5  -21   16
    1    5    8    1    2    4    1    0       764   -2   -8   15    1  -10   -4   13    0  -12    6   -2   -3    5    6    7   -6  -11   -7
    1    5    9    1    3    2    3    1       895   18  -16   11    3  -14   -1  -14   -9    4   10   -5  -20   -2   -7    3    8  -14   10
    1    5   10    1    2    2    2    1      1597   -5   -6   11   -4  -11   -3   14    0   -9    4    5   -4    4    5    5   -7   -7   -4
    1    5   11    1    3    3    3    1       910   10  -15    9    4  -17    3  -15   -9    3   10    4   -6    1   -7    0    4  -15   11
    1    5   12    1    2    5    1    0       844    4   -7    8   -9  -13   -1   14   -2   -8    4    2    0    5    3    5   -5  -12   -8
    1    5   13    1    3    5    3    1       668   17  -14   15    9  -12   -2  -15  -12    3    9    3  -16   -1   -7    0    8  -11    9
    1    5   14    1    3    4    3    1       882   15  -13    6    2  -14   -3  -11   -6    2   12    2  -13    2   -6    2    6  -14   11
    1    5   15    1    1    2    1    1      1104   14    2  -15   13  -13   10    0   10    6   11   -2    3   -5    9    7    5   -7    3
    1    6    1    1    2    1    2    1      1045   -6  -15   10   -4   -9   -6   10    3  -12    3    6    0    6    3    4   -7   -9   -9
    1    6    2    1    1    3    1    1      1357   13   11  -15   13   -3   16   -3   12    9   13   -6    9   -5    6    8    6  -10    2
    1    6    3    1    3    5    3    1       553   17  -14   15    9  -12   -2  -15  -12    3    9    3  -16   -1   -7    0    8  -11    9
    1    6    4    1    3    1    3    1       612   11  -10   10    4  -12   -3  -15  -11    2    9    0  -18   -1   -7    0    5  -21   16
    1    6    5    1    1    1    2    0       909   10    7  -12   16  -11   11    4   20    6   11   -2    4   -3    8   19    1   -7    3
    1    6    6    1    3    3    3    1       763   10  -15    9    4  -17    3  -15   -9    3   10    4   -6    1   -7    0    4  -15   11
    1    6    7    1    3    2    3    1       622   18  -16   11    3  -14   -1  -14   -9    4   10   -5  -20   -2   -7    3    8  -14   10
    1    6    8    1    1    4    1    1      1239   10    8  -11   14  -13   10    0    9    3    3   -5    7   -5   10   10    4   -9    2
    1    6    9    1    3    4    3    1       535   15  -13    6    2  -14   -3  -11   -6    2   12    2  -13    2   -6    2    6  -14   11
    1    6   10    1    2    3    2    1       755   -2   -8   10   -2  -11   -3   15   -1   -9    3    1   -2    5    2    2  -15  -19  -15
    1    6   11    1    2    5    1    0       630    4   -7    8   -9  -13   -1   14   -2   -8    4    2    0    5    3    5   -5  -12   -8
    1    6   12    1    2    2    2    1      1230   -5   -6   11   -4  -11   -3   14    0   -9    4    5   -4    4    5    5   -7   -7   -4
    1    6   13    1    2    4    2    1       510   -2   -8   15    1  -10   -4   13    0  -12    6   -2   -3    5    6    7   -6  -11   -7
    1    6   14    1    1    5    1    1       555   10    5  -15   12  -12    9   -1    9    8    9   -3    4   -3    8    9    7   -8    3
    1    6   15    1    1    2    1    1       855   14    2  -15   13  -13   10    0   10    6   11   -2    3   -5    9    7    5   -7    3
    1    7    1    1    2    2    2    1       662   -5   -6   11   -4  -11   -3   14    0   -9    4    5   -4    4    5    5   -7   -7   -4
    1    7    2    1    2    3    3    0      1037   -2   -8   10   -2  -11   -3   15   -1   -9    3    1   -2    5    2    2  -15  -19  -15
    1    7    3    1    1    2    1    1      1669   14    2  -15   13  -13   10    0   10    6   11   -2    3   -5    9    7    5   -7    3
    1    7    4    1    1    1    1    1      1028   10    7  -12   16  -11   11    4   20    6   11   -2    4   -3    8   19    1   -7    3
    1    7    5    1    3    5    3    1       845   17  -14   15    9  -12   -2  -15  -12    3    9    3  -16   -1   -7    0    8  -11    9
    1    7    6    1    3    1    3    1       749   11  -10   10    4  -12   -3  -15  -11    2    9    0  -18   -1   -7    0    5  -21   16
    1    7    7    1    3    3    2    0      1184   10  -15    9    4  -17    3  -15   -9    3   10    4   -6    1   -7    0    4  -15   11
    1    7    8    1    1    3    2    0       914   13   11  -15   13   -3   16   -3   12    9   13   -6    9   -5    6    8    6  -10    2
    1    7    9    1    1    4    1    1       863   10    8  -11   14  -13   10    0    9    3    3   -5    7   -5   10   10    4   -9    2
    1    7   10    1    2    1    2    1       782   -6  -15   10   -4   -9   -6   10    3  -12    3    6    0    6    3    4   -7   -9   -9
    1    7   11    1    3    2    3    1       640   18  -16   11    3  -14   -1  -14   -9    4   10   -5  -20   -2   -7    3    8  -14   10
    1    7   12    1    3    4    3    1      1176   15  -13    6    2  -14   -3  -11   -6    2   12    2  -13    2   -6    2    6  -14   11
    1    7   13    1    2    5    2    1      1258    4   -7    8   -9  -13   -1   14   -2   -8    4    2    0    5    3    5   -5  -12   -8
    1    7   14    1    2    4    2    1      1594   -2   -8   15    1  -10   -4   13    0  -12    6   -2   -3    5    6    7   -6  -11   -7
    1    7   15    1    1    5    1    1       652   10    5  -15   12  -12    9   -1    9    8    9   -3    4   -3    8    9    7   -8    3
    1    8    1    1    1    4    1    1       931   10    8  -11   14  -13   10    0    9    3    3   -5    7   -5   10   10    4   -9    2
    1    8    2    1    3    4    2    0       815   15  -13    6    2  -14   -3  -11   -6    2   12    2  -13    2   -6    2    6  -14   11
    1    8    3    1    2    4    2    1      1264   -2   -8   15    1  -10   -4   13    0  -12    6   -2   -3    5    6    7   -6  -11   -7
    1    8    4    1    2    3    3    0       686   -2   -8   10   -2  -11   -3   15   -1   -9    3    1   -2    5    2    2  -15  -19  -15
    1    8    5    1    3    5    3    1       500   17  -14   15    9  -12   -2  -15  -12    3    9    3  -16   -1   -7    0    8  -11    9
    1    8    6    1    3    2    3    1       498   18  -16   11    3  -14   -1  -14   -9    4   10   -5  -20   -2   -7    3    8  -14   10
    1    8    7    1    2    2    2    1      2527   -5   -6   11   -4  -11   -3   14    0   -9    4    5   -4    4    5    5   -7   -7   -4
    1    8    8    1    3    1    3    1       700   11  -10   10    4  -12   -3  -15  -11    2    9    0  -18   -1   -7    0    5  -21   16
    1    8    9    1    1    3    1    1      1633   13   11  -15   13   -3   16   -3   12    9   13   -6    9   -5    6    8    6  -10    2
    1    8   10    1    1    2    1    1      1297   14    2  -15   13  -13   10    0   10    6   11   -2    3   -5    9    7    5   -7    3
    1    8   11    1    2    5    2    1       958    4   -7    8   -9  -13   -1   14   -2   -8    4    2    0    5    3    5   -5  -12   -8
    1    8   12    1    2    1    2    1      1258   -6  -15   10   -4   -9   -6   10    3  -12    3    6    0    6    3    4   -7   -9   -9
    1    8   13    1    1    5    1    1       713   10    5  -15   12  -12    9   -1    9    8    9   -3    4   -3    8    9    7   -8    3
    1    8   14    1    1    1    3    0       814   10    7  -12   16  -11   11    4   20    6   11   -2    4   -3    8   19    1   -7    3
    1    8   15    1    3    3    3    1       622   10  -15    9    4  -17    3  -15   -9    3   10    4   -6    1   -7    0    4  -15   11
    1    9    1    1    2    5    2    1       631    4   -7    8   -9  -13   -1   14   -2   -8    4    2    0    5    3    5   -5  -12   -8
    1    9    2    1    1    3    2    0       687   13   11  -15   13   -3   16   -3   12    9   13   -6    9   -5    6    8    6  -10    2
    1    9    3    1    1    4    1    1      1173   10    8  -11   14  -13   10    0    9    3    3   -5    7   -5   10   10    4   -9    2
    1    9    4    1    3    1    3    1       680   11  -10   10    4  -12   -3  -15  -11    2    9    0  -18   -1   -7    0    5  -21   16
    1    9    5    1    2    4    2    1       702   -2   -8   15    1  -10   -4   13    0  -12    6   -2   -3    5    6    7   -6  -11   -7
    1    9    6    1    2    2    2    1       588   -5   -6   11   -4  -11   -3   14    0   -9    4    5   -4    4    5    5   -7   -7   -4
    1    9    7    1    2    3    3    0      1645   -2   -8   10   -2  -11   -3   15   -1   -9    3    1   -2    5    2    2  -15  -19  -15
    1    9    8    1    3    3    3    1       669   10  -15    9    4  -17    3  -15   -9    3   10    4   -6    1   -7    0    4  -15   11
    1    9    9    1    3    4    3    1       900   15  -13    6    2  -14   -3  -11   -6    2   12    2  -13    2   -6    2    6  -14   11
    1    9   10    1    1    1    3    0       897   10    7  -12   16  -11   11    4   20    6   11   -2    4   -3    8   19    1   -7    3
    1    9   11    1    2    1    2    1       846   -6  -15   10   -4   -9   -6   10    3  -12    3    6    0    6    3    4   -7   -9   -9
    1    9   12    1    1    5    1    1       621   10    5  -15   12  -12    9   -1    9    8    9   -3    4   -3    8    9    7   -8    3
    1    9   13    1    3    2    3    1      1126   18  -16   11    3  -14   -1  -14   -9    4   10   -5  -20   -2   -7    3    8  -14   10
    1    9   14    1    3    5    3    1      1819   17  -14   15    9  -12   -2  -15  -12    3    9    3  -16   -1   -7    0    8  -11    9
    1    9   15    1    1    2    2    0      1731   14    2  -15   13  -13   10    0   10    6   11   -2    3   -5    9    7    5   -7    3
    1   10    1    1    3    2    3    1      1407   18  -16   11    3  -14   -1  -14   -9    4   10   -5  -20   -2   -7    3    8  -14   10
    1   10    2    1    2    3    2    1       825   -2   -8   10   -2  -11   -3   15   -1   -9    3    1   -2    5    2    2  -15  -19  -15
    1   10    3    1    3    3    3    1       729   10  -15    9    4  -17    3  -15   -9    3   10    4   -6    1   -7    0    4  -15   11
    1   10    4    1    3    5    3    1      1453   17  -14   15    9  -12   -2  -15  -12    3    9    3  -16   -1   -7    0    8  -11    9
    1   10    5    1    3    4    2    0      1525   15  -13    6    2  -14   -3  -11   -6    2   12    2  -13    2   -6    2    6  -14   11
    1   10    6    1    2    2    2    1      2185   -5   -6   11   -4  -11   -3   14    0   -9    4    5   -4    4    5    5   -7   -7   -4
    1   10    7    1    2    5    2    1      3715    4   -7    8   -9  -13   -1   14   -2   -8    4    2    0    5    3    5   -5  -12   -8
    1   10    8    1    1    2    1    1       512   14    2  -15   13  -13   10    0   10    6   11   -2    3   -5    9    7    5   -7    3
    1   10    9    1    1    4    2    0      1117   10    8  -11   14  -13   10    0    9    3    3   -5    7   -5   10   10    4   -9    2
    1   10   10    1    1    3    1    1      1778   13   11  -15   13   -3   16   -3   12    9   13   -6    9   -5    6    8    6  -10    2
    1   10   11    1    1    1    2    0       557   10    7  -12   16  -11   11    4   20    6   11   -2    4   -3    8   19    1   -7    3
    1   10   12    1    2    1    2    1       984   -6  -15   10   -4   -9   -6   10    3  -12    3    6    0    6    3    4   -7   -9   -9
    1   10   13    1    2    4    2    1       850   -2   -8   15    1  -10   -4   13    0  -12    6   -2   -3    5    6    7   -6  -11   -7
    1   10   14    1    1    5    2    0      1233   10    5  -15   12  -12    9   -1    9    8    9   -3    4   -3    8    9    7   -8    3
    1   10   15    1    3    1    3    1       577   11  -10   10    4  -12   -3  -15  -11    2    9    0  -18   -1   -7    0    5  -21   16
    1   11    1    1    2    3    2    1      1132   -2   -8   10   -2  -11   -3   15   -1   -9    3    1   -2    5    2    2  -15  -19  -15
    1   11    2    1    1    1    1    1       400   10    7  -12   16  -11   11    4   20    6   11   -2    4   -3    8   19    1   -7    3
    1   11    3    1    3    1    3    1       689   11  -10   10    4  -12   -3  -15  -11    2    9    0  -18   -1   -7    0    5  -21   16
    1   11    4    1    2    4    2    1      1415   -2   -8   15    1  -10   -4   13    0  -12    6   -2   -3    5    6    7   -6  -11   -7
    1   11    5    1    1    4    1    1      1536   10    8  -11   14  -13   10    0    9    3    3   -5    7   -5   10   10    4   -9    2
    1   11    6    1    3    5    3    1       804   17  -14   15    9  -12   -2  -15  -12    3    9    3  -16   -1   -7    0    8  -11    9
    1   11    7    1    3    4    3    1       677   15  -13    6    2  -14   -3  -11   -6    2   12    2  -13    2   -6    2    6  -14   11
    1   11    8    1    2    5    2    1       972    4   -7    8   -9  -13   -1   14   -2   -8    4    2    0    5    3    5   -5  -12   -8
    1   11    9    1    1    2    1    1       503   14    2  -15   13  -13   10    0   10    6   11   -2    3   -5    9    7    5   -7    3
    1   11   10    1    2    1    2    1       500   -6  -15   10   -4   -9   -6   10    3  -12    3    6    0    6    3    4   -7   -9   -9
    1   11   11    1    1    3    1    1       897   13   11  -15   13   -3   16   -3   12    9   13   -6    9   -5    6    8    6  -10    2
    1   11   12    1    3    2    3    1       588   18  -16   11    3  -14   -1  -14   -9    4   10   -5  -20   -2   -7    3    8  -14   10
    1   11   13    1    1    5    1    1       713   10    5  -15   12  -12    9   -1    9    8    9   -3    4   -3    8    9    7   -8    3
    1   11   14    1    2    2    2    1       590   -5   -6   11   -4  -11   -3   14    0   -9    4    5   -4    4    5    5   -7   -7   -4
    1   11   15    1    3    3    3    1      5432   10  -15    9    4  -17    3  -15   -9    3   10    4   -6    1   -7    0    4  -15   11
    1   12    1    1    1    2    1    1       544   14    2  -15   13  -13   10    0   10    6   11   -2    3   -5    9    7    5   -7    3
    1   12    2    1    3    4    3    1       796   15  -13    6    2  -14   -3  -11   -6    2   12    2  -13    2   -6    2    6  -14   11
    1   12    3    1    3    1    3    1       670   11  -10   10    4  -12   -3  -15  -11    2    9    0  -18   -1   -7    0    5  -21   16
    1   12    4    1    1    5    1    1       772   10    5  -15   12  -12    9   -1    9    8    9   -3    4   -3    8    9    7   -8    3
    1   12    5    1    2    4    2    1       950   -2   -8   15    1  -10   -4   13    0  -12    6   -2   -3    5    6    7   -6  -11   -7
    1   12    6    1    3    2    3    1       930   18  -16   11    3  -14   -1  -14   -9    4   10   -5  -20   -2   -7    3    8  -14   10
    1   12    7    1    1    1    3    0       782   10    7  -12   16  -11   11    4   20    6   11   -2    4   -3    8   19    1   -7    3
    1   12    8    1    2    3    2    1      1279   -2   -8   10   -2  -11   -3   15   -1   -9    3    1   -2    5    2    2  -15  -19  -15
    1   12    9    1    2    5    1    0       478    4   -7    8   -9  -13   -1   14   -2   -8    4    2    0    5    3    5   -5  -12   -8
    1   12   10    1    3    5    3    1       524   17  -14   15    9  -12   -2  -15  -12    3    9    3  -16   -1   -7    0    8  -11    9
    1   12   11    1    3    3    3    1      1033   10  -15    9    4  -17    3  -15   -9    3   10    4   -6    1   -7    0    4  -15   11
    1   12   12    1    2    1    2    1       705   -6  -15   10   -4   -9   -6   10    3  -12    3    6    0    6    3    4   -7   -9   -9
    1   12   13    1    2    2    1    0       438   -5   -6   11   -4  -11   -3   14    0   -9    4    5   -4    4    5    5   -7   -7   -4
    1   12   14    1    1    4    1    1       774   10    8  -11   14  -13   10    0    9    3    3   -5    7   -5   10   10    4   -9    2
    1   12   15    1    1    3    2    0       633   13   11  -15   13   -3   16   -3   12    9   13   -6    9   -5    6    8    6  -10    2
    1   13    1    1    2    4    2    1      1649   -2   -8   15    1  -10   -4   13    0  -12    6   -2   -3    5    6    7   -6  -11   -7
    1   13    2    1    2    5    2    1       832    4   -7    8   -9  -13   -1   14   -2   -8    4    2    0    5    3    5   -5  -12   -8
    1   13    3    1    1    2    1    1       977   14    2  -15   13  -13   10    0   10    6   11   -2    3   -5    9    7    5   -7    3
    1   13    4    1    3    2    3    1       699   18  -16   11    3  -14   -1  -14   -9    4   10   -5  -20   -2   -7    3    8  -14   10
    1   13    5    1    3    3    3    1      1600   10  -15    9    4  -17    3  -15   -9    3   10    4   -6    1   -7    0    4  -15   11
    1   13    6    1    2    3    3    0      1585   -2   -8   10   -2  -11   -3   15   -1   -9    3    1   -2    5    2    2  -15  -19  -15
    1   13    7    1    2    2    2    1       819   -5   -6   11   -4  -11   -3   14    0   -9    4    5   -4    4    5    5   -7   -7   -4
    1   13    8    1    1    3    2    0      1396   13   11  -15   13   -3   16   -3   12    9   13   -6    9   -5    6    8    6  -10    2
    1   13    9    1    2    1    2    1       686   -6  -15   10   -4   -9   -6   10    3  -12    3    6    0    6    3    4   -7   -9   -9
    1   13   10    1    1    5    1    1      1188   10    5  -15   12  -12    9   -1    9    8    9   -3    4   -3    8    9    7   -8    3
    1   13   11    1    3    4    3    1      2581   15  -13    6    2  -14   -3  -11   -6    2   12    2  -13    2   -6    2    6  -14   11
    1   13   12    1    1    1    1    1      1056   10    7  -12   16  -11   11    4   20    6   11   -2    4   -3    8   19    1   -7    3
    1   13   13    1    3    5    3    1      1015   17  -14   15    9  -12   -2  -15  -12    3    9    3  -16   -1   -7    0    8  -11    9
    1   13   14    1    1    4    1    1      1023   10    8  -11   14  -13   10    0    9    3    3   -5    7   -5   10   10    4   -9    2
    1   13   15    1    3    1    3    1      1144   11  -10   10    4  -12   -3  -15  -11    2    9    0  -18   -1   -7    0    5  -21   16
    1   14    1    1    2    5    2    1      2220    4   -7    8   -9  -13   -1   14   -2   -8    4    2    0    5    3    5   -5  -12   -8
    1   14    2    1    1    5    1    1       501   10    5  -15   12  -12    9   -1    9    8    9   -3    4   -3    8    9    7   -8    3
    1   14    3    1    1    4    1    1       561   10    8  -11   14  -13   10    0    9    3    3   -5    7   -5   10   10    4   -9    2
    1   14    4    1    3    3    3    1       733   10  -15    9    4  -17    3  -15   -9    3   10    4   -6    1   -7    0    4  -15   11
    1   14    5    1    2    4    2    1      1425   -2   -8   15    1  -10   -4   13    0  -12    6   -2   -3    5    6    7   -6  -11   -7
    1   14    6    1    1    3    2    0       745   13   11  -15   13   -3   16   -3   12    9   13   -6    9   -5    6    8    6  -10    2
    1   14    7    1    2    3    2    1       958   -2   -8   10   -2  -11   -3   15   -1   -9    3    1   -2    5    2    2  -15  -19  -15
    1   14    8    1    3    4    3    1       649   15  -13    6    2  -14   -3  -11   -6    2   12    2  -13    2   -6    2    6  -14   11
    1   14    9    1    3    1    3    1      2288   11  -10   10    4  -12   -3  -15  -11    2    9    0  -18   -1   -7    0    5  -21   16
    1   14   10    1    1    2    1    1       806   14    2  -15   13  -13   10    0   10    6   11   -2    3   -5    9    7    5   -7    3
    1   14   11    1    2    2    1    0       919   -5   -6   11   -4  -11   -3   14    0   -9    4    5   -4    4    5    5   -7   -7   -4
    1   14   12    1    3    5    2    0      1956   17  -14   15    9  -12   -2  -15  -12    3    9    3  -16   -1   -7    0    8  -11    9
    1   14   13    1    3    2    3    1       567   18  -16   11    3  -14   -1  -14   -9    4   10   -5  -20   -2   -7    3    8  -14   10
    1   14   14    1    2    1    2    1       962   -6  -15   10   -4   -9   -6   10    3  -12    3    6    0    6    3    4   -7   -9   -9
    1   14   15    1    1    1    1    1       557   10    7  -12   16  -11   11    4   20    6   11   -2    4   -3    8   19    1   -7    3
    1   15    1    1    3    3    3    1       984   10  -15    9    4  -17    3  -15   -9    3   10    4   -6    1   -7    0    4  -15   11
    1   15    2    1    2    4    2    1       611   -2   -8   15    1  -10   -4   13    0  -12    6   -2   -3    5    6    7   -6  -11   -7
    1   15    3    1    2    1    2    1      1292   -6  -15   10   -4   -9   -6   10    3  -12    3    6    0    6    3    4   -7   -9   -9
    1   15    4    1    1    2    1    1      1066   14    2  -15   13  -13   10    0   10    6   11   -2    3   -5    9    7    5   -7    3
    1   15    5    1    2    3    2    1      1249   -2   -8   10   -2  -11   -3   15   -1   -9    3    1   -2    5    2    2  -15  -19  -15
    1   15    6    1    1    3    1    1      1200   13   11  -15   13   -3   16   -3   12    9   13   -6    9   -5    6    8    6  -10    2
    1   15    7    1    3    2    3    1       961   18  -16   11    3  -14   -1  -14   -9    4   10   -5  -20   -2   -7    3    8  -14   10
    1   15    8    1    3    4    3    1       781   15  -13    6    2  -14   -3  -11   -6    2   12    2  -13    2   -6    2    6  -14   11
    1   15    9    1    2    5    2    1       655    4   -7    8   -9  -13   -1   14   -2   -8    4    2    0    5    3    5   -5  -12   -8
    1   15   10    1    1    4    1    1      1062   10    8  -11   14  -13   10    0    9    3    3   -5    7   -5   10   10    4   -9    2
    1   15   11    1    1    5    1    1      1005   10    5  -15   12  -12    9   -1    9    8    9   -3    4   -3    8    9    7   -8    3
    1   15   12    1    3    5    3    1      1526   17  -14   15    9  -12   -2  -15  -12    3    9    3  -16   -1   -7    0    8  -11    9
    1   15   13    1    3    1    3    1       859   11  -10   10    4  -12   -3  -15  -11    2    9    0  -18   -1   -7    0    5  -21   16
    1   15   14    1    2    2    2    1       811   -5   -6   11   -4  -11   -3   14    0   -9    4    5   -4    4    5    5   -7   -7   -4
    1   15   15    1    1    1    1    1      4588   10    7  -12   16  -11   11    4   20    6   11   -2    4   -3    8   19    1   -7    3
    2    1    1    4    3    2    2    1      3037   13   -6   10    3  -12   -3  -22  -16    1    8   -1  -15   -1   -5   -1    3  -16    7
    2    1    2    2    2    0    2    1      4325   -4   -7   12   -4  -12   -2   14   -1  -10    4    3   -2    6    4    5   -6  -11   -8
    2    1    3    1    3    1    1    1      1274   11  -10   10    4  -12   -3  -15  -11    2    9    0  -18   -1   -7    0    5  -21   16
    2    1    4    1    1    5    2    0      1224   10    5  -15   12  -12    9   -1    9    8    9   -3    4   -3    8    9    7   -8    3
    2    1    5    1    2    1    1    1      2409   -6  -15   10   -4   -9   -6   10    3  -12    3    6    0    6    3    4   -7   -9   -9
    2    1    6    6    0    0    2    1       874   -4    9  -10    8   -4   -5   -3   -1   -7   -1   -9   13   -9   10   -2   13   -3   -8
    2    1    7    4    1    4    2    1      1193   14    6  -14   10  -11   10   -2   11    7   14   -1    4    0    9    1    2   -9    3
    2    1    8    1    1    1    1    1       955   10    7  -12   16  -11   11    4   20    6   11   -2    4   -3    8   19    1   -7    3
    2    1    9    1    2    4    2    0      1014   -2   -8   15    1  -10   -4   13    0  -12    6   -2   -3    5    6    7   -6  -11   -7
    2    1   10    6    0    0    2    1      1439    2   -9  -11   -6   11    7   -6  -11   -8   -7    5   13  -10    3  -10   11   -5   -3
    2    1   11    4    3    4    1    0      1111   14  -13   10    6  -13   -3  -13  -11   -7   13    2  -13   -1   -7    4   16  -12   10
    2    1   12    2    3    0    1    0       764   16  -13   11    5  -13   -2  -14  -10    2   10    1  -13    0   -7    1    6  -13   10
    2    1   13    1    3    5    1    1       815   17  -14   15    9  -12   -2  -15  -12    3    9    3  -16   -1   -7    0    8  -11    9
    2    1   14    1    1    4    1    1      1232   10    8  -11   14  -13   10    0    9    3    3   -5    7   -5   10   10    4   -9    2
    2    1   15    6    0    0    2    1       735    3   -8  -10   -1    0    1   -5  -12   -6   -6    5   15    0   10   -6   11  -14  -13
    2    1   16    6    0    0    2    1      3491   -6    8   -7   -2  -15   -1   -5    2   -6    0   -4   10   -8   10  -13    8   -2  -10
    2    1   17    1    1    2    1    1      1929   14    2  -15   13  -13   10    0   10    6   11   -2    3   -5    9    7    5   -7    3
    2    1   18    4    3    5    1    0      2013   22  -23   13    4   -8   -3  -15  -12    3   10    1  -12    2   -8    2    5  -15   11
    2    1   19    1    2    2    2    0      6286   -5   -6   11   -4  -11   -3   14    0   -9    4    5   -4    4    5    5   -7   -7   -4
    2    1   20    1    3    4    1    1       964   15  -13    6    2  -14   -3  -11   -6    2   12    2  -13    2   -6    2    6  -14   11
    2    1   21    4    1    2    2    1      1615   19   14  -16   13  -11    9   -1    9    7   13   -4    6   -5    9   11    5  -11   -1
    2    1   22    6    0    0    2    1       879  -15  -14    6   -3   -5    4  -12    3  -13  -11  -14    9   -4   16    7   10   -9    4
    2    1   23    2    1    0    2    1      1069   12    6  -14   12  -12   10   -1   10    7   12   -3    5   -4    8    9    6   -8    2
    2    1   24    4    3    3    1    0       708   15  -12    8   13  -12   -2  -14   -9    1   10   -6   -3    1   -8    2    6  -12    9
    2    1   25    4    1    5    2    1       697   11   -4   -5   22  -11   11    1    8    3    7   -4    6    0    3    8    5   -2   -6
    2    1   26    4    2    5    2    1      1471   -4   -8   22  -14  -11   -4   13    0  -11    4    5   -3    8    4    4   -8  -13   -9
    2    1   27    4    2    3    1    0      1509   -2   -6   12   -6  -12   -4   15   -1  -10    5    2    5   -3    2    5   -8  -10  -10
    2    1   28    6    0    0    2    1       747   -8  -12   10    2   -5    3   -7   12  -14  -12  -11   10  -10    8   10   12  -12    6
    2    1   29    1    1    3    1    1      1406   13   11  -15   13   -3   16   -3   12    9   13   -6    9   -5    6    8    6  -10    2
    2    1   30    4    3    1    2    1       887   15  -13   11    6  -12   -3  -13  -11    1    0   -2  -10    1   -9    9    4  -13    9
    2    1   31    1    3    2    1    1       902   18  -16   11    3  -14   -1  -14   -9    4   10   -5  -20   -2   -7    3    8  -14   10
    2    1   32    4    1    3    2    1      2851   13    4  -19   22  -13    8   -2    9    6   10   -3    6   -5    9    8    6   -7    2
    2    1   33    4    2    4    1    0      1474   -3   -5   11   -2  -14   -2   14    0  -15    8    1   -3    6    3    7   -6   -9  -10
    2    1   34    1    3    3    1    1       905   10  -15    9    4  -17    3  -15   -9    3   10    4   -6    1   -7    0    4  -15   11
    2    1   35    1    2    3    1    1      3062   -2   -8   10   -2  -11   -3   15   -1   -9    3    1   -2    5    2    2  -15  -19  -15
    2    1   36    4    2    1    2    1      2733   -1   -9   10   -3  -10    1   12    1   -9    6    3   -3    4    5    1   -7  -10   -6
    2    1   37    4    1    1    2    1      1729    8    1  -12   11  -14    8   -7   14    5   13   -7   11   -6    8   10    6   -8    3
    2    1   38    4    2    2    1    0       974   -3   -5   11  -10  -13   -4   13   -1  -10    6    2   -1   11    7    5   -8  -12   -6
    2    1   39    1    2    5    1    1      1113    4   -7    8   -9  -13   -1   14   -2   -8    4    2    0    5    3    5   -5  -12   -8
