    1    1    1    1    3    1    1    0      3974   -2   -8   -6   13   -6  -12   14  -19   14   12   -9    4   -1  -16   -2  -13    3   13
    1    1    2    1    2    2    2    1      1614  -13   -6    1    2   -7   -7    0    6    6  -10    4    6   -4   15   13   15   21   23
    1    1    3    1    1    3    1    1      1215    1    4   24  -15    8   12   -2    9    5   -1   -1   17   13   20    8  -13    2  -10
    1    1    4    1    1    2    1    1       991   -1    7   17   -1   11   11   -2   10    8   -3   -2   15   17   19    5  -11   -1  -13
    1    1    5    1    2    1    2    1       602  -13   -2    0    1   -6    2   -3   12   -3  -18    3    4    8    8   10   15   16   14
    1    1    6    1    3    4    3    1       451    3   -2   -5   13   -6  -11    9  -15   17    8   -7    3    3  -11    9   -5    0   12
    1    1    7    1    3    5    1    0      1074   -2   -1   -5   15   -6   -9    7  -14   15   15   -7    5   -1  -15   -4  -16    0   12
    1    1    8    1    2    5    1    0      2249  -14   -5   -2    3   -5   -1   -2   12    3   -7    7    3    0   14   14   20   16   15
    1    1    9    1    3    3    1    0       800   -3   -2   -5   16   -5  -10    6  -12   13   12   -9    5    2  -13    1  -11    4    8
    1    1   10    1    1    5    1    1      1201   -7    3   23   -8    9   14   -2    8    8    0    2   10   12   14    5  -14    3   -9
    1    1   11    1    2    3    2    1      1027  -18   -8   -2   -3   -7    2   -4    9    8    0    7    5   -3   14    9   15   12   15
    1    1   12    1    1    4    3    0      1819   -2    3   17   -3    9   13   -3   10    7   -2   -2   15   14    6   16   -5    5  -10
    1    1   13    1    3    2    3    1       676   -2   -2   -4   15   -7  -12    7  -16   12   13   -6    1    3  -13    2  -10    0   11
    1    1   14    1    2    4    2    1      1419  -13   -6   -2   -1   -6   -1   -4   16    6  -10   15   -5    7   16   10   16   15   13
    1    1   15    1    1    1    1    1      1459    1    6   15   -7   11   11    6   12    4   -4   -2   18   10   13    7  -14    1  -10
    1    2    1    1    3    3    1    0      1243   -3   -2   -5   16   -5  -10    6  -12   13   12   -9    5    2  -13    1  -11    4    8
    1    2    2    1    1    2    1    1      1275   -1    7   17   -1   11   11   -2   10    8   -3   -2   15   17   19    5  -11   -1  -13
    1    2    3    1    2    4    2    1      1001  -13   -6   -2   -1   -6   -1   -4   16    6  -10   15   -5    7   16   10   16   15   13
    1    2    4    1    1    5    3    0       771   -7    3   23   -8    9   14   -2    8    8    0    2   10   12   14    5  -14    3   -9
    1    2    5    1    2    2    2    1       613  -13   -6    1    2   -7   -7    0    6    6  -10    4    6   -4   15   13   15   21   23
    1    2    6    1    3    2    3    1      1102   -2   -2   -4   15   -7  -12    7  -16   12   13   -6    1    3  -13    2  -10    0   11
    1    2    7    1    2    3    2    1       611  -18   -8   -2   -3   -7    2   -4    9    8    0    7    5   -3   14    9   15   12   15
    1    2    8    1    2    5    2    1       413  -14   -5   -2    3   -5   -1   -2   12    3   -7    7    3    0   14   14   20   16   15
    1    2    9    1    3    4    1    0       526    3   -2   -5   13   -6  -11    9  -15   17    8   -7    3    3  -11    9   -5    0   12
    1    2   10    1    3    5    1    0       763   -2   -1   -5   15   -6   -9    7  -14   15   15   -7    5   -1  -15   -4  -16    0   12
    1    2   11    1    1    4    1    1      1198   -2    3   17   -3    9   13   -3   10    7   -2   -2   15   14    6   16   -5    5  -10
    1    2   12    1    3    1    3    1      1007   -2   -8   -6   13   -6  -12   14  -19   14   12   -9    4   -1  -16   -2  -13    3   13
    1    2   13    1    1    3    1    1      3032    1    4   24  -15    8   12   -2    9    5   -1   -1   17   13   20    8  -13    2  -10
    1    2   14    1    2    1    2    1       641  -13   -2    0    1   -6    2   -3   12   -3  -18    3    4    8    8   10   15   16   14
    1    2   15    1    1    1    1    1      1177    1    6   15   -7   11   11    6   12    4   -4   -2   18   10   13    7  -14    1  -10
    1    3    1    1    1    3    1    1      1259    1    4   24  -15    8   12   -2    9    5   -1   -1   17   13   20    8  -13    2  -10
    1    3    2    1    3    3    3    1      1098   -3   -2   -5   16   -5  -10    6  -12   13   12   -9    5    2  -13    1  -11    4    8
    1    3    3    1    2    4    2    1       544  -13   -6   -2   -1   -6   -1   -4   16    6  -10   15   -5    7   16   10   16   15   13
    1    3    4    1    3    2    3    1       684   -2   -2   -4   15   -7  -12    7  -16   12   13   -6    1    3  -13    2  -10    0   11
    1    3    5    1    2    3    2    1       546  -18   -8   -2   -3   -7    2   -4    9    8    0    7    5   -3   14    9   15   12   15
    1    3    6    1    3    5    1    0      1262   -2   -1   -5   15   -6   -9    7  -14   15   15   -7    5   -1  -15   -4  -16    0   12
    1    3    7    1    3    4    3    1      1069    3   -2   -5   13   -6  -11    9  -15   17    8   -7    3    3  -11    9   -5    0   12
    1    3    8    1    2    5    2    1       580  -14   -5   -2    3   -5   -1   -2   12    3   -7    7    3    0   14   14   20   16   15
    1    3    9    1    2    2    2    1       478  -13   -6    1    2   -7   -7    0    6    6  -10    4    6   -4   15   13   15   21   23
    1    3   10    1    3    1    3    1      1100   -2   -8   -6   13   -6  -12   14  -19   14   12   -9    4   -1  -16   -2  -13    3   13
    1    3   11    1    1    4    3    0       850   -2    3   17   -3    9   13   -3   10    7   -2   -2   15   14    6   16   -5    5  -10
    1    3   12    1    1    2    3    0      1201   -1    7   17   -1   11   11   -2   10    8   -3   -2   15   17   19    5  -11   -1  -13
    1    3   13    1    2    1    2    1       738  -13   -2    0    1   -6    2   -3   12   -3  -18    3    4    8    8   10   15   16   14
    1    3   14    1    1    5    1    1       918   -7    3   23   -8    9   14   -2    8    8    0    2   10   12   14    5  -14    3   -9
    1    3   15    1    1    1    1    1       691    1    6   15   -7   11   11    6   12    4   -4   -2   18   10   13    7  -14    1  -10
    1    4    1    1    2    1    2    1       681  -13   -2    0    1   -6    2   -3   12   -3  -18    3    4    8    8   10   15   16   14
    1    4    2    1    3    4    3    1       799    3   -2   -5   13   -6  -11    9  -15   17    8   -7    3    3  -11    9   -5    0   12
    1    4    3    1    1    5    1    1       912   -7    3   23   -8    9   14   -2    8    8    0    2   10   12   14    5  -14    3   -9
    1    4    4    1    1    1    1    1       846    1    6   15   -7   11   11    6   12    4   -4   -2   18   10   13    7  -14    1  -10
    1    4    5    1    3    3    3    1       814   -3   -2   -5   16   -5  -10    6  -12   13   12   -9    5    2  -13    1  -11    4    8
    1    4    6    1    1    3    3    0      1118    1    4   24  -15    8   12   -2    9    5   -1   -1   17   13   20    8  -13    2  -10
    1    4    7    1    1    2    3    0      1171   -1    7   17   -1   11   11   -2   10    8   -3   -2   15   17   19    5  -11   -1  -13
    1    4    8    1    2    3    2    1       534  -18   -8   -2   -3   -7    2   -4    9    8    0    7    5   -3   14    9   15   12   15
    1    4    9    1    3    2    3    1       658   -2   -2   -4   15   -7  -12    7  -16   12   13   -6    1    3  -13    2  -10    0   11
    1    4   10    1    3    1    3    1      1225   -2   -8   -6   13   -6  -12   14  -19   14   12   -9    4   -1  -16   -2  -13    3   13
    1    4   11    1    1    4    3    0      1290   -2    3   17   -3    9   13   -3   10    7   -2   -2   15   14    6   16   -5    5  -10
    1    4   12    1    2    5    2    1       552  -14   -5   -2    3   -5   -1   -2   12    3   -7    7    3    0   14   14   20   16   15
    1    4   13    1    2    2    2    1       851  -13   -6    1    2   -7   -7    0    6    6  -10    4    6   -4   15   13   15   21   23
    1    4   14    1    3    5    3    1       914   -2   -1   -5   15   -6   -9    7  -14   15   15   -7    5   -1  -15   -4  -16    0   12
    1    4   15    1    2    4    2    1       623  -13   -6   -2   -1   -6   -1   -4   16    6  -10   15   -5    7   16   10   16   15   13
    1    5    1    1    1    2    3    0      1816   -1    7   17   -1   11   11   -2   10    8   -3   -2   15   17   19    5  -11   -1  -13
    1    5    2    1    1    4    3    0       769   -2    3   17   -3    9   13   -3   10    7   -2   -2   15   14    6   16   -5    5  -10
    1    5    3    1    2    4    2    1       787  -13   -6   -2   -1   -6   -1   -4   16    6  -10   15   -5    7   16   10   16   15   13
    1    5    4    1    3    5    1    0       837   -2   -1   -5   15   -6   -9    7  -14   15   15   -7    5   -1  -15   -4  -16    0   12
    1    5    5    1    2    3    2    1       533  -18   -8   -2   -3   -7    2   -4    9    8    0    7    5   -3   14    9   15   12   15
    1    5    6    1    3    2    3    1       897   -2   -2   -4   15   -7  -12    7  -16   12   13   -6    1    3  -13    2  -10    0   11
    1    5    7    1    3    3    3    1      1070   -3   -2   -5   16   -5  -10    6  -12   13   12   -9    5    2  -13    1  -11    4    8
    1    5    8    1    3    1    3    1       693   -2   -8   -6   13   -6  -12   14  -19   14   12   -9    4   -1  -16   -2  -13    3   13
    1    5    9    1    3    4    3    1       571    3   -2   -5   13   -6  -11    9  -15   17    8   -7    3    3  -11    9   -5    0   12
    1    5   10    1    1    1    3    0       742    1    6   15   -7   11   11    6   12    4   -4   -2   18   10   13    7  -14    1  -10
    1    5   11    1    2    5    2    1       730  -14   -5   -2    3   -5   -1   -2   12    3   -7    7    3    0   14   14   20   16   15
    1    5   12    1    1    3    3    0      1182    1    4   24  -15    8   12   -2    9    5   -1   -1   17   13   20    8  -13    2  -10
    1    5   13    1    1    5    1    1      1856   -7    3   23   -8    9   14   -2    8    8    0    2   10   12   14    5  -14    3   -9
    1    5   14    1    2    1    2    1       519  -13   -2    0    1   -6    2   -3   12   -3  -18    3    4    8    8   10   15   16   14
    1    5   15    1    2    2    2    1       532  -13   -6    1    2   -7   -7    0    6    6  -10    4    6   -4   15   13   15   21   23
    1    6    1    1    1    2    3    0      1440   -1    7   17   -1   11   11   -2   10    8   -3   -2   15   17   19    5  -11   -1  -13
    1    6    2    1    2    2    2    1       600  -13   -6    1    2   -7   -7    0    6    6  -10    4    6   -4   15   13   15   21   23
    1    6    3    1    3    3    1    0      1585   -3   -2   -5   16   -5  -10    6  -12   13   12   -9    5    2  -13    1  -11    4    8
    1    6    4    1    1    5    2    0       611   -7    3   23   -8    9   14   -2    8    8    0    2   10   12   14    5  -14    3   -9
    1    6    5    1    1    1    1    1      1692    1    6   15   -7   11   11    6   12    4   -4   -2   18   10   13    7  -14    1  -10
    1    6    6    1    2    4    2    1       906  -13   -6   -2   -1   -6   -1   -4   16    6  -10   15   -5    7   16   10   16   15   13
    1    6    7    1    2    5    2    1       776  -14   -5   -2    3   -5   -1   -2   12    3   -7    7    3    0   14   14   20   16   15
    1    6    8    1    1    3    3    0      1210    1    4   24  -15    8   12   -2    9    5   -1   -1   17   13   20    8  -13    2  -10
    1    6    9    1    3    2    3    1       700   -2   -2   -4   15   -7  -12    7  -16   12   13   -6    1    3  -13    2  -10    0   11
    1    6   10    1    3    1    1    0       993   -2   -8   -6   13   -6  -12   14  -19   14   12   -9    4   -1  -16   -2  -13    3   13
    1    6   11    1    2    1    2    1       651  -13   -2    0    1   -6    2   -3   12   -3  -18    3    4    8    8   10   15   16   14
    1    6   12    1    2    3    2    1       722  -18   -8   -2   -3   -7    2   -4    9    8    0    7    5   -3   14    9   15   12   15
    1    6   13    1    1    4    1    1      1031   -2    3   17   -3    9   13   -3   10    7   -2   -2   15   14    6   16   -5    5  -10
    1    6   14    1    3    4    3    1       703    3   -2   -5   13   -6  -11    9  -15   17    8   -7    3    3  -11    9   -5    0   12
    1    6   15    1    3    5    3    1       692   -2   -1   -5   15   -6   -9    7  -14   15   15   -7    5   -1  -15   -4  -16    0   12
    1    7    1    1    3    4    3    1       474    3   -2   -5   13   -6  -11    9  -15   17    8   -7    3    3  -11    9   -5    0   12
    1    7    2    1    2    5    2    1       505  -14   -5   -2    3   -5   -1   -2   12    3   -7    7    3    0   14   14   20   16   15
    1    7    3    1    3    3    3    1       838   -3   -2   -5   16   -5  -10    6  -12   13   12   -9    5    2  -13    1  -11    4    8
    1    7    4    1    1    1    1    1      2310    1    6   15   -7   11   11    6   12    4   -4   -2   18   10   13    7  -14    1  -10
    1    7    5    1    2    2    2    1       428  -13   -6    1    2   -7   -7    0    6    6  -10    4    6   -4   15   13   15   21   23
    1    7    6    1    3    1    3    1       780   -2   -8   -6   13   -6  -12   14  -19   14   12   -9    4   -1  -16   -2  -13    3   13
    1    7    7    1    1    5    1    1       766   -7    3   23   -8    9   14   -2    8    8    0    2   10   12   14    5  -14    3   -9
    1    7    8    1    1    4    1    1      1361   -2    3   17   -3    9   13   -3   10    7   -2   -2   15   14    6   16   -5    5  -10
    1    7    9    1    2    3    2    1       540  -18   -8   -2   -3   -7    2   -4    9    8    0    7    5   -3   14    9   15   12   15
    1    7   10    1    2    4    1    0       776  -13   -6   -2   -1   -6   -1   -4   16    6  -10   15   -5    7   16   10   16   15   13
    1    7   11    1    3    5    3    1      1323   -2   -1   -5   15   -6   -9    7  -14   15   15   -7    5   -1  -15   -4  -16    0   12
    1    7   12    1    1    3    1    1       823    1    4   24  -15    8   12   -2    9    5   -1   -1   17   13   20    8  -13    2  -10
    1    7   13    1    2    1    2    1       584  -13   -2    0    1   -6    2   -3   12   -3  -18    3    4    8    8   10   15   16   14
    1    7   14    1    1    2    1    1       914   -1    7   17   -1   11   11   -2   10    8   -3   -2   15   17   19    5  -11   -1  -13
    1    7   15    1    3    2    3    1      1087   -2   -2   -4   15   -7  -12    7  -16   12   13   -6    1    3  -13    2  -10    0   11
    1    8    1    1    2    2    2    1       693  -13   -6    1    2   -7   -7    0    6    6  -10    4    6   -4   15   13   15   21   23
    1    8    2    1    3    5    3    1       731   -2   -1   -5   15   -6   -9    7  -14   15   15   -7    5   -1  -15   -4  -16    0   12
    1    8    3    1    2    5    2    1       447  -14   -5   -2    3   -5   -1   -2   12    3   -7    7    3    0   14   14   20   16   15
    1    8    4    1    3    1    3    1      2190   -2   -8   -6   13   -6  -12   14  -19   14   12   -9    4   -1  -16   -2  -13    3   13
    1    8    5    1    2    4    2    1       440  -13   -6   -2   -1   -6   -1   -4   16    6  -10   15   -5    7   16   10   16   15   13
    1    8    6    1    1    1    1    1       984    1    6   15   -7   11   11    6   12    4   -4   -2   18   10   13    7  -14    1  -10
    1    8    7    1    3    3    3    1       914   -3   -2   -5   16   -5  -10    6  -12   13   12   -9    5    2  -13    1  -11    4    8
    1    8    8    1    1    3    1    1      1231    1    4   24  -15    8   12   -2    9    5   -1   -1   17   13   20    8  -13    2  -10
    1    8    9    1    1    5    1    1      1295   -7    3   23   -8    9   14   -2    8    8    0    2   10   12   14    5  -14    3   -9
    1    8   10    1    1    4    1    1      2205   -2    3   17   -3    9   13   -3   10    7   -2   -2   15   14    6   16   -5    5  -10
    1    8   11    1    3    4    3    1       582    3   -2   -5   13   -6  -11    9  -15   17    8   -7    3    3  -11    9   -5    0   12
    1    8   12    1    2    1    2    1       464  -13   -2    0    1   -6    2   -3   12   -3  -18    3    4    8    8   10   15   16   14
    1    8   13    1    3    2    1    0      1295   -2   -2   -4   15   -7  -12    7  -16   12   13   -6    1    3  -13    2  -10    0   11
    1    8   14    1    1    2    1    1       845   -1    7   17   -1   11   11   -2   10    8   -3   -2   15   17   19    5  -11   -1  -13
    1    8   15    1    2    3    2    1       445  -18   -8   -2   -3   -7    2   -4    9    8    0    7    5   -3   14    9   15   12   15
    1    9    1    1    2    2    2    1       637  -13   -6    1    2   -7   -7    0    6    6  -10    4    6   -4   15   13   15   21   23
    1    9    2    1    3    1    3    1      1045   -2   -8   -6   13   -6  -12   14  -19   14   12   -9    4   -1  -16   -2  -13    3   13
    1    9    3    1    2    3    2    1       525  -18   -8   -2   -3   -7    2   -4    9    8    0    7    5   -3   14    9   15   12   15
    1    9    4    1    1    5    1    1       937   -7    3   23   -8    9   14   -2    8    8    0    2   10   12   14    5  -14    3   -9
    1    9    5    1    2    1    2    1       565  -13   -2    0    1   -6    2   -3   12   -3  -18    3    4    8    8   10   15   16   14
    1    9    6    1    3    5    3    1      1680   -2   -1   -5   15   -6   -9    7  -14   15   15   -7    5   -1  -15   -4  -16    0   12
    1    9    7    1    3    3    3    1       510   -3   -2   -5   16   -5  -10    6  -12   13   12   -9    5    2  -13    1  -11    4    8
    1    9    8    1    2    5    2    1       491  -14   -5   -2    3   -5   -1   -2   12    3   -7    7    3    0   14   14   20   16   15
    1    9    9    1    1    1    1    1      1129    1    6   15   -7   11   11    6   12    4   -4   -2   18   10   13    7  -14    1  -10
    1    9   10    1    1    4    1    1       894   -2    3   17   -3    9   13   -3   10    7   -2   -2   15   14    6   16   -5    5  -10
    1    9   11    1    2    4    2    1       604  -13   -6   -2   -1   -6   -1   -4   16    6  -10   15   -5    7   16   10   16   15   13
    1    9   12    1    3    4    3    1       661    3   -2   -5   13   -6  -11    9  -15   17    8   -7    3    3  -11    9   -5    0   12
    1    9   13    1    3    2    3    1       829   -2   -2   -4   15   -7  -12    7  -16   12   13   -6    1    3  -13    2  -10    0   11
    1    9   14    1    1    2    1    1       941   -1    7   17   -1   11   11   -2   10    8   -3   -2   15   17   19    5  -11   -1  -13
    1    9   15    1    1    3    1    1      1897    1    4   24  -15    8   12   -2    9    5   -1   -1   17   13   20    8  -13    2  -10
    1   10    1    1    2    5    2    1       495  -14   -5   -2    3   -5   -1   -2   12    3   -7    7    3    0   14   14   20   16   15
    1   10    2    1    2    2    2    1       588  -13   -6    1    2   -7   -7    0    6    6  -10    4    6   -4   15   13   15   21   23
    1   10    3    1    2    3    2    1       471  -18   -8   -2   -3   -7    2   -4    9    8    0    7    5   -3   14    9   15   12   15
    1   10    4    1    2    4    2    1       341  -13   -6   -2   -1   -6   -1   -4   16    6  -10   15   -5    7   16   10   16   15   13
    1   10    5    1    3    2    3    1       969   -2   -2   -4   15   -7  -12    7  -16   12   13   -6    1    3  -13    2  -10    0   11
    1   10    6    1    3    1    3    1      1348   -2   -8   -6   13   -6  -12   14  -19   14   12   -9    4   -1  -16   -2  -13    3   13
    1   10    7    1    1    4    1    1       527   -2    3   17   -3    9   13   -3   10    7   -2   -2   15   14    6   16   -5    5  -10
    1   10    8    1    3    3    3    1      1548   -3   -2   -5   16   -5  -10    6  -12   13   12   -9    5    2  -13    1  -11    4    8
    1   10    9    1    1    1    3    0       703    1    6   15   -7   11   11    6   12    4   -4   -2   18   10   13    7  -14    1  -10
    1   10   10    1    1    3    1    1       933    1    4   24  -15    8   12   -2    9    5   -1   -1   17   13   20    8  -13    2  -10
    1   10   11    1    1    5    2    0       480   -7    3   23   -8    9   14   -2    8    8    0    2   10   12   14    5  -14    3   -9
    1   10   12    1    3    5    3    1      1086   -2   -1   -5   15   -6   -9    7  -14   15   15   -7    5   -1  -15   -4  -16    0   12
    1   10   13    1    1    2    1    1       676   -1    7   17   -1   11   11   -2   10    8   -3   -2   15   17   19    5  -11   -1  -13
    1   10   14    1    2    1    2    1       667  -13   -2    0    1   -6    2   -3   12   -3  -18    3    4    8    8   10   15   16   14
    1   10   15    1    3    4    3    1       802    3   -2   -5   13   -6  -11    9  -15   17    8   -7    3    3  -11    9   -5    0   12
    1   11    1    1    1    1    1    1      1187    1    6   15   -7   11   11    6   12    4   -4   -2   18   10   13    7  -14    1  -10
    1   11    2    1    1    2    1    1       645   -1    7   17   -1   11   11   -2   10    8   -3   -2   15   17   19    5  -11   -1  -13
    1   11    3    1    2    4    2    1       413  -13   -6   -2   -1   -6   -1   -4   16    6  -10   15   -5    7   16   10   16   15   13
    1   11    4    1    3    4    3    1       462    3   -2   -5   13   -6  -11    9  -15   17    8   -7    3    3  -11    9   -5    0   12
    1   11    5    1    2    5    2    1       493  -14   -5   -2    3   -5   -1   -2   12    3   -7    7    3    0   14   14   20   16   15
    1   11    6    1    1    5    1    1       859   -7    3   23   -8    9   14   -2    8    8    0    2   10   12   14    5  -14    3   -9
    1   11    7    1    2    1    2    1       442  -13   -2    0    1   -6    2   -3   12   -3  -18    3    4    8    8   10   15   16   14
    1   11    8    1    3    5    3    1       698   -2   -1   -5   15   -6   -9    7  -14   15   15   -7    5   -1  -15   -4  -16    0   12
    1   11    9    1    3    1    3    1       704   -2   -8   -6   13   -6  -12   14  -19   14   12   -9    4   -1  -16   -2  -13    3   13
    1   11   10    1    1    4    1    1       821   -2    3   17   -3    9   13   -3   10    7   -2   -2   15   14    6   16   -5    5  -10
    1   11   11    1    3    2    3    1      1062   -2   -2   -4   15   -7  -12    7  -16   12   13   -6    1    3  -13    2  -10    0   11
    1   11   12    1    2    2    2    1       445  -13   -6    1    2   -7   -7    0    6    6  -10    4    6   -4   15   13   15   21   23
    1   11   13    1    3    3    3    1      1789   -3   -2   -5   16   -5  -10    6  -12   13   12   -9    5    2  -13    1  -11    4    8
    1   11   14    1    2    3    2    1       503  -18   -8   -2   -3   -7    2   -4    9    8    0    7    5   -3   14    9   15   12   15
    1   11   15    1    1    3    1    1       708    1    4   24  -15    8   12   -2    9    5   -1   -1   17   13   20    8  -13    2  -10
    1   12    1    1    1    1    3    0      1098    1    6   15   -7   11   11    6   12    4   -4   -2   18   10   13    7  -14    1  -10
    1   12    2    1    2    2    2    1       479  -13   -6    1    2   -7   -7    0    6    6  -10    4    6   -4   15   13   15   21   23
    1   12    3    1    1    2    1    1       734   -1    7   17   -1   11   11   -2   10    8   -3   -2   15   17   19    5  -11   -1  -13
    1   12    4    1    3    1    3    1      1634   -2   -8   -6   13   -6  -12   14  -19   14   12   -9    4   -1  -16   -2  -13    3   13
    1   12    5    1    2    1    2    1       578  -13   -2    0    1   -6    2   -3   12   -3  -18    3    4    8    8   10   15   16   14
    1   12    6    1    3    2    3    1       940   -2   -2   -4   15   -7  -12    7  -16   12   13   -6    1    3  -13    2  -10    0   11
    1   12    7    1    3    4    3    1       584    3   -2   -5   13   -6  -11    9  -15   17    8   -7    3    3  -11    9   -5    0   12
    1   12    8    1    1    3    2    0       738    1    4   24  -15    8   12   -2    9    5   -1   -1   17   13   20    8  -13    2  -10
    1   12    9    1    3    3    3    1      1542   -3   -2   -5   16   -5  -10    6  -12   13   12   -9    5    2  -13    1  -11    4    8
    1   12   10    1    2    5    2    1       426  -14   -5   -2    3   -5   -1   -2   12    3   -7    7    3    0   14   14   20   16   15
    1   12   11    1    1    5    1    1      1163   -7    3   23   -8    9   14   -2    8    8    0    2   10   12   14    5  -14    3   -9
    1   12   12    1    2    3    2    1      1005  -18   -8   -2   -3   -7    2   -4    9    8    0    7    5   -3   14    9   15   12   15
    1   12   13    1    1    4    1    1      1031   -2    3   17   -3    9   13   -3   10    7   -2   -2   15   14    6   16   -5    5  -10
    1   12   14    1    3    5    1    0      1407   -2   -1   -5   15   -6   -9    7  -14   15   15   -7    5   -1  -15   -4  -16    0   12
    1   12   15    1    2    4    2    1       440  -13   -6   -2   -1   -6   -1   -4   16    6  -10   15   -5    7   16   10   16   15   13
    1   13    1    1    2    4    2    1       552  -13   -6   -2   -1   -6   -1   -4   16    6  -10   15   -5    7   16   10   16   15   13
    1   13    2    1    1    2    1    1       836   -1    7   17   -1   11   11   -2   10    8   -3   -2   15   17   19    5  -11   -1  -13
    1   13    3    1    3    4    3    1       755    3   -2   -5   13   -6  -11    9  -15   17    8   -7    3    3  -11    9   -5    0   12
    1   13    4    1    3    5    3    1       823   -2   -1   -5   15   -6   -9    7  -14   15   15   -7    5   -1  -15   -4  -16    0   12
    1   13    5    1    3    1    3    1       839   -2   -8   -6   13   -6  -12   14  -19   14   12   -9    4   -1  -16   -2  -13    3   13
    1   13    6    1    1    5    1    1       808   -7    3   23   -8    9   14   -2    8    8    0    2   10   12   14    5  -14    3   -9
    1   13    7    1    3    3    3    1      1161   -3   -2   -5   16   -5  -10    6  -12   13   12   -9    5    2  -13    1  -11    4    8
    1   13    8    1    3    2    3    1       876   -2   -2   -4   15   -7  -12    7  -16   12   13   -6    1    3  -13    2  -10    0   11
    1   13    9    1    2    5    2    1       635  -14   -5   -2    3   -5   -1   -2   12    3   -7    7    3    0   14   14   20   16   15
    1   13   10    1    1    4    1    1      1235   -2    3   17   -3    9   13   -3   10    7   -2   -2   15   14    6   16   -5    5  -10
    1   13   11    1    1    1    1    1      1939    1    6   15   -7   11   11    6   12    4   -4   -2   18   10   13    7  -14    1  -10
    1   13   12    1    2    2    2    1       471  -13   -6    1    2   -7   -7    0    6    6  -10    4    6   -4   15   13   15   21   23
    1   13   13    1    1    3    1    1       757    1    4   24  -15    8   12   -2    9    5   -1   -1   17   13   20    8  -13    2  -10
    1   13   14    1    2    3    2    1       633  -18   -8   -2   -3   -7    2   -4    9    8    0    7    5   -3   14    9   15   12   15
    1   13   15    1    2    1    2    1      1009  -13   -2    0    1   -6    2   -3   12   -3  -18    3    4    8    8   10   15   16   14
    1   14    1    1    1    4    1    1       938   -2    3   17   -3    9   13   -3   10    7   -2   -2   15   14    6   16   -5    5  -10
    1   14    2    1    2    5    2    1       326  -14   -5   -2    3   -5   -1   -2   12    3   -7    7    3    0   14   14   20   16   15
    1   14    3    1    3    3    3    1       571   -3   -2   -5   16   -5  -10    6  -12   13   12   -9    5    2  -13    1  -11    4    8
    1   14    4    1    2    4    2    1       453  -13   -6   -2   -1   -6   -1   -4   16    6  -10   15   -5    7   16   10   16   15   13
    1   14    5    1    1    1    1    1       741    1    6   15   -7   11   11    6   12    4   -4   -2   18   10   13    7  -14    1  -10
    1   14    6    1    2    1    2    1       441  -13   -2    0    1   -6    2   -3   12   -3  -18    3    4    8    8   10   15   16   14
    1   14    7    1    3    1    3    1      1097   -2   -8   -6   13   -6  -12   14  -19   14   12   -9    4   -1  -16   -2  -13    3   13
    1   14    8    1    2    3    2    1       446  -18   -8   -2   -3   -7    2   -4    9    8    0    7    5   -3   14    9   15   12   15
    1   14    9    1    1    3    1    1       718    1    4   24  -15    8   12   -2    9    5   -1   -1   17   13   20    8  -13    2  -10
    1   14   10    1    3    4    2    0       483    3   -2   -5   13   -6  -11    9  -15   17    8   -7    3    3  -11    9   -5    0   12
    1   14   11    1    1    5    1    1       865   -7    3   23   -8    9   14   -2    8    8    0    2   10   12   14    5  -14    3   -9
    1   14   12    1    1    2    1    1       959   -1    7   17   -1   11   11   -2   10    8   -3   -2   15   17   19    5  -11   -1  -13
    1   14   13    1    3    2    3    1       779   -2   -2   -4   15   -7  -12    7  -16   12   13   -6    1    3  -13    2  -10    0   11
    1   14   14    1    3    5    3    1       653   -2   -1   -5   15   -6   -9    7  -14   15   15   -7    5   -1  -15   -4  -16    0   12
    1   14   15    1    2    2    2    1       629  -13   -6    1    2   -7   -7    0    6    6  -10    4    6   -4   15   13   15   21   23
    1   15    1    1    3    5    3    1      1005   -2   -1   -5   15   -6   -9    7  -14   15   15   -7    5   -1  -15   -4  -16    0   12
    1   15    2    1    2    3    2    1       790  -18   -8   -2   -3   -7    2   -4    9    8    0    7    5   -3   14    9   15   12   15
    1   15    3    1    2    5    2    1       489  -14   -5   -2    3   -5   -1   -2   12    3   -7    7    3    0   14   14   20   16   15
    1   15    4    1    1    1    1    1      1031    1    6   15   -7   11   11    6   12    4   -4   -2   18   10   13    7  -14    1  -10
    1   15    5    1    1    3    1    1       783    1    4   24  -15    8   12   -2    9    5   -1   -1   17   13   20    8  -13    2  -10
    1   15    6    1    2    1    2    1       609  -13   -2    0    1   -6    2   -3   12   -3  -18    3    4    8    8   10   15   16   14
    1   15    7    1    3    3    3    1      1482   -3   -2   -5   16   -5  -10    6  -12   13   12   -9    5    2  -13    1  -11    4    8
    1   15    8    1    3    1    3    1       928   -2   -8   -6   13   -6  -12   14  -19   14   12   -9    4   -1  -16   -2  -13    3   13
    1   15    9    1    2    2    2    1       605  -13   -6    1    2   -7   -7    0    6    6  -10    4    6   -4   15   13   15   21   23
    1   15   10    1    3    4    1    0       822    3   -2   -5   13   -6  -11    9  -15   17    8   -7    3    3  -11    9   -5    0   12
    1   15   11    1    3    2    3    1       775   -2   -2   -4   15   -7  -12    7  -16   12   13   -6    1    3  -13    2  -10    0   11
    1   15   12    1    1    4    1    1      1289   -2    3   17   -3    9   13   -3   10    7   -2   -2   15   14    6   16   -5    5  -10
    1   15   13    1    1    5    1    1       791   -7    3   23   -8    9   14   -2    8    8    0    2   10   12   14    5  -14    3   -9
    1   15   14    1    1    2    3    0       953   -1    7   17   -1   11   11   -2   10    8   -3   -2   15   17   19    5  -11   -1  -13
    1   15   15    1    2    4    2    1       532  -13   -6   -2   -1   -6   -1   -4   16    6  -10   15   -5    7   16   10   16   15   13
    2    1    1    4    1    4    1    0      3165    1    7    7   -1    9   13    1   10    5  -11   -4   15   12   14    9  -10    4  -13
    2    1    2    1    2    5    2    0      2384  -14   -5   -2    3   -5   -1   -2   12    3   -7    7    3    0   14   14   20   16   15
    2    1    3    1    3    3    1    1       610   -3   -2   -5   16   -5  -10    6  -12   13   12   -9    5    2  -13    1  -11    4    8
    2    1    4    4    3    5    2    1      1579   -2   -2   -5   16  -12   -6    8  -14   21   17   -8   -1    3  -12   -1  -11    1   14
    2    1    5    1    2    4    1    1       606  -13   -6   -2   -1   -6   -1   -4   16    6  -10   15   -5    7   16   10   16   15   13
    2    1    6    1    3    4    1    1       855    3   -2   -5   13   -6  -11    9  -15   17    8   -7    3    3  -11    9   -5    0   12
    2    1    7    6    0    0    1    0      1286    8   11    4   10   -8  -14  -13   -5    1    6    3   -7   17   -9   17   -4    3  -11
    2    1    8    4    3    2    1    0       820   -2   -2    1   10   -7  -12    6  -14   15   12  -10    4    0  -11    2  -12   -3    6
    2    1    9    4    2    5    1    0      3125  -11   -5    0    1   -5   -1   -8   14    5  -10    7    4   -3   13   14   15   15   13
    2    1   10    4    2    2    2    1      1466   -5   -2   -2    2    2   -4   -1    9    3   -8    4    6   -8   19   12   14   15   12
    2    1   11    2    2    0    1    0      1264  -12   -4   -1    1   -6    0   -3   11    4   -8    5    5   -2   13   12   15   14   13
    2    1   12    2    1    0    1    0      1231    0    5   16   -5   10   12   -1    8    6   -2   -2   16   11   15    7  -13    4  -11
    2    1   13    4    1    5    1    0      1039   -2    7   14   -3   12   12    1    6    8   -1   -3   17    9   13    9  -13    2  -11
    2    1   14    4    3    4    1    0      2759   -3   -3   -6    9   -7  -12    7  -18   15   11   -7    4   -1   -4    0  -10    1   11
    2    1   15    6    0    0    2    1      1050   17    2   -5    7   15   -8  -15  -13   -8    7   11    5  -13    3  -15   -5   -4   13
    2    1   16    1    3    2    1    1       946   -2   -2   -4   15   -7  -12    7  -16   12   13   -6    1    3  -13    2  -10    0   11
    2    1   17    4    3    1    1    0       862   -3   -4   -7   14   -8   -7    9  -12   13   11   -8    4    0  -11    4  -11    0   13
    2    1   18    4    2    3    2    1      1789  -11   -3    1   -5   -4   -2   -6   12    3   -8    6    4   -1   13   17   17   14   14
    2    1   19    1    3    1    1    1       951   -2   -8   -6   13   -6  -12   14  -19   14   12   -9    4   -1  -16   -2  -13    3   13
    2    1   20    1    1    2    1    1      1250   -1    7   17   -1   11   11   -2   10    8   -3   -2   15   17   19    5  -11   -1  -13
    2    1   21    4    1    2    2    1      1762    4    8   17   -6    1   12   -2    8    7   -3   -8   18    8   18    7  -14    2   -9
    2    1   22    1    1    4    1    1       749   -2    3   17   -3    9   13   -3   10    7   -2   -2   15   14    6   16   -5    5  -10
    2    1   23    1    2    1    2    0      1648  -13   -2    0    1   -6    2   -3   12   -3  -18    3    4    8    8   10   15   16   14
    2    1   24    4    2    1    2    1      2511  -17    1    0    2   -9   -4   -2   10    3   -3    4    7   -3   12   11   14   15   15
    2    1   25    1    1    1    1    1       957    1    6   15   -7   11   11    6   12    4   -4   -2   18   10   13    7  -14    1  -10
    2    1   26    4    1    1    1    0      1064  -10    5   15   -5   13    5    0    9    5   -4    0   17    9   15    5  -15    1   -9
    2    1   27    1    1    5    2    0       863   -7    3   23   -8    9   14   -2    8    8    0    2   10   12   14    5  -14    3   -9
    2    1   28    2    3    0    1    0      1598   -2   -3   -6   14   -7  -11    7  -13   14   11   -8    3    1  -13    0  -11    1   13
    2    1   29    4    1    3    1    0      1119    1    7   16   -6   11   13   -3    7    6   -1   -1   15   10   17    8  -15    3  -12
    2    1   30    6    0    0    2    1      1235   -6    5    7   -3  -10    7    3    1    9    3   -2    0   11    2  -12    8    6   -5
    2    1   31    4    2    4    2    1      1011  -11   -4    0    2   -2    1   -3   12    2  -10    4    6    0   12   14   14   10   21
    2    1   32    1    3    5    1    1      1261   -2   -1   -5   15   -6   -9    7  -14   15   15   -7    5   -1  -15   -4  -16    0   12
    2    1   33    6    0    0    2    1      2940    9    9    6   10  -17  -18  -16   -1    1    9    2   -5    5   -9   14  -12    6   -6
    2    1   34    4    3    3    1    0      1288   -3   -3   -5   15  -10   -7    8  -12   16   12   -6    4   -5  -11   -8  -16   -1   13
    2    1   35    6    0    0    2    1      1190   15   -4   -3    6   14   -8  -14  -14  -11    7    9    8   -1   -1  -13   -1  -10   12
    2    1   36    1    2    3    1    1       792  -18   -8   -2   -3   -7    2   -4    9    8    0    7    5   -3   14    9   15   12   15
    2    1   37    1    2    2    2    0       970  -13   -6    1    2   -7   -7    0    6    6  -10    4    6   -4   15   13   15   21   23
    2    1   38    1    1    3    1    1      1109    1    4   24  -15    8   12   -2    9    5   -1   -1   17   13   20    8  -13    2  -10
    2    1   39    6    0    0    2    1      2730    2    7   11    2   -8    7    2    2    2   -5    4   -4   12    4  -22   -4    9   -7
