    1    1    1    1    1    1    1    1    121955    6   11   -7    0  -15    6    1   15   10   -7  -13    8    5    5   15   10    0   -6
    1    1    2    1    1    2    3    0      6188    6   11   -3    3  -14   11   -1   16    5    3  -14    0   14    2   13   13    3   -5
    1    1    3    1    2    1    2    1      1062    6    7   -8   -6    1   10   -8    5   22    3    0  -14  -12   14   -2   -1    9   -1
    1    1    4    1    1    3    3    0      1436    7    9   -3    3  -14    9    0   17    7    5  -11    5    4    4   16   19    1   -5
    1    1    5    1    2    2    1    0       756    6    7  -13   -6    1    4   -6    6   15   -7   -2  -13  -11   14   -7  -10    8    0
    1    1    6    1    3    3    3    1      1271    5   -8   -9    4   13  -15   -4   -3    4  -15   13    5   -8   -6   -1   -2    5    2
    1    1    7    1    3    1    2    0      1030    8  -15  -19   14   12  -13   -5   -4    1  -15   18   16   -9   -7   -4   -1    9   -1
    1    1    8    1    2    4    1    0      2568    6    8  -11   -8    1    8  -10    8   16   -6    1  -18   -8   14   -3  -10   10    0
    1    1    9    1    1    4    1    1       873    8   11   -5    0  -15    4    0   17    6    8  -10    5    2    5   14   12    1   -4
    1    1   10    1    3    2    2    0       679    8   -7  -10    5    4   -5   -7   -3    4  -13   14   11   -8   -9   -3   -3    1   -4
    1    1   11    1    3    5    2    0       797    4   -9   -9    6   14  -14    0   -4   -2  -16   12    2   -8   -9   -3   -5    7   -1
    1    1   12    1    2    5    3    0      2670    0    1  -15   -9    0   10  -14    3   13   -4   -5   -3  -10   11   -8   -9   11    0
    1    1   13    1    2    3    1    0      1797   -2   10  -17   -5   -2   14  -13    6   14  -11    1  -14  -11   14   -7   -9   12   -7
    1    1   14    1    3    4    2    0       942    7   -9   -9    4   14  -15   -5   -5    2  -12   13    5   -7   -6   -1   -5    9    1
    1    1   15    1    1    5    1    1      1050    4   11   -7    4  -14    7    0   16    5   -6  -10    4    4    6   22   14    6    1
    1    2    1    1    3    5    3    1       993    4   -9   -9    6   14  -14    0   -4   -2  -16   12    2   -8   -9   -3   -5    7   -1
    1    2    2    1    2    3    3    0       875   -2   10  -17   -5   -2   14  -13    6   14  -11    1  -14  -11   14   -7   -9   12   -7
    1    2    3    1    2    2    1    0      1033    6    7  -13   -6    1    4   -6    6   15   -7   -2  -13  -11   14   -7  -10    8    0
    1    2    4    1    1    2    1    1       801    6   11   -3    3  -14   11   -1   16    5    3  -14    0   14    2   13   13    3   -5
    1    2    5    1    2    4    3    0      1090    6    8  -11   -8    1    8  -10    8   16   -6    1  -18   -8   14   -3  -10   10    0
    1    2    6    1    1    1    3    0       600    6   11   -7    0  -15    6    1   15   10   -7  -13    8    5    5   15   10    0   -6
    1    2    7    1    2    1    2    1      2178    6    7   -8   -6    1   10   -8    5   22    3    0  -14  -12   14   -2   -1    9   -1
    1    2    8    1    3    1    3    1      1564    8  -15  -19   14   12  -13   -5   -4    1  -15   18   16   -9   -7   -4   -1    9   -1
    1    2    9    1    3    4    2    0      1582    7   -9   -9    4   14  -15   -5   -5    2  -12   13    5   -7   -6   -1   -5    9    1
    1    2   10    1    1    3    3    0       832    7    9   -3    3  -14    9    0   17    7    5  -11    5    4    4   16   19    1   -5
    1    2   11    1    1    5    1    1      1632    4   11   -7    4  -14    7    0   16    5   -6  -10    4    4    6   22   14    6    1
    1    2   12    1    3    3    2    0       880    5   -8   -9    4   13  -15   -4   -3    4  -15   13    5   -8   -6   -1   -2    5    2
    1    2   13    1    3    2    3    1       750    8   -7  -10    5    4   -5   -7   -3    4  -13   14   11   -8   -9   -3   -3    1   -4
    1    2   14    1    2    5    3    0      1249    0    1  -15   -9    0   10  -14    3   13   -4   -5   -3  -10   11   -8   -9   11    0
    1    2   15    1    1    4    1    1       736    8   11   -5    0  -15    4    0   17    6    8  -10    5    2    5   14   12    1   -4
    1    3    1    1    3    2    2    0       788    8   -7  -10    5    4   -5   -7   -3    4  -13   14   11   -8   -9   -3   -3    1   -4
    1    3    2    1    2    1    3    0       758    6    7   -8   -6    1   10   -8    5   22    3    0  -14  -12   14   -2   -1    9   -1
    1    3    3    1    3    3    3    1      1129    5   -8   -9    4   13  -15   -4   -3    4  -15   13    5   -8   -6   -1   -2    5    2
    1    3    4    1    1    2    3    0      1069    6   11   -3    3  -14   11   -1   16    5    3  -14    0   14    2   13   13    3   -5
    1    3    5    1    3    4    2    0      1732    7   -9   -9    4   14  -15   -5   -5    2  -12   13    5   -7   -6   -1   -5    9    1
    1    3    6    1    1    4    3    0      1248    8   11   -5    0  -15    4    0   17    6    8  -10    5    2    5   14   12    1   -4
    1    3    7    1    2    2    1    0      1759    6    7  -13   -6    1    4   -6    6   15   -7   -2  -13  -11   14   -7  -10    8    0
    1    3    8    1    3    1    3    1     13097    8  -15  -19   14   12  -13   -5   -4    1  -15   18   16   -9   -7   -4   -1    9   -1
    1    3    9    1    2    3    3    0       943   -2   10  -17   -5   -2   14  -13    6   14  -11    1  -14  -11   14   -7   -9   12   -7
    1    3   10    1    3    5    1    0       874    4   -9   -9    6   14  -14    0   -4   -2  -16   12    2   -8   -9   -3   -5    7   -1
    1    3   11    1    1    1    1    1      1097    6   11   -7    0  -15    6    1   15   10   -7  -13    8    5    5   15   10    0   -6
    1    3   12    1    1    3    2    0       750    7    9   -3    3  -14    9    0   17    7    5  -11    5    4    4   16   19    1   -5
    1    3   13    1    1    5    1    1       945    4   11   -7    4  -14    7    0   16    5   -6  -10    4    4    6   22   14    6    1
    1    3   14    1    2    4    1    0       892    6    8  -11   -8    1    8  -10    8   16   -6    1  -18   -8   14   -3  -10   10    0
    1    3   15    1    2    5    3    0       746    0    1  -15   -9    0   10  -14    3   13   -4   -5   -3  -10   11   -8   -9   11    0
    1    4    1    1    3    5    1    0      1229    4   -9   -9    6   14  -14    0   -4   -2  -16   12    2   -8   -9   -3   -5    7   -1
    1    4    2    1    2    3    2    1       781   -2   10  -17   -5   -2   14  -13    6   14  -11    1  -14  -11   14   -7   -9   12   -7
    1    4    3    1    1    3    1    1       703    7    9   -3    3  -14    9    0   17    7    5  -11    5    4    4   16   19    1   -5
    1    4    4    1    2    5    2    1      1348    0    1  -15   -9    0   10  -14    3   13   -4   -5   -3  -10   11   -8   -9   11    0
    1    4    5    1    3    3    3    1       591    5   -8   -9    4   13  -15   -4   -3    4  -15   13    5   -8   -6   -1   -2    5    2
    1    4    6    1    1    2    2    0      1705    6   11   -3    3  -14   11   -1   16    5    3  -14    0   14    2   13   13    3   -5
    1    4    7    1    1    1    2    0       695    6   11   -7    0  -15    6    1   15   10   -7  -13    8    5    5   15   10    0   -6
    1    4    8    1    3    1    3    1      1964    8  -15  -19   14   12  -13   -5   -4    1  -15   18   16   -9   -7   -4   -1    9   -1
    1    4    9    1    1    5    2    0      1758    4   11   -7    4  -14    7    0   16    5   -6  -10    4    4    6   22   14    6    1
    1    4   10    1    2    2    2    1       873    6    7  -13   -6    1    4   -6    6   15   -7   -2  -13  -11   14   -7  -10    8    0
    1    4   11    1    1    4    3    0       872    8   11   -5    0  -15    4    0   17    6    8  -10    5    2    5   14   12    1   -4
    1    4   12    1    3    2    1    0       839    8   -7  -10    5    4   -5   -7   -3    4  -13   14   11   -8   -9   -3   -3    1   -4
    1    4   13    1    3    4    2    0       631    7   -9   -9    4   14  -15   -5   -5    2  -12   13    5   -7   -6   -1   -5    9    1
    1    4   14    1    2    1    2    1       447    6    7   -8   -6    1   10   -8    5   22    3    0  -14  -12   14   -2   -1    9   -1
    1    4   15    1    2    4    1    0       286    6    8  -11   -8    1    8  -10    8   16   -6    1  -18   -8   14   -3  -10   10    0
    1    5    1    1    2    5    3    0       660    0    1  -15   -9    0   10  -14    3   13   -4   -5   -3  -10   11   -8   -9   11    0
    1    5    2    1    1    2    1    1       843    6   11   -3    3  -14   11   -1   16    5    3  -14    0   14    2   13   13    3   -5
    1    5    3    1    1    1    2    0       570    6   11   -7    0  -15    6    1   15   10   -7  -13    8    5    5   15   10    0   -6
    1    5    4    1    1    5    1    1       548    4   11   -7    4  -14    7    0   16    5   -6  -10    4    4    6   22   14    6    1
    1    5    5    1    3    5    3    1       800    4   -9   -9    6   14  -14    0   -4   -2  -16   12    2   -8   -9   -3   -5    7   -1
    1    5    6    1    3    3    3    1       977    5   -8   -9    4   13  -15   -4   -3    4  -15   13    5   -8   -6   -1   -2    5    2
    1    5    7    1    1    4    2    0      1179    8   11   -5    0  -15    4    0   17    6    8  -10    5    2    5   14   12    1   -4
    1    5    8    1    1    3    1    1      1229    7    9   -3    3  -14    9    0   17    7    5  -11    5    4    4   16   19    1   -5
    1    5    9    1    3    4    1    0      1053    7   -9   -9    4   14  -15   -5   -5    2  -12   13    5   -7   -6   -1   -5    9    1
    1    5   10    1    3    2    3    1       820    8   -7  -10    5    4   -5   -7   -3    4  -13   14   11   -8   -9   -3   -3    1   -4
    1    5   11    1    2    1    2    1      1493    6    7   -8   -6    1   10   -8    5   22    3    0  -14  -12   14   -2   -1    9   -1
    1    5   12    1    2    3    1    0      1002   -2   10  -17   -5   -2   14  -13    6   14  -11    1  -14  -11   14   -7   -9   12   -7
    1    5   13    1    3    1    3    1       787    8  -15  -19   14   12  -13   -5   -4    1  -15   18   16   -9   -7   -4   -1    9   -1
    1    5   14    1    2    4    1    0       869    6    8  -11   -8    1    8  -10    8   16   -6    1  -18   -8   14   -3  -10   10    0
    1    5   15    1    2    2    3    0       788    6    7  -13   -6    1    4   -6    6   15   -7   -2  -13  -11   14   -7  -10    8    0
    1    6    1    1    1    2    2    0       550    6   11   -3    3  -14   11   -1   16    5    3  -14    0   14    2   13   13    3   -5
    1    6    2    1    3    4    3    1       513    7   -9   -9    4   14  -15   -5   -5    2  -12   13    5   -7   -6   -1   -5    9    1
    1    6    3    1    3    1    3    1      2590    8  -15  -19   14   12  -13   -5   -4    1  -15   18   16   -9   -7   -4   -1    9   -1
    1    6    4    1    3    2    2    0       679    8   -7  -10    5    4   -5   -7   -3    4  -13   14   11   -8   -9   -3   -3    1   -4
    1    6    5    1    3    3    3    1       717    5   -8   -9    4   13  -15   -4   -3    4  -15   13    5   -8   -6   -1   -2    5    2
    1    6    6    1    2    4    2    1       658    6    8  -11   -8    1    8  -10    8   16   -6    1  -18   -8   14   -3  -10   10    0
    1    6    7    1    3    5    3    1       585    4   -9   -9    6   14  -14    0   -4   -2  -16   12    2   -8   -9   -3   -5    7   -1
    1    6    8    1    1    3    2    0      1059    7    9   -3    3  -14    9    0   17    7    5  -11    5    4    4   16   19    1   -5
    1    6    9    1    1    5    2    0       554    4   11   -7    4  -14    7    0   16    5   -6  -10    4    4    6   22   14    6    1
    1    6   10    1    2    1    1    0      1045    6    7   -8   -6    1   10   -8    5   22    3    0  -14  -12   14   -2   -1    9   -1
    1    6   11    1    1    1    2    0       956    6   11   -7    0  -15    6    1   15   10   -7  -13    8    5    5   15   10    0   -6
    1    6   12    1    1    4    1    1      1592    8   11   -5    0  -15    4    0   17    6    8  -10    5    2    5   14   12    1   -4
    1    6   13    1    2    2    2    1       729    6    7  -13   -6    1    4   -6    6   15   -7   -2  -13  -11   14   -7  -10    8    0
    1    6   14    1    2    5    1    0       941    0    1  -15   -9    0   10  -14    3   13   -4   -5   -3  -10   11   -8   -9   11    0
    1    6   15    1    2    3    2    1       665   -2   10  -17   -5   -2   14  -13    6   14  -11    1  -14  -11   14   -7   -9   12   -7
    1    7    1    1    2    3    1    0       640   -2   10  -17   -5   -2   14  -13    6   14  -11    1  -14  -11   14   -7   -9   12   -7
    1    7    2    1    1    4    2    0       600    8   11   -5    0  -15    4    0   17    6    8  -10    5    2    5   14   12    1   -4
    1    7    3    1    1    5    2    0       705    4   11   -7    4  -14    7    0   16    5   -6  -10    4    4    6   22   14    6    1
    1    7    4    1    3    4    2    0      1446    7   -9   -9    4   14  -15   -5   -5    2  -12   13    5   -7   -6   -1   -5    9    1
    1    7    5    1    2    2    1    0      1022    6    7  -13   -6    1    4   -6    6   15   -7   -2  -13  -11   14   -7  -10    8    0
    1    7    6    1    3    5    3    1       678    4   -9   -9    6   14  -14    0   -4   -2  -16   12    2   -8   -9   -3   -5    7   -1
    1    7    7    1    3    3    3    1       620    5   -8   -9    4   13  -15   -4   -3    4  -15   13    5   -8   -6   -1   -2    5    2
    1    7    8    1    2    4    2    1       981    6    8  -11   -8    1    8  -10    8   16   -6    1  -18   -8   14   -3  -10   10    0
    1    7    9    1    2    1    1    0      1150    6    7   -8   -6    1   10   -8    5   22    3    0  -14  -12   14   -2   -1    9   -1
    1    7   10    1    3    2    3    1       642    8   -7  -10    5    4   -5   -7   -3    4  -13   14   11   -8   -9   -3   -3    1   -4
    1    7   11    1    3    1    3    1      1418    8  -15  -19   14   12  -13   -5   -4    1  -15   18   16   -9   -7   -4   -1    9   -1
    1    7   12    1    1    3    1    1      1827    7    9   -3    3  -14    9    0   17    7    5  -11    5    4    4   16   19    1   -5
    1    7   13    1    1    2    1    1      1098    6   11   -3    3  -14   11   -1   16    5    3  -14    0   14    2   13   13    3   -5
    1    7   14    1    1    1    2    0      3152    6   11   -7    0  -15    6    1   15   10   -7  -13    8    5    5   15   10    0   -6
    1    7   15    1    2    5    2    1       915    0    1  -15   -9    0   10  -14    3   13   -4   -5   -3  -10   11   -8   -9   11    0
    1    8    1    1    1    2    2    0       496    6   11   -3    3  -14   11   -1   16    5    3  -14    0   14    2   13   13    3   -5
    1    8    2    1    1    4    1    1       893    8   11   -5    0  -15    4    0   17    6    8  -10    5    2    5   14   12    1   -4
    1    8    3    1    2    3    2    1       970   -2   10  -17   -5   -2   14  -13    6   14  -11    1  -14  -11   14   -7   -9   12   -7
    1    8    4    1    3    3    3    1      1477    5   -8   -9    4   13  -15   -4   -3    4  -15   13    5   -8   -6   -1   -2    5    2
    1    8    5    1    2    1    2    1      2842    6    7   -8   -6    1   10   -8    5   22    3    0  -14  -12   14   -2   -1    9   -1
    1    8    6    1    2    2    3    0      2730    6    7  -13   -6    1    4   -6    6   15   -7   -2  -13  -11   14   -7  -10    8    0
    1    8    7    1    2    5    2    1      1645    0    1  -15   -9    0   10  -14    3   13   -4   -5   -3  -10   11   -8   -9   11    0
    1    8    8    1    2    4    1    0      1789    6    8  -11   -8    1    8  -10    8   16   -6    1  -18   -8   14   -3  -10   10    0
    1    8    9    1    3    4    2    0       951    7   -9   -9    4   14  -15   -5   -5    2  -12   13    5   -7   -6   -1   -5    9    1
    1    8   10    1    3    5    3    1       386    4   -9   -9    6   14  -14    0   -4   -2  -16   12    2   -8   -9   -3   -5    7   -1
    1    8   11    1    1    1    1    1      2068    6   11   -7    0  -15    6    1   15   10   -7  -13    8    5    5   15   10    0   -6
    1    8   12    1    3    2    1    0       946    8   -7  -10    5    4   -5   -7   -3    4  -13   14   11   -8   -9   -3   -3    1   -4
    1    8   13    1    1    5    2    0      1230    4   11   -7    4  -14    7    0   16    5   -6  -10    4    4    6   22   14    6    1
    1    8   14    1    3    1    3    1      1134    8  -15  -19   14   12  -13   -5   -4    1  -15   18   16   -9   -7   -4   -1    9   -1
    1    8   15    1    1    3    1    1      1746    7    9   -3    3  -14    9    0   17    7    5  -11    5    4    4   16   19    1   -5
    1    9    1    1    3    4    2    0      1629    7   -9   -9    4   14  -15   -5   -5    2  -12   13    5   -7   -6   -1   -5    9    1
    1    9    2    1    2    5    3    0       541    0    1  -15   -9    0   10  -14    3   13   -4   -5   -3  -10   11   -8   -9   11    0
    1    9    3    1    3    2    1    0      1385    8   -7  -10    5    4   -5   -7   -3    4  -13   14   11   -8   -9   -3   -3    1   -4
    1    9    4    1    2    2    3    0       419    6    7  -13   -6    1    4   -6    6   15   -7   -2  -13  -11   14   -7  -10    8    0
    1    9    5    1    1    4    1    1       579    8   11   -5    0  -15    4    0   17    6    8  -10    5    2    5   14   12    1   -4
    1    9    6    1    1    5    3    0       381    4   11   -7    4  -14    7    0   16    5   -6  -10    4    4    6   22   14    6    1
    1    9    7    1    3    3    3    1      1999    5   -8   -9    4   13  -15   -4   -3    4  -15   13    5   -8   -6   -1   -2    5    2
    1    9    8    1    1    3    3    0       736    7    9   -3    3  -14    9    0   17    7    5  -11    5    4    4   16   19    1   -5
    1    9    9    1    2    3    2    1       468   -2   10  -17   -5   -2   14  -13    6   14  -11    1  -14  -11   14   -7   -9   12   -7
    1    9   10    1    2    4    1    0       755    6    8  -11   -8    1    8  -10    8   16   -6    1  -18   -8   14   -3  -10   10    0
    1    9   11    1    1    2    3    0       438    6   11   -3    3  -14   11   -1   16    5    3  -14    0   14    2   13   13    3   -5
    1    9   12    1    3    5    3    1       406    4   -9   -9    6   14  -14    0   -4   -2  -16   12    2   -8   -9   -3   -5    7   -1
    1    9   13    1    1    1    1    1       903    6   11   -7    0  -15    6    1   15   10   -7  -13    8    5    5   15   10    0   -6
    1    9   14    1    2    1    2    1      1093    6    7   -8   -6    1   10   -8    5   22    3    0  -14  -12   14   -2   -1    9   -1
    1    9   15    1    3    1    3    1       858    8  -15  -19   14   12  -13   -5   -4    1  -15   18   16   -9   -7   -4   -1    9   -1
    1   10    1    1    2    4    1    0      1081    6    8  -11   -8    1    8  -10    8   16   -6    1  -18   -8   14   -3  -10   10    0
    1   10    2    1    1    2    2    0       239    6   11   -3    3  -14   11   -1   16    5    3  -14    0   14    2   13   13    3   -5
    1   10    3    1    3    4    3    1       727    7   -9   -9    4   14  -15   -5   -5    2  -12   13    5   -7   -6   -1   -5    9    1
    1   10    4    1    3    3    3    1       683    5   -8   -9    4   13  -15   -4   -3    4  -15   13    5   -8   -6   -1   -2    5    2
    1   10    5    1    1    1    1    1      2273    6   11   -7    0  -15    6    1   15   10   -7  -13    8    5    5   15   10    0   -6
    1   10    6    1    3    1    3    1       680    8  -15  -19   14   12  -13   -5   -4    1  -15   18   16   -9   -7   -4   -1    9   -1
    1   10    7    1    2    2    1    0      1437    6    7  -13   -6    1    4   -6    6   15   -7   -2  -13  -11   14   -7  -10    8    0
    1   10    8    1    1    3    1    1      1221    7    9   -3    3  -14    9    0   17    7    5  -11    5    4    4   16   19    1   -5
    1   10    9    1    2    1    2    1      1894    6    7   -8   -6    1   10   -8    5   22    3    0  -14  -12   14   -2   -1    9   -1
    1   10   10    1    3    2    3    1       779    8   -7  -10    5    4   -5   -7   -3    4  -13   14   11   -8   -9   -3   -3    1   -4
    1   10   11    1    1    4    1    1      2381    8   11   -5    0  -15    4    0   17    6    8  -10    5    2    5   14   12    1   -4
    1   10   12    1    2    5    2    1      1247    0    1  -15   -9    0   10  -14    3   13   -4   -5   -3  -10   11   -8   -9   11    0
    1   10   13    1    2    3    3    0      2766   -2   10  -17   -5   -2   14  -13    6   14  -11    1  -14  -11   14   -7   -9   12   -7
    1   10   14    1    3    5    3    1       801    4   -9   -9    6   14  -14    0   -4   -2  -16   12    2   -8   -9   -3   -5    7   -1
    1   10   15    1    1    5    3    0      2978    4   11   -7    4  -14    7    0   16    5   -6  -10    4    4    6   22   14    6    1
    1   11    1    1    3    1    3    1       876    8  -15  -19   14   12  -13   -5   -4    1  -15   18   16   -9   -7   -4   -1    9   -1
    1   11    2    1    2    2    2    1      1386    6    7  -13   -6    1    4   -6    6   15   -7   -2  -13  -11   14   -7  -10    8    0
    1   11    3    1    1    4    1    1       788    8   11   -5    0  -15    4    0   17    6    8  -10    5    2    5   14   12    1   -4
    1   11    4    1    2    4    2    1      2070    6    8  -11   -8    1    8  -10    8   16   -6    1  -18   -8   14   -3  -10   10    0
    1   11    5    1    2    5    3    0      2116    0    1  -15   -9    0   10  -14    3   13   -4   -5   -3  -10   11   -8   -9   11    0
    1   11    6    1    1    1    1    1      1185    6   11   -7    0  -15    6    1   15   10   -7  -13    8    5    5   15   10    0   -6
    1   11    7    1    1    3    1    1      1075    7    9   -3    3  -14    9    0   17    7    5  -11    5    4    4   16   19    1   -5
    1   11    8    1    1    2    1    1      3177    6   11   -3    3  -14   11   -1   16    5    3  -14    0   14    2   13   13    3   -5
    1   11    9    1    3    5    3    1       747    4   -9   -9    6   14  -14    0   -4   -2  -16   12    2   -8   -9   -3   -5    7   -1
    1   11   10    1    2    1    2    1      1006    6    7   -8   -6    1   10   -8    5   22    3    0  -14  -12   14   -2   -1    9   -1
    1   11   11    1    3    2    2    0       888    8   -7  -10    5    4   -5   -7   -3    4  -13   14   11   -8   -9   -3   -3    1   -4
    1   11   12    1    3    4    2    0       726    7   -9   -9    4   14  -15   -5   -5    2  -12   13    5   -7   -6   -1   -5    9    1
    1   11   13    1    2    3    2    1       762   -2   10  -17   -5   -2   14  -13    6   14  -11    1  -14  -11   14   -7   -9   12   -7
    1   11   14    1    3    3    3    1       460    5   -8   -9    4   13  -15   -4   -3    4  -15   13    5   -8   -6   -1   -2    5    2
    1   11   15    1    1    5    1    1      2619    4   11   -7    4  -14    7    0   16    5   -6  -10    4    4    6   22   14    6    1
    1   12    1    1    3    1    3    1      2532    8  -15  -19   14   12  -13   -5   -4    1  -15   18   16   -9   -7   -4   -1    9   -1
    1   12    2    1    3    4    3    1      1711    7   -9   -9    4   14  -15   -5   -5    2  -12   13    5   -7   -6   -1   -5    9    1
    1   12    3    1    1    2    2    0      1276    6   11   -3    3  -14   11   -1   16    5    3  -14    0   14    2   13   13    3   -5
    1   12    4    1    2    5    2    1       874    0    1  -15   -9    0   10  -14    3   13   -4   -5   -3  -10   11   -8   -9   11    0
    1   12    5    1    3    3    3    1      3080    5   -8   -9    4   13  -15   -4   -3    4  -15   13    5   -8   -6   -1   -2    5    2
    1   12    6    1    3    5    3    1       830    4   -9   -9    6   14  -14    0   -4   -2  -16   12    2   -8   -9   -3   -5    7   -1
    1   12    7    1    2    4    2    1      3422    6    8  -11   -8    1    8  -10    8   16   -6    1  -18   -8   14   -3  -10   10    0
    1   12    8    1    2    1    1    0      1623    6    7   -8   -6    1   10   -8    5   22    3    0  -14  -12   14   -2   -1    9   -1
    1   12    9    1    3    2    3    1      1831    8   -7  -10    5    4   -5   -7   -3    4  -13   14   11   -8   -9   -3   -3    1   -4
    1   12   10    1    2    3    2    1      1919   -2   10  -17   -5   -2   14  -13    6   14  -11    1  -14  -11   14   -7   -9   12   -7
    1   12   11    1    1    4    1    1      1604    8   11   -5    0  -15    4    0   17    6    8  -10    5    2    5   14   12    1   -4
    1   12   12    1    1    5    2    0      3317    4   11   -7    4  -14    7    0   16    5   -6  -10    4    4    6   22   14    6    1
    1   12   13    1    1    1    2    0      1010    6   11   -7    0  -15    6    1   15   10   -7  -13    8    5    5   15   10    0   -6
    1   12   14    1    1    3    1    1      1226    7    9   -3    3  -14    9    0   17    7    5  -11    5    4    4   16   19    1   -5
    1   12   15    1    2    2    2    1      1482    6    7  -13   -6    1    4   -6    6   15   -7   -2  -13  -11   14   -7  -10    8    0
    1   13    1    1    1    4    2    0      1152    8   11   -5    0  -15    4    0   17    6    8  -10    5    2    5   14   12    1   -4
    1   13    2    1    1    2    1    1      1763    6   11   -3    3  -14   11   -1   16    5    3  -14    0   14    2   13   13    3   -5
    1   13    3    1    3    2    3    1      1406    8   -7  -10    5    4   -5   -7   -3    4  -13   14   11   -8   -9   -3   -3    1   -4
    1   13    4    1    2    4    2    1      1671    6    8  -11   -8    1    8  -10    8   16   -6    1  -18   -8   14   -3  -10   10    0
    1   13    5    1    1    1    1    1      1670    6   11   -7    0  -15    6    1   15   10   -7  -13    8    5    5   15   10    0   -6
    1   13    6    1    2    2    1    0       836    6    7  -13   -6    1    4   -6    6   15   -7   -2  -13  -11   14   -7  -10    8    0
    1   13    7    1    2    1    1    0      2004    6    7   -8   -6    1   10   -8    5   22    3    0  -14  -12   14   -2   -1    9   -1
    1   13    8    1    3    4    3    1       326    7   -9   -9    4   14  -15   -5   -5    2  -12   13    5   -7   -6   -1   -5    9    1
    1   13    9    1    1    5    2    0       618    4   11   -7    4  -14    7    0   16    5   -6  -10    4    4    6   22   14    6    1
    1   13   10    1    2    5    1    0       627    0    1  -15   -9    0   10  -14    3   13   -4   -5   -3  -10   11   -8   -9   11    0
    1   13   11    1    3    5    3    1       427    4   -9   -9    6   14  -14    0   -4   -2  -16   12    2   -8   -9   -3   -5    7   -1
    1   13   12    1    3    1    3    1      1386    8  -15  -19   14   12  -13   -5   -4    1  -15   18   16   -9   -7   -4   -1    9   -1
    1   13   13    1    3    3    2    0       804    5   -8   -9    4   13  -15   -4   -3    4  -15   13    5   -8   -6   -1   -2    5    2
    1   13   14    1    1    3    1    1      1510    7    9   -3    3  -14    9    0   17    7    5  -11    5    4    4   16   19    1   -5
    1   13   15    1    2    3    1    0       794   -2   10  -17   -5   -2   14  -13    6   14  -11    1  -14  -11   14   -7   -9   12   -7
    1   14    1    1    3    4    2    0       716    7   -9   -9    4   14  -15   -5   -5    2  -12   13    5   -7   -6   -1   -5    9    1
    1   14    2    1    3    1    3    1       864    8  -15  -19   14   12  -13   -5   -4    1  -15   18   16   -9   -7   -4   -1    9   -1
    1   14    3    1    3    2    1    0       719    8   -7  -10    5    4   -5   -7   -3    4  -13   14   11   -8   -9   -3   -3    1   -4
    1   14    4    1    1    1    1    1       611    6   11   -7    0  -15    6    1   15   10   -7  -13    8    5    5   15   10    0   -6
    1   14    5    1    2    2    2    1       700    6    7  -13   -6    1    4   -6    6   15   -7   -2  -13  -11   14   -7  -10    8    0
    1   14    6    1    2    3    3    0      1393   -2   10  -17   -5   -2   14  -13    6   14  -11    1  -14  -11   14   -7   -9   12   -7
    1   14    7    1    1    4    1    1       539    8   11   -5    0  -15    4    0   17    6    8  -10    5    2    5   14   12    1   -4
    1   14    8    1    2    5    1    0       806    0    1  -15   -9    0   10  -14    3   13   -4   -5   -3  -10   11   -8   -9   11    0
    1   14    9    1    3    3    1    0       232    5   -8   -9    4   13  -15   -4   -3    4  -15   13    5   -8   -6   -1   -2    5    2
    1   14   10    1    2    4    1    0       336    6    8  -11   -8    1    8  -10    8   16   -6    1  -18   -8   14   -3  -10   10    0
    1   14   11    1    3    5    3    1       724    4   -9   -9    6   14  -14    0   -4   -2  -16   12    2   -8   -9   -3   -5    7   -1
    1   14   12    1    1    5    1    1       824    4   11   -7    4  -14    7    0   16    5   -6  -10    4    4    6   22   14    6    1
    1   14   13    1    2    1    3    0       873    6    7   -8   -6    1   10   -8    5   22    3    0  -14  -12   14   -2   -1    9   -1
    1   14   14    1    1    2    1    1       984    6   11   -3    3  -14   11   -1   16    5    3  -14    0   14    2   13   13    3   -5
    1   14   15    1    1    3    1    1      1361    7    9   -3    3  -14    9    0   17    7    5  -11    5    4    4   16   19    1   -5
    1   15    1    1    1    2    3    0       572    6   11   -3    3  -14   11   -1   16    5    3  -14    0   14    2   13   13    3   -5
    1   15    2    1    2    5    2    1       359    0    1  -15   -9    0   10  -14    3   13   -4   -5   -3  -10   11   -8   -9   11    0
    1   15    3    1    3    3    1    0       762    5   -8   -9    4   13  -15   -4   -3    4  -15   13    5   -8   -6   -1   -2    5    2
    1   15    4    1    1    1    3    0       332    6   11   -7    0  -15    6    1   15   10   -7  -13    8    5    5   15   10    0   -6
    1   15    5    1    1    5    1    1       721    4   11   -7    4  -14    7    0   16    5   -6  -10    4    4    6   22   14    6    1
    1   15    6    1    1    4    2    0      1365    8   11   -5    0  -15    4    0   17    6    8  -10    5    2    5   14   12    1   -4
    1   15    7    1    3    4    3    1      1343    7   -9   -9    4   14  -15   -5   -5    2  -12   13    5   -7   -6   -1   -5    9    1
    1   15    8    1    3    2    2    0      3547    8   -7  -10    5    4   -5   -7   -3    4  -13   14   11   -8   -9   -3   -3    1   -4
    1   15    9    1    2    3    1    0      1246   -2   10  -17   -5   -2   14  -13    6   14  -11    1  -14  -11   14   -7   -9   12   -7
    1   15   10    1    1    3    1    1       701    7    9   -3    3  -14    9    0   17    7    5  -11    5    4    4   16   19    1   -5
    1   15   11    1    3    1    2    0       626    8  -15  -19   14   12  -13   -5   -4    1  -15   18   16   -9   -7   -4   -1    9   -1
    1   15   12    1    3    5    2    0       794    4   -9   -9    6   14  -14    0   -4   -2  -16   12    2   -8   -9   -3   -5    7   -1
    1   15   13    1    2    2    2    1       700    6    7  -13   -6    1    4   -6    6   15   -7   -2  -13  -11   14   -7  -10    8    0
    1   15   14    1    2    4    1    0       561    6    8  -11   -8    1    8  -10    8   16   -6    1  -18   -8   14   -3  -10   10    0
    1   15   15    1    2    1    2    1       380    6    7   -8   -6    1   10   -8    5   22    3    0  -14  -12   14   -2   -1    9   -1
    2    1    1    1    2    3    1    1      7077   -2   10  -17   -5   -2   14  -13    6   14  -11    1  -14  -11   14   -7   -9   12   -7
    2    1    2    2    2    0    1    0      3675    7    9  -13   -7    1    5   -9    6   15   -6    0  -13  -11   12   -8  -10   10   -1
    2    1    3    1    2    1    2    0      1081    6    7   -8   -6    1   10   -8    5   22    3    0  -14  -12   14   -2   -1    9   -1
    2    1    4    1    2    5    2    0      1983    0    1  -15   -9    0   10  -14    3   13   -4   -5   -3  -10   11   -8   -9   11    0
    2    1    5    4    2    2    2    1      1169    5   11  -13   -6    1    0  -10    6   15   -5   -2  -11  -11   10   -6  -11   12   -6
    2    1    6    6    0    0    2    1       980    3   13   17  -15    5    1   -2    9  -10    7   14   -5   13    9    2   -6   -8   -9
    2    1    7    4    3    4    2    1      1806    2    2  -10    5   11   -4   -8   -2    3  -16   12    9  -11   -9   -2   -4    8   -1
    2    1    8    1    3    1    1    1       983    8  -15  -19   14   12  -13   -5   -4    1  -15   18   16   -9   -7   -4   -1    9   -1
    2    1    9    1    1    5    1    1      2913    4   11   -7    4  -14    7    0   16    5   -6  -10    4    4    6   22   14    6    1
    2    1   10    4    2    5    2    1      1406   16   -1  -15  -11    3    6   -7   -3   16   -7    1  -15  -11   11   -3  -14   10    0
    2    1   11    6    0    0    1    0      1239  -11   -4   -6  -21  -13    6  -14  -13  -12    1   -3    9   -4  -12   -9    4    1   -5
    2    1   12    1    3    4    2    0      2471    7   -9   -9    4   14  -15   -5   -5    2  -12   13    5   -7   -6   -1   -5    9    1
    2    1   13    4    2    3    1    0      1397    7    4  -13   -8    2    6   -9    5   15   -5    1  -13  -10   12   -8   -9    2    0
    2    1   14    1    3    5    1    1      1438    4   -9   -9    6   14  -14    0   -4   -2  -16   12    2   -8   -9   -3   -5    7   -1
    2    1   15    4    1    5    2    1      2246    7    8   -7    2  -15    6    2   16    5    4  -13    5    3    7   12   10    2   -5
    2    1   16    1    2    4    1    1      3598    6    8  -11   -8    1    8  -10    8   16   -6    1  -18   -8   14   -3  -10   10    0
    2    1   17    4    3    3    2    1       703   -1  -15  -11    0   11  -10   -5   -5   -2  -17   18    9   -9   -7   -3   -2    7    2
    2    1   18    6    0    0    2    1      3268   10    5   16  -15   10    2   -2    7   -9    7    7  -19    2    7    1   -7   -7   -9
    2    1   19    1    3    3    1    1      1907    5   -8   -9    4   13  -15   -4   -3    4  -15   13    5   -8   -6   -1   -2    5    2
    2    1   20    4    2    1    2    1      2296    7    8  -13   -8    2    6   -7    8   17   -6    1  -14  -13   14   -6   -9   12   -2
    2    1   21    1    1    2    1    1      1533    6   11   -3    3  -14   11   -1   16    5    3  -14    0   14    2   13   13    3   -5
    2    1   22    4    1    3    1    0      6609    7   10   -5    2  -12    9    2   15    6    2  -13    3    3    6   17   12    1   -8
    2    1   23    4    3    1    2    1      1002    1   -9    0    2   17  -17   -5   -4    4  -12   12    6   -7   -9   -3   -5   11    2
    2    1   24    4    2    4    1    0       947    6   10  -11   -7    2    4  -14    8   16   -6   -3  -14  -11   16   -6  -12    9   -3
    2    1   25    4    3    2    1    0      1935    8   -9  -10    6   11  -13   -6   -3    1  -12   15    8  -11   -2   -2   -2   10   -2
    2    1   26    4    1    2    2    1      1314    7    9   -6    1  -13    9    1   18    8    2  -13    5    5    5   13   13    1   -5
    2    1   27    1    3    2    1    1      1391    8   -7  -10    5    4   -5   -7   -3    4  -13   14   11   -8   -9   -3   -3    1   -4
    2    1   28    1    2    2    2    0      1497    6    7  -13   -6    1    4   -6    6   15   -7   -2  -13  -11   14   -7  -10    8    0
    2    1   29    4    3    5    1    0      1166    7   -8   -8    6   13  -13   -7   -3    8  -17   12    8  -12   -8   -1   -4   10   -2
    2    1   30    1    1    3    2    0       625    7    9   -3    3  -14    9    0   17    7    5  -11    5    4    4   16   19    1   -5
    2    1   31    6    0    0    2    1      1097   -9   -6  -11  -19  -10    4  -11  -13  -16    6   -2    9    6  -22    2    1    7    4
    2    1   32    2    3    0    2    1      1055    6   -8   -9    5   13  -14   -6   -4    3  -14   13    7   -8   -7   -2   -3    9    0
    2    1   33    2    1    0    1    0       934    6   10   -6    2  -14    8    1   16    6    3  -12    4    4    5   13   12    2   -6
    2    1   34    1    1    1    1    1      1602    6   11   -7    0  -15    6    1   15   10   -7  -13    8    5    5   15   10    0   -6
    2    1   35    1    1    4    2    0      1715    8   11   -5    0  -15    4    0   17    6    8  -10    5    2    5   14   12    1   -4
    2    1   36    4    1    4    1    0      2176    1    5   -1    2  -13   10    0   17    7    2  -10    4    6    5   12   11    0   -7
    2    1   37    6    0    0    1    0      2714    4    6    1    8    8    5   -3  -11  -14   14   -4   -6    9   -8   -5    4  -17  -14
    2    1   38    6    0    0    2    1      1918   11   11    0   11   -4   12   -4  -14  -13   13   -1   -8   12   -2   -5    4  -14  -13
    2    1   39    4    1    1    1    0      1155    4    9   -5    2  -22    0    2   15    8    2  -20   -6    5    7   11   15   11  -11
