    1    1    1    1    3    5    1    0      5772   -6    6   -2   23   14    7  -10    0    6   -7   -5   -2   10  -10   12   -1   13   -4
    1    1    2    1    1    4    3    0      5515   18   -2  -23    7   15   -1    8  -13   -1  -12    2   16  -20    2  -11    2   13  -17
    1    1    3    1    1    1    1    1      3136   11   -9  -21    5   10   -4    7  -15  -11   -7    2   13  -15    1  -10    2    8   -9
    1    1    4    1    3    3    3    1      3476   -3   12    3   14   10    6  -12    3    4   -6   -5    1    7  -14   16   -6    7   -1
    1    1    5    1    1    3    1    1       987    9  -11  -20   -9   10   -3    3  -23  -10  -10    3   15  -25   -8  -12    2    8   -6
    1    1    6    1    3    2    3    1      1669   -3   11    2   17    7    7  -13    2    0   -5   -5   -4    6  -12   15   -7    9   -1
    1    1    7    1    2    4    1    0       723   -3   14    9    0   10    9   -8   -7    3   11    1    8   -5   13   -3    0    6   -7
    1    1    8    1    2    3    1    0      1016   -3    7   11   -3   12    4   -2  -11    1   21    2   10   -4   12   -5    5    7    0
    1    1    9    1    1    5    1    1      1377    9   -8  -13   -1   10   -2    9  -13  -11   -5    2   17  -17    0  -10    0    7   -7
    1    1   10    1    3    4    3    1      2075   -2   11    1   14   10    7  -15    1    8   -2  -11   -3    9  -14   15   -8    6    1
    1    1   11    1    1    2    3    0      2634   10   -8  -13   -1    2   -5    8  -11  -10  -11    4   13  -14    1  -11    2    7   -6
    1    1   12    1    2    2    3    0      1202   -2    9   19    1    7    6  -10  -12   10   11    3   16  -13   18   -5   -1    9   -1
    1    1   13    1    2    5    2    1      2643   -2    6    9    6    7    8   -6   -8    5   11   -1   11   -4   15   -5    3   10   -2
    1    1   14    1    3    1    3    1       859   -5   11    3   16   10    5   -9   -2    4   -6   -6   -4    9  -13   14   -8   11   -2
    1    1   15    1    2    1    1    0      1387   -4    5    9    0    8    8   -7   -8    6   12    0   12   -4   12  -11   10    7    2
    1    2    1    1    2    3    2    1      2693   -3    7   11   -3   12    4   -2  -11    1   21    2   10   -4   12   -5    5    7    0
    1    2    2    1    1    4    2    0      2155   18   -2  -23    7   15   -1    8  -13   -1  -12    2   16  -20    2  -11    2   13  -17
    1    2    3    1    1    5    3    0      1430    9   -8  -13   -1   10   -2    9  -13  -11   -5    2   17  -17    0  -10    0    7   -7
    1    2    4    1    1    2    2    0      1566   10   -8  -13   -1    2   -5    8  -11  -10  -11    4   13  -14    1  -11    2    7   -6
    1    2    5    1    3    5    3    1      1568   -6    6   -2   23   14    7  -10    0    6   -7   -5   -2   10  -10   12   -1   13   -4
    1    2    6    1    2    2    3    0      1331   -2    9   19    1    7    6  -10  -12   10   11    3   16  -13   18   -5   -1    9   -1
    1    2    7    1    3    4    1    0      1359   -2   11    1   14   10    7  -15    1    8   -2  -11   -3    9  -14   15   -8    6    1
    1    2    8    1    1    3    3    0      1211    9  -11  -20   -9   10   -3    3  -23  -10  -10    3   15  -25   -8  -12    2    8   -6
    1    2    9    1    2    4    1    0      1420   -3   14    9    0   10    9   -8   -7    3   11    1    8   -5   13   -3    0    6   -7
    1    2   10    1    3    2    3    1       772   -3   11    2   17    7    7  -13    2    0   -5   -5   -4    6  -12   15   -7    9   -1
    1    2   11    1    2    5    2    1      1767   -2    6    9    6    7    8   -6   -8    5   11   -1   11   -4   15   -5    3   10   -2
    1    2   12    1    3    1    3    1       898   -5   11    3   16   10    5   -9   -2    4   -6   -6   -4    9  -13   14   -8   11   -2
    1    2   13    1    1    1    2    0      1151   11   -9  -21    5   10   -4    7  -15  -11   -7    2   13  -15    1  -10    2    8   -9
    1    2   14    1    3    3    3    1      1010   -3   12    3   14   10    6  -12    3    4   -6   -5    1    7  -14   16   -6    7   -1
    1    2   15    1    2    1    2    1      1884   -4    5    9    0    8    8   -7   -8    6   12    0   12   -4   12  -11   10    7    2
    1    3    1    1    2    3    1    0      1954   -3    7   11   -3   12    4   -2  -11    1   21    2   10   -4   12   -5    5    7    0
    1    3    2    1    3    5    3    1       581   -6    6   -2   23   14    7  -10    0    6   -7   -5   -2   10  -10   12   -1   13   -4
    1    3    3    1    3    2    3    1       895   -3   11    2   17    7    7  -13    2    0   -5   -5   -4    6  -12   15   -7    9   -1
    1    3    4    1    2    1    2    1      1565   -4    5    9    0    8    8   -7   -8    6   12    0   12   -4   12  -11   10    7    2
    1    3    5    1    2    4    2    1      1440   -3   14    9    0   10    9   -8   -7    3   11    1    8   -5   13   -3    0    6   -7
    1    3    6    1    1    4    3    0       968   18   -2  -23    7   15   -1    8  -13   -1  -12    2   16  -20    2  -11    2   13  -17
    1    3    7    1    3    4    3    1      2386   -2   11    1   14   10    7  -15    1    8   -2  -11   -3    9  -14   15   -8    6    1
    1    3    8    1    1    2    3    0      1412   10   -8  -13   -1    2   -5    8  -11  -10  -11    4   13  -14    1  -11    2    7   -6
    1    3    9    1    3    3    3    1      1165   -3   12    3   14   10    6  -12    3    4   -6   -5    1    7  -14   16   -6    7   -1
    1    3   10    1    2    2    3    0      1200   -2    9   19    1    7    6  -10  -12   10   11    3   16  -13   18   -5   -1    9   -1
    1    3   11    1    2    5    2    1      2225   -2    6    9    6    7    8   -6   -8    5   11   -1   11   -4   15   -5    3   10   -2
    1    3   12    1    1    3    1    1      3450    9  -11  -20   -9   10   -3    3  -23  -10  -10    3   15  -25   -8  -12    2    8   -6
    1    3   13    1    1    5    3    0      2001    9   -8  -13   -1   10   -2    9  -13  -11   -5    2   17  -17    0  -10    0    7   -7
    1    3   14    1    1    1    3    0      1170   11   -9  -21    5   10   -4    7  -15  -11   -7    2   13  -15    1  -10    2    8   -9
    1    3   15    1    3    1    3    1       821   -5   11    3   16   10    5   -9   -2    4   -6   -6   -4    9  -13   14   -8   11   -2
    1    4    1    1    3    3    3    1       566   -3   12    3   14   10    6  -12    3    4   -6   -5    1    7  -14   16   -6    7   -1
    1    4    2    1    3    2    3    1      1010   -3   11    2   17    7    7  -13    2    0   -5   -5   -4    6  -12   15   -7    9   -1
    1    4    3    1    2    4    2    1      1545   -3   14    9    0   10    9   -8   -7    3   11    1    8   -5   13   -3    0    6   -7
    1    4    4    1    3    1    3    1       765   -5   11    3   16   10    5   -9   -2    4   -6   -6   -4    9  -13   14   -8   11   -2
    1    4    5    1    1    5    3    0      1056    9   -8  -13   -1   10   -2    9  -13  -11   -5    2   17  -17    0  -10    0    7   -7
    1    4    6    1    1    3    3    0      1463    9  -11  -20   -9   10   -3    3  -23  -10  -10    3   15  -25   -8  -12    2    8   -6
    1    4    7    1    3    4    3    1      1358   -2   11    1   14   10    7  -15    1    8   -2  -11   -3    9  -14   15   -8    6    1
    1    4    8    1    2    1    2    1      1913   -4    5    9    0    8    8   -7   -8    6   12    0   12   -4   12  -11   10    7    2
    1    4    9    1    2    5    2    1      1501   -2    6    9    6    7    8   -6   -8    5   11   -1   11   -4   15   -5    3   10   -2
    1    4   10    1    2    2    3    0       803   -2    9   19    1    7    6  -10  -12   10   11    3   16  -13   18   -5   -1    9   -1
    1    4   11    1    3    5    3    1       820   -6    6   -2   23   14    7  -10    0    6   -7   -5   -2   10  -10   12   -1   13   -4
    1    4   12    1    1    2    2    0      2773   10   -8  -13   -1    2   -5    8  -11  -10  -11    4   13  -14    1  -11    2    7   -6
    1    4   13    1    1    4    3    0      1032   18   -2  -23    7   15   -1    8  -13   -1  -12    2   16  -20    2  -11    2   13  -17
    1    4   14    1    2    3    2    1      1392   -3    7   11   -3   12    4   -2  -11    1   21    2   10   -4   12   -5    5    7    0
    1    4   15    1    1    1    3    0      2185   11   -9  -21    5   10   -4    7  -15  -11   -7    2   13  -15    1  -10    2    8   -9
    1    5    1    1    2    2    3    0       835   -2    9   19    1    7    6  -10  -12   10   11    3   16  -13   18   -5   -1    9   -1
    1    5    2    1    2    3    2    1      1779   -3    7   11   -3   12    4   -2  -11    1   21    2   10   -4   12   -5    5    7    0
    1    5    3    1    1    4    3    0      1613   18   -2  -23    7   15   -1    8  -13   -1  -12    2   16  -20    2  -11    2   13  -17
    1    5    4    1    3    4    2    0      1582   -2   11    1   14   10    7  -15    1    8   -2  -11   -3    9  -14   15   -8    6    1
    1    5    5    1    3    1    3    1      1072   -5   11    3   16   10    5   -9   -2    4   -6   -6   -4    9  -13   14   -8   11   -2
    1    5    6    1    1    5    2    0      2071    9   -8  -13   -1   10   -2    9  -13  -11   -5    2   17  -17    0  -10    0    7   -7
    1    5    7    1    1    1    2    0      1669   11   -9  -21    5   10   -4    7  -15  -11   -7    2   13  -15    1  -10    2    8   -9
    1    5    8    1    1    3    2    0      1908    9  -11  -20   -9   10   -3    3  -23  -10  -10    3   15  -25   -8  -12    2    8   -6
    1    5    9    1    2    4    2    1      2441   -3   14    9    0   10    9   -8   -7    3   11    1    8   -5   13   -3    0    6   -7
    1    5   10    1    2    5    2    1      2697   -2    6    9    6    7    8   -6   -8    5   11   -1   11   -4   15   -5    3   10   -2
    1    5   11    1    3    3    3    1       735   -3   12    3   14   10    6  -12    3    4   -6   -5    1    7  -14   16   -6    7   -1
    1    5   12    1    3    5    3    1       691   -6    6   -2   23   14    7  -10    0    6   -7   -5   -2   10  -10   12   -1   13   -4
    1    5   13    1    2    1    1    0      1817   -4    5    9    0    8    8   -7   -8    6   12    0   12   -4   12  -11   10    7    2
    1    5   14    1    3    2    3    1       641   -3   11    2   17    7    7  -13    2    0   -5   -5   -4    6  -12   15   -7    9   -1
    1    5   15    1    1    2    2    0      1465   10   -8  -13   -1    2   -5    8  -11  -10  -11    4   13  -14    1  -11    2    7   -6
    1    6    1    1    2    1    1    0       944   -4    5    9    0    8    8   -7   -8    6   12    0   12   -4   12  -11   10    7    2
    1    6    2    1    1    3    2    0      1580    9  -11  -20   -9   10   -3    3  -23  -10  -10    3   15  -25   -8  -12    2    8   -6
    1    6    3    1    3    4    2    0      2478   -2   11    1   14   10    7  -15    1    8   -2  -11   -3    9  -14   15   -8    6    1
    1    6    4    1    1    1    3    0      1405   11   -9  -21    5   10   -4    7  -15  -11   -7    2   13  -15    1  -10    2    8   -9
    1    6    5    1    2    4    2    1      4246   -3   14    9    0   10    9   -8   -7    3   11    1    8   -5   13   -3    0    6   -7
    1    6    6    1    3    5    3    1      1278   -6    6   -2   23   14    7  -10    0    6   -7   -5   -2   10  -10   12   -1   13   -4
    1    6    7    1    1    2    2    0      1820   10   -8  -13   -1    2   -5    8  -11  -10  -11    4   13  -14    1  -11    2    7   -6
    1    6    8    1    1    4    3    0      1253   18   -2  -23    7   15   -1    8  -13   -1  -12    2   16  -20    2  -11    2   13  -17
    1    6    9    1    2    2    1    0       917   -2    9   19    1    7    6  -10  -12   10   11    3   16  -13   18   -5   -1    9   -1
    1    6   10    1    2    5    2    1      2001   -2    6    9    6    7    8   -6   -8    5   11   -1   11   -4   15   -5    3   10   -2
    1    6   11    1    2    3    1    0      2035   -3    7   11   -3   12    4   -2  -11    1   21    2   10   -4   12   -5    5    7    0
    1    6   12    1    1    5    2    0      3218    9   -8  -13   -1   10   -2    9  -13  -11   -5    2   17  -17    0  -10    0    7   -7
    1    6   13    1    3    2    3    1       675   -3   11    2   17    7    7  -13    2    0   -5   -5   -4    6  -12   15   -7    9   -1
    1    6   14    1    3    3    3    1      2986   -3   12    3   14   10    6  -12    3    4   -6   -5    1    7  -14   16   -6    7   -1
    1    6   15    1    3    1    3    1      1108   -5   11    3   16   10    5   -9   -2    4   -6   -6   -4    9  -13   14   -8   11   -2
    1    7    1    1    1    5    2    0      2953    9   -8  -13   -1   10   -2    9  -13  -11   -5    2   17  -17    0  -10    0    7   -7
    1    7    2    1    2    3    1    0      2996   -3    7   11   -3   12    4   -2  -11    1   21    2   10   -4   12   -5    5    7    0
    1    7    3    1    3    1    3    1       670   -5   11    3   16   10    5   -9   -2    4   -6   -6   -4    9  -13   14   -8   11   -2
    1    7    4    1    2    2    1    0      2004   -2    9   19    1    7    6  -10  -12   10   11    3   16  -13   18   -5   -1    9   -1
    1    7    5    1    3    5    3    1       726   -6    6   -2   23   14    7  -10    0    6   -7   -5   -2   10  -10   12   -1   13   -4
    1    7    6    1    1    1    2    0      2650   11   -9  -21    5   10   -4    7  -15  -11   -7    2   13  -15    1  -10    2    8   -9
    1    7    7    1    2    1    2    1      1458   -4    5    9    0    8    8   -7   -8    6   12    0   12   -4   12  -11   10    7    2
    1    7    8    1    2    5    2    1      1065   -2    6    9    6    7    8   -6   -8    5   11   -1   11   -4   15   -5    3   10   -2
    1    7    9    1    1    3    2    0      2431    9  -11  -20   -9   10   -3    3  -23  -10  -10    3   15  -25   -8  -12    2    8   -6
    1    7   10    1    3    2    3    1       816   -3   11    2   17    7    7  -13    2    0   -5   -5   -4    6  -12   15   -7    9   -1
    1    7   11    1    1    2    1    1      2640   10   -8  -13   -1    2   -5    8  -11  -10  -11    4   13  -14    1  -11    2    7   -6
    1    7   12    1    3    4    2    0      1736   -2   11    1   14   10    7  -15    1    8   -2  -11   -3    9  -14   15   -8    6    1
    1    7   13    1    1    4    1    1      1972   18   -2  -23    7   15   -1    8  -13   -1  -12    2   16  -20    2  -11    2   13  -17
    1    7   14    1    3    3    3    1      1447   -3   12    3   14   10    6  -12    3    4   -6   -5    1    7  -14   16   -6    7   -1
    1    7   15    1    2    4    2    1      2158   -3   14    9    0   10    9   -8   -7    3   11    1    8   -5   13   -3    0    6   -7
    1    8    1    1    1    2    1    1      6121   10   -8  -13   -1    2   -5    8  -11  -10  -11    4   13  -14    1  -11    2    7   -6
    1    8    2    1    1    4    3    0      2822   18   -2  -23    7   15   -1    8  -13   -1  -12    2   16  -20    2  -11    2   13  -17
    1    8    3    1    3    5    3    1       951   -6    6   -2   23   14    7  -10    0    6   -7   -5   -2   10  -10   12   -1   13   -4
    1    8    4    1    3    1    3    1       946   -5   11    3   16   10    5   -9   -2    4   -6   -6   -4    9  -13   14   -8   11   -2
    1    8    5    1    2    1    2    1      2525   -4    5    9    0    8    8   -7   -8    6   12    0   12   -4   12  -11   10    7    2
    1    8    6    1    2    2    2    1      1514   -2    9   19    1    7    6  -10  -12   10   11    3   16  -13   18   -5   -1    9   -1
    1    8    7    1    1    1    3    0      2063   11   -9  -21    5   10   -4    7  -15  -11   -7    2   13  -15    1  -10    2    8   -9
    1    8    8    1    3    2    3    1       590   -3   11    2   17    7    7  -13    2    0   -5   -5   -4    6  -12   15   -7    9   -1
    1    8    9    1    2    4    2    1      1080   -3   14    9    0   10    9   -8   -7    3   11    1    8   -5   13   -3    0    6   -7
    1    8   10    1    2    3    2    1      2910   -3    7   11   -3   12    4   -2  -11    1   21    2   10   -4   12   -5    5    7    0
    1    8   11    1    1    5    3    0      1771    9   -8  -13   -1   10   -2    9  -13  -11   -5    2   17  -17    0  -10    0    7   -7
    1    8   12    1    3    3    3    1      1110   -3   12    3   14   10    6  -12    3    4   -6   -5    1    7  -14   16   -6    7   -1
    1    8   13    1    2    5    1    0      3115   -2    6    9    6    7    8   -6   -8    5   11   -1   11   -4   15   -5    3   10   -2
    1    8   14    1    3    4    2    0      1856   -2   11    1   14   10    7  -15    1    8   -2  -11   -3    9  -14   15   -8    6    1
    1    8   15    1    1    3    1    1      1719    9  -11  -20   -9   10   -3    3  -23  -10  -10    3   15  -25   -8  -12    2    8   -6
    1    9    1    1    2    2    2    1      3412   -2    9   19    1    7    6  -10  -12   10   11    3   16  -13   18   -5   -1    9   -1
    1    9    2    1    2    4    2    1      1389   -3   14    9    0   10    9   -8   -7    3   11    1    8   -5   13   -3    0    6   -7
    1    9    3    1    1    3    1    1      2503    9  -11  -20   -9   10   -3    3  -23  -10  -10    3   15  -25   -8  -12    2    8   -6
    1    9    4    1    2    1    2    1      3076   -4    5    9    0    8    8   -7   -8    6   12    0   12   -4   12  -11   10    7    2
    1    9    5    1    2    3    3    0      1691   -3    7   11   -3   12    4   -2  -11    1   21    2   10   -4   12   -5    5    7    0
    1    9    6    1    2    5    2    1      1145   -2    6    9    6    7    8   -6   -8    5   11   -1   11   -4   15   -5    3   10   -2
    1    9    7    1    1    1    2    0      3693   11   -9  -21    5   10   -4    7  -15  -11   -7    2   13  -15    1  -10    2    8   -9
    1    9    8    1    3    3    3    1      1067   -3   12    3   14   10    6  -12    3    4   -6   -5    1    7  -14   16   -6    7   -1
    1    9    9    1    1    4    3    0      1362   18   -2  -23    7   15   -1    8  -13   -1  -12    2   16  -20    2  -11    2   13  -17
    1    9   10    1    3    4    3    1      1645   -2   11    1   14   10    7  -15    1    8   -2  -11   -3    9  -14   15   -8    6    1
    1    9   11    1    3    2    3    1       669   -3   11    2   17    7    7  -13    2    0   -5   -5   -4    6  -12   15   -7    9   -1
    1    9   12    1    1    2    1    1      2084   10   -8  -13   -1    2   -5    8  -11  -10  -11    4   13  -14    1  -11    2    7   -6
    1    9   13    1    3    1    3    1      1041   -5   11    3   16   10    5   -9   -2    4   -6   -6   -4    9  -13   14   -8   11   -2
    1    9   14    1    3    5    3    1       874   -6    6   -2   23   14    7  -10    0    6   -7   -5   -2   10  -10   12   -1   13   -4
    1    9   15    1    1    5    1    1       968    9   -8  -13   -1   10   -2    9  -13  -11   -5    2   17  -17    0  -10    0    7   -7
    1   10    1    1    1    3    2    0       931    9  -11  -20   -9   10   -3    3  -23  -10  -10    3   15  -25   -8  -12    2    8   -6
    1   10    2    1    1    5    1    1      1071    9   -8  -13   -1   10   -2    9  -13  -11   -5    2   17  -17    0  -10    0    7   -7
    1   10    3    1    1    4    1    1      1942   18   -2  -23    7   15   -1    8  -13   -1  -12    2   16  -20    2  -11    2   13  -17
    1   10    4    1    2    4    2    1      1114   -3   14    9    0   10    9   -8   -7    3   11    1    8   -5   13   -3    0    6   -7
    1   10    5    1    3    3    3    1      1086   -3   12    3   14   10    6  -12    3    4   -6   -5    1    7  -14   16   -6    7   -1
    1   10    6    1    2    5    2    1      2996   -2    6    9    6    7    8   -6   -8    5   11   -1   11   -4   15   -5    3   10   -2
    1   10    7    1    2    3    2    1       990   -3    7   11   -3   12    4   -2  -11    1   21    2   10   -4   12   -5    5    7    0
    1   10    8    1    2    2    1    0      4520   -2    9   19    1    7    6  -10  -12   10   11    3   16  -13   18   -5   -1    9   -1
    1   10    9    1    1    2    2    0       772   10   -8  -13   -1    2   -5    8  -11  -10  -11    4   13  -14    1  -11    2    7   -6
    1   10   10    1    1    1    2    0       759   11   -9  -21    5   10   -4    7  -15  -11   -7    2   13  -15    1  -10    2    8   -9
    1   10   11    1    3    2    3    1       666   -3   11    2   17    7    7  -13    2    0   -5   -5   -4    6  -12   15   -7    9   -1
    1   10   12    1    3    5    3    1       801   -6    6   -2   23   14    7  -10    0    6   -7   -5   -2   10  -10   12   -1   13   -4
    1   10   13    1    2    1    1    0      1554   -4    5    9    0    8    8   -7   -8    6   12    0   12   -4   12  -11   10    7    2
    1   10   14    1    3    1    3    1       662   -5   11    3   16   10    5   -9   -2    4   -6   -6   -4    9  -13   14   -8   11   -2
    1   10   15    1    3    4    3    1       925   -2   11    1   14   10    7  -15    1    8   -2  -11   -3    9  -14   15   -8    6    1
    1   11    1    1    1    1    2    0      1242   11   -9  -21    5   10   -4    7  -15  -11   -7    2   13  -15    1  -10    2    8   -9
    1   11    2    1    1    4    1    1      1546   18   -2  -23    7   15   -1    8  -13   -1  -12    2   16  -20    2  -11    2   13  -17
    1   11    3    1    1    5    1    1      1310    9   -8  -13   -1   10   -2    9  -13  -11   -5    2   17  -17    0  -10    0    7   -7
    1   11    4    1    3    5    3    1       843   -6    6   -2   23   14    7  -10    0    6   -7   -5   -2   10  -10   12   -1   13   -4
    1   11    5    1    2    1    1    0      1051   -4    5    9    0    8    8   -7   -8    6   12    0   12   -4   12  -11   10    7    2
    1   11    6    1    2    3    2    1       706   -3    7   11   -3   12    4   -2  -11    1   21    2   10   -4   12   -5    5    7    0
    1   11    7    1    1    3    2    0      1015    9  -11  -20   -9   10   -3    3  -23  -10  -10    3   15  -25   -8  -12    2    8   -6
    1   11    8    1    3    4    3    1       816   -2   11    1   14   10    7  -15    1    8   -2  -11   -3    9  -14   15   -8    6    1
    1   11    9    1    2    2    1    0      1265   -2    9   19    1    7    6  -10  -12   10   11    3   16  -13   18   -5   -1    9   -1
    1   11   10    1    1    2    1    1      1664   10   -8  -13   -1    2   -5    8  -11  -10  -11    4   13  -14    1  -11    2    7   -6
    1   11   11    1    3    3    3    1      1822   -3   12    3   14   10    6  -12    3    4   -6   -5    1    7  -14   16   -6    7   -1
    1   11   12    1    3    2    3    1       647   -3   11    2   17    7    7  -13    2    0   -5   -5   -4    6  -12   15   -7    9   -1
    1   11   13    1    2    5    2    1      2270   -2    6    9    6    7    8   -6   -8    5   11   -1   11   -4   15   -5    3   10   -2
    1   11   14    1    2    4    2    1      1941   -3   14    9    0   10    9   -8   -7    3   11    1    8   -5   13   -3    0    6   -7
    1   11   15    1    3    1    3    1      1385   -5   11    3   16   10    5   -9   -2    4   -6   -6   -4    9  -13   14   -8   11   -2
    1   12    1    1    1    1    2    0      1715   11   -9  -21    5   10   -4    7  -15  -11   -7    2   13  -15    1  -10    2    8   -9
    1   12    2    1    3    1    3    1       639   -5   11    3   16   10    5   -9   -2    4   -6   -6   -4    9  -13   14   -8   11   -2
    1   12    3    1    2    2    1    0      2103   -2    9   19    1    7    6  -10  -12   10   11    3   16  -13   18   -5   -1    9   -1
    1   12    4    1    2    3    2    1      1365   -3    7   11   -3   12    4   -2  -11    1   21    2   10   -4   12   -5    5    7    0
    1   12    5    1    3    3    3    1       655   -3   12    3   14   10    6  -12    3    4   -6   -5    1    7  -14   16   -6    7   -1
    1   12    6    1    1    4    2    0      3719   18   -2  -23    7   15   -1    8  -13   -1  -12    2   16  -20    2  -11    2   13  -17
    1   12    7    1    2    4    2    1      1395   -3   14    9    0   10    9   -8   -7    3   11    1    8   -5   13   -3    0    6   -7
    1   12    8    1    3    5    3    1       877   -6    6   -2   23   14    7  -10    0    6   -7   -5   -2   10  -10   12   -1   13   -4
    1   12    9    1    3    2    3    1       588   -3   11    2   17    7    7  -13    2    0   -5   -5   -4    6  -12   15   -7    9   -1
    1   12   10    1    3    4    3    1       774   -2   11    1   14   10    7  -15    1    8   -2  -11   -3    9  -14   15   -8    6    1
    1   12   11    1    1    2    1    1      2761   10   -8  -13   -1    2   -5    8  -11  -10  -11    4   13  -14    1  -11    2    7   -6
    1   12   12    1    1    5    1    1      1564    9   -8  -13   -1   10   -2    9  -13  -11   -5    2   17  -17    0  -10    0    7   -7
    1   12   13    1    2    1    1    0      1327   -4    5    9    0    8    8   -7   -8    6   12    0   12   -4   12  -11   10    7    2
    1   12   14    1    1    3    2    0      2315    9  -11  -20   -9   10   -3    3  -23  -10  -10    3   15  -25   -8  -12    2    8   -6
    1   12   15    1    2    5    2    1      1360   -2    6    9    6    7    8   -6   -8    5   11   -1   11   -4   15   -5    3   10   -2
    1   13    1    1    2    2    1    0      1883   -2    9   19    1    7    6  -10  -12   10   11    3   16  -13   18   -5   -1    9   -1
    1   13    2    1    2    3    2    1      1265   -3    7   11   -3   12    4   -2  -11    1   21    2   10   -4   12   -5    5    7    0
    1   13    3    1    3    2    3    1       640   -3   11    2   17    7    7  -13    2    0   -5   -5   -4    6  -12   15   -7    9   -1
    1   13    4    1    1    2    2    0      1080   10   -8  -13   -1    2   -5    8  -11  -10  -11    4   13  -14    1  -11    2    7   -6
    1   13    5    1    2    4    2    1      1694   -3   14    9    0   10    9   -8   -7    3   11    1    8   -5   13   -3    0    6   -7
    1   13    6    1    3    1    3    1       844   -5   11    3   16   10    5   -9   -2    4   -6   -6   -4    9  -13   14   -8   11   -2
    1   13    7    1    2    1    1    0      1164   -4    5    9    0    8    8   -7   -8    6   12    0   12   -4   12  -11   10    7    2
    1   13    8    1    3    5    3    1       510   -6    6   -2   23   14    7  -10    0    6   -7   -5   -2   10  -10   12   -1   13   -4
    1   13    9    1    3    4    3    1       892   -2   11    1   14   10    7  -15    1    8   -2  -11   -3    9  -14   15   -8    6    1
    1   13   10    1    1    5    2    0      1114    9   -8  -13   -1   10   -2    9  -13  -11   -5    2   17  -17    0  -10    0    7   -7
    1   13   11    1    1    1    1    1      1023   11   -9  -21    5   10   -4    7  -15  -11   -7    2   13  -15    1  -10    2    8   -9
    1   13   12    1    3    3    3    1       823   -3   12    3   14   10    6  -12    3    4   -6   -5    1    7  -14   16   -6    7   -1
    1   13   13    1    1    4    3    0      2840   18   -2  -23    7   15   -1    8  -13   -1  -12    2   16  -20    2  -11    2   13  -17
    1   13   14    1    1    3    2    0      1672    9  -11  -20   -9   10   -3    3  -23  -10  -10    3   15  -25   -8  -12    2    8   -6
    1   13   15    1    2    5    1    0      1718   -2    6    9    6    7    8   -6   -8    5   11   -1   11   -4   15   -5    3   10   -2
    1   14    1    1    3    4    3    1       803   -2   11    1   14   10    7  -15    1    8   -2  -11   -3    9  -14   15   -8    6    1
    1   14    2    1    2    2    2    1      1636   -2    9   19    1    7    6  -10  -12   10   11    3   16  -13   18   -5   -1    9   -1
    1   14    3    1    2    4    2    1      1316   -3   14    9    0   10    9   -8   -7    3   11    1    8   -5   13   -3    0    6   -7
    1   14    4    1    3    5    3    1      1249   -6    6   -2   23   14    7  -10    0    6   -7   -5   -2   10  -10   12   -1   13   -4
    1   14    5    1    3    3    3    1       640   -3   12    3   14   10    6  -12    3    4   -6   -5    1    7  -14   16   -6    7   -1
    1   14    6    1    3    1    3    1       856   -5   11    3   16   10    5   -9   -2    4   -6   -6   -4    9  -13   14   -8   11   -2
    1   14    7    1    2    1    1    0      1464   -4    5    9    0    8    8   -7   -8    6   12    0   12   -4   12  -11   10    7    2
    1   14    8    1    1    4    3    0      1294   18   -2  -23    7   15   -1    8  -13   -1  -12    2   16  -20    2  -11    2   13  -17
    1   14    9    1    3    2    3    1       620   -3   11    2   17    7    7  -13    2    0   -5   -5   -4    6  -12   15   -7    9   -1
    1   14   10    1    2    3    2    1      1173   -3    7   11   -3   12    4   -2  -11    1   21    2   10   -4   12   -5    5    7    0
    1   14   11    1    1    2    2    0      1448   10   -8  -13   -1    2   -5    8  -11  -10  -11    4   13  -14    1  -11    2    7   -6
    1   14   12    1    1    3    1    1       863    9  -11  -20   -9   10   -3    3  -23  -10  -10    3   15  -25   -8  -12    2    8   -6
    1   14   13    1    2    5    2    1      1869   -2    6    9    6    7    8   -6   -8    5   11   -1   11   -4   15   -5    3   10   -2
    1   14   14    1    1    1    2    0      3028   11   -9  -21    5   10   -4    7  -15  -11   -7    2   13  -15    1  -10    2    8   -9
    1   14   15    1    1    5    1    1      1037    9   -8  -13   -1   10   -2    9  -13  -11   -5    2   17  -17    0  -10    0    7   -7
    1   15    1    1    3    4    3    1      1215   -2   11    1   14   10    7  -15    1    8   -2  -11   -3    9  -14   15   -8    6    1
    1   15    2    1    2    4    2    1      1541   -3   14    9    0   10    9   -8   -7    3   11    1    8   -5   13   -3    0    6   -7
    1   15    3    1    1    4    1    1      2249   18   -2  -23    7   15   -1    8  -13   -1  -12    2   16  -20    2  -11    2   13  -17
    1   15    4    1    2    2    2    1      1617   -2    9   19    1    7    6  -10  -12   10   11    3   16  -13   18   -5   -1    9   -1
    1   15    5    1    3    2    3    1       801   -3   11    2   17    7    7  -13    2    0   -5   -5   -4    6  -12   15   -7    9   -1
    1   15    6    1    1    5    1    1      2691    9   -8  -13   -1   10   -2    9  -13  -11   -5    2   17  -17    0  -10    0    7   -7
    1   15    7    1    3    3    3    1      1049   -3   12    3   14   10    6  -12    3    4   -6   -5    1    7  -14   16   -6    7   -1
    1   15    8    1    2    1    2    1      1184   -4    5    9    0    8    8   -7   -8    6   12    0   12   -4   12  -11   10    7    2
    1   15    9    1    2    5    2    1       706   -2    6    9    6    7    8   -6   -8    5   11   -1   11   -4   15   -5    3   10   -2
    1   15   10    1    1    1    1    1      1479   11   -9  -21    5   10   -4    7  -15  -11   -7    2   13  -15    1  -10    2    8   -9
    1   15   11    1    3    5    3    1      1229   -6    6   -2   23   14    7  -10    0    6   -7   -5   -2   10  -10   12   -1   13   -4
    1   15   12    1    1    3    1    1      1342    9  -11  -20   -9   10   -3    3  -23  -10  -10    3   15  -25   -8  -12    2    8   -6
    1   15   13    1    1    2    1    1       890   10   -8  -13   -1    2   -5    8  -11  -10  -11    4   13  -14    1  -11    2    7   -6
    1   15   14    1    2    3    2    1      4328   -3    7   11   -3   12    4   -2  -11    1   21    2   10   -4   12   -5    5    7    0
    1   15   15    1    3    1    3    1      1277   -5   11    3   16   10    5   -9   -2    4   -6   -6   -4    9  -13   14   -8   11   -2
    2    1    1    4    1    1    1    0      3760   11   -9  -15   -1    8   -1    9  -12  -14  -14    3   15  -17    0  -10    2    5   -7
    2    1    2    4    2    5    2    1      2299    3   10   10   -2   14   10   -8   -8    6   15    0    9   -5   14   -7    1    6    0
    2    1    3    4    2    4    2    1      2000    3    7   10   -4   11    6   -9   -7    5   13   -2   12   -1    5   -5    9    9   -2
    2    1    4    1    1    1    1    1       898   11   -9  -21    5   10   -4    7  -15  -11   -7    2   13  -15    1  -10    2    8   -9
    2    1    5    6    0    0    2    1      1247   -7  -17   10   -1    5   -5   14    9   13    6    8  -13   -2   12    1   -5    1    0
    2    1    6    4    3    2    1    0      1790   -3   11    3   19   10    8  -10    1    6   -7   -5   -3    7  -13   15   -8    9    0
    2    1    7    2    2    0    2    1      3688    0    6    9   -2    9    8   -7   -9    5   12    0   10   -4   13   -4    1    8    0
    2    1    8    2    3    0    1    0       966   -4   11    3   15    9    7  -12    2    5   -6   -6   -2    8  -14   16   -8    8    0
    2    1    9    1    3    4    1    1       801   -2   11    1   14   10    7  -15    1    8   -2  -11   -3    9  -14   15   -8    6    1
    2    1   10    6    0    0    2    1       738    8   -4   -1  -13    8    6  -18   -6   11    7   -7    9    2   13   -1   23   16  -12
    2    1   11    4    2    3    2    1      3190   -1    6    8   -2   15   13   -8  -11    3   12    1    9   -4    6   -4    0    7    0
    2    1   12    4    3    1    1    0       808   -5   10    4   14    8    6  -15    6    4  -10   -5    1   10  -16   20   -1    8    1
    2    1   13    4    2    2    2    1      3178    5    2    6   -7   10    8   -7  -11    7   13   -2    9    0   14   -4    3   12    5
    2    1   14    1    1    5    1    1      1244    9   -8  -13   -1   10   -2    9  -13  -11   -5    2   17  -17    0  -10    0    7   -7
    2    1   15    6    0    0    2    1       956  -14   -8   13    9  -12   -6  -11    7    2   -1   -3    1   13   -6    5    3   18    7
    2    1   16    4    3    3    1    0       744   -3   11    5   14   10    7  -12    4    8   -1   -7   -1    7  -14   15   -9    7    5
    2    1   17    4    1    3    2    1      2700    9   -9  -19    8    5   -2   19  -20   -4  -12    3   13  -15   -5   -9    1    6   -6
    2    1   18    1    3    3    1    1       657   -3   12    3   14   10    6  -12    3    4   -6   -5    1    7  -14   16   -6    7   -1
    2    1   19    1    2    2    1    1      1896   -2    9   19    1    7    6  -10  -12   10   11    3   16  -13   18   -5   -1    9   -1
    2    1   20    1    3    2    1    1       718   -3   11    2   17    7    7  -13    2    0   -5   -5   -4    6  -12   15   -7    9   -1
    2    1   21    1    3    5    1    1       994   -6    6   -2   23   14    7  -10    0    6   -7   -5   -2   10  -10   12   -1   13   -4
    2    1   22    6    0    0    2    1      1084  -12   -9   12    9  -12   -6   -3    8    3    3   -3    1   16   -1    6    6   13    3
    2    1   23    1    2    3    1    1      2370   -3    7   11   -3   12    4   -2  -11    1   21    2   10   -4   12   -5    5    7    0
    2    1   24    1    2    1    1    1      1893   -4    5    9    0    8    8   -7   -8    6   12    0   12   -4   12  -11   10    7    2
    2    1   25    4    3    5    1    0       763    3    6    5   16   12   11  -11    0    3   -7   -8   -4    9  -13   20   -5   10   -3
    2    1   26    1    2    4    1    1      1629   -3   14    9    0   10    9   -8   -7    3   11    1    8   -5   13   -3    0    6   -7
    2    1   27    4    1    5    2    1      1022    7  -18  -18   -2   10   -4    7  -15  -11   -5    1   15  -16    1   -9    3   10   -7
    2    1   28    6    0    0    2    1       918   -2   -9   13   -4   -5   -8   21    8   10    5    6  -12    0   10    4   -1    0    0
    2    1   29    6    0    0    2    1       867   11   -4   -1  -10    9    8  -13   -3   15    5   -5   12    2   12    6   18    6  -11
    2    1   30    1    1    2    1    1      1474   10   -8  -13   -1    2   -5    8  -11  -10  -11    4   13  -14    1  -11    2    7   -6
    2    1   31    4    1    2    2    1      1768    9   -9  -10   -6   10   -5    4  -10  -20   -5    2   13  -20    4  -10    3    8  -13
    2    1   32    4    2    1    2    1      3059   -3    9   12   -6    8    9  -11  -17    7   13    1   10   -5   13   -4   -1    6    2
    2    1   33    4    1    4    2    1      2922   10  -10  -12   -2   12   -6    8  -14   -7   -1    6    5  -14    0   -9    2    6   -8
    2    1   34    1    1    3    1    1      2183    9  -11  -20   -9   10   -3    3  -23  -10  -10    3   15  -25   -8  -12    2    8   -6
    2    1   35    2    1    0    1    0      1153   10   -9  -13   -2    9   -3    9  -14  -11   -6    2   15  -15    0  -10    1    8   -8
    2    1   36    4    3    4    1    0      1220   -8    8    2   14    8    9  -13    1    6   -7    3   -2   10  -16   16   -7    8    2
    2    1   37    1    1    4    1    1      1045   18   -2  -23    7   15   -1    8  -13   -1  -12    2   16  -20    2  -11    2   13  -17
    2    1   38    1    3    1    1    1       685   -5   11    3   16   10    5   -9   -2    4   -6   -6   -4    9  -13   14   -8   11   -2
    2    1   39    1    2    5    1    1      1523   -2    6    9    6    7    8   -6   -8    5   11   -1   11   -4   15   -5    3   10   -2
