    1    1    1    1    3    1    1    0      7978    2    8   -9    0   -4    9    1    6    9   14    6    8  -11   -6    1  -12   14   -2
    1    1    2    1    2    5    2    1      4512  -13   -5    8   15    2   -7   12   -3    7   -9   11   10    9   12    1    4   14   -9
    1    1    3    1    2    4    3    0      1420  -13    1    2   13    8   -3   18  -10   -5  -19   10   10    8   11    0    6   12  -11
    1    1    4    1    3    4    3    1      3716    0    8  -13    0   -6   10    0    5    8   16    7   10  -13   -6    1  -11   14   -2
    1    1    5    1    1    3    2    0      1393   -6  -10   10   -1   16    1   -8   13    2    2   10    3   12  -14   -3   -5   -6    4
    1    1    6    1    2    1    1    0      1450  -12   -7    0   16    8   -5   15   -6    6   -9    8    9    7   13    1    4   12   -1
    1    1    7    1    1    2    3    0      2193   -1  -11   10   -3   15   -2  -12   17    1    1   11    4   11  -15   -1   -3   -3    2
    1    1    8    1    3    3    2    0      3162    2    8  -10    3   -8   13   12    3   18   17    7   11  -11   -9    3  -11   10    0
    1    1    9    1    1    5    3    0      4301   -6  -14   11    1   15   -2  -11   13    0   -1   11    4   15  -19   -5   -2   -3    2
    1    1   10    1    3    5    1    0      1666    0    8  -11    2   -5   11    1    5   10   17    7    8  -14   -6    1  -11   14   -1
    1    1   11    1    1    4    2    0      1521   -4   -7    9   -2   14   -2   -8   14   -1    0   12    4   13  -14   -3   -3   -4    1
    1    1   12    1    3    2    3    1      1541    3   11  -16    1   -4   10    4    3    8   14    8    8   -2   -6    4  -12   11   -1
    1    1   13    1    2    2    1    0       857  -10   -6    0   14    1    0   13   -3    6   -8    7    4    9   12   -2    5    7  -14
    1    1   14    1    2    3    2    1      5736  -18    1    3   12    8   -2   12   -5    7   -9    7    7    9   14    1   -1   10  -16
    1    1   15    1    1    1    1    1       820   -2  -11   10   -3   18    0  -10   14    2   -2   14   10    2  -13   -5   -4   -2    0
    1    2    1    1    2    5    3    0       693  -13   -5    8   15    2   -7   12   -3    7   -9   11   10    9   12    1    4   14   -9
    1    2    2    1    1    3    1    1       618   -6  -10   10   -1   16    1   -8   13    2    2   10    3   12  -14   -3   -5   -6    4
    1    2    3    1    2    3    2    1       611  -18    1    3   12    8   -2   12   -5    7   -9    7    7    9   14    1   -1   10  -16
    1    2    4    1    3    4    3    1       587    0    8  -13    0   -6   10    0    5    8   16    7   10  -13   -6    1  -11   14   -2
    1    2    5    1    2    1    1    0       533  -12   -7    0   16    8   -5   15   -6    6   -9    8    9    7   13    1    4   12   -1
    1    2    6    1    1    4    2    0       753   -4   -7    9   -2   14   -2   -8   14   -1    0   12    4   13  -14   -3   -3   -4    1
    1    2    7    1    3    1    3    1       788    2    8   -9    0   -4    9    1    6    9   14    6    8  -11   -6    1  -12   14   -2
    1    2    8    1    1    2    2    0       838   -1  -11   10   -3   15   -2  -12   17    1    1   11    4   11  -15   -1   -3   -3    2
    1    2    9    1    2    2    1    0      1894  -10   -6    0   14    1    0   13   -3    6   -8    7    4    9   12   -2    5    7  -14
    1    2   10    1    1    1    1    1      1420   -2  -11   10   -3   18    0  -10   14    2   -2   14   10    2  -13   -5   -4   -2    0
    1    2   11    1    1    5    2    0      1108   -6  -14   11    1   15   -2  -11   13    0   -1   11    4   15  -19   -5   -2   -3    2
    1    2   12    1    3    3    3    1       873    2    8  -10    3   -8   13   12    3   18   17    7   11  -11   -9    3  -11   10    0
    1    2   13    1    2    4    2    1      1336  -13    1    2   13    8   -3   18  -10   -5  -19   10   10    8   11    0    6   12  -11
    1    2   14    1    3    2    2    0      1652    3   11  -16    1   -4   10    4    3    8   14    8    8   -2   -6    4  -12   11   -1
    1    2   15    1    3    5    1    0       755    0    8  -11    2   -5   11    1    5   10   17    7    8  -14   -6    1  -11   14   -1
    1    3    1    1    2    5    3    0       822  -13   -5    8   15    2   -7   12   -3    7   -9   11   10    9   12    1    4   14   -9
    1    3    2    1    2    2    2    1      2215  -10   -6    0   14    1    0   13   -3    6   -8    7    4    9   12   -2    5    7  -14
    1    3    3    1    3    3    3    1       768    2    8  -10    3   -8   13   12    3   18   17    7   11  -11   -9    3  -11   10    0
    1    3    4    1    3    5    2    0       770    0    8  -11    2   -5   11    1    5   10   17    7    8  -14   -6    1  -11   14   -1
    1    3    5    1    2    4    1    0       597  -13    1    2   13    8   -3   18  -10   -5  -19   10   10    8   11    0    6   12  -11
    1    3    6    1    1    2    1    1       798   -1  -11   10   -3   15   -2  -12   17    1    1   11    4   11  -15   -1   -3   -3    2
    1    3    7    1    2    1    3    0       639  -12   -7    0   16    8   -5   15   -6    6   -9    8    9    7   13    1    4   12   -1
    1    3    8    1    1    5    2    0       631   -6  -14   11    1   15   -2  -11   13    0   -1   11    4   15  -19   -5   -2   -3    2
    1    3    9    1    3    2    1    0       959    3   11  -16    1   -4   10    4    3    8   14    8    8   -2   -6    4  -12   11   -1
    1    3   10    1    1    1    2    0       874   -2  -11   10   -3   18    0  -10   14    2   -2   14   10    2  -13   -5   -4   -2    0
    1    3   11    1    3    1    1    0       793    2    8   -9    0   -4    9    1    6    9   14    6    8  -11   -6    1  -12   14   -2
    1    3   12    1    1    3    1    1       890   -6  -10   10   -1   16    1   -8   13    2    2   10    3   12  -14   -3   -5   -6    4
    1    3   13    1    3    4    1    0       712    0    8  -13    0   -6   10    0    5    8   16    7   10  -13   -6    1  -11   14   -2
    1    3   14    1    2    3    2    1       828  -18    1    3   12    8   -2   12   -5    7   -9    7    7    9   14    1   -1   10  -16
    1    3   15    1    1    4    3    0      1180   -4   -7    9   -2   14   -2   -8   14   -1    0   12    4   13  -14   -3   -3   -4    1
    1    4    1    1    3    5    2    0       734    0    8  -11    2   -5   11    1    5   10   17    7    8  -14   -6    1  -11   14   -1
    1    4    2    1    2    1    1    0       610  -12   -7    0   16    8   -5   15   -6    6   -9    8    9    7   13    1    4   12   -1
    1    4    3    1    1    2    2    0       667   -1  -11   10   -3   15   -2  -12   17    1    1   11    4   11  -15   -1   -3   -3    2
    1    4    4    1    2    4    3    0       689  -13    1    2   13    8   -3   18  -10   -5  -19   10   10    8   11    0    6   12  -11
    1    4    5    1    1    3    2    0      1687   -6  -10   10   -1   16    1   -8   13    2    2   10    3   12  -14   -3   -5   -6    4
    1    4    6    1    3    3    1    0      1013    2    8  -10    3   -8   13   12    3   18   17    7   11  -11   -9    3  -11   10    0
    1    4    7    1    2    2    2    1       926  -10   -6    0   14    1    0   13   -3    6   -8    7    4    9   12   -2    5    7  -14
    1    4    8    1    2    5    3    0       826  -13   -5    8   15    2   -7   12   -3    7   -9   11   10    9   12    1    4   14   -9
    1    4    9    1    3    1    2    0      7145    2    8   -9    0   -4    9    1    6    9   14    6    8  -11   -6    1  -12   14   -2
    1    4   10    1    3    4    1    0       797    0    8  -13    0   -6   10    0    5    8   16    7   10  -13   -6    1  -11   14   -2
    1    4   11    1    1    1    2    0       798   -2  -11   10   -3   18    0  -10   14    2   -2   14   10    2  -13   -5   -4   -2    0
    1    4   12    1    3    2    1    0       623    3   11  -16    1   -4   10    4    3    8   14    8    8   -2   -6    4  -12   11   -1
    1    4   13    1    2    3    3    0       792  -18    1    3   12    8   -2   12   -5    7   -9    7    7    9   14    1   -1   10  -16
    1    4   14    1    1    4    1    1       906   -4   -7    9   -2   14   -2   -8   14   -1    0   12    4   13  -14   -3   -3   -4    1
    1    4   15    1    1    5    1    1       615   -6  -14   11    1   15   -2  -11   13    0   -1   11    4   15  -19   -5   -2   -3    2
    1    5    1    1    2    4    2    1       880  -13    1    2   13    8   -3   18  -10   -5  -19   10   10    8   11    0    6   12  -11
    1    5    2    1    1    3    1    1       862   -6  -10   10   -1   16    1   -8   13    2    2   10    3   12  -14   -3   -5   -6    4
    1    5    3    1    3    2    3    1       924    3   11  -16    1   -4   10    4    3    8   14    8    8   -2   -6    4  -12   11   -1
    1    5    4    1    3    4    3    1      1049    0    8  -13    0   -6   10    0    5    8   16    7   10  -13   -6    1  -11   14   -2
    1    5    5    1    3    1    3    1       496    2    8   -9    0   -4    9    1    6    9   14    6    8  -11   -6    1  -12   14   -2
    1    5    6    1    2    3    2    1       973  -18    1    3   12    8   -2   12   -5    7   -9    7    7    9   14    1   -1   10  -16
    1    5    7    1    1    4    1    1       760   -4   -7    9   -2   14   -2   -8   14   -1    0   12    4   13  -14   -3   -3   -4    1
    1    5    8    1    2    1    1    0       651  -12   -7    0   16    8   -5   15   -6    6   -9    8    9    7   13    1    4   12   -1
    1    5    9    1    2    2    2    1      1058  -10   -6    0   14    1    0   13   -3    6   -8    7    4    9   12   -2    5    7  -14
    1    5   10    1    3    3    3    1       745    2    8  -10    3   -8   13   12    3   18   17    7   11  -11   -9    3  -11   10    0
    1    5   11    1    1    1    3    0       844   -2  -11   10   -3   18    0  -10   14    2   -2   14   10    2  -13   -5   -4   -2    0
    1    5   12    1    2    5    2    1       571  -13   -5    8   15    2   -7   12   -3    7   -9   11   10    9   12    1    4   14   -9
    1    5   13    1    3    5    2    0       518    0    8  -11    2   -5   11    1    5   10   17    7    8  -14   -6    1  -11   14   -1
    1    5   14    1    1    5    1    1       579   -6  -14   11    1   15   -2  -11   13    0   -1   11    4   15  -19   -5   -2   -3    2
    1    5   15    1    1    2    2    0       669   -1  -11   10   -3   15   -2  -12   17    1    1   11    4   11  -15   -1   -3   -3    2
    1    6    1    1    2    1    2    1      3059  -12   -7    0   16    8   -5   15   -6    6   -9    8    9    7   13    1    4   12   -1
    1    6    2    1    1    1    2    0       794   -2  -11   10   -3   18    0  -10   14    2   -2   14   10    2  -13   -5   -4   -2    0
    1    6    3    1    3    3    3    1      4363    2    8  -10    3   -8   13   12    3   18   17    7   11  -11   -9    3  -11   10    0
    1    6    4    1    1    2    1    1       734   -1  -11   10   -3   15   -2  -12   17    1    1   11    4   11  -15   -1   -3   -3    2
    1    6    5    1    3    4    1    0       577    0    8  -13    0   -6   10    0    5    8   16    7   10  -13   -6    1  -11   14   -2
    1    6    6    1    3    1    3    1       684    2    8   -9    0   -4    9    1    6    9   14    6    8  -11   -6    1  -12   14   -2
    1    6    7    1    2    3    2    1       802  -18    1    3   12    8   -2   12   -5    7   -9    7    7    9   14    1   -1   10  -16
    1    6    8    1    1    4    1    1      1459   -4   -7    9   -2   14   -2   -8   14   -1    0   12    4   13  -14   -3   -3   -4    1
    1    6    9    1    3    2    1    0      1898    3   11  -16    1   -4   10    4    3    8   14    8    8   -2   -6    4  -12   11   -1
    1    6   10    1    2    4    2    1       719  -13    1    2   13    8   -3   18  -10   -5  -19   10   10    8   11    0    6   12  -11
    1    6   11    1    2    5    3    0       804  -13   -5    8   15    2   -7   12   -3    7   -9   11   10    9   12    1    4   14   -9
    1    6   12    1    2    2    1    0       549  -10   -6    0   14    1    0   13   -3    6   -8    7    4    9   12   -2    5    7  -14
    1    6   13    1    3    5    1    0      1008    0    8  -11    2   -5   11    1    5   10   17    7    8  -14   -6    1  -11   14   -1
    1    6   14    1    1    5    2    0       714   -6  -14   11    1   15   -2  -11   13    0   -1   11    4   15  -19   -5   -2   -3    2
    1    6   15    1    1    3    1    1       734   -6  -10   10   -1   16    1   -8   13    2    2   10    3   12  -14   -3   -5   -6    4
    1    7    1    1    2    5    2    1       690  -13   -5    8   15    2   -7   12   -3    7   -9   11   10    9   12    1    4   14   -9
    1    7    2    1    2    1    2    1       728  -12   -7    0   16    8   -5   15   -6    6   -9    8    9    7   13    1    4   12   -1
    1    7    3    1    2    2    1    0       763  -10   -6    0   14    1    0   13   -3    6   -8    7    4    9   12   -2    5    7  -14
    1    7    4    1    1    3    2    0       766   -6  -10   10   -1   16    1   -8   13    2    2   10    3   12  -14   -3   -5   -6    4
    1    7    5    1    3    4    3    1       673    0    8  -13    0   -6   10    0    5    8   16    7   10  -13   -6    1  -11   14   -2
    1    7    6    1    1    4    1    1       743   -4   -7    9   -2   14   -2   -8   14   -1    0   12    4   13  -14   -3   -3   -4    1
    1    7    7    1    3    5    3    1       827    0    8  -11    2   -5   11    1    5   10   17    7    8  -14   -6    1  -11   14   -1
    1    7    8    1    2    4    2    1       458  -13    1    2   13    8   -3   18  -10   -5  -19   10   10    8   11    0    6   12  -11
    1    7    9    1    1    5    1    1       618   -6  -14   11    1   15   -2  -11   13    0   -1   11    4   15  -19   -5   -2   -3    2
    1    7   10    1    3    2    3    1       642    3   11  -16    1   -4   10    4    3    8   14    8    8   -2   -6    4  -12   11   -1
    1    7   11    1    3    1    3    1       794    2    8   -9    0   -4    9    1    6    9   14    6    8  -11   -6    1  -12   14   -2
    1    7   12    1    2    3    1    0       507  -18    1    3   12    8   -2   12   -5    7   -9    7    7    9   14    1   -1   10  -16
    1    7   13    1    3    3    3    1       905    2    8  -10    3   -8   13   12    3   18   17    7   11  -11   -9    3  -11   10    0
    1    7   14    1    1    2    1    1       662   -1  -11   10   -3   15   -2  -12   17    1    1   11    4   11  -15   -1   -3   -3    2
    1    7   15    1    1    1    2    0       493   -2  -11   10   -3   18    0  -10   14    2   -2   14   10    2  -13   -5   -4   -2    0
    1    8    1    1    1    4    3    0       426   -4   -7    9   -2   14   -2   -8   14   -1    0   12    4   13  -14   -3   -3   -4    1
    1    8    2    1    3    1    1    0       474    2    8   -9    0   -4    9    1    6    9   14    6    8  -11   -6    1  -12   14   -2
    1    8    3    1    2    5    2    1       664  -13   -5    8   15    2   -7   12   -3    7   -9   11   10    9   12    1    4   14   -9
    1    8    4    1    1    3    3    0       783   -6  -10   10   -1   16    1   -8   13    2    2   10    3   12  -14   -3   -5   -6    4
    1    8    5    1    2    2    1    0       737  -10   -6    0   14    1    0   13   -3    6   -8    7    4    9   12   -2    5    7  -14
    1    8    6    1    3    4    3    1       693    0    8  -13    0   -6   10    0    5    8   16    7   10  -13   -6    1  -11   14   -2
    1    8    7    1    1    2    2    0       794   -1  -11   10   -3   15   -2  -12   17    1    1   11    4   11  -15   -1   -3   -3    2
    1    8    8    1    3    2    1    0       699    3   11  -16    1   -4   10    4    3    8   14    8    8   -2   -6    4  -12   11   -1
    1    8    9    1    3    5    3    1       561    0    8  -11    2   -5   11    1    5   10   17    7    8  -14   -6    1  -11   14   -1
    1    8   10    1    1    5    2    0       715   -6  -14   11    1   15   -2  -11   13    0   -1   11    4   15  -19   -5   -2   -3    2
    1    8   11    1    1    1    2    0       896   -2  -11   10   -3   18    0  -10   14    2   -2   14   10    2  -13   -5   -4   -2    0
    1    8   12    1    2    4    1    0       605  -13    1    2   13    8   -3   18  -10   -5  -19   10   10    8   11    0    6   12  -11
    1    8   13    1    2    3    3    0       790  -18    1    3   12    8   -2   12   -5    7   -9    7    7    9   14    1   -1   10  -16
    1    8   14    1    2    1    3    0       936  -12   -7    0   16    8   -5   15   -6    6   -9    8    9    7   13    1    4   12   -1
    1    8   15    1    3    3    2    0       596    2    8  -10    3   -8   13   12    3   18   17    7   11  -11   -9    3  -11   10    0
    1    9    1    1    3    4    3    1       526    0    8  -13    0   -6   10    0    5    8   16    7   10  -13   -6    1  -11   14   -2
    1    9    2    1    3    1    3    1       826    2    8   -9    0   -4    9    1    6    9   14    6    8  -11   -6    1  -12   14   -2
    1    9    3    1    3    2    3    1       649    3   11  -16    1   -4   10    4    3    8   14    8    8   -2   -6    4  -12   11   -1
    1    9    4    1    2    4    2    1       705  -13    1    2   13    8   -3   18  -10   -5  -19   10   10    8   11    0    6   12  -11
    1    9    5    1    2    2    1    0       630  -10   -6    0   14    1    0   13   -3    6   -8    7    4    9   12   -2    5    7  -14
    1    9    6    1    3    3    2    0       318    2    8  -10    3   -8   13   12    3   18   17    7   11  -11   -9    3  -11   10    0
    1    9    7    1    1    1    3    0       499   -2  -11   10   -3   18    0  -10   14    2   -2   14   10    2  -13   -5   -4   -2    0
    1    9    8    1    2    5    1    0      1040  -13   -5    8   15    2   -7   12   -3    7   -9   11   10    9   12    1    4   14   -9
    1    9    9    1    3    5    3    1       696    0    8  -11    2   -5   11    1    5   10   17    7    8  -14   -6    1  -11   14   -1
    1    9   10    1    1    3    2    0       669   -6  -10   10   -1   16    1   -8   13    2    2   10    3   12  -14   -3   -5   -6    4
    1    9   11    1    2    1    3    0      1028  -12   -7    0   16    8   -5   15   -6    6   -9    8    9    7   13    1    4   12   -1
    1    9   12    1    1    5    1    1      8811   -6  -14   11    1   15   -2  -11   13    0   -1   11    4   15  -19   -5   -2   -3    2
    1    9   13    1    1    2    1    1       556   -1  -11   10   -3   15   -2  -12   17    1    1   11    4   11  -15   -1   -3   -3    2
    1    9   14    1    2    3    3    0       615  -18    1    3   12    8   -2   12   -5    7   -9    7    7    9   14    1   -1   10  -16
    1    9   15    1    1    4    2    0       720   -4   -7    9   -2   14   -2   -8   14   -1    0   12    4   13  -14   -3   -3   -4    1
    1   10    1    1    2    1    3    0       741  -12   -7    0   16    8   -5   15   -6    6   -9    8    9    7   13    1    4   12   -1
    1   10    2    1    1    3    1    1       952   -6  -10   10   -1   16    1   -8   13    2    2   10    3   12  -14   -3   -5   -6    4
    1   10    3    1    3    2    3    1       532    3   11  -16    1   -4   10    4    3    8   14    8    8   -2   -6    4  -12   11   -1
    1   10    4    1    3    4    3    1       528    0    8  -13    0   -6   10    0    5    8   16    7   10  -13   -6    1  -11   14   -2
    1   10    5    1    3    3    3    1       556    2    8  -10    3   -8   13   12    3   18   17    7   11  -11   -9    3  -11   10    0
    1   10    6    1    1    5    2    0       695   -6  -14   11    1   15   -2  -11   13    0   -1   11    4   15  -19   -5   -2   -3    2
    1   10    7    1    1    1    1    1       572   -2  -11   10   -3   18    0  -10   14    2   -2   14   10    2  -13   -5   -4   -2    0
    1   10    8    1    3    5    3    1       503    0    8  -11    2   -5   11    1    5   10   17    7    8  -14   -6    1  -11   14   -1
    1   10    9    1    1    4    2    0       756   -4   -7    9   -2   14   -2   -8   14   -1    0   12    4   13  -14   -3   -3   -4    1
    1   10   10    1    1    2    2    0       999   -1  -11   10   -3   15   -2  -12   17    1    1   11    4   11  -15   -1   -3   -3    2
    1   10   11    1    2    2    3    0       544  -10   -6    0   14    1    0   13   -3    6   -8    7    4    9   12   -2    5    7  -14
    1   10   12    1    2    5    2    1      1468  -13   -5    8   15    2   -7   12   -3    7   -9   11   10    9   12    1    4   14   -9
    1   10   13    1    2    3    3    0       642  -18    1    3   12    8   -2   12   -5    7   -9    7    7    9   14    1   -1   10  -16
    1   10   14    1    2    4    1    0       778  -13    1    2   13    8   -3   18  -10   -5  -19   10   10    8   11    0    6   12  -11
    1   10   15    1    3    1    3    1       620    2    8   -9    0   -4    9    1    6    9   14    6    8  -11   -6    1  -12   14   -2
    1   11    1    1    3    5    3    1       356    0    8  -11    2   -5   11    1    5   10   17    7    8  -14   -6    1  -11   14   -1
    1   11    2    1    1    4    2    0       679   -4   -7    9   -2   14   -2   -8   14   -1    0   12    4   13  -14   -3   -3   -4    1
    1   11    3    1    1    2    1    1       829   -1  -11   10   -3   15   -2  -12   17    1    1   11    4   11  -15   -1   -3   -3    2
    1   11    4    1    2    1    3    0       525  -12   -7    0   16    8   -5   15   -6    6   -9    8    9    7   13    1    4   12   -1
    1   11    5    1    2    4    2    1       714  -13    1    2   13    8   -3   18  -10   -5  -19   10   10    8   11    0    6   12  -11
    1   11    6    1    1    5    2    0       686   -6  -14   11    1   15   -2  -11   13    0   -1   11    4   15  -19   -5   -2   -3    2
    1   11    7    1    3    4    3    1       500    0    8  -13    0   -6   10    0    5    8   16    7   10  -13   -6    1  -11   14   -2
    1   11    8    1    3    2    3    1       530    3   11  -16    1   -4   10    4    3    8   14    8    8   -2   -6    4  -12   11   -1
    1   11    9    1    2    3    1    0      1294  -18    1    3   12    8   -2   12   -5    7   -9    7    7    9   14    1   -1   10  -16
    1   11   10    1    1    3    2    0       747   -6  -10   10   -1   16    1   -8   13    2    2   10    3   12  -14   -3   -5   -6    4
    1   11   11    1    3    3    3    1       558    2    8  -10    3   -8   13   12    3   18   17    7   11  -11   -9    3  -11   10    0
    1   11   12    1    2    2    2    1       698  -10   -6    0   14    1    0   13   -3    6   -8    7    4    9   12   -2    5    7  -14
    1   11   13    1    2    5    2    1       687  -13   -5    8   15    2   -7   12   -3    7   -9   11   10    9   12    1    4   14   -9
    1   11   14    1    3    1    3    1       549    2    8   -9    0   -4    9    1    6    9   14    6    8  -11   -6    1  -12   14   -2
    1   11   15    1    1    1    2    0       608   -2  -11   10   -3   18    0  -10   14    2   -2   14   10    2  -13   -5   -4   -2    0
    1   12    1    1    2    4    3    0       489  -13    1    2   13    8   -3   18  -10   -5  -19   10   10    8   11    0    6   12  -11
    1   12    2    1    1    5    2    0       631   -6  -14   11    1   15   -2  -11   13    0   -1   11    4   15  -19   -5   -2   -3    2
    1   12    3    1    2    2    1    0       879  -10   -6    0   14    1    0   13   -3    6   -8    7    4    9   12   -2    5    7  -14
    1   12    4    1    3    4    3    1      6237    0    8  -13    0   -6   10    0    5    8   16    7   10  -13   -6    1  -11   14   -2
    1   12    5    1    1    4    2    0       613   -4   -7    9   -2   14   -2   -8   14   -1    0   12    4   13  -14   -3   -3   -4    1
    1   12    6    1    1    1    3    0       925   -2  -11   10   -3   18    0  -10   14    2   -2   14   10    2  -13   -5   -4   -2    0
    1   12    7    1    1    2    1    1       650   -1  -11   10   -3   15   -2  -12   17    1    1   11    4   11  -15   -1   -3   -3    2
    1   12    8    1    3    3    3    1       737    2    8  -10    3   -8   13   12    3   18   17    7   11  -11   -9    3  -11   10    0
    1   12    9    1    3    1    3    1       565    2    8   -9    0   -4    9    1    6    9   14    6    8  -11   -6    1  -12   14   -2
    1   12   10    1    2    1    2    1      1136  -12   -7    0   16    8   -5   15   -6    6   -9    8    9    7   13    1    4   12   -1
    1   12   11    1    2    3    1    0      1380  -18    1    3   12    8   -2   12   -5    7   -9    7    7    9   14    1   -1   10  -16
    1   12   12    1    3    2    3    1       622    3   11  -16    1   -4   10    4    3    8   14    8    8   -2   -6    4  -12   11   -1
    1   12   13    1    3    5    3    1       486    0    8  -11    2   -5   11    1    5   10   17    7    8  -14   -6    1  -11   14   -1
    1   12   14    1    2    5    2    1       692  -13   -5    8   15    2   -7   12   -3    7   -9   11   10    9   12    1    4   14   -9
    1   12   15    1    1    3    1    1       826   -6  -10   10   -1   16    1   -8   13    2    2   10    3   12  -14   -3   -5   -6    4
    1   13    1    1    2    4    2    1       682  -13    1    2   13    8   -3   18  -10   -5  -19   10   10    8   11    0    6   12  -11
    1   13    2    1    3    3    3    1       463    2    8  -10    3   -8   13   12    3   18   17    7   11  -11   -9    3  -11   10    0
    1   13    3    1    2    5    2    1       734  -13   -5    8   15    2   -7   12   -3    7   -9   11   10    9   12    1    4   14   -9
    1   13    4    1    2    1    1    0      1218  -12   -7    0   16    8   -5   15   -6    6   -9    8    9    7   13    1    4   12   -1
    1   13    5    1    1    4    2    0       738   -4   -7    9   -2   14   -2   -8   14   -1    0   12    4   13  -14   -3   -3   -4    1
    1   13    6    1    2    2    1    0       950  -10   -6    0   14    1    0   13   -3    6   -8    7    4    9   12   -2    5    7  -14
    1   13    7    1    3    5    3    1       642    0    8  -11    2   -5   11    1    5   10   17    7    8  -14   -6    1  -11   14   -1
    1   13    8    1    1    5    1    1      1146   -6  -14   11    1   15   -2  -11   13    0   -1   11    4   15  -19   -5   -2   -3    2
    1   13    9    1    3    1    3    1       445    2    8   -9    0   -4    9    1    6    9   14    6    8  -11   -6    1  -12   14   -2
    1   13   10    1    1    1    2    0       620   -2  -11   10   -3   18    0  -10   14    2   -2   14   10    2  -13   -5   -4   -2    0
    1   13   11    1    1    3    1    1       661   -6  -10   10   -1   16    1   -8   13    2    2   10    3   12  -14   -3   -5   -6    4
    1   13   12    1    1    2    2    0       699   -1  -11   10   -3   15   -2  -12   17    1    1   11    4   11  -15   -1   -3   -3    2
    1   13   13    1    3    4    3    1       529    0    8  -13    0   -6   10    0    5    8   16    7   10  -13   -6    1  -11   14   -2
    1   13   14    1    2    3    1    0       813  -18    1    3   12    8   -2   12   -5    7   -9    7    7    9   14    1   -1   10  -16
    1   13   15    1    3    2    3    1       461    3   11  -16    1   -4   10    4    3    8   14    8    8   -2   -6    4  -12   11   -1
    1   14    1    1    3    5    3    1       444    0    8  -11    2   -5   11    1    5   10   17    7    8  -14   -6    1  -11   14   -1
    1   14    2    1    3    2    3    1       779    3   11  -16    1   -4   10    4    3    8   14    8    8   -2   -6    4  -12   11   -1
    1   14    3    1    3    3    3    1       509    2    8  -10    3   -8   13   12    3   18   17    7   11  -11   -9    3  -11   10    0
    1   14    4    1    1    3    2    0       810   -6  -10   10   -1   16    1   -8   13    2    2   10    3   12  -14   -3   -5   -6    4
    1   14    5    1    1    5    3    0       618   -6  -14   11    1   15   -2  -11   13    0   -1   11    4   15  -19   -5   -2   -3    2
    1   14    6    1    2    5    1    0       707  -13   -5    8   15    2   -7   12   -3    7   -9   11   10    9   12    1    4   14   -9
    1   14    7    1    1    1    2    0       712   -2  -11   10   -3   18    0  -10   14    2   -2   14   10    2  -13   -5   -4   -2    0
    1   14    8    1    1    4    1    1       781   -4   -7    9   -2   14   -2   -8   14   -1    0   12    4   13  -14   -3   -3   -4    1
    1   14    9    1    1    2    1    1       575   -1  -11   10   -3   15   -2  -12   17    1    1   11    4   11  -15   -1   -3   -3    2
    1   14   10    1    3    1    3    1       601    2    8   -9    0   -4    9    1    6    9   14    6    8  -11   -6    1  -12   14   -2
    1   14   11    1    2    4    2    1       675  -13    1    2   13    8   -3   18  -10   -5  -19   10   10    8   11    0    6   12  -11
    1   14   12    1    3    4    3    1       521    0    8  -13    0   -6   10    0    5    8   16    7   10  -13   -6    1  -11   14   -2
    1   14   13    1    2    1    2    1       710  -12   -7    0   16    8   -5   15   -6    6   -9    8    9    7   13    1    4   12   -1
    1   14   14    1    2    3    1    0       827  -18    1    3   12    8   -2   12   -5    7   -9    7    7    9   14    1   -1   10  -16
    1   14   15    1    2    2    2    1       570  -10   -6    0   14    1    0   13   -3    6   -8    7    4    9   12   -2    5    7  -14
    1   15    1    1    1    3    2    0       981   -6  -10   10   -1   16    1   -8   13    2    2   10    3   12  -14   -3   -5   -6    4
    1   15    2    1    2    4    1    0       863  -13    1    2   13    8   -3   18  -10   -5  -19   10   10    8   11    0    6   12  -11
    1   15    3    1    2    5    2    1      1022  -13   -5    8   15    2   -7   12   -3    7   -9   11   10    9   12    1    4   14   -9
    1   15    4    1    3    3    3    1       582    2    8  -10    3   -8   13   12    3   18   17    7   11  -11   -9    3  -11   10    0
    1   15    5    1    2    1    3    0       640  -12   -7    0   16    8   -5   15   -6    6   -9    8    9    7   13    1    4   12   -1
    1   15    6    1    3    1    3    1       632    2    8   -9    0   -4    9    1    6    9   14    6    8  -11   -6    1  -12   14   -2
    1   15    7    1    3    2    3    1      1232    3   11  -16    1   -4   10    4    3    8   14    8    8   -2   -6    4  -12   11   -1
    1   15    8    1    1    4    2    0       704   -4   -7    9   -2   14   -2   -8   14   -1    0   12    4   13  -14   -3   -3   -4    1
    1   15    9    1    2    2    3    0       629  -10   -6    0   14    1    0   13   -3    6   -8    7    4    9   12   -2    5    7  -14
    1   15   10    1    2    3    2    1       701  -18    1    3   12    8   -2   12   -5    7   -9    7    7    9   14    1   -1   10  -16
    1   15   11    1    3    4    3    1       674    0    8  -13    0   -6   10    0    5    8   16    7   10  -13   -6    1  -11   14   -2
    1   15   12    1    1    2    2    0       681   -1  -11   10   -3   15   -2  -12   17    1    1   11    4   11  -15   -1   -3   -3    2
    1   15   13    1    1    1    1    1       719   -2  -11   10   -3   18    0  -10   14    2   -2   14   10    2  -13   -5   -4   -2    0
    1   15   14    1    1    5    1    1       772   -6  -14   11    1   15   -2  -11   13    0   -1   11    4   15  -19   -5   -2   -3    2
    1   15   15    1    3    5    3    1       790    0    8  -11    2   -5   11    1    5   10   17    7    8  -14   -6    1  -11   14   -1
    2    1    1    4    1    3    1    0      1711   -1   -9   13   -5   15    8   -7   13    1    1   10    6   11  -14   -4   -4  -14   -6
    2    1    2    2    1    0    1    0       860   -3   -9   10   -2   15   -1  -10   15    0    0   11    5   12  -13   -3   -4   -4    2
    2    1    3    1    1    1    2    0      2666   -2  -11   10   -3   18    0  -10   14    2   -2   14   10    2  -13   -5   -4   -2    0
    2    1    4    1    2    2    1    1      1617  -10   -6    0   14    1    0   13   -3    6   -8    7    4    9   12   -2    5    7  -14
    2    1    5    6    0    0    2    1       994    4    9   -4    2    9    2   -2  -15   -5   -3    7   11    0    4  -15   12   -1    2
    2    1    6    4    2    5    1    0       811   -8   -6    3   15    7    0   15   -3    8   -7    7   11   17    5    0    6    7  -18
    2    1    7    4    2    4    2    1       908  -10   -3    2   12    7   -5   16  -13    6   -9    9   10    9   14    0    7   13  -10
    2    1    8    6    0    0    2    1       841   -8  -13   -3    6   14   -3    2   15   12    3   11  -11   -6  -12  -14    8    0   14
    2    1    9    1    2    5    1    1       873  -13   -5    8   15    2   -7   12   -3    7   -9   11   10    9   12    1    4   14   -9
    2    1   10    4    2    2    2    1      2439  -10   -7    2   18    2    4   11   -5    5   -8   15   -1    7   11    0    6   18  -16
    2    1   11    1    3    3    1    1       919    2    8  -10    3   -8   13   12    3   18   17    7   11  -11   -9    3  -11   10    0
    2    1   12    6    0    0    2    1       692    5   13   -8    9    9    9  -13   10   16    0   -1   17  -11   -6   -7   -9   -8  -14
    2    1   13    1    2    1    1    1       682  -12   -7    0   16    8   -5   15   -6    6   -9    8    9    7   13    1    4   12   -1
    2    1   14    4    1    2    2    1      1056   -4   -8    7   -7   15   -2   -9   14   -1    1    9    0   14  -12   -1   -2  -12   10
    2    1   15    4    3    3    1    0       727    3    5  -10    3   -6   10    5   -2    8   15   13    0  -11   -8    1  -10   13   -3
    2    1   16    4    3    1    1    0      1099    3   10  -12    0   -5   10    1    4    8   15    8    9  -12   -8    2  -10   14   -1
    2    1   17    6    0    0    2    1      3056    4    7   -8   -4   11    1  -10  -17   -8    5    5   12   -3   -2  -14   12    1    2
    2    1   18    2    2    0    1    0       663  -10   -5    1   14    6   -2   13   -4    5   -9    9    9    8   12    0    5   14  -11
    2    1   19    1    1    2    2    0      1006   -1  -11   10   -3   15   -2  -12   17    1    1   11    4   11  -15   -1   -3   -3    2
    2    1   20    4    2    1    1    0      1095   -9    4    9   16    4   -1   14   -5    2  -11   10    8   14    9    2   12   16  -12
    2    1   21    1    3    4    1    1       652    0    8  -13    0   -6   10    0    5    8   16    7   10  -13   -6    1  -11   14   -2
    2    1   22    1    2    4    1    1       644  -13    1    2   13    8   -3   18  -10   -5  -19   10   10    8   11    0    6   12  -11
    2    1   23    4    1    5    2    1      1083    1  -17   11   -3   15    0  -11   15    2    0    9    2   15  -22   -1   -5   -7   -2
    2    1   24    1    3    1    1    1       529    2    8   -9    0   -4    9    1    6    9   14    6    8  -11   -6    1  -12   14   -2
    2    1   25    1    1    5    1    1      1437   -6  -14   11    1   15   -2  -11   13    0   -1   11    4   15  -19   -5   -2   -3    2
    2    1   26    1    3    5    1    1       485    0    8  -11    2   -5   11    1    5   10   17    7    8  -14   -6    1  -11   14   -1
    2    1   27    4    1    4    1    0       819   -9  -14    5   -2   14    0  -12   16    2    1    9    3   13  -14    2   -5   -5    0
    2    1   28    2    3    0    1    0       467    2    9  -11    1   -6   11    2    4    9   15    7    9  -12   -7    2  -12   12   -2
    2    1   29    1    1    4    1    1       978   -4   -7    9   -2   14   -2   -8   14   -1    0   12    4   13  -14   -3   -3   -4    1
    2    1   30    1    1    3    1    1      1884   -6  -10   10   -1   16    1   -8   13    2    2   10    3   12  -14   -3   -5   -6    4
    2    1   31    6    0    0    2    1       578    3   14    2    8   12    9   -6   11   11    5    0   15  -12   -5   -7   -7  -10  -10
    2    1   32    4    3    4    1    0       716    3    2  -14   11   -7    9    0    5    5    9   11    7  -13   -6   11  -16   11   -1
    2    1   33    6    0    0    2    1       672   -3  -12   -2    6   13   -7    1   14   13    3    7  -15   -7  -11   -8    1    6   17
    2    1   34    1    2    3    1    1      1079  -18    1    3   12    8   -2   12   -5    7   -9    7    7    9   14    1   -1   10  -16
    2    1   35    4    3    2    2    1      1469    6    4  -10    1   -5   11    3    3   10   15    8    7  -11   -6    4  -14   10   -3
    2    1   36    4    1    1    2    1       803   -3  -10   11   -3    7   -6  -11   14    7    5    7    8   15   -3   -5   -2   -2    4
    2    1   37    1    3    2    1    1       997    3   11  -16    1   -4   10    4    3    8   14    8    8   -2   -6    4  -12   11   -1
    2    1   38    4    2    3    1    0      1150  -10   -4   -4   12    5   -2   13   -3    6   -9    8    9    6   14    1    5   14  -13
    2    1   39    4    3    5    2    1       705    1    8   -9   -1   -5   11   -1    0   10   14    6    8  -10   -9   -8  -10   12   -4
