    1    1    1    1    1    4    1    1      4572    3    8   17  -11   -1   -8  -10   -1   12    0  -10  -11    3   -5   -1   16  -16   -4
    1    1    2    1    1    3    1    1       776    1   11   16  -16   -2   -3   -1    6   12   -7   -7  -11    2   -7    3    9  -17  -11
    1    1    3    1    3    4    1    0       899    7   -9   -6    9   13   -2   -6  -10   10   11    7  -15   -3  -10   16    0   13    3
    1    1    4    1    3    3    1    0      2304    9   -8   -2    9    5    2   -8   -6   10   12    6  -15   -2  -12   16   -3   11    0
    1    1    5    1    2    1    2    1       837   -7   10   10   -3   14  -15   -1   -3   17    1    4   16   15  -12    3   -7    4    2
    1    1    6    1    3    2    3    1       949    6   -9  -10    4    9    2   -4   -8    7   11    7  -12   -3  -12   13   -1   10    0
    1    1    7    1    3    1    3    1      2368    7   -8   -2    9    5    3   -6   -8    5   14    6  -12    6  -17   13   -3   11    0
    1    1    8    1    2    4    2    1      1075   -4    8   10   -3   14  -15   -4   -4   11    4    2   12   11  -17    0   -9    2   -1
    1    1    9    1    1    1    1    1      3625    4   12   13   -7   -3   -5   -2    7   11   -8   -7  -15    7  -19    4    8  -15   -5
    1    1   10    1    1    2    2    0      1770    2    9   11   -4   -3   -5   -1    4    9   -8   -7  -14    1  -11    7   10  -18   -3
    1    1   11    1    3    5    2    0      1492    8  -10   -3    7    5   -2   -3   -6    8   13    7  -15   -3  -12   17   -2   11    2
    1    1   12    1    2    5    1    0      1594   -4   12   13   -2   12  -15    1   -1   13    3    8   19   16  -15    0   -9    6    1
    1    1   13    1    1    5    3    0      2923    2    9   14   -5   -8    1   -4    5    5   -1   -8  -14   -2   -6    6    6  -14   -7
    1    1   14    1    2    3    2    1      1079   -7   12   19    7   15  -16    5   -3   14    7    1   13   14  -11    0  -10    5    0
    1    1   15    1    2    2    2    1       989   -7    2   10   -5   10  -13    0   -3   11    4    2   11   19   -9    2  -10    3    5
    1    2    1    1    3    1    1    0      2231    7   -8   -2    9    5    3   -6   -8    5   14    6  -12    6  -17   13   -3   11    0
    1    2    2    1    3    3    3    1       799    9   -8   -2    9    5    2   -8   -6   10   12    6  -15   -2  -12   16   -3   11    0
    1    2    3    1    2    4    1    0      1937   -4    8   10   -3   14  -15   -4   -4   11    4    2   12   11  -17    0   -9    2   -1
    1    2    4    1    2    2    2    1      2548   -7    2   10   -5   10  -13    0   -3   11    4    2   11   19   -9    2  -10    3    5
    1    2    5    1    3    2    3    1       768    6   -9  -10    4    9    2   -4   -8    7   11    7  -12   -3  -12   13   -1   10    0
    1    2    6    1    2    5    1    0      1490   -4   12   13   -2   12  -15    1   -1   13    3    8   19   16  -15    0   -9    6    1
    1    2    7    1    3    4    3    1      1960    7   -9   -6    9   13   -2   -6  -10   10   11    7  -15   -3  -10   16    0   13    3
    1    2    8    1    2    3    2    1      1243   -7   12   19    7   15  -16    5   -3   14    7    1   13   14  -11    0  -10    5    0
    1    2    9    1    1    3    1    1      1178    1   11   16  -16   -2   -3   -1    6   12   -7   -7  -11    2   -7    3    9  -17  -11
    1    2   10    1    1    5    1    1      1420    2    9   14   -5   -8    1   -4    5    5   -1   -8  -14   -2   -6    6    6  -14   -7
    1    2   11    1    3    5    3    1      1156    8  -10   -3    7    5   -2   -3   -6    8   13    7  -15   -3  -12   17   -2   11    2
    1    2   12    1    2    1    2    1      1368   -7   10   10   -3   14  -15   -1   -3   17    1    4   16   15  -12    3   -7    4    2
    1    2   13    1    1    2    1    1      1458    2    9   11   -4   -3   -5   -1    4    9   -8   -7  -14    1  -11    7   10  -18   -3
    1    2   14    1    1    1    1    1      1577    4   12   13   -7   -3   -5   -2    7   11   -8   -7  -15    7  -19    4    8  -15   -5
    1    2   15    1    1    4    1    1       796    3    8   17  -11   -1   -8  -10   -1   12    0  -10  -11    3   -5   -1   16  -16   -4
    1    3    1    1    3    4    3    1       685    7   -9   -6    9   13   -2   -6  -10   10   11    7  -15   -3  -10   16    0   13    3
    1    3    2    1    2    4    2    1      1091   -4    8   10   -3   14  -15   -4   -4   11    4    2   12   11  -17    0   -9    2   -1
    1    3    3    1    3    2    3    1       776    6   -9  -10    4    9    2   -4   -8    7   11    7  -12   -3  -12   13   -1   10    0
    1    3    4    1    1    3    1    1       858    1   11   16  -16   -2   -3   -1    6   12   -7   -7  -11    2   -7    3    9  -17  -11
    1    3    5    1    1    5    1    1       826    2    9   14   -5   -8    1   -4    5    5   -1   -8  -14   -2   -6    6    6  -14   -7
    1    3    6    1    3    3    3    1      2714    9   -8   -2    9    5    2   -8   -6   10   12    6  -15   -2  -12   16   -3   11    0
    1    3    7    1    2    5    1    0      1534   -4   12   13   -2   12  -15    1   -1   13    3    8   19   16  -15    0   -9    6    1
    1    3    8    1    1    1    1    1       786    4   12   13   -7   -3   -5   -2    7   11   -8   -7  -15    7  -19    4    8  -15   -5
    1    3    9    1    2    3    2    1       788   -7   12   19    7   15  -16    5   -3   14    7    1   13   14  -11    0  -10    5    0
    1    3   10    1    1    2    1    1      1142    2    9   11   -4   -3   -5   -1    4    9   -8   -7  -14    1  -11    7   10  -18   -3
    1    3   11    1    3    1    2    0      1210    7   -8   -2    9    5    3   -6   -8    5   14    6  -12    6  -17   13   -3   11    0
    1    3   12    1    1    4    1    1      1435    3    8   17  -11   -1   -8  -10   -1   12    0  -10  -11    3   -5   -1   16  -16   -4
    1    3   13    1    3    5    3    1       707    8  -10   -3    7    5   -2   -3   -6    8   13    7  -15   -3  -12   17   -2   11    2
    1    3   14    1    2    2    3    0      2136   -7    2   10   -5   10  -13    0   -3   11    4    2   11   19   -9    2  -10    3    5
    1    3   15    1    2    1    1    0      1140   -7   10   10   -3   14  -15   -1   -3   17    1    4   16   15  -12    3   -7    4    2
    1    4    1    1    3    4    3    1       648    7   -9   -6    9   13   -2   -6  -10   10   11    7  -15   -3  -10   16    0   13    3
    1    4    2    1    3    5    3    1      1295    8  -10   -3    7    5   -2   -3   -6    8   13    7  -15   -3  -12   17   -2   11    2
    1    4    3    1    2    5    2    1      2412   -4   12   13   -2   12  -15    1   -1   13    3    8   19   16  -15    0   -9    6    1
    1    4    4    1    2    4    2    1      1005   -4    8   10   -3   14  -15   -4   -4   11    4    2   12   11  -17    0   -9    2   -1
    1    4    5    1    3    3    3    1      1558    9   -8   -2    9    5    2   -8   -6   10   12    6  -15   -2  -12   16   -3   11    0
    1    4    6    1    1    2    1    1      1065    2    9   11   -4   -3   -5   -1    4    9   -8   -7  -14    1  -11    7   10  -18   -3
    1    4    7    1    1    1    1    1       608    4   12   13   -7   -3   -5   -2    7   11   -8   -7  -15    7  -19    4    8  -15   -5
    1    4    8    1    1    5    2    0      1833    2    9   14   -5   -8    1   -4    5    5   -1   -8  -14   -2   -6    6    6  -14   -7
    1    4    9    1    1    3    1    1       865    1   11   16  -16   -2   -3   -1    6   12   -7   -7  -11    2   -7    3    9  -17  -11
    1    4   10    1    2    1    2    1      2928   -7   10   10   -3   14  -15   -1   -3   17    1    4   16   15  -12    3   -7    4    2
    1    4   11    1    2    3    2    1       907   -7   12   19    7   15  -16    5   -3   14    7    1   13   14  -11    0  -10    5    0
    1    4   12    1    1    4    1    1       665    3    8   17  -11   -1   -8  -10   -1   12    0  -10  -11    3   -5   -1   16  -16   -4
    1    4   13    1    3    2    3    1       479    6   -9  -10    4    9    2   -4   -8    7   11    7  -12   -3  -12   13   -1   10    0
    1    4   14    1    3    1    2    0      2093    7   -8   -2    9    5    3   -6   -8    5   14    6  -12    6  -17   13   -3   11    0
    1    4   15    1    2    2    1    0      2155   -7    2   10   -5   10  -13    0   -3   11    4    2   11   19   -9    2  -10    3    5
    1    5    1    1    1    1    1    1       582    4   12   13   -7   -3   -5   -2    7   11   -8   -7  -15    7  -19    4    8  -15   -5
    1    5    2    1    1    3    3    0      1632    1   11   16  -16   -2   -3   -1    6   12   -7   -7  -11    2   -7    3    9  -17  -11
    1    5    3    1    2    5    2    1      1360   -4   12   13   -2   12  -15    1   -1   13    3    8   19   16  -15    0   -9    6    1
    1    5    4    1    2    3    2    1       874   -7   12   19    7   15  -16    5   -3   14    7    1   13   14  -11    0  -10    5    0
    1    5    5    1    1    5    1    1      2553    2    9   14   -5   -8    1   -4    5    5   -1   -8  -14   -2   -6    6    6  -14   -7
    1    5    6    1    1    4    1    1       692    3    8   17  -11   -1   -8  -10   -1   12    0  -10  -11    3   -5   -1   16  -16   -4
    1    5    7    1    2    4    2    1       922   -4    8   10   -3   14  -15   -4   -4   11    4    2   12   11  -17    0   -9    2   -1
    1    5    8    1    2    1    2    1      1127   -7   10   10   -3   14  -15   -1   -3   17    1    4   16   15  -12    3   -7    4    2
    1    5    9    1    3    5    3    1     15354    8  -10   -3    7    5   -2   -3   -6    8   13    7  -15   -3  -12   17   -2   11    2
    1    5   10    1    2    2    1    0      2485   -7    2   10   -5   10  -13    0   -3   11    4    2   11   19   -9    2  -10    3    5
    1    5   11    1    3    3    1    0      1155    9   -8   -2    9    5    2   -8   -6   10   12    6  -15   -2  -12   16   -3   11    0
    1    5   12    1    3    4    3    1       630    7   -9   -6    9   13   -2   -6  -10   10   11    7  -15   -3  -10   16    0   13    3
    1    5   13    1    3    1    3    1      2911    7   -8   -2    9    5    3   -6   -8    5   14    6  -12    6  -17   13   -3   11    0
    1    5   14    1    1    2    1    1       843    2    9   11   -4   -3   -5   -1    4    9   -8   -7  -14    1  -11    7   10  -18   -3
    1    5   15    1    3    2    3    1       586    6   -9  -10    4    9    2   -4   -8    7   11    7  -12   -3  -12   13   -1   10    0
    1    6    1    1    3    5    3    1       740    8  -10   -3    7    5   -2   -3   -6    8   13    7  -15   -3  -12   17   -2   11    2
    1    6    2    1    2    1    2    1      2152   -7   10   10   -3   14  -15   -1   -3   17    1    4   16   15  -12    3   -7    4    2
    1    6    3    1    1    2    1    1      1507    2    9   11   -4   -3   -5   -1    4    9   -8   -7  -14    1  -11    7   10  -18   -3
    1    6    4    1    1    5    3    0      1337    2    9   14   -5   -8    1   -4    5    5   -1   -8  -14   -2   -6    6    6  -14   -7
    1    6    5    1    3    1    3    1      2212    7   -8   -2    9    5    3   -6   -8    5   14    6  -12    6  -17   13   -3   11    0
    1    6    6    1    3    2    3    1       701    6   -9  -10    4    9    2   -4   -8    7   11    7  -12   -3  -12   13   -1   10    0
    1    6    7    1    2    3    2    1       882   -7   12   19    7   15  -16    5   -3   14    7    1   13   14  -11    0  -10    5    0
    1    6    8    1    3    4    3    1       608    7   -9   -6    9   13   -2   -6  -10   10   11    7  -15   -3  -10   16    0   13    3
    1    6    9    1    2    4    2    1       777   -4    8   10   -3   14  -15   -4   -4   11    4    2   12   11  -17    0   -9    2   -1
    1    6   10    1    2    2    1    0      3691   -7    2   10   -5   10  -13    0   -3   11    4    2   11   19   -9    2  -10    3    5
    1    6   11    1    2    5    2    1      1785   -4   12   13   -2   12  -15    1   -1   13    3    8   19   16  -15    0   -9    6    1
    1    6   12    1    1    3    1    1      2259    1   11   16  -16   -2   -3   -1    6   12   -7   -7  -11    2   -7    3    9  -17  -11
    1    6   13    1    1    1    1    1       954    4   12   13   -7   -3   -5   -2    7   11   -8   -7  -15    7  -19    4    8  -15   -5
    1    6   14    1    3    3    3    1      1093    9   -8   -2    9    5    2   -8   -6   10   12    6  -15   -2  -12   16   -3   11    0
    1    6   15    1    1    4    2    0      1514    3    8   17  -11   -1   -8  -10   -1   12    0  -10  -11    3   -5   -1   16  -16   -4
    1    7    1    1    1    1    1    1      1263    4   12   13   -7   -3   -5   -2    7   11   -8   -7  -15    7  -19    4    8  -15   -5
    1    7    2    1    2    4    2    1       685   -4    8   10   -3   14  -15   -4   -4   11    4    2   12   11  -17    0   -9    2   -1
    1    7    3    1    3    1    3    1      1348    7   -8   -2    9    5    3   -6   -8    5   14    6  -12    6  -17   13   -3   11    0
    1    7    4    1    1    2    1    1       959    2    9   11   -4   -3   -5   -1    4    9   -8   -7  -14    1  -11    7   10  -18   -3
    1    7    5    1    1    5    1    1      3498    2    9   14   -5   -8    1   -4    5    5   -1   -8  -14   -2   -6    6    6  -14   -7
    1    7    6    1    3    2    3    1       847    6   -9  -10    4    9    2   -4   -8    7   11    7  -12   -3  -12   13   -1   10    0
    1    7    7    1    3    4    3    1       590    7   -9   -6    9   13   -2   -6  -10   10   11    7  -15   -3  -10   16    0   13    3
    1    7    8    1    3    5    3    1      1816    8  -10   -3    7    5   -2   -3   -6    8   13    7  -15   -3  -12   17   -2   11    2
    1    7    9    1    2    5    2    1      2241   -4   12   13   -2   12  -15    1   -1   13    3    8   19   16  -15    0   -9    6    1
    1    7   10    1    1    4    1    1       873    3    8   17  -11   -1   -8  -10   -1   12    0  -10  -11    3   -5   -1   16  -16   -4
    1    7   11    1    2    2    1    0      3767   -7    2   10   -5   10  -13    0   -3   11    4    2   11   19   -9    2  -10    3    5
    1    7   12    1    2    3    2    1       706   -7   12   19    7   15  -16    5   -3   14    7    1   13   14  -11    0  -10    5    0
    1    7   13    1    2    1    2    1       567   -7   10   10   -3   14  -15   -1   -3   17    1    4   16   15  -12    3   -7    4    2
    1    7   14    1    1    3    1    1      1058    1   11   16  -16   -2   -3   -1    6   12   -7   -7  -11    2   -7    3    9  -17  -11
    1    7   15    1    3    3    2    0      2249    9   -8   -2    9    5    2   -8   -6   10   12    6  -15   -2  -12   16   -3   11    0
    1    8    1    1    2    1    2    1      1616   -7   10   10   -3   14  -15   -1   -3   17    1    4   16   15  -12    3   -7    4    2
    1    8    2    1    1    5    1    1      1057    2    9   14   -5   -8    1   -4    5    5   -1   -8  -14   -2   -6    6    6  -14   -7
    1    8    3    1    3    1    3    1      1320    7   -8   -2    9    5    3   -6   -8    5   14    6  -12    6  -17   13   -3   11    0
    1    8    4    1    2    4    2    1       725   -4    8   10   -3   14  -15   -4   -4   11    4    2   12   11  -17    0   -9    2   -1
    1    8    5    1    1    1    1    1      1321    4   12   13   -7   -3   -5   -2    7   11   -8   -7  -15    7  -19    4    8  -15   -5
    1    8    6    1    3    5    3    1       902    8  -10   -3    7    5   -2   -3   -6    8   13    7  -15   -3  -12   17   -2   11    2
    1    8    7    1    3    2    3    1       707    6   -9  -10    4    9    2   -4   -8    7   11    7  -12   -3  -12   13   -1   10    0
    1    8    8    1    2    2    2    1      2888   -7    2   10   -5   10  -13    0   -3   11    4    2   11   19   -9    2  -10    3    5
    1    8    9    1    2    5    2    1       790   -4   12   13   -2   12  -15    1   -1   13    3    8   19   16  -15    0   -9    6    1
    1    8   10    1    3    4    3    1      1224    7   -9   -6    9   13   -2   -6  -10   10   11    7  -15   -3  -10   16    0   13    3
    1    8   11    1    1    4    1    1      2489    3    8   17  -11   -1   -8  -10   -1   12    0  -10  -11    3   -5   -1   16  -16   -4
    1    8   12    1    2    3    2    1       727   -7   12   19    7   15  -16    5   -3   14    7    1   13   14  -11    0  -10    5    0
    1    8   13    1    3    3    3    1      1707    9   -8   -2    9    5    2   -8   -6   10   12    6  -15   -2  -12   16   -3   11    0
    1    8   14    1    1    3    1    1      1848    1   11   16  -16   -2   -3   -1    6   12   -7   -7  -11    2   -7    3    9  -17  -11
    1    8   15    1    1    2    1    1      1743    2    9   11   -4   -3   -5   -1    4    9   -8   -7  -14    1  -11    7   10  -18   -3
    1    9    1    1    2    5    2    1      1322   -4   12   13   -2   12  -15    1   -1   13    3    8   19   16  -15    0   -9    6    1
    1    9    2    1    2    3    2    1       839   -7   12   19    7   15  -16    5   -3   14    7    1   13   14  -11    0  -10    5    0
    1    9    3    1    3    4    3    1       695    7   -9   -6    9   13   -2   -6  -10   10   11    7  -15   -3  -10   16    0   13    3
    1    9    4    1    1    5    1    1      1596    2    9   14   -5   -8    1   -4    5    5   -1   -8  -14   -2   -6    6    6  -14   -7
    1    9    5    1    1    2    1    1      2317    2    9   11   -4   -3   -5   -1    4    9   -8   -7  -14    1  -11    7   10  -18   -3
    1    9    6    1    3    5    3    1       834    8  -10   -3    7    5   -2   -3   -6    8   13    7  -15   -3  -12   17   -2   11    2
    1    9    7    1    1    3    1    1      1762    1   11   16  -16   -2   -3   -1    6   12   -7   -7  -11    2   -7    3    9  -17  -11
    1    9    8    1    3    2    3    1       716    6   -9  -10    4    9    2   -4   -8    7   11    7  -12   -3  -12   13   -1   10    0
    1    9    9    1    2    4    2    1       833   -4    8   10   -3   14  -15   -4   -4   11    4    2   12   11  -17    0   -9    2   -1
    1    9   10    1    2    2    2    1       721   -7    2   10   -5   10  -13    0   -3   11    4    2   11   19   -9    2  -10    3    5
    1    9   11    1    3    3    3    1      1814    9   -8   -2    9    5    2   -8   -6   10   12    6  -15   -2  -12   16   -3   11    0
    1    9   12    1    1    1    1    1      1166    4   12   13   -7   -3   -5   -2    7   11   -8   -7  -15    7  -19    4    8  -15   -5
    1    9   13    1    3    1    3    1      1857    7   -8   -2    9    5    3   -6   -8    5   14    6  -12    6  -17   13   -3   11    0
    1    9   14    1    1    4    1    1      2216    3    8   17  -11   -1   -8  -10   -1   12    0  -10  -11    3   -5   -1   16  -16   -4
    1    9   15    1    2    1    2    1      1153   -7   10   10   -3   14  -15   -1   -3   17    1    4   16   15  -12    3   -7    4    2
    1   10    1    1    2    4    2    1       628   -4    8   10   -3   14  -15   -4   -4   11    4    2   12   11  -17    0   -9    2   -1
    1   10    2    1    3    1    3    1      2188    7   -8   -2    9    5    3   -6   -8    5   14    6  -12    6  -17   13   -3   11    0
    1   10    3    1    1    4    1    1      2805    3    8   17  -11   -1   -8  -10   -1   12    0  -10  -11    3   -5   -1   16  -16   -4
    1   10    4    1    1    1    1    1      1063    4   12   13   -7   -3   -5   -2    7   11   -8   -7  -15    7  -19    4    8  -15   -5
    1   10    5    1    1    3    1    1      1037    1   11   16  -16   -2   -3   -1    6   12   -7   -7  -11    2   -7    3    9  -17  -11
    1   10    6    1    2    3    2    1       726   -7   12   19    7   15  -16    5   -3   14    7    1   13   14  -11    0  -10    5    0
    1   10    7    1    1    5    1    1      1274    2    9   14   -5   -8    1   -4    5    5   -1   -8  -14   -2   -6    6    6  -14   -7
    1   10    8    1    2    5    2    1      1017   -4   12   13   -2   12  -15    1   -1   13    3    8   19   16  -15    0   -9    6    1
    1   10    9    1    2    2    2    1      2177   -7    2   10   -5   10  -13    0   -3   11    4    2   11   19   -9    2  -10    3    5
    1   10   10    1    1    2    1    1       635    2    9   11   -4   -3   -5   -1    4    9   -8   -7  -14    1  -11    7   10  -18   -3
    1   10   11    1    3    2    3    1       691    6   -9  -10    4    9    2   -4   -8    7   11    7  -12   -3  -12   13   -1   10    0
    1   10   12    1    3    4    3    1       473    7   -9   -6    9   13   -2   -6  -10   10   11    7  -15   -3  -10   16    0   13    3
    1   10   13    1    2    1    2    1       824   -7   10   10   -3   14  -15   -1   -3   17    1    4   16   15  -12    3   -7    4    2
    1   10   14    1    3    3    3    1       984    9   -8   -2    9    5    2   -8   -6   10   12    6  -15   -2  -12   16   -3   11    0
    1   10   15    1    3    5    3    1       850    8  -10   -3    7    5   -2   -3   -6    8   13    7  -15   -3  -12   17   -2   11    2
    1   11    1    1    2    3    2    1       690   -7   12   19    7   15  -16    5   -3   14    7    1   13   14  -11    0  -10    5    0
    1   11    2    1    1    1    1    1      1191    4   12   13   -7   -3   -5   -2    7   11   -8   -7  -15    7  -19    4    8  -15   -5
    1   11    3    1    1    3    1    1      1049    1   11   16  -16   -2   -3   -1    6   12   -7   -7  -11    2   -7    3    9  -17  -11
    1   11    4    1    1    4    1    1      1984    3    8   17  -11   -1   -8  -10   -1   12    0  -10  -11    3   -5   -1   16  -16   -4
    1   11    5    1    3    1    1    0      2562    7   -8   -2    9    5    3   -6   -8    5   14    6  -12    6  -17   13   -3   11    0
    1   11    6    1    2    2    2    1      1389   -7    2   10   -5   10  -13    0   -3   11    4    2   11   19   -9    2  -10    3    5
    1   11    7    1    2    1    2    1       663   -7   10   10   -3   14  -15   -1   -3   17    1    4   16   15  -12    3   -7    4    2
    1   11    8    1    3    4    3    1       846    7   -9   -6    9   13   -2   -6  -10   10   11    7  -15   -3  -10   16    0   13    3
    1   11    9    1    2    4    2    1      2925   -4    8   10   -3   14  -15   -4   -4   11    4    2   12   11  -17    0   -9    2   -1
    1   11   10    1    3    2    3    1      1481    6   -9  -10    4    9    2   -4   -8    7   11    7  -12   -3  -12   13   -1   10    0
    1   11   11    1    1    2    1    1      1023    2    9   11   -4   -3   -5   -1    4    9   -8   -7  -14    1  -11    7   10  -18   -3
    1   11   12    1    3    5    3    1      1096    8  -10   -3    7    5   -2   -3   -6    8   13    7  -15   -3  -12   17   -2   11    2
    1   11   13    1    2    5    2    1       749   -4   12   13   -2   12  -15    1   -1   13    3    8   19   16  -15    0   -9    6    1
    1   11   14    1    3    3    3    1      1472    9   -8   -2    9    5    2   -8   -6   10   12    6  -15   -2  -12   16   -3   11    0
    1   11   15    1    1    5    1    1       711    2    9   14   -5   -8    1   -4    5    5   -1   -8  -14   -2   -6    6    6  -14   -7
    1   12    1    1    3    2    3    1       827    6   -9  -10    4    9    2   -4   -8    7   11    7  -12   -3  -12   13   -1   10    0
    1   12    2    1    3    3    3    1      2123    9   -8   -2    9    5    2   -8   -6   10   12    6  -15   -2  -12   16   -3   11    0
    1   12    3    1    1    1    1    1      1048    4   12   13   -7   -3   -5   -2    7   11   -8   -7  -15    7  -19    4    8  -15   -5
    1   12    4    1    1    4    1    1      1151    3    8   17  -11   -1   -8  -10   -1   12    0  -10  -11    3   -5   -1   16  -16   -4
    1   12    5    1    2    5    2    1      1827   -4   12   13   -2   12  -15    1   -1   13    3    8   19   16  -15    0   -9    6    1
    1   12    6    1    2    3    2    1      1002   -7   12   19    7   15  -16    5   -3   14    7    1   13   14  -11    0  -10    5    0
    1   12    7    1    2    4    2    1       836   -4    8   10   -3   14  -15   -4   -4   11    4    2   12   11  -17    0   -9    2   -1
    1   12    8    1    3    4    3    1       756    7   -9   -6    9   13   -2   -6  -10   10   11    7  -15   -3  -10   16    0   13    3
    1   12    9    1    3    5    3    1      1015    8  -10   -3    7    5   -2   -3   -6    8   13    7  -15   -3  -12   17   -2   11    2
    1   12   10    1    2    2    2    1      2479   -7    2   10   -5   10  -13    0   -3   11    4    2   11   19   -9    2  -10    3    5
    1   12   11    1    3    1    3    1      2349    7   -8   -2    9    5    3   -6   -8    5   14    6  -12    6  -17   13   -3   11    0
    1   12   12    1    2    1    2    1      1313   -7   10   10   -3   14  -15   -1   -3   17    1    4   16   15  -12    3   -7    4    2
    1   12   13    1    1    3    1    1       765    1   11   16  -16   -2   -3   -1    6   12   -7   -7  -11    2   -7    3    9  -17  -11
    1   12   14    1    1    2    1    1      1264    2    9   11   -4   -3   -5   -1    4    9   -8   -7  -14    1  -11    7   10  -18   -3
    1   12   15    1    1    5    1    1       910    2    9   14   -5   -8    1   -4    5    5   -1   -8  -14   -2   -6    6    6  -14   -7
    1   13    1    1    3    4    3    1      2139    7   -9   -6    9   13   -2   -6  -10   10   11    7  -15   -3  -10   16    0   13    3
    1   13    2    1    2    5    2    1       791   -4   12   13   -2   12  -15    1   -1   13    3    8   19   16  -15    0   -9    6    1
    1   13    3    1    2    4    2    1       777   -4    8   10   -3   14  -15   -4   -4   11    4    2   12   11  -17    0   -9    2   -1
    1   13    4    1    3    5    3    1      1787    8  -10   -3    7    5   -2   -3   -6    8   13    7  -15   -3  -12   17   -2   11    2
    1   13    5    1    1    1    1    1      2325    4   12   13   -7   -3   -5   -2    7   11   -8   -7  -15    7  -19    4    8  -15   -5
    1   13    6    1    1    4    1    1      2745    3    8   17  -11   -1   -8  -10   -1   12    0  -10  -11    3   -5   -1   16  -16   -4
    1   13    7    1    2    1    2    1      1516   -7   10   10   -3   14  -15   -1   -3   17    1    4   16   15  -12    3   -7    4    2
    1   13    8    1    1    3    1    1      3281    1   11   16  -16   -2   -3   -1    6   12   -7   -7  -11    2   -7    3    9  -17  -11
    1   13    9    1    3    1    3    1      1167    7   -8   -2    9    5    3   -6   -8    5   14    6  -12    6  -17   13   -3   11    0
    1   13   10    1    1    5    1    1      2737    2    9   14   -5   -8    1   -4    5    5   -1   -8  -14   -2   -6    6    6  -14   -7
    1   13   11    1    1    2    1    1      4149    2    9   11   -4   -3   -5   -1    4    9   -8   -7  -14    1  -11    7   10  -18   -3
    1   13   12    1    3    3    3    1       816    9   -8   -2    9    5    2   -8   -6   10   12    6  -15   -2  -12   16   -3   11    0
    1   13   13    1    2    2    2    1      1569   -7    2   10   -5   10  -13    0   -3   11    4    2   11   19   -9    2  -10    3    5
    1   13   14    1    2    3    2    1       996   -7   12   19    7   15  -16    5   -3   14    7    1   13   14  -11    0  -10    5    0
    1   13   15    1    3    2    3    1       749    6   -9  -10    4    9    2   -4   -8    7   11    7  -12   -3  -12   13   -1   10    0
    1   14    1    1    2    5    2    1      1040   -4   12   13   -2   12  -15    1   -1   13    3    8   19   16  -15    0   -9    6    1
    1   14    2    1    3    5    3    1       824    8  -10   -3    7    5   -2   -3   -6    8   13    7  -15   -3  -12   17   -2   11    2
    1   14    3    1    3    1    3    1      1209    7   -8   -2    9    5    3   -6   -8    5   14    6  -12    6  -17   13   -3   11    0
    1   14    4    1    2    1    2    1      2186   -7   10   10   -3   14  -15   -1   -3   17    1    4   16   15  -12    3   -7    4    2
    1   14    5    1    1    2    1    1       772    2    9   11   -4   -3   -5   -1    4    9   -8   -7  -14    1  -11    7   10  -18   -3
    1   14    6    1    1    4    1    1      1479    3    8   17  -11   -1   -8  -10   -1   12    0  -10  -11    3   -5   -1   16  -16   -4
    1   14    7    1    2    3    2    1       812   -7   12   19    7   15  -16    5   -3   14    7    1   13   14  -11    0  -10    5    0
    1   14    8    1    2    2    3    0      1613   -7    2   10   -5   10  -13    0   -3   11    4    2   11   19   -9    2  -10    3    5
    1   14    9    1    1    1    1    1      1006    4   12   13   -7   -3   -5   -2    7   11   -8   -7  -15    7  -19    4    8  -15   -5
    1   14   10    1    3    3    3    1       775    9   -8   -2    9    5    2   -8   -6   10   12    6  -15   -2  -12   16   -3   11    0
    1   14   11    1    3    4    3    1       761    7   -9   -6    9   13   -2   -6  -10   10   11    7  -15   -3  -10   16    0   13    3
    1   14   12    1    1    3    1    1      1196    1   11   16  -16   -2   -3   -1    6   12   -7   -7  -11    2   -7    3    9  -17  -11
    1   14   13    1    1    5    1    1       797    2    9   14   -5   -8    1   -4    5    5   -1   -8  -14   -2   -6    6    6  -14   -7
    1   14   14    1    2    4    2    1       863   -4    8   10   -3   14  -15   -4   -4   11    4    2   12   11  -17    0   -9    2   -1
    1   14   15    1    3    2    3    1       829    6   -9  -10    4    9    2   -4   -8    7   11    7  -12   -3  -12   13   -1   10    0
    1   15    1    1    3    2    3    1       589    6   -9  -10    4    9    2   -4   -8    7   11    7  -12   -3  -12   13   -1   10    0
    1   15    2    1    3    5    3    1      1111    8  -10   -3    7    5   -2   -3   -6    8   13    7  -15   -3  -12   17   -2   11    2
    1   15    3    1    2    5    2    1       891   -4   12   13   -2   12  -15    1   -1   13    3    8   19   16  -15    0   -9    6    1
    1   15    4    1    1    5    1    1       841    2    9   14   -5   -8    1   -4    5    5   -1   -8  -14   -2   -6    6    6  -14   -7
    1   15    5    1    3    3    3    1      1977    9   -8   -2    9    5    2   -8   -6   10   12    6  -15   -2  -12   16   -3   11    0
    1   15    6    1    2    1    2    1      1723   -7   10   10   -3   14  -15   -1   -3   17    1    4   16   15  -12    3   -7    4    2
    1   15    7    1    3    1    1    0       791    7   -8   -2    9    5    3   -6   -8    5   14    6  -12    6  -17   13   -3   11    0
    1   15    8    1    1    2    1    1      2793    2    9   11   -4   -3   -5   -1    4    9   -8   -7  -14    1  -11    7   10  -18   -3
    1   15    9    1    1    1    1    1       907    4   12   13   -7   -3   -5   -2    7   11   -8   -7  -15    7  -19    4    8  -15   -5
    1   15   10    1    2    4    2    1       696   -4    8   10   -3   14  -15   -4   -4   11    4    2   12   11  -17    0   -9    2   -1
    1   15   11    1    1    4    1    1       973    3    8   17  -11   -1   -8  -10   -1   12    0  -10  -11    3   -5   -1   16  -16   -4
    1   15   12    1    2    3    2    1       744   -7   12   19    7   15  -16    5   -3   14    7    1   13   14  -11    0  -10    5    0
    1   15   13    1    1    3    1    1       699    1   11   16  -16   -2   -3   -1    6   12   -7   -7  -11    2   -7    3    9  -17  -11
    1   15   14    1    2    2    2    1      2688   -7    2   10   -5   10  -13    0   -3   11    4    2   11   19   -9    2  -10    3    5
    1   15   15    1    3    4    3    1       806    7   -9   -6    9   13   -2   -6  -10   10   11    7  -15   -3  -10   16    0   13    3
    2    1    1    4    1    1    2    1      4204   -1    0   24   -4   -6   -4   -2    4    9   -7   -8  -15    2  -10    7    6  -12   -6
    2    1    2    6    0    0    2    1      1765   16   15  -10    4   -5    5    9   14   13    8   -9  -16  -10  -12    7    8   -9    9
    2    1    3    4    2    1    2    1      1135   -4   11    8   -2   15  -13   -1    1   13    2   -3    6   10  -22    3  -10    9    0
    2    1    4    1    2    3    1    1      2243   -7   12   19    7   15  -16    5   -3   14    7    1   13   14  -11    0  -10    5    0
    2    1    5    2    3    0    1    0      3851    8   -9   -1    9    7    3   -4   -9    9   12    7  -13   -4  -12   15   -2   11    1
    2    1    6    4    2    2    2    1      2066   -3   10    9   -1    9  -14    4    4   12    6    1   13   14  -14    2   -8    2    1
    2    1    7    1    3    1    1    1      3104    7   -8   -2    9    5    3   -6   -8    5   14    6  -12    6  -17   13   -3   11    0
    2    1    8    4    1    3    2    1      2693    0   11   16  -13   -5   -3    6    7    7   -5   -8  -12   -1  -11    4    6  -12    1
    2    1    9    1    1    4    1    1      1275    3    8   17  -11   -1   -8  -10   -1   12    0  -10  -11    3   -5   -1   16  -16   -4
    2    1   10    4    3    2    2    1      1273    7   -9    2    5   15    2   -4    0   10   11    8  -15    0   -6   15   -3   12   -1
    2    1   11    1    2    5    1    1      1736   -4   12   13   -2   12  -15    1   -1   13    3    8   19   16  -15    0   -9    6    1
    2    1   12    6    0    0    2    1      1188    3  -16    7   10   -9    9    3    3   -2    2   11    0    4   10   16   19  -17   -2
    2    1   13    2    1    0    1    0      1189    1   10   14   -7   -4   -4   -3    5    9   -6   -8  -13    1  -10    5    7  -14   -6
    2    1   14    1    1    3    1    1      2376    1   11   16  -16   -2   -3   -1    6   12   -7   -7  -11    2   -7    3    9  -17  -11
    2    1   15    1    1    2    1    1      1194    2    9   11   -4   -3   -5   -1    4    9   -8   -7  -14    1  -11    7   10  -18   -3
    2    1   16    1    1    5    1    1      1179    2    9   14   -5   -8    1   -4    5    5   -1   -8  -14   -2   -6    6    6  -14   -7
    2    1   17    1    3    5    1    1      2317    8  -10   -3    7    5   -2   -3   -6    8   13    7  -15   -3  -12   17   -2   11    2
    2    1   18    2    2    0    2    1      1937   -5   12   11   -3   13  -14    0   -1   12    4    1   12   15  -13    1  -10    4    0
    2    1   19    4    3    4    2    1      1445   11   -8   -1    8   10    0   -2  -10    9   11    6  -13   -5  -12   17   -1   14   -3
    2    1   20    6    0    0    2    1      1052   -6   -8    1    5    8   -8   -4    3    5    2   16    9  -14  -16  -13   18   -3    5
    2    1   21    4    1    2    2    1      2724    0    9   13   -6   -1   -4   -3    6   10   -4   -9  -12   -4  -10    6    8  -14   -7
    2    1   22    6    0    0    2    1      2392    5  -13    7    9   -7    8    6    2    0    5   12   -1    4   11   14   15  -14   -2
    2    1   23    1    1    1    1    1      3034    4   12   13   -7   -3   -5   -2    7   11   -8   -7  -15    7  -19    4    8  -15   -5
    2    1   24    4    1    5    2    1      2098   -1   10   10   -4   -6   -4   -4    5   11   -8  -11  -22    4  -10    3    6  -12   -4
    2    1   25    1    2    2    1    1      2335   -7    2   10   -5   10  -13    0   -3   11    4    2   11   19   -9    2  -10    3    5
    2    1   26    1    3    3    2    0      1027    9   -8   -2    9    5    2   -8   -6   10   12    6  -15   -2  -12   16   -3   11    0
    2    1   27    1    2    4    1    1      1147   -4    8   10   -3   14  -15   -4   -4   11    4    2   12   11  -17    0   -9    2   -1
    2    1   28    4    3    1    2    1      1342    8  -10   -3   11    9    1   -3   -8   19   21    9  -13   -9   -7   16    0   13    7
    2    1   29    4    3    5    2    1      2362    8  -10   -2    9    6    3   -2   -8   11   14    6  -18   -3  -11   13   -1   11    2
    2    1   30    4    3    3    2    1      1149   10   -7    0   10    6    4   -4  -10   14   19    4  -23    1  -14   15   -1    7   -6
    2    1   31    6    0    0    2    1      1040   14   13   -9    5    6   -7   14    8   11   -3  -12   -8  -10  -10    6    8   -5   13
    2    1   32    4    2    3    2    1      1240  -10   10   11   -4   14  -13    6   -4   12    3    3   13   16  -11    2   -9    2    4
    2    1   33    4    2    5    2    1      1144   -1   11   10   -2   14  -15   -1    0   14    8    2   11   16   -3    2   -5   11    2
    2    1   34    4    2    4    2    1      1451   -4   14    9   -3   13  -13    1   -4   13    2    1   14   16  -14    6  -11   -5    9
    2    1   35    1    2    1    1    1      4978   -7   10   10   -3   14  -15   -1   -3   17    1    4   16   15  -12    3   -7    4    2
    2    1   36    1    3    4    2    0      4908    7   -9   -6    9   13   -2   -6  -10   10   11    7  -15   -3  -10   16    0   13    3
    2    1   37    1    3    2    1    1      1465    6   -9  -10    4    9    2   -4   -8    7   11    7  -12   -3  -12   13   -1   10    0
    2    1   38    4    1    4    2    1      1040    0   11   15   -8   -5   -5  -13    6    8   -6  -10   -5    0   -8    7    9  -15   -9
    2    1   39    6    0    0    2    1      1912   -7  -12   -3    6   10   -7   -4    4    8   -4   13   13  -14  -12  -10   10    1    1
