    1    1    1    1    1    1    1    1      3212  -10   -3  -12   -9   13   12  -18   15  -17    3   12   -3    8    3    1   -8    9    6
    1    1    2    1    3    2    1    0      1719    9  -11    9    1    1  -14  -13   12    6    2  -11   -1   11   17    3   13   13   -4
    1    1    3    1    1    5    2    0      4596  -11   -1  -11  -10   13   12  -12   12  -11   10   11   -4    8   11    0   -6   10    5
    1    1    4    1    2    1    2    1      1277   -4   -7   -1  -13   -6  -12   -4  -16  -10   12   -1   -7  -14  -14  -11    8    7    9
    1    1    5    1    3    5    3    1      1371   16  -12   11    1    1  -11   -9    6    4    2   -9   -1    9   17    2   12   13   -3
    1    1    6    1    3    4    1    0       902   13  -12    9    1    1  -12  -13   14    5    3  -12   -3   10   15    1   16   12   -4
    1    1    7    1    1    3    3    0       979  -12   -3  -12   -9   14   12  -18   16  -20    2   12   -3    8    6    3   -7    6    5
    1    1    8    1    2    5    3    0      1309   -3  -11   -3  -16   -7   -9   -4  -19   -1    5   -2   -4  -23  -16  -12    7    7   10
    1    1    9    1    2    3    2    1      1802   -5   -8   -3  -10  -10  -12   -6  -12   -3    2   -3   -3  -15  -16  -12    8    8   11
    1    1   10    1    2    2    2    1       835   -5   -8   -2  -11  -16  -12   -6  -22   -2    6   -2   -5  -13  -17  -12   10    1   10
    1    1   11    1    3    1    1    0      1187   15  -14   15  -10    4  -14  -13    5    3    4  -13   -8    7   18    1   14    4  -10
    1    1   12    1    3    3    3    1      1653   14  -11   15    4    3   -8  -12   11   12    8  -16    0    4   12    6    6   13   -6
    1    1   13    1    2    4    2    1      2068   -2  -11    0  -12   -7  -11   -4  -13   -4    4   -3   -4  -12  -14  -11   10    6   11
    1    1   14    1    1    4    1    1      1666  -12    0   -9  -11   15   17  -10   14  -10    8   14   -2   11    5    3   -7    7    4
    1    1   15    1    1    2    1    1      1489  -14   -1  -12  -13   15   13  -12   12   -8   14   13   -2    5   10    2   -5   10    2
    1    2    1    1    1    3    2    0      1735  -12   -3  -12   -9   14   12  -18   16  -20    2   12   -3    8    6    3   -7    6    5
    1    2    2    1    3    3    2    0      1811   14  -11   15    4    3   -8  -12   11   12    8  -16    0    4   12    6    6   13   -6
    1    2    3    1    1    4    3    0      1051  -12    0   -9  -11   15   17  -10   14  -10    8   14   -2   11    5    3   -7    7    4
    1    2    4    1    2    1    2    1      1683   -4   -7   -1  -13   -6  -12   -4  -16  -10   12   -1   -7  -14  -14  -11    8    7    9
    1    2    5    1    1    5    3    0      2641  -11   -1  -11  -10   13   12  -12   12  -11   10   11   -4    8   11    0   -6   10    5
    1    2    6    1    3    5    1    0      2425   16  -12   11    1    1  -11   -9    6    4    2   -9   -1    9   17    2   12   13   -3
    1    2    7    1    2    3    2    1       825   -5   -8   -3  -10  -10  -12   -6  -12   -3    2   -3   -3  -15  -16  -12    8    8   11
    1    2    8    1    2    4    2    1       793   -2  -11    0  -12   -7  -11   -4  -13   -4    4   -3   -4  -12  -14  -11   10    6   11
    1    2    9    1    2    2    2    1      2091   -5   -8   -2  -11  -16  -12   -6  -22   -2    6   -2   -5  -13  -17  -12   10    1   10
    1    2   10    1    2    5    2    1       905   -3  -11   -3  -16   -7   -9   -4  -19   -1    5   -2   -4  -23  -16  -12    7    7   10
    1    2   11    1    3    1    1    0      1350   15  -14   15  -10    4  -14  -13    5    3    4  -13   -8    7   18    1   14    4  -10
    1    2   12    1    1    1    1    1      1266  -10   -3  -12   -9   13   12  -18   15  -17    3   12   -3    8    3    1   -8    9    6
    1    2   13    1    3    2    3    1      1184    9  -11    9    1    1  -14  -13   12    6    2  -11   -1   11   17    3   13   13   -4
    1    2   14    1    3    4    3    1       738   13  -12    9    1    1  -12  -13   14    5    3  -12   -3   10   15    1   16   12   -4
    1    2   15    1    1    2    1    1      1638  -14   -1  -12  -13   15   13  -12   12   -8   14   13   -2    5   10    2   -5   10    2
    1    3    1    1    2    1    2    1      1958   -4   -7   -1  -13   -6  -12   -4  -16  -10   12   -1   -7  -14  -14  -11    8    7    9
    1    3    2    1    1    3    1    1      2841  -12   -3  -12   -9   14   12  -18   16  -20    2   12   -3    8    6    3   -7    6    5
    1    3    3    1    1    2    3    0      1977  -14   -1  -12  -13   15   13  -12   12   -8   14   13   -2    5   10    2   -5   10    2
    1    3    4    1    3    4    1    0      1275   13  -12    9    1    1  -12  -13   14    5    3  -12   -3   10   15    1   16   12   -4
    1    3    5    1    3    2    3    1       889    9  -11    9    1    1  -14  -13   12    6    2  -11   -1   11   17    3   13   13   -4
    1    3    6    1    2    5    2    1       983   -3  -11   -3  -16   -7   -9   -4  -19   -1    5   -2   -4  -23  -16  -12    7    7   10
    1    3    7    1    1    5    1    1      4785  -11   -1  -11  -10   13   12  -12   12  -11   10   11   -4    8   11    0   -6   10    5
    1    3    8    1    2    3    2    1       867   -5   -8   -3  -10  -10  -12   -6  -12   -3    2   -3   -3  -15  -16  -12    8    8   11
    1    3    9    1    3    3    1    0      1154   14  -11   15    4    3   -8  -12   11   12    8  -16    0    4   12    6    6   13   -6
    1    3   10    1    3    5    3    1      1893   16  -12   11    1    1  -11   -9    6    4    2   -9   -1    9   17    2   12   13   -3
    1    3   11    1    1    1    3    0      2778  -10   -3  -12   -9   13   12  -18   15  -17    3   12   -3    8    3    1   -8    9    6
    1    3   12    1    2    4    2    1       876   -2  -11    0  -12   -7  -11   -4  -13   -4    4   -3   -4  -12  -14  -11   10    6   11
    1    3   13    1    2    2    2    1      3882   -5   -8   -2  -11  -16  -12   -6  -22   -2    6   -2   -5  -13  -17  -12   10    1   10
    1    3   14    1    3    1    1    0      1728   15  -14   15  -10    4  -14  -13    5    3    4  -13   -8    7   18    1   14    4  -10
    1    3   15    1    1    4    1    1       924  -12    0   -9  -11   15   17  -10   14  -10    8   14   -2   11    5    3   -7    7    4
    1    4    1    1    1    2    3    0      1000  -14   -1  -12  -13   15   13  -12   12   -8   14   13   -2    5   10    2   -5   10    2
    1    4    2    1    1    1    1    1      1666  -10   -3  -12   -9   13   12  -18   15  -17    3   12   -3    8    3    1   -8    9    6
    1    4    3    1    3    1    1    0      1472   15  -14   15  -10    4  -14  -13    5    3    4  -13   -8    7   18    1   14    4  -10
    1    4    4    1    1    3    2    0      3303  -12   -3  -12   -9   14   12  -18   16  -20    2   12   -3    8    6    3   -7    6    5
    1    4    5    1    1    5    3    0      1332  -11   -1  -11  -10   13   12  -12   12  -11   10   11   -4    8   11    0   -6   10    5
    1    4    6    1    2    5    2    1       848   -3  -11   -3  -16   -7   -9   -4  -19   -1    5   -2   -4  -23  -16  -12    7    7   10
    1    4    7    1    1    4    1    1      1199  -12    0   -9  -11   15   17  -10   14  -10    8   14   -2   11    5    3   -7    7    4
    1    4    8    1    3    3    1    0      1184   14  -11   15    4    3   -8  -12   11   12    8  -16    0    4   12    6    6   13   -6
    1    4    9    1    2    3    2    1       994   -5   -8   -3  -10  -10  -12   -6  -12   -3    2   -3   -3  -15  -16  -12    8    8   11
    1    4   10    1    2    2    2    1      1404   -5   -8   -2  -11  -16  -12   -6  -22   -2    6   -2   -5  -13  -17  -12   10    1   10
    1    4   11    1    3    4    3    1      7173   13  -12    9    1    1  -12  -13   14    5    3  -12   -3   10   15    1   16   12   -4
    1    4   12    1    3    2    3    1       839    9  -11    9    1    1  -14  -13   12    6    2  -11   -1   11   17    3   13   13   -4
    1    4   13    1    2    1    2    1      1047   -4   -7   -1  -13   -6  -12   -4  -16  -10   12   -1   -7  -14  -14  -11    8    7    9
    1    4   14    1    2    4    2    1       750   -2  -11    0  -12   -7  -11   -4  -13   -4    4   -3   -4  -12  -14  -11   10    6   11
    1    4   15    1    3    5    1    0       962   16  -12   11    1    1  -11   -9    6    4    2   -9   -1    9   17    2   12   13   -3
    1    5    1    1    2    5    2    1       972   -3  -11   -3  -16   -7   -9   -4  -19   -1    5   -2   -4  -23  -16  -12    7    7   10
    1    5    2    1    2    3    2    1       759   -5   -8   -3  -10  -10  -12   -6  -12   -3    2   -3   -3  -15  -16  -12    8    8   11
    1    5    3    1    2    2    2    1       794   -5   -8   -2  -11  -16  -12   -6  -22   -2    6   -2   -5  -13  -17  -12   10    1   10
    1    5    4    1    2    4    2    1       635   -2  -11    0  -12   -7  -11   -4  -13   -4    4   -3   -4  -12  -14  -11   10    6   11
    1    5    5    1    1    5    3    0      4979  -11   -1  -11  -10   13   12  -12   12  -11   10   11   -4    8   11    0   -6   10    5
    1    5    6    1    3    1    1    0      1501   15  -14   15  -10    4  -14  -13    5    3    4  -13   -8    7   18    1   14    4  -10
    1    5    7    1    1    3    1    1      2258  -12   -3  -12   -9   14   12  -18   16  -20    2   12   -3    8    6    3   -7    6    5
    1    5    8    1    3    2    1    0       665    9  -11    9    1    1  -14  -13   12    6    2  -11   -1   11   17    3   13   13   -4
    1    5    9    1    2    1    2    1       864   -4   -7   -1  -13   -6  -12   -4  -16  -10   12   -1   -7  -14  -14  -11    8    7    9
    1    5   10    1    3    4    3    1      2078   13  -12    9    1    1  -12  -13   14    5    3  -12   -3   10   15    1   16   12   -4
    1    5   11    1    1    1    1    1      1804  -10   -3  -12   -9   13   12  -18   15  -17    3   12   -3    8    3    1   -8    9    6
    1    5   12    1    3    5    3    1      1861   16  -12   11    1    1  -11   -9    6    4    2   -9   -1    9   17    2   12   13   -3
    1    5   13    1    1    4    2    0      1100  -12    0   -9  -11   15   17  -10   14  -10    8   14   -2   11    5    3   -7    7    4
    1    5   14    1    1    2    3    0      1489  -14   -1  -12  -13   15   13  -12   12   -8   14   13   -2    5   10    2   -5   10    2
    1    5   15    1    3    3    3    1      1591   14  -11   15    4    3   -8  -12   11   12    8  -16    0    4   12    6    6   13   -6
    1    6    1    1    2    5    2    1       873   -3  -11   -3  -16   -7   -9   -4  -19   -1    5   -2   -4  -23  -16  -12    7    7   10
    1    6    2    1    1    1    3    0      2440  -10   -3  -12   -9   13   12  -18   15  -17    3   12   -3    8    3    1   -8    9    6
    1    6    3    1    1    2    3    0      1623  -14   -1  -12  -13   15   13  -12   12   -8   14   13   -2    5   10    2   -5   10    2
    1    6    4    1    3    3    3    1      3816   14  -11   15    4    3   -8  -12   11   12    8  -16    0    4   12    6    6   13   -6
    1    6    5    1    3    5    3    1      1665   16  -12   11    1    1  -11   -9    6    4    2   -9   -1    9   17    2   12   13   -3
    1    6    6    1    3    2    3    1      1743    9  -11    9    1    1  -14  -13   12    6    2  -11   -1   11   17    3   13   13   -4
    1    6    7    1    2    1    2    1      1530   -4   -7   -1  -13   -6  -12   -4  -16  -10   12   -1   -7  -14  -14  -11    8    7    9
    1    6    8    1    1    4    1    1      1326  -12    0   -9  -11   15   17  -10   14  -10    8   14   -2   11    5    3   -7    7    4
    1    6    9    1    1    3    1    1      1450  -12   -3  -12   -9   14   12  -18   16  -20    2   12   -3    8    6    3   -7    6    5
    1    6   10    1    2    2    1    0       882   -5   -8   -2  -11  -16  -12   -6  -22   -2    6   -2   -5  -13  -17  -12   10    1   10
    1    6   11    1    3    4    1    0      1407   13  -12    9    1    1  -12  -13   14    5    3  -12   -3   10   15    1   16   12   -4
    1    6   12    1    2    4    2    1       857   -2  -11    0  -12   -7  -11   -4  -13   -4    4   -3   -4  -12  -14  -11   10    6   11
    1    6   13    1    1    5    3    0      1400  -11   -1  -11  -10   13   12  -12   12  -11   10   11   -4    8   11    0   -6   10    5
    1    6   14    1    3    1    3    1      1633   15  -14   15  -10    4  -14  -13    5    3    4  -13   -8    7   18    1   14    4  -10
    1    6   15    1    2    3    2    1       753   -5   -8   -3  -10  -10  -12   -6  -12   -3    2   -3   -3  -15  -16  -12    8    8   11
    1    7    1    1    2    3    2    1      1205   -5   -8   -3  -10  -10  -12   -6  -12   -3    2   -3   -3  -15  -16  -12    8    8   11
    1    7    2    1    2    2    2    1       550   -5   -8   -2  -11  -16  -12   -6  -22   -2    6   -2   -5  -13  -17  -12   10    1   10
    1    7    3    1    2    5    2    1       673   -3  -11   -3  -16   -7   -9   -4  -19   -1    5   -2   -4  -23  -16  -12    7    7   10
    1    7    4    1    3    1    3    1      1336   15  -14   15  -10    4  -14  -13    5    3    4  -13   -8    7   18    1   14    4  -10
    1    7    5    1    1    2    1    1       915  -14   -1  -12  -13   15   13  -12   12   -8   14   13   -2    5   10    2   -5   10    2
    1    7    6    1    2    1    2    1      2048   -4   -7   -1  -13   -6  -12   -4  -16  -10   12   -1   -7  -14  -14  -11    8    7    9
    1    7    7    1    1    3    3    0      1503  -12   -3  -12   -9   14   12  -18   16  -20    2   12   -3    8    6    3   -7    6    5
    1    7    8    1    3    4    3    1      2196   13  -12    9    1    1  -12  -13   14    5    3  -12   -3   10   15    1   16   12   -4
    1    7    9    1    2    4    2    1      1406   -2  -11    0  -12   -7  -11   -4  -13   -4    4   -3   -4  -12  -14  -11   10    6   11
    1    7   10    1    1    4    1    1      4775  -12    0   -9  -11   15   17  -10   14  -10    8   14   -2   11    5    3   -7    7    4
    1    7   11    1    3    5    3    1      1226   16  -12   11    1    1  -11   -9    6    4    2   -9   -1    9   17    2   12   13   -3
    1    7   12    1    1    5    1    1      3530  -11   -1  -11  -10   13   12  -12   12  -11   10   11   -4    8   11    0   -6   10    5
    1    7   13    1    3    3    1    0      1198   14  -11   15    4    3   -8  -12   11   12    8  -16    0    4   12    6    6   13   -6
    1    7   14    1    1    1    1    1      1599  -10   -3  -12   -9   13   12  -18   15  -17    3   12   -3    8    3    1   -8    9    6
    1    7   15    1    3    2    3    1      2304    9  -11    9    1    1  -14  -13   12    6    2  -11   -1   11   17    3   13   13   -4
    1    8    1    1    3    5    3    1       870   16  -12   11    1    1  -11   -9    6    4    2   -9   -1    9   17    2   12   13   -3
    1    8    2    1    2    5    2    1       884   -3  -11   -3  -16   -7   -9   -4  -19   -1    5   -2   -4  -23  -16  -12    7    7   10
    1    8    3    1    3    3    1    0      2658   14  -11   15    4    3   -8  -12   11   12    8  -16    0    4   12    6    6   13   -6
    1    8    4    1    1    2    3    0      3545  -14   -1  -12  -13   15   13  -12   12   -8   14   13   -2    5   10    2   -5   10    2
    1    8    5    1    1    4    1    1      4909  -12    0   -9  -11   15   17  -10   14  -10    8   14   -2   11    5    3   -7    7    4
    1    8    6    1    3    1    3    1      2586   15  -14   15  -10    4  -14  -13    5    3    4  -13   -8    7   18    1   14    4  -10
    1    8    7    1    1    1    1    1      2164  -10   -3  -12   -9   13   12  -18   15  -17    3   12   -3    8    3    1   -8    9    6
    1    8    8    1    3    2    1    0      1278    9  -11    9    1    1  -14  -13   12    6    2  -11   -1   11   17    3   13   13   -4
    1    8    9    1    2    3    2    1       732   -5   -8   -3  -10  -10  -12   -6  -12   -3    2   -3   -3  -15  -16  -12    8    8   11
    1    8   10    1    3    4    1    0      2352   13  -12    9    1    1  -12  -13   14    5    3  -12   -3   10   15    1   16   12   -4
    1    8   11    1    2    2    2    1      1043   -5   -8   -2  -11  -16  -12   -6  -22   -2    6   -2   -5  -13  -17  -12   10    1   10
    1    8   12    1    2    4    2    1       779   -2  -11    0  -12   -7  -11   -4  -13   -4    4   -3   -4  -12  -14  -11   10    6   11
    1    8   13    1    1    5    3    0      1500  -11   -1  -11  -10   13   12  -12   12  -11   10   11   -4    8   11    0   -6   10    5
    1    8   14    1    1    3    1    1      1714  -12   -3  -12   -9   14   12  -18   16  -20    2   12   -3    8    6    3   -7    6    5
    1    8   15    1    2    1    2    1      1022   -4   -7   -1  -13   -6  -12   -4  -16  -10   12   -1   -7  -14  -14  -11    8    7    9
    1    9    1    1    3    5    1    0      1207   16  -12   11    1    1  -11   -9    6    4    2   -9   -1    9   17    2   12   13   -3
    1    9    2    1    2    3    2    1       840   -5   -8   -3  -10  -10  -12   -6  -12   -3    2   -3   -3  -15  -16  -12    8    8   11
    1    9    3    1    3    2    3    1      1224    9  -11    9    1    1  -14  -13   12    6    2  -11   -1   11   17    3   13   13   -4
    1    9    4    1    3    4    3    1      1209   13  -12    9    1    1  -12  -13   14    5    3  -12   -3   10   15    1   16   12   -4
    1    9    5    1    3    3    3    1       730   14  -11   15    4    3   -8  -12   11   12    8  -16    0    4   12    6    6   13   -6
    1    9    6    1    2    5    2    1      1086   -3  -11   -3  -16   -7   -9   -4  -19   -1    5   -2   -4  -23  -16  -12    7    7   10
    1    9    7    1    1    2    1    1      1620  -14   -1  -12  -13   15   13  -12   12   -8   14   13   -2    5   10    2   -5   10    2
    1    9    8    1    2    1    2    1       948   -4   -7   -1  -13   -6  -12   -4  -16  -10   12   -1   -7  -14  -14  -11    8    7    9
    1    9    9    1    3    1    3    1      3136   15  -14   15  -10    4  -14  -13    5    3    4  -13   -8    7   18    1   14    4  -10
    1    9   10    1    1    5    3    0      4692  -11   -1  -11  -10   13   12  -12   12  -11   10   11   -4    8   11    0   -6   10    5
    1    9   11    1    2    2    2    1      1945   -5   -8   -2  -11  -16  -12   -6  -22   -2    6   -2   -5  -13  -17  -12   10    1   10
    1    9   12    1    1    3    1    1      3005  -12   -3  -12   -9   14   12  -18   16  -20    2   12   -3    8    6    3   -7    6    5
    1    9   13    1    1    4    1    1       902  -12    0   -9  -11   15   17  -10   14  -10    8   14   -2   11    5    3   -7    7    4
    1    9   14    1    1    1    1    1       627  -10   -3  -12   -9   13   12  -18   15  -17    3   12   -3    8    3    1   -8    9    6
    1    9   15    1    2    4    2    1       907   -2  -11    0  -12   -7  -11   -4  -13   -4    4   -3   -4  -12  -14  -11   10    6   11
    1   10    1    1    1    5    3    0      3000  -11   -1  -11  -10   13   12  -12   12  -11   10   11   -4    8   11    0   -6   10    5
    1   10    2    1    2    2    2    1       802   -5   -8   -2  -11  -16  -12   -6  -22   -2    6   -2   -5  -13  -17  -12   10    1   10
    1   10    3    1    3    4    3    1      1747   13  -12    9    1    1  -12  -13   14    5    3  -12   -3   10   15    1   16   12   -4
    1   10    4    1    3    2    3    1       542    9  -11    9    1    1  -14  -13   12    6    2  -11   -1   11   17    3   13   13   -4
    1   10    5    1    2    5    2    1       858   -3  -11   -3  -16   -7   -9   -4  -19   -1    5   -2   -4  -23  -16  -12    7    7   10
    1   10    6    1    1    3    1    1      1001  -12   -3  -12   -9   14   12  -18   16  -20    2   12   -3    8    6    3   -7    6    5
    1   10    7    1    2    1    2    1       819   -4   -7   -1  -13   -6  -12   -4  -16  -10   12   -1   -7  -14  -14  -11    8    7    9
    1   10    8    1    2    3    2    1       915   -5   -8   -3  -10  -10  -12   -6  -12   -3    2   -3   -3  -15  -16  -12    8    8   11
    1   10    9    1    1    4    1    1      1712  -12    0   -9  -11   15   17  -10   14  -10    8   14   -2   11    5    3   -7    7    4
    1   10   10    1    2    4    2    1       636   -2  -11    0  -12   -7  -11   -4  -13   -4    4   -3   -4  -12  -14  -11   10    6   11
    1   10   11    1    1    1    1    1       948  -10   -3  -12   -9   13   12  -18   15  -17    3   12   -3    8    3    1   -8    9    6
    1   10   12    1    3    5    3    1      1408   16  -12   11    1    1  -11   -9    6    4    2   -9   -1    9   17    2   12   13   -3
    1   10   13    1    1    2    1    1      2377  -14   -1  -12  -13   15   13  -12   12   -8   14   13   -2    5   10    2   -5   10    2
    1   10   14    1    3    1    3    1      2555   15  -14   15  -10    4  -14  -13    5    3    4  -13   -8    7   18    1   14    4  -10
    1   10   15    1    3    3    3    1       614   14  -11   15    4    3   -8  -12   11   12    8  -16    0    4   12    6    6   13   -6
    1   11    1    1    1    1    1    1      3119  -10   -3  -12   -9   13   12  -18   15  -17    3   12   -3    8    3    1   -8    9    6
    1   11    2    1    2    5    2    1       899   -3  -11   -3  -16   -7   -9   -4  -19   -1    5   -2   -4  -23  -16  -12    7    7   10
    1   11    3    1    3    4    3    1      2000   13  -12    9    1    1  -12  -13   14    5    3  -12   -3   10   15    1   16   12   -4
    1   11    4    1    2    3    2    1      1026   -5   -8   -3  -10  -10  -12   -6  -12   -3    2   -3   -3  -15  -16  -12    8    8   11
    1   11    5    1    3    5    3    1      1466   16  -12   11    1    1  -11   -9    6    4    2   -9   -1    9   17    2   12   13   -3
    1   11    6    1    2    4    2    1       625   -2  -11    0  -12   -7  -11   -4  -13   -4    4   -3   -4  -12  -14  -11   10    6   11
    1   11    7    1    1    4    3    0       729  -12    0   -9  -11   15   17  -10   14  -10    8   14   -2   11    5    3   -7    7    4
    1   11    8    1    1    3    1    1      1325  -12   -3  -12   -9   14   12  -18   16  -20    2   12   -3    8    6    3   -7    6    5
    1   11    9    1    1    5    1    1       842  -11   -1  -11  -10   13   12  -12   12  -11   10   11   -4    8   11    0   -6   10    5
    1   11   10    1    2    2    2    1      1146   -5   -8   -2  -11  -16  -12   -6  -22   -2    6   -2   -5  -13  -17  -12   10    1   10
    1   11   11    1    1    2    1    1      2669  -14   -1  -12  -13   15   13  -12   12   -8   14   13   -2    5   10    2   -5   10    2
    1   11   12    1    3    1    3    1      1651   15  -14   15  -10    4  -14  -13    5    3    4  -13   -8    7   18    1   14    4  -10
    1   11   13    1    2    1    2    1      1011   -4   -7   -1  -13   -6  -12   -4  -16  -10   12   -1   -7  -14  -14  -11    8    7    9
    1   11   14    1    3    3    3    1      1019   14  -11   15    4    3   -8  -12   11   12    8  -16    0    4   12    6    6   13   -6
    1   11   15    1    3    2    3    1       676    9  -11    9    1    1  -14  -13   12    6    2  -11   -1   11   17    3   13   13   -4
    1   12    1    1    2    2    2    1       746   -5   -8   -2  -11  -16  -12   -6  -22   -2    6   -2   -5  -13  -17  -12   10    1   10
    1   12    2    1    1    5    1    1      1309  -11   -1  -11  -10   13   12  -12   12  -11   10   11   -4    8   11    0   -6   10    5
    1   12    3    1    1    3    1    1       794  -12   -3  -12   -9   14   12  -18   16  -20    2   12   -3    8    6    3   -7    6    5
    1   12    4    1    3    5    3    1      1067   16  -12   11    1    1  -11   -9    6    4    2   -9   -1    9   17    2   12   13   -3
    1   12    5    1    3    3    3    1       754   14  -11   15    4    3   -8  -12   11   12    8  -16    0    4   12    6    6   13   -6
    1   12    6    1    1    2    1    1      1061  -14   -1  -12  -13   15   13  -12   12   -8   14   13   -2    5   10    2   -5   10    2
    1   12    7    1    2    5    2    1       811   -3  -11   -3  -16   -7   -9   -4  -19   -1    5   -2   -4  -23  -16  -12    7    7   10
    1   12    8    1    3    4    3    1      1164   13  -12    9    1    1  -12  -13   14    5    3  -12   -3   10   15    1   16   12   -4
    1   12    9    1    1    4    1    1      1407  -12    0   -9  -11   15   17  -10   14  -10    8   14   -2   11    5    3   -7    7    4
    1   12   10    1    2    4    2    1       904   -2  -11    0  -12   -7  -11   -4  -13   -4    4   -3   -4  -12  -14  -11   10    6   11
    1   12   11    1    2    1    2    1       709   -4   -7   -1  -13   -6  -12   -4  -16  -10   12   -1   -7  -14  -14  -11    8    7    9
    1   12   12    1    3    2    3    1      1306    9  -11    9    1    1  -14  -13   12    6    2  -11   -1   11   17    3   13   13   -4
    1   12   13    1    2    3    2    1       871   -5   -8   -3  -10  -10  -12   -6  -12   -3    2   -3   -3  -15  -16  -12    8    8   11
    1   12   14    1    3    1    3    1      1062   15  -14   15  -10    4  -14  -13    5    3    4  -13   -8    7   18    1   14    4  -10
    1   12   15    1    1    1    1    1      1372  -10   -3  -12   -9   13   12  -18   15  -17    3   12   -3    8    3    1   -8    9    6
    1   13    1    1    3    3    3    1       871   14  -11   15    4    3   -8  -12   11   12    8  -16    0    4   12    6    6   13   -6
    1   13    2    1    1    2    1    1       966  -14   -1  -12  -13   15   13  -12   12   -8   14   13   -2    5   10    2   -5   10    2
    1   13    3    1    2    5    2    1       528   -3  -11   -3  -16   -7   -9   -4  -19   -1    5   -2   -4  -23  -16  -12    7    7   10
    1   13    4    1    2    2    2    1       684   -5   -8   -2  -11  -16  -12   -6  -22   -2    6   -2   -5  -13  -17  -12   10    1   10
    1   13    5    1    3    2    3    1       882    9  -11    9    1    1  -14  -13   12    6    2  -11   -1   11   17    3   13   13   -4
    1   13    6    1    1    3    1    1      1296  -12   -3  -12   -9   14   12  -18   16  -20    2   12   -3    8    6    3   -7    6    5
    1   13    7    1    1    4    1    1       861  -12    0   -9  -11   15   17  -10   14  -10    8   14   -2   11    5    3   -7    7    4
    1   13    8    1    3    4    3    1       668   13  -12    9    1    1  -12  -13   14    5    3  -12   -3   10   15    1   16   12   -4
    1   13    9    1    3    1    3    1       610   15  -14   15  -10    4  -14  -13    5    3    4  -13   -8    7   18    1   14    4  -10
    1   13   10    1    1    5    1    1       923  -11   -1  -11  -10   13   12  -12   12  -11   10   11   -4    8   11    0   -6   10    5
    1   13   11    1    1    1    1    1       967  -10   -3  -12   -9   13   12  -18   15  -17    3   12   -3    8    3    1   -8    9    6
    1   13   12    1    3    5    3    1       834   16  -12   11    1    1  -11   -9    6    4    2   -9   -1    9   17    2   12   13   -3
    1   13   13    1    2    4    2    1       690   -2  -11    0  -12   -7  -11   -4  -13   -4    4   -3   -4  -12  -14  -11   10    6   11
    1   13   14    1    2    3    2    1       616   -5   -8   -3  -10  -10  -12   -6  -12   -3    2   -3   -3  -15  -16  -12    8    8   11
    1   13   15    1    2    1    2    1       945   -4   -7   -1  -13   -6  -12   -4  -16  -10   12   -1   -7  -14  -14  -11    8    7    9
    1   14    1    1    3    5    3    1       684   16  -12   11    1    1  -11   -9    6    4    2   -9   -1    9   17    2   12   13   -3
    1   14    2    1    1    4    1    1       754  -12    0   -9  -11   15   17  -10   14  -10    8   14   -2   11    5    3   -7    7    4
    1   14    3    1    2    5    2    1      1013   -3  -11   -3  -16   -7   -9   -4  -19   -1    5   -2   -4  -23  -16  -12    7    7   10
    1   14    4    1    3    2    3    1      1901    9  -11    9    1    1  -14  -13   12    6    2  -11   -1   11   17    3   13   13   -4
    1   14    5    1    2    1    2    1       899   -4   -7   -1  -13   -6  -12   -4  -16  -10   12   -1   -7  -14  -14  -11    8    7    9
    1   14    6    1    2    3    2    1       848   -5   -8   -3  -10  -10  -12   -6  -12   -3    2   -3   -3  -15  -16  -12    8    8   11
    1   14    7    1    1    5    1    1      1087  -11   -1  -11  -10   13   12  -12   12  -11   10   11   -4    8   11    0   -6   10    5
    1   14    8    1    1    3    1    1      1077  -12   -3  -12   -9   14   12  -18   16  -20    2   12   -3    8    6    3   -7    6    5
    1   14    9    1    2    4    2    1       939   -2  -11    0  -12   -7  -11   -4  -13   -4    4   -3   -4  -12  -14  -11   10    6   11
    1   14   10    1    1    1    1    1       823  -10   -3  -12   -9   13   12  -18   15  -17    3   12   -3    8    3    1   -8    9    6
    1   14   11    1    3    3    3    1       488   14  -11   15    4    3   -8  -12   11   12    8  -16    0    4   12    6    6   13   -6
    1   14   12    1    3    1    3    1       678   15  -14   15  -10    4  -14  -13    5    3    4  -13   -8    7   18    1   14    4  -10
    1   14   13    1    2    2    2    1       620   -5   -8   -2  -11  -16  -12   -6  -22   -2    6   -2   -5  -13  -17  -12   10    1   10
    1   14   14    1    1    2    1    1       820  -14   -1  -12  -13   15   13  -12   12   -8   14   13   -2    5   10    2   -5   10    2
    1   14   15    1    3    4    3    1       741   13  -12    9    1    1  -12  -13   14    5    3  -12   -3   10   15    1   16   12   -4
    1   15    1    1    2    3    2    1       633   -5   -8   -3  -10  -10  -12   -6  -12   -3    2   -3   -3  -15  -16  -12    8    8   11
    1   15    2    1    3    4    3    1      2049   13  -12    9    1    1  -12  -13   14    5    3  -12   -3   10   15    1   16   12   -4
    1   15    3    1    3    5    3    1       864   16  -12   11    1    1  -11   -9    6    4    2   -9   -1    9   17    2   12   13   -3
    1   15    4    1    1    4    1    1      1022  -12    0   -9  -11   15   17  -10   14  -10    8   14   -2   11    5    3   -7    7    4
    1   15    5    1    1    1    1    1      1255  -10   -3  -12   -9   13   12  -18   15  -17    3   12   -3    8    3    1   -8    9    6
    1   15    6    1    1    2    1    1       679  -14   -1  -12  -13   15   13  -12   12   -8   14   13   -2    5   10    2   -5   10    2
    1   15    7    1    2    4    2    1       844   -2  -11    0  -12   -7  -11   -4  -13   -4    4   -3   -4  -12  -14  -11   10    6   11
    1   15    8    1    2    2    2    1      1244   -5   -8   -2  -11  -16  -12   -6  -22   -2    6   -2   -5  -13  -17  -12   10    1   10
    1   15    9    1    3    3    3    1      1035   14  -11   15    4    3   -8  -12   11   12    8  -16    0    4   12    6    6   13   -6
    1   15   10    1    1    3    1    1       691  -12   -3  -12   -9   14   12  -18   16  -20    2   12   -3    8    6    3   -7    6    5
    1   15   11    1    3    2    3    1      1945    9  -11    9    1    1  -14  -13   12    6    2  -11   -1   11   17    3   13   13   -4
    1   15   12    1    2    5    2    1       828   -3  -11   -3  -16   -7   -9   -4  -19   -1    5   -2   -4  -23  -16  -12    7    7   10
    1   15   13    1    1    5    1    1      1020  -11   -1  -11  -10   13   12  -12   12  -11   10   11   -4    8   11    0   -6   10    5
    1   15   14    1    3    1    3    1      1028   15  -14   15  -10    4  -14  -13    5    3    4  -13   -8    7   18    1   14    4  -10
    1   15   15    1    2    1    2    1       636   -4   -7   -1  -13   -6  -12   -4  -16  -10   12   -1   -7  -14  -14  -11    8    7    9
    2    1    1    2    1    0    1    0      2799  -12   -1  -10  -11   13   13  -13   13  -12    9   12   -2   10    5    2   -6    8    4
    2    1    2    4    2    2    2    1      1664   -4  -10    9   -4   -7  -12   -4  -15   -3    4    0   -5  -13  -17  -12   10    5   12
    2    1    3    4    2    1    2    1      1455   -3  -10    0  -12   -9  -11   -8  -15   -2    2   -2   -5  -13  -13  -14   10   11    5
    2    1    4    4    1    1    2    1      3910  -13    1  -15  -15    4    9  -12   13  -13   10   10   -5    9    5   -3   -1    8   -1
    2    1    5    1    3    2    1    1      1323    9  -11    9    1    1  -14  -13   12    6    2  -11   -1   11   17    3   13   13   -4
    2    1    6    1    3    4    1    1       559   13  -12    9    1    1  -12  -13   14    5    3  -12   -3   10   15    1   16   12   -4
    2    1    7    4    3    1    1    0       642   15  -22    9   -1    1  -13  -12   12    6   -1  -10    0   11   15    5   12   13   -4
    2    1    8    4    1    2    2    1      1034  -13   -3  -14   -9   12   15  -14   14  -14   11   16  -10   10    4    0   -6   -1   -4
    2    1    9    2    2    0    1    0      2178   -4   -9   -1  -11   -8  -11   -6  -14   -3    3   -1   -5  -14  -15  -12    9    7   11
    2    1   10    6    0    0    1    0      2956  -13    5    7   -5   -2   -4   14  -16   -1   -8   11   15    2   11    7   -9  -12   -9
    2    1   11    6    0    0    1    0      3095    0   14    2   13   11  -11   11   -7   -2   17   -1  -12   24   11    6   -9    7   -3
    2    1   12    4    2    4    2    1      3868   -4   -7    0  -11  -12  -10   -1  -14   -1   -1   -4   -4  -14  -16  -10    9    6   12
    2    1   13    1    2    3    1    1      1171   -5   -8   -3  -10  -10  -12   -6  -12   -3    2   -3   -3  -15  -16  -12    8    8   11
    2    1   14    4    3    2    2    1      1109   13  -12    5   -3    7  -12  -13   12   -1    3   -4    6   16    7    3   13   11   -3
    2    1   15    4    1    5    1    0      1418  -13    0   -4  -18   13   12  -12   11  -13    9   13   -2   15    7    2   -7    9    3
    2    1   16    1    1    5    1    1      1443  -11   -1  -11  -10   13   12  -12   12  -11   10   11   -4    8   11    0   -6   10    5
    2    1   17    1    3    3    1    1      1882   14  -11   15    4    3   -8  -12   11   12    8  -16    0    4   12    6    6   13   -6
    2    1   18    1    1    1    1    1      1456  -10   -3  -12   -9   13   12  -18   15  -17    3   12   -3    8    3    1   -8    9    6
    2    1   19    1    3    1    1    1      2599   15  -14   15  -10    4  -14  -13    5    3    4  -13   -8    7   18    1   14    4  -10
    2    1   20    1    1    3    1    1      1232  -12   -3  -12   -9   14   12  -18   16  -20    2   12   -3    8    6    3   -7    6    5
    2    1   21    1    2    2    2    0      1072   -5   -8   -2  -11  -16  -12   -6  -22   -2    6   -2   -5  -13  -17  -12   10    1   10
    2    1   22    1    2    5    1    1       999   -3  -11   -3  -16   -7   -9   -4  -19   -1    5   -2   -4  -23  -16  -12    7    7   10
    2    1   23    4    2    5    1    0       752   -5   -8    0   -9  -17  -20   -7  -17   -2    4   -2   -5  -14  -16  -11   11    8   12
    2    1   24    4    2    3    1    0      1587   -3   -9   -1  -10   -8  -12   -4  -13   -3    4   -2   -7  -13  -16   -6   17    2   11
    2    1   25    6    0    0    2    1      1109    2   -3  -14   15   -1   -1    6   14   16   -5   -1    7  -16   17    8    5   15   -8
    2    1   26    6    0    0    2    1       922    3   -5   -7   -1   -2    0    4   11   18   -2   -1    6  -16   17   11    9   10   -5
    2    1   27    4    3    3    1    0      1318   15   -6    8    2    0  -12  -11   13    5    0  -13    0   19   18    3   15   12   -2
    2    1   28    2    3    0    1    0       899   14  -13    9    0    2  -13  -12   13    4    1  -11   -2    9   16    3   14   11   -4
    2    1   29    4    1    3    1    0      1456  -12   -2   -7   -9    7    9  -11   14  -14   10   10    0   13    9   -2   -6    6    4
    2    1   30    4    3    5    2    1      3351   14  -14    9    2    1  -13  -12   12    4    3  -12   -3    9   15    1    6   10   -4
    2    1   31    4    3    4    1    0       947   14  -12    8    0    0  -14  -11   12    6    5  -13   -3    8   17    3   12   12   -6
    2    1   32    1    1    4    1    1      1198  -12    0   -9  -11   15   17  -10   14  -10    8   14   -2   11    5    3   -7    7    4
    2    1   33    1    3    5    1    1       847   16  -12   11    1    1  -11   -9    6    4    2   -9   -1    9   17    2   12   13   -3
    2    1   34    1    1    2    2    0      1726  -14   -1  -12  -13   15   13  -12   12   -8   14   13   -2    5   10    2   -5   10    2
    2    1   35    1    2    1    1    1      1594   -4   -7   -1  -13   -6  -12   -4  -16  -10   12   -1   -7  -14  -14  -11    8    7    9
    2    1   36    1    2    4    1    1       972   -2  -11    0  -12   -7  -11   -4  -13   -4    4   -3   -4  -12  -14  -11   10    6   11
    2    1   37    6    0    0    2    1       918    1   17    5    9   12  -10   13  -16    7    8    3  -13   21   15    7   -7   11  -17
    2    1   38    6    0    0    2    1      2403  -12    6    5   -6   -1   -3   14  -14   -3   -4   13   14    6    9   10   -7   -2  -11
    2    1   39    4    1    4    1    0      1188  -12   -2   -8  -12   17   13  -14   15  -11    7   14   -2   15    4    2   -7    8    5
