    1    1    1    1    2    5    1    0     15627  -13   -4   14  -13  -13   10    1  -13   12   10   10   14   -7   -2   11    2    6   -7
    1    1    2    1    1    5    2    0      1461  -10   -3   -7   -5   10  -11   -3   10    1  -14  -13   -9    3  -10    9   -4    6   11
    1    1    3    1    1    3    3    0      1724  -10   -3   -6   -4    9   -9   -4    9    0  -21  -13   -9    3  -13   15  -13   -1   11
    1    1    4    1    3    5    1    0      1785   -6   -4  -16   -5   -5    3    8   12   -7    1   -9   11    7    4  -12    2   -8    5
    1    1    5    1    3    2    3    1      1027   -6   -8  -16   -9   -3    1    9   15   -8    4   -7   12   10    5  -13    3  -12   -3
    1    1    6    1    1    1    2    0      1996   -6   -3    0    3   11  -10   -2   11    4  -14  -11  -11    9  -15    9   -7    7   12
    1    1    7    1    2    1    1    0      2638  -12  -11   15   -6  -14    9    5  -14   14   22    9   13   -6    1   12    2    7   -7
    1    1    8    1    3    1    3    1      3110   -5   -3  -16  -10   -4    4    7   11  -10    1  -11   15    9    7  -13   -5  -14   -1
    1    1    9    1    3    3    3    1       987   -7    0  -17   -6   -3    2   11    8  -19    7  -10   11   11    4  -15   -4  -14   -2
    1    1   10    1    2    4    2    1      1653  -15  -12   15  -12  -15   12   -7  -11    9   11   11   13   -9   -2    9   -3    4   -4
    1    1   11    1    2    2    2    1      1077  -14   -9   14  -11  -13   11   -1  -17    7   15   13   12   -8   -4   16   -3    9   -6
    1    1   12    1    3    4    1    0      1948   -3   -9  -11   -6   -4   -2    8   12  -10    4   -8   14    8    3  -15   -3  -11    1
    1    1   13    1    1    2    3    0       991  -13    0   -6   -1   18  -14   -4   12    2   -9  -15  -11    5  -11    7   -6    2   13
    1    1   14    1    2    3    3    0      1449  -10  -10   15  -14  -13    9    8   -8   10   14   14   14  -17   -1   14    0   10   -7
    1    1   15    1    1    4    1    1       657   -6   -4   -5   -2   10  -11   -1   11   13  -11  -13   -9    5  -13    9   -6    3   18
    1    2    1    1    2    4    1    0       920  -15  -12   15  -12  -15   12   -7  -11    9   11   11   13   -9   -2    9   -3    4   -4
    1    2    2    1    3    3    3    1      1861   -7    0  -17   -6   -3    2   11    8  -19    7  -10   11   11    4  -15   -4  -14   -2
    1    2    3    1    2    3    2    1      2908  -10  -10   15  -14  -13    9    8   -8   10   14   14   14  -17   -1   14    0   10   -7
    1    2    4    1    3    4    1    0      2042   -3   -9  -11   -6   -4   -2    8   12  -10    4   -8   14    8    3  -15   -3  -11    1
    1    2    5    1    3    2    1    0       954   -6   -8  -16   -9   -3    1    9   15   -8    4   -7   12   10    5  -13    3  -12   -3
    1    2    6    1    2    5    2    1      1189  -13   -4   14  -13  -13   10    1  -13   12   10   10   14   -7   -2   11    2    6   -7
    1    2    7    1    2    1    2    1      1207  -12  -11   15   -6  -14    9    5  -14   14   22    9   13   -6    1   12    2    7   -7
    1    2    8    1    2    2    3    0      1304  -14   -9   14  -11  -13   11   -1  -17    7   15   13   12   -8   -4   16   -3    9   -6
    1    2    9    1    1    1    3    0       966   -6   -3    0    3   11  -10   -2   11    4  -14  -11  -11    9  -15    9   -7    7   12
    1    2   10    1    1    4    3    0       913   -6   -4   -5   -2   10  -11   -1   11   13  -11  -13   -9    5  -13    9   -6    3   18
    1    2   11    1    1    2    3    0       686  -13    0   -6   -1   18  -14   -4   12    2   -9  -15  -11    5  -11    7   -6    2   13
    1    2   12    1    1    5    1    1       852  -10   -3   -7   -5   10  -11   -3   10    1  -14  -13   -9    3  -10    9   -4    6   11
    1    2   13    1    3    5    1    0      1107   -6   -4  -16   -5   -5    3    8   12   -7    1   -9   11    7    4  -12    2   -8    5
    1    2   14    1    1    3    1    1      1305  -10   -3   -6   -4    9   -9   -4    9    0  -21  -13   -9    3  -13   15  -13   -1   11
    1    2   15    1    3    1    3    1      1127   -5   -3  -16  -10   -4    4    7   11  -10    1  -11   15    9    7  -13   -5  -14   -1
    1    3    1    1    3    2    3    1       875   -6   -8  -16   -9   -3    1    9   15   -8    4   -7   12   10    5  -13    3  -12   -3
    1    3    2    1    1    5    3    0       890  -10   -3   -7   -5   10  -11   -3   10    1  -14  -13   -9    3  -10    9   -4    6   11
    1    3    3    1    1    1    3    0       936   -6   -3    0    3   11  -10   -2   11    4  -14  -11  -11    9  -15    9   -7    7   12
    1    3    4    1    2    3    1    0       532  -10  -10   15  -14  -13    9    8   -8   10   14   14   14  -17   -1   14    0   10   -7
    1    3    5    1    2    1    3    0       928  -12  -11   15   -6  -14    9    5  -14   14   22    9   13   -6    1   12    2    7   -7
    1    3    6    1    3    1    1    0       989   -5   -3  -16  -10   -4    4    7   11  -10    1  -11   15    9    7  -13   -5  -14   -1
    1    3    7    1    3    3    3    1       887   -7    0  -17   -6   -3    2   11    8  -19    7  -10   11   11    4  -15   -4  -14   -2
    1    3    8    1    1    4    2    0      1141   -6   -4   -5   -2   10  -11   -1   11   13  -11  -13   -9    5  -13    9   -6    3   18
    1    3    9    1    2    4    2    1       985  -15  -12   15  -12  -15   12   -7  -11    9   11   11   13   -9   -2    9   -3    4   -4
    1    3   10    1    2    2    2    1       515  -14   -9   14  -11  -13   11   -1  -17    7   15   13   12   -8   -4   16   -3    9   -6
    1    3   11    1    3    5    1    0      1200   -6   -4  -16   -5   -5    3    8   12   -7    1   -9   11    7    4  -12    2   -8    5
    1    3   12    1    1    3    2    0       785  -10   -3   -6   -4    9   -9   -4    9    0  -21  -13   -9    3  -13   15  -13   -1   11
    1    3   13    1    3    4    2    0      2547   -3   -9  -11   -6   -4   -2    8   12  -10    4   -8   14    8    3  -15   -3  -11    1
    1    3   14    1    2    5    2    1       927  -13   -4   14  -13  -13   10    1  -13   12   10   10   14   -7   -2   11    2    6   -7
    1    3   15    1    1    2    3    0      1068  -13    0   -6   -1   18  -14   -4   12    2   -9  -15  -11    5  -11    7   -6    2   13
    1    4    1    1    2    4    2    1       883  -15  -12   15  -12  -15   12   -7  -11    9   11   11   13   -9   -2    9   -3    4   -4
    1    4    2    1    3    4    1    0      1409   -3   -9  -11   -6   -4   -2    8   12  -10    4   -8   14    8    3  -15   -3  -11    1
    1    4    3    1    1    2    3    0      2506  -13    0   -6   -1   18  -14   -4   12    2   -9  -15  -11    5  -11    7   -6    2   13
    1    4    4    1    1    5    1    1      1559  -10   -3   -7   -5   10  -11   -3   10    1  -14  -13   -9    3  -10    9   -4    6   11
    1    4    5    1    1    4    3    0      1451   -6   -4   -5   -2   10  -11   -1   11   13  -11  -13   -9    5  -13    9   -6    3   18
    1    4    6    1    3    2    1    0       642   -6   -8  -16   -9   -3    1    9   15   -8    4   -7   12   10    5  -13    3  -12   -3
    1    4    7    1    2    2    2    1       682  -14   -9   14  -11  -13   11   -1  -17    7   15   13   12   -8   -4   16   -3    9   -6
    1    4    8    1    2    5    2    1       833  -13   -4   14  -13  -13   10    1  -13   12   10   10   14   -7   -2   11    2    6   -7
    1    4    9    1    1    3    3    0      1217  -10   -3   -6   -4    9   -9   -4    9    0  -21  -13   -9    3  -13   15  -13   -1   11
    1    4   10    1    3    5    1    0      1985   -6   -4  -16   -5   -5    3    8   12   -7    1   -9   11    7    4  -12    2   -8    5
    1    4   11    1    3    3    3    1       931   -7    0  -17   -6   -3    2   11    8  -19    7  -10   11   11    4  -15   -4  -14   -2
    1    4   12    1    2    3    3    0      1311  -10  -10   15  -14  -13    9    8   -8   10   14   14   14  -17   -1   14    0   10   -7
    1    4   13    1    1    1    3    0      1005   -6   -3    0    3   11  -10   -2   11    4  -14  -11  -11    9  -15    9   -7    7   12
    1    4   14    1    2    1    2    1       934  -12  -11   15   -6  -14    9    5  -14   14   22    9   13   -6    1   12    2    7   -7
    1    4   15    1    3    1    2    0      1154   -5   -3  -16  -10   -4    4    7   11  -10    1  -11   15    9    7  -13   -5  -14   -1
    1    5    1    1    3    5    3    1       438   -6   -4  -16   -5   -5    3    8   12   -7    1   -9   11    7    4  -12    2   -8    5
    1    5    2    1    2    5    2    1      1110  -13   -4   14  -13  -13   10    1  -13   12   10   10   14   -7   -2   11    2    6   -7
    1    5    3    1    2    1    2    1       683  -12  -11   15   -6  -14    9    5  -14   14   22    9   13   -6    1   12    2    7   -7
    1    5    4    1    3    3    1    0      1393   -7    0  -17   -6   -3    2   11    8  -19    7  -10   11   11    4  -15   -4  -14   -2
    1    5    5    1    2    4    2    1       731  -15  -12   15  -12  -15   12   -7  -11    9   11   11   13   -9   -2    9   -3    4   -4
    1    5    6    1    1    1    2    0       592   -6   -3    0    3   11  -10   -2   11    4  -14  -11  -11    9  -15    9   -7    7   12
    1    5    7    1    2    2    2    1       713  -14   -9   14  -11  -13   11   -1  -17    7   15   13   12   -8   -4   16   -3    9   -6
    1    5    8    1    1    5    2    0      1343  -10   -3   -7   -5   10  -11   -3   10    1  -14  -13   -9    3  -10    9   -4    6   11
    1    5    9    1    3    4    1    0      1323   -3   -9  -11   -6   -4   -2    8   12  -10    4   -8   14    8    3  -15   -3  -11    1
    1    5   10    1    1    3    2    0       983  -10   -3   -6   -4    9   -9   -4    9    0  -21  -13   -9    3  -13   15  -13   -1   11
    1    5   11    1    1    2    3    0       978  -13    0   -6   -1   18  -14   -4   12    2   -9  -15  -11    5  -11    7   -6    2   13
    1    5   12    1    1    4    2    0      1244   -6   -4   -5   -2   10  -11   -1   11   13  -11  -13   -9    5  -13    9   -6    3   18
    1    5   13    1    3    1    3    1      1260   -5   -3  -16  -10   -4    4    7   11  -10    1  -11   15    9    7  -13   -5  -14   -1
    1    5   14    1    3    2    3    1       764   -6   -8  -16   -9   -3    1    9   15   -8    4   -7   12   10    5  -13    3  -12   -3
    1    5   15    1    2    3    1    0      1311  -10  -10   15  -14  -13    9    8   -8   10   14   14   14  -17   -1   14    0   10   -7
    1    6    1    1    1    1    3    0      1677   -6   -3    0    3   11  -10   -2   11    4  -14  -11  -11    9  -15    9   -7    7   12
    1    6    2    1    1    4    3    0      1676   -6   -4   -5   -2   10  -11   -1   11   13  -11  -13   -9    5  -13    9   -6    3   18
    1    6    3    1    2    2    1    0       842  -14   -9   14  -11  -13   11   -1  -17    7   15   13   12   -8   -4   16   -3    9   -6
    1    6    4    1    2    5    2    1       714  -13   -4   14  -13  -13   10    1  -13   12   10   10   14   -7   -2   11    2    6   -7
    1    6    5    1    3    2    3    1      1631   -6   -8  -16   -9   -3    1    9   15   -8    4   -7   12   10    5  -13    3  -12   -3
    1    6    6    1    2    1    2    1       863  -12  -11   15   -6  -14    9    5  -14   14   22    9   13   -6    1   12    2    7   -7
    1    6    7    1    1    3    3    0      1215  -10   -3   -6   -4    9   -9   -4    9    0  -21  -13   -9    3  -13   15  -13   -1   11
    1    6    8    1    2    4    2    1       895  -15  -12   15  -12  -15   12   -7  -11    9   11   11   13   -9   -2    9   -3    4   -4
    1    6    9    1    3    5    3    1      1181   -6   -4  -16   -5   -5    3    8   12   -7    1   -9   11    7    4  -12    2   -8    5
    1    6   10    1    3    4    3    1       607   -3   -9  -11   -6   -4   -2    8   12  -10    4   -8   14    8    3  -15   -3  -11    1
    1    6   11    1    3    1    1    0       969   -5   -3  -16  -10   -4    4    7   11  -10    1  -11   15    9    7  -13   -5  -14   -1
    1    6   12    1    1    2    1    1      1395  -13    0   -6   -1   18  -14   -4   12    2   -9  -15  -11    5  -11    7   -6    2   13
    1    6   13    1    3    3    3    1      1901   -7    0  -17   -6   -3    2   11    8  -19    7  -10   11   11    4  -15   -4  -14   -2
    1    6   14    1    1    5    2    0       883  -10   -3   -7   -5   10  -11   -3   10    1  -14  -13   -9    3  -10    9   -4    6   11
    1    6   15    1    2    3    1    0      1025  -10  -10   15  -14  -13    9    8   -8   10   14   14   14  -17   -1   14    0   10   -7
    1    7    1    1    3    4    3    1      1290   -3   -9  -11   -6   -4   -2    8   12  -10    4   -8   14    8    3  -15   -3  -11    1
    1    7    2    1    3    2    3    1       840   -6   -8  -16   -9   -3    1    9   15   -8    4   -7   12   10    5  -13    3  -12   -3
    1    7    3    1    2    2    2    1       904  -14   -9   14  -11  -13   11   -1  -17    7   15   13   12   -8   -4   16   -3    9   -6
    1    7    4    1    1    5    1    1       837  -10   -3   -7   -5   10  -11   -3   10    1  -14  -13   -9    3  -10    9   -4    6   11
    1    7    5    1    2    5    2    1       709  -13   -4   14  -13  -13   10    1  -13   12   10   10   14   -7   -2   11    2    6   -7
    1    7    6    1    1    1    3    0      1323   -6   -3    0    3   11  -10   -2   11    4  -14  -11  -11    9  -15    9   -7    7   12
    1    7    7    1    2    1    2    1       648  -12  -11   15   -6  -14    9    5  -14   14   22    9   13   -6    1   12    2    7   -7
    1    7    8    1    3    3    3    1      1103   -7    0  -17   -6   -3    2   11    8  -19    7  -10   11   11    4  -15   -4  -14   -2
    1    7    9    1    3    1    1    0      1157   -5   -3  -16  -10   -4    4    7   11  -10    1  -11   15    9    7  -13   -5  -14   -1
    1    7   10    1    2    4    2    1       808  -15  -12   15  -12  -15   12   -7  -11    9   11   11   13   -9   -2    9   -3    4   -4
    1    7   11    1    1    2    1    1      1306  -13    0   -6   -1   18  -14   -4   12    2   -9  -15  -11    5  -11    7   -6    2   13
    1    7   12    1    2    3    2    1       871  -10  -10   15  -14  -13    9    8   -8   10   14   14   14  -17   -1   14    0   10   -7
    1    7   13    1    1    3    3    0       934  -10   -3   -6   -4    9   -9   -4    9    0  -21  -13   -9    3  -13   15  -13   -1   11
    1    7   14    1    1    4    3    0      1090   -6   -4   -5   -2   10  -11   -1   11   13  -11  -13   -9    5  -13    9   -6    3   18
    1    7   15    1    3    5    1    0       936   -6   -4  -16   -5   -5    3    8   12   -7    1   -9   11    7    4  -12    2   -8    5
    1    8    1    1    2    1    2    1       580  -12  -11   15   -6  -14    9    5  -14   14   22    9   13   -6    1   12    2    7   -7
    1    8    2    1    1    1    1    1      1183   -6   -3    0    3   11  -10   -2   11    4  -14  -11  -11    9  -15    9   -7    7   12
    1    8    3    1    2    3    3    0       561  -10  -10   15  -14  -13    9    8   -8   10   14   14   14  -17   -1   14    0   10   -7
    1    8    4    1    2    4    2    1       700  -15  -12   15  -12  -15   12   -7  -11    9   11   11   13   -9   -2    9   -3    4   -4
    1    8    5    1    3    1    1    0      1538   -5   -3  -16  -10   -4    4    7   11  -10    1  -11   15    9    7  -13   -5  -14   -1
    1    8    6    1    3    4    3    1       870   -3   -9  -11   -6   -4   -2    8   12  -10    4   -8   14    8    3  -15   -3  -11    1
    1    8    7    1    3    5    3    1      1589   -6   -4  -16   -5   -5    3    8   12   -7    1   -9   11    7    4  -12    2   -8    5
    1    8    8    1    1    2    2    0      1895  -13    0   -6   -1   18  -14   -4   12    2   -9  -15  -11    5  -11    7   -6    2   13
    1    8    9    1    1    4    1    1       941   -6   -4   -5   -2   10  -11   -1   11   13  -11  -13   -9    5  -13    9   -6    3   18
    1    8   10    1    2    2    2    1       729  -14   -9   14  -11  -13   11   -1  -17    7   15   13   12   -8   -4   16   -3    9   -6
    1    8   11    1    2    5    2    1       702  -13   -4   14  -13  -13   10    1  -13   12   10   10   14   -7   -2   11    2    6   -7
    1    8   12    1    1    5    2    0      1219  -10   -3   -7   -5   10  -11   -3   10    1  -14  -13   -9    3  -10    9   -4    6   11
    1    8   13    1    3    2    3    1       836   -6   -8  -16   -9   -3    1    9   15   -8    4   -7   12   10    5  -13    3  -12   -3
    1    8   14    1    1    3    3    0      1396  -10   -3   -6   -4    9   -9   -4    9    0  -21  -13   -9    3  -13   15  -13   -1   11
    1    8   15    1    3    3    2    0       766   -7    0  -17   -6   -3    2   11    8  -19    7  -10   11   11    4  -15   -4  -14   -2
    1    9    1    1    3    3    3    1       593   -7    0  -17   -6   -3    2   11    8  -19    7  -10   11   11    4  -15   -4  -14   -2
    1    9    2    1    3    2    3    1       731   -6   -8  -16   -9   -3    1    9   15   -8    4   -7   12   10    5  -13    3  -12   -3
    1    9    3    1    1    2    1    1       879  -13    0   -6   -1   18  -14   -4   12    2   -9  -15  -11    5  -11    7   -6    2   13
    1    9    4    1    1    1    1    1      1518   -6   -3    0    3   11  -10   -2   11    4  -14  -11  -11    9  -15    9   -7    7   12
    1    9    5    1    2    2    2    1       739  -14   -9   14  -11  -13   11   -1  -17    7   15   13   12   -8   -4   16   -3    9   -6
    1    9    6    1    2    5    2    1       951  -13   -4   14  -13  -13   10    1  -13   12   10   10   14   -7   -2   11    2    6   -7
    1    9    7    1    1    3    1    1      1394  -10   -3   -6   -4    9   -9   -4    9    0  -21  -13   -9    3  -13   15  -13   -1   11
    1    9    8    1    2    1    2    1       684  -12  -11   15   -6  -14    9    5  -14   14   22    9   13   -6    1   12    2    7   -7
    1    9    9    1    1    5    2    0      1378  -10   -3   -7   -5   10  -11   -3   10    1  -14  -13   -9    3  -10    9   -4    6   11
    1    9   10    1    2    3    2    1      1725  -10  -10   15  -14  -13    9    8   -8   10   14   14   14  -17   -1   14    0   10   -7
    1    9   11    1    3    5    3    1      1018   -6   -4  -16   -5   -5    3    8   12   -7    1   -9   11    7    4  -12    2   -8    5
    1    9   12    1    3    4    3    1       915   -3   -9  -11   -6   -4   -2    8   12  -10    4   -8   14    8    3  -15   -3  -11    1
    1    9   13    1    1    4    1    1      1711   -6   -4   -5   -2   10  -11   -1   11   13  -11  -13   -9    5  -13    9   -6    3   18
    1    9   14    1    3    1    1    0      1020   -5   -3  -16  -10   -4    4    7   11  -10    1  -11   15    9    7  -13   -5  -14   -1
    1    9   15    1    2    4    2    1       773  -15  -12   15  -12  -15   12   -7  -11    9   11   11   13   -9   -2    9   -3    4   -4
    1   10    1    1    3    1    3    1      1416   -5   -3  -16  -10   -4    4    7   11  -10    1  -11   15    9    7  -13   -5  -14   -1
    1   10    2    1    1    1    1    1      1329   -6   -3    0    3   11  -10   -2   11    4  -14  -11  -11    9  -15    9   -7    7   12
    1   10    3    1    3    2    2    0      1070   -6   -8  -16   -9   -3    1    9   15   -8    4   -7   12   10    5  -13    3  -12   -3
    1   10    4    1    1    3    1    1      1796  -10   -3   -6   -4    9   -9   -4    9    0  -21  -13   -9    3  -13   15  -13   -1   11
    1   10    5    1    2    4    2    1      1278  -15  -12   15  -12  -15   12   -7  -11    9   11   11   13   -9   -2    9   -3    4   -4
    1   10    6    1    3    3    3    1      1133   -7    0  -17   -6   -3    2   11    8  -19    7  -10   11   11    4  -15   -4  -14   -2
    1   10    7    1    1    5    1    1      1505  -10   -3   -7   -5   10  -11   -3   10    1  -14  -13   -9    3  -10    9   -4    6   11
    1   10    8    1    1    4    3    0      2071   -6   -4   -5   -2   10  -11   -1   11   13  -11  -13   -9    5  -13    9   -6    3   18
    1   10    9    1    2    3    2    1       933  -10  -10   15  -14  -13    9    8   -8   10   14   14   14  -17   -1   14    0   10   -7
    1   10   10    1    3    5    3    1       834   -6   -4  -16   -5   -5    3    8   12   -7    1   -9   11    7    4  -12    2   -8    5
    1   10   11    1    2    1    2    1       881  -12  -11   15   -6  -14    9    5  -14   14   22    9   13   -6    1   12    2    7   -7
    1   10   12    1    1    2    3    0      2688  -13    0   -6   -1   18  -14   -4   12    2   -9  -15  -11    5  -11    7   -6    2   13
    1   10   13    1    2    2    2    1       582  -14   -9   14  -11  -13   11   -1  -17    7   15   13   12   -8   -4   16   -3    9   -6
    1   10   14    1    2    5    2    1       800  -13   -4   14  -13  -13   10    1  -13   12   10   10   14   -7   -2   11    2    6   -7
    1   10   15    1    3    4    3    1      1185   -3   -9  -11   -6   -4   -2    8   12  -10    4   -8   14    8    3  -15   -3  -11    1
    1   11    1    1    1    4    1    1      1059   -6   -4   -5   -2   10  -11   -1   11   13  -11  -13   -9    5  -13    9   -6    3   18
    1   11    2    1    2    1    2    1       667  -12  -11   15   -6  -14    9    5  -14   14   22    9   13   -6    1   12    2    7   -7
    1   11    3    1    2    5    2    1       625  -13   -4   14  -13  -13   10    1  -13   12   10   10   14   -7   -2   11    2    6   -7
    1   11    4    1    1    2    1    1      1658  -13    0   -6   -1   18  -14   -4   12    2   -9  -15  -11    5  -11    7   -6    2   13
    1   11    5    1    2    3    3    0      2058  -10  -10   15  -14  -13    9    8   -8   10   14   14   14  -17   -1   14    0   10   -7
    1   11    6    1    1    5    1    1      1641  -10   -3   -7   -5   10  -11   -3   10    1  -14  -13   -9    3  -10    9   -4    6   11
    1   11    7    1    1    1    3    0      2665   -6   -3    0    3   11  -10   -2   11    4  -14  -11  -11    9  -15    9   -7    7   12
    1   11    8    1    3    4    3    1       400   -3   -9  -11   -6   -4   -2    8   12  -10    4   -8   14    8    3  -15   -3  -11    1
    1   11    9    1    3    1    1    0      1137   -5   -3  -16  -10   -4    4    7   11  -10    1  -11   15    9    7  -13   -5  -14   -1
    1   11   10    1    2    4    2    1       581  -15  -12   15  -12  -15   12   -7  -11    9   11   11   13   -9   -2    9   -3    4   -4
    1   11   11    1    3    3    3    1       783   -7    0  -17   -6   -3    2   11    8  -19    7  -10   11   11    4  -15   -4  -14   -2
    1   11   12    1    3    2    3    1       865   -6   -8  -16   -9   -3    1    9   15   -8    4   -7   12   10    5  -13    3  -12   -3
    1   11   13    1    1    3    1    1      1152  -10   -3   -6   -4    9   -9   -4    9    0  -21  -13   -9    3  -13   15  -13   -1   11
    1   11   14    1    2    2    2    1       675  -14   -9   14  -11  -13   11   -1  -17    7   15   13   12   -8   -4   16   -3    9   -6
    1   11   15    1    3    5    3    1      1306   -6   -4  -16   -5   -5    3    8   12   -7    1   -9   11    7    4  -12    2   -8    5
    1   12    1    1    1    4    1    1      1336   -6   -4   -5   -2   10  -11   -1   11   13  -11  -13   -9    5  -13    9   -6    3   18
    1   12    2    1    3    1    3    1      1764   -5   -3  -16  -10   -4    4    7   11  -10    1  -11   15    9    7  -13   -5  -14   -1
    1   12    3    1    3    4    3    1       799   -3   -9  -11   -6   -4   -2    8   12  -10    4   -8   14    8    3  -15   -3  -11    1
    1   12    4    1    1    1    1    1      1408   -6   -3    0    3   11  -10   -2   11    4  -14  -11  -11    9  -15    9   -7    7   12
    1   12    5    1    2    3    2    1      1130  -10  -10   15  -14  -13    9    8   -8   10   14   14   14  -17   -1   14    0   10   -7
    1   12    6    1    3    3    3    1       767   -7    0  -17   -6   -3    2   11    8  -19    7  -10   11   11    4  -15   -4  -14   -2
    1   12    7    1    2    1    2    1       673  -12  -11   15   -6  -14    9    5  -14   14   22    9   13   -6    1   12    2    7   -7
    1   12    8    1    1    5    1    1       984  -10   -3   -7   -5   10  -11   -3   10    1  -14  -13   -9    3  -10    9   -4    6   11
    1   12    9    1    2    5    2    1       482  -13   -4   14  -13  -13   10    1  -13   12   10   10   14   -7   -2   11    2    6   -7
    1   12   10    1    3    2    3    1       784   -6   -8  -16   -9   -3    1    9   15   -8    4   -7   12   10    5  -13    3  -12   -3
    1   12   11    1    1    2    1    1      1074  -13    0   -6   -1   18  -14   -4   12    2   -9  -15  -11    5  -11    7   -6    2   13
    1   12   12    1    1    3    1    1      3257  -10   -3   -6   -4    9   -9   -4    9    0  -21  -13   -9    3  -13   15  -13   -1   11
    1   12   13    1    2    4    2    1      1160  -15  -12   15  -12  -15   12   -7  -11    9   11   11   13   -9   -2    9   -3    4   -4
    1   12   14    1    3    5    3    1       764   -6   -4  -16   -5   -5    3    8   12   -7    1   -9   11    7    4  -12    2   -8    5
    1   12   15    1    2    2    2    1       671  -14   -9   14  -11  -13   11   -1  -17    7   15   13   12   -8   -4   16   -3    9   -6
    1   13    1    1    3    1    3    1      2886   -5   -3  -16  -10   -4    4    7   11  -10    1  -11   15    9    7  -13   -5  -14   -1
    1   13    2    1    3    5    3    1       932   -6   -4  -16   -5   -5    3    8   12   -7    1   -9   11    7    4  -12    2   -8    5
    1   13    3    1    2    1    2    1       704  -12  -11   15   -6  -14    9    5  -14   14   22    9   13   -6    1   12    2    7   -7
    1   13    4    1    2    4    2    1       646  -15  -12   15  -12  -15   12   -7  -11    9   11   11   13   -9   -2    9   -3    4   -4
    1   13    5    1    2    5    2    1       541  -13   -4   14  -13  -13   10    1  -13   12   10   10   14   -7   -2   11    2    6   -7
    1   13    6    1    1    3    1    1      1162  -10   -3   -6   -4    9   -9   -4    9    0  -21  -13   -9    3  -13   15  -13   -1   11
    1   13    7    1    1    1    1    1      1853   -6   -3    0    3   11  -10   -2   11    4  -14  -11  -11    9  -15    9   -7    7   12
    1   13    8    1    1    5    2    0      1060  -10   -3   -7   -5   10  -11   -3   10    1  -14  -13   -9    3  -10    9   -4    6   11
    1   13    9    1    1    4    3    0      2940   -6   -4   -5   -2   10  -11   -1   11   13  -11  -13   -9    5  -13    9   -6    3   18
    1   13   10    1    3    3    3    1       856   -7    0  -17   -6   -3    2   11    8  -19    7  -10   11   11    4  -15   -4  -14   -2
    1   13   11    1    1    2    1    1      1095  -13    0   -6   -1   18  -14   -4   12    2   -9  -15  -11    5  -11    7   -6    2   13
    1   13   12    1    3    2    3    1       733   -6   -8  -16   -9   -3    1    9   15   -8    4   -7   12   10    5  -13    3  -12   -3
    1   13   13    1    2    3    2    1       385  -10  -10   15  -14  -13    9    8   -8   10   14   14   14  -17   -1   14    0   10   -7
    1   13   14    1    2    2    2    1       515  -14   -9   14  -11  -13   11   -1  -17    7   15   13   12   -8   -4   16   -3    9   -6
    1   13   15    1    3    4    3    1       896   -3   -9  -11   -6   -4   -2    8   12  -10    4   -8   14    8    3  -15   -3  -11    1
    1   14    1    1    3    4    3    1       542   -3   -9  -11   -6   -4   -2    8   12  -10    4   -8   14    8    3  -15   -3  -11    1
    1   14    2    1    3    3    3    1       762   -7    0  -17   -6   -3    2   11    8  -19    7  -10   11   11    4  -15   -4  -14   -2
    1   14    3    1    3    5    3    1       686   -6   -4  -16   -5   -5    3    8   12   -7    1   -9   11    7    4  -12    2   -8    5
    1   14    4    1    1    4    1    1      1428   -6   -4   -5   -2   10  -11   -1   11   13  -11  -13   -9    5  -13    9   -6    3   18
    1   14    5    1    2    1    2    1       812  -12  -11   15   -6  -14    9    5  -14   14   22    9   13   -6    1   12    2    7   -7
    1   14    6    1    2    2    2    1       526  -14   -9   14  -11  -13   11   -1  -17    7   15   13   12   -8   -4   16   -3    9   -6
    1   14    7    1    3    1    3    1       971   -5   -3  -16  -10   -4    4    7   11  -10    1  -11   15    9    7  -13   -5  -14   -1
    1   14    8    1    1    3    1    1      1382  -10   -3   -6   -4    9   -9   -4    9    0  -21  -13   -9    3  -13   15  -13   -1   11
    1   14    9    1    3    2    3    1       832   -6   -8  -16   -9   -3    1    9   15   -8    4   -7   12   10    5  -13    3  -12   -3
    1   14   10    1    1    2    1    1      2480  -13    0   -6   -1   18  -14   -4   12    2   -9  -15  -11    5  -11    7   -6    2   13
    1   14   11    1    2    4    2    1      1230  -15  -12   15  -12  -15   12   -7  -11    9   11   11   13   -9   -2    9   -3    4   -4
    1   14   12    1    2    5    2    1       655  -13   -4   14  -13  -13   10    1  -13   12   10   10   14   -7   -2   11    2    6   -7
    1   14   13    1    2    3    2    1      1030  -10  -10   15  -14  -13    9    8   -8   10   14   14   14  -17   -1   14    0   10   -7
    1   14   14    1    1    1    3    0      1407   -6   -3    0    3   11  -10   -2   11    4  -14  -11  -11    9  -15    9   -7    7   12
    1   14   15    1    1    5    1    1      1160  -10   -3   -7   -5   10  -11   -3   10    1  -14  -13   -9    3  -10    9   -4    6   11
    1   15    1    1    2    3    1    0      1164  -10  -10   15  -14  -13    9    8   -8   10   14   14   14  -17   -1   14    0   10   -7
    1   15    2    1    1    5    1    1      2095  -10   -3   -7   -5   10  -11   -3   10    1  -14  -13   -9    3  -10    9   -4    6   11
    1   15    3    1    1    4    2    0      2573   -6   -4   -5   -2   10  -11   -1   11   13  -11  -13   -9    5  -13    9   -6    3   18
    1   15    4    1    2    5    2    1       584  -13   -4   14  -13  -13   10    1  -13   12   10   10   14   -7   -2   11    2    6   -7
    1   15    5    1    3    4    3    1       786   -3   -9  -11   -6   -4   -2    8   12  -10    4   -8   14    8    3  -15   -3  -11    1
    1   15    6    1    1    3    1    1      2436  -10   -3   -6   -4    9   -9   -4    9    0  -21  -13   -9    3  -13   15  -13   -1   11
    1   15    7    1    2    2    2    1       660  -14   -9   14  -11  -13   11   -1  -17    7   15   13   12   -8   -4   16   -3    9   -6
    1   15    8    1    3    3    3    1       844   -7    0  -17   -6   -3    2   11    8  -19    7  -10   11   11    4  -15   -4  -14   -2
    1   15    9    1    2    4    2    1       716  -15  -12   15  -12  -15   12   -7  -11    9   11   11   13   -9   -2    9   -3    4   -4
    1   15   10    1    3    1    3    1      1217   -5   -3  -16  -10   -4    4    7   11  -10    1  -11   15    9    7  -13   -5  -14   -1
    1   15   11    1    1    1    1    1      1809   -6   -3    0    3   11  -10   -2   11    4  -14  -11  -11    9  -15    9   -7    7   12
    1   15   12    1    1    2    3    0      2010  -13    0   -6   -1   18  -14   -4   12    2   -9  -15  -11    5  -11    7   -6    2   13
    1   15   13    1    3    5    3    1       924   -6   -4  -16   -5   -5    3    8   12   -7    1   -9   11    7    4  -12    2   -8    5
    1   15   14    1    3    2    3    1       889   -6   -8  -16   -9   -3    1    9   15   -8    4   -7   12   10    5  -13    3  -12   -3
    1   15   15    1    2    1    2    1       839  -12  -11   15   -6  -14    9    5  -14   14   22    9   13   -6    1   12    2    7   -7
    2    1    1    4    1    5    1    0      1887   -5   -9   -6   -6   11  -11   -1   12    2  -18  -14   -9    6  -13    6   -6   11   15
    2    1    2    1    3    1    1    1      1493   -5   -3  -16  -10   -4    4    7   11  -10    1  -11   15    9    7  -13   -5  -14   -1
    2    1    3    1    1    4    1    1      1051   -6   -4   -5   -2   10  -11   -1   11   13  -11  -13   -9    5  -13    9   -6    3   18
    2    1    4    4    2    5    1    0      1122  -11   -9   12  -10  -15   12    0  -15    5    8   11   19   -7   -2   15   -1    7   -6
    2    1    5    6    0    0    2    1       887   15    1   -4    5   13  -11   -1  -11    5  -14   -1   18    1    6   -3   -2   -9  -13
    2    1    6    4    1    4    1    0      1525   -3    0   -4   -4   10   -9   -2   10    3  -15  -12  -10    5  -11    9   -6    7   12
    2    1    7    4    1    2    2    1      1978  -10   -4   -3   -5    6  -19   -1   10    1  -15  -12  -10    6  -12    3   -7    8   12
    2    1    8    1    3    5    1    1      1053   -6   -4  -16   -5   -5    3    8   12   -7    1   -9   11    7    4  -12    2   -8    5
    2    1    9    2    2    0    1    0       708  -12   -8   14  -12  -15   10    1  -15    9   15   11   14   -8   -3   14    1    8   -6
    2    1   10    1    3    3    1    1       985   -7    0  -17   -6   -3    2   11    8  -19    7  -10   11   11    4  -15   -4  -14   -2
    2    1   11    1    1    1    1    1      1043   -6   -3    0    3   11  -10   -2   11    4  -14  -11  -11    9  -15    9   -7    7   12
    2    1   12    6    0    0    2    1       683    7   -4  -10   11  -15   -7  -21   -7    9  -16   11   -1  -10   -4   -2    9   -2  -12
    2    1   13    1    1    5    1    1      1825  -10   -3   -7   -5   10  -11   -3   10    1  -14  -13   -9    3  -10    9   -4    6   11
    2    1   14    1    2    2    1    1      1146  -14   -9   14  -11  -13   11   -1  -17    7   15   13   12   -8   -4   16   -3    9   -6
    2    1   15    4    1    3    1    0      1310   -8   -7   -7   -2   12  -12   -5   11    2  -13  -12  -10    5  -10   10   -4    5   11
    2    1   16    2    1    0    1    0      2412   -8   -5   -5   -3   10  -10   -3   11    3  -14  -13  -10    5  -12    8   -6    6   12
    2    1   17    6    0    0    2    1       829   13    9  -13   13   15   11    5    1   11   14   -2    4   -3   -1    4  -16   -8    6
    2    1   18    1    1    3    1    1      1054  -10   -3   -6   -4    9   -9   -4    9    0  -21  -13   -9    3  -13   15  -13   -1   11
    2    1   19    1    2    3    1    1      2501  -10  -10   15  -14  -13    9    8   -8   10   14   14   14  -17   -1   14    0   10   -7
    2    1   20    4    3    3    2    1      1667   -8  -12  -15  -11    6    4    7   14   -8   -2   -7   14   10    0  -23    3  -11   -4
    2    1   21    4    3    2    2    1       945   -7   -1  -15  -10   -5    3   -2    9  -10    3   -9   14    8    1  -14   -4  -23    9
    2    1   22    4    1    1    2    1      1854   -3   -2   -6   -4   11   -8    0   11    4  -15   -5   -6    3  -19   12   -2    5   10
    2    1   23    2    3    0    1    0       837   -6   -2  -14   -9   -4    3    7   13   -9    3   -8   13    9    3  -14   -5  -13   -1
    2    1   24    1    2    4    1    1      1173  -15  -12   15  -12  -15   12   -7  -11    9   11   11   13   -9   -2    9   -3    4   -4
    2    1   25    6    0    0    2    1       679    6   -1   -8   10  -14   -7  -13    2   14  -16   13   -4  -11   -7   -3    4  -11  -13
    2    1   26    1    3    2    1    1       703   -6   -8  -16   -9   -3    1    9   15   -8    4   -7   12   10    5  -13    3  -12   -3
    2    1   27    4    2    2    1    0       852  -10  -13   14  -13  -10   17    2  -19    8   16   13   13   -7   -2   15    0    7   -6
    2    1   28    4    3    4    2    1       675   -7    0  -14  -10  -14   12    6   15  -11    4   -9   13    9    2  -16   -3  -12   -1
    2    1   29    1    2    5    1    1       778  -13   -4   14  -13  -13   10    1  -13   12   10   10   14   -7   -2   11    2    6   -7
    2    1   30    1    2    1    2    0      1069  -12  -11   15   -6  -14    9    5  -14   14   22    9   13   -6    1   12    2    7   -7
    2    1   31    4    2    4    1    0      1315  -11  -10   11  -12  -14    9    2  -20    9   14   11   12  -17  -10    8    1    6   -5
    2    1   32    1    3    4    1    1       800   -3   -9  -11   -6   -4   -2    8   12  -10    4   -8   14    8    3  -15   -3  -11    1
    2    1   33    4    3    1    2    1      2562   -1   -9  -12   -8   -5    8    9   13   -8    3  -10   22    7    2  -15   -4   -9   -2
    2    1   34    4    3    5    1    0      1437   -5   -1  -10   -5   -5    5    6   12   -4    3   -7   12   14    7  -19   -5  -11    0
    2    1   35    1    1    2    1    1      1221  -13    0   -6   -1   18  -14   -4   12    2   -9  -15  -11    5  -11    7   -6    2   13
    2    1   36    6    0    0    2    1      2550   12    7   -2   16   12   14    7    3    9   17   -5    3  -12   -6    1  -13   -6    7
    2    1   37    4    2    1    1    0       753  -11   -7   18   -7  -14    9    2  -13    8   15   12   14   -8   -2   14    2    8   -7
    2    1   38    6    0    0    2    1      4197   13   -2   -6    6   12  -13   -3  -13   12  -16   -1   14   -1    4   -4   -1  -13  -13
    2    1   39    4    2    3    2    1       975  -16  -16   12  -10  -14   11   -1  -14    9   16   13   14  -18  -13   15    4    7   -7
