    1    1    1    1    1    4    1    1      6021   10    2   20   -3   13    8   -8    6    0  -11   -2   -7  -16   -4   15   -8   12   -2
    1    1    2    1    3    4    2    0      1287    9  -16  -12  -12    0    7   -7   14   10    0  -12    7   -5   16  -17   12  -12   16
    1    1    3    1    1    5    1    1      2661   11    4   13  -15    9   10   -5   13    0  -11   -4  -11  -12   -4   13   -6    9   -1
    1    1    4    1    1    1    1    1      1820   12   15   15  -13   13   10   -8   16    0   -9   -3  -11  -14   -6   15   -8    9   -6
    1    1    5    1    1    2    1    1       533    5   14   16  -13   12   -1   -8   16   -1   -9   -4   -9  -12   -7   15   -8    4   -3
    1    1    6    1    3    1    1    0       688   18  -16  -11  -11   -1    7   -8   11   12    3  -12    8    3   16  -14    7   -9    9
    1    1    7    1    3    2    1    0      3686   10  -15  -14  -11   -1    7   -8   16    8    9  -14    7    4   16  -17   12   -8   10
    1    1    8    1    2    4    1    0      2116    1   -4   -6   12  -19    4   -3    6    5    6    9    3   -1   13    0   16  -12   -6
    1    1    9    1    2    5    1    0      1489    1   -2    5   20  -11    6  -13   15   14    5   11    5   -2   17    1   14  -11   -6
    1    1   10    1    2    1    1    0      1175    2   -5   -3   10  -12    6   -4    2   11    4   11   -5   -3   15    1   17  -11   -6
    1    1   11    1    3    3    1    0      1033   10  -13   -2   -4   -1    9   -4   18   12    2  -14    9    2   15  -13   13  -14   15
    1    1   12    1    2    3    1    0       929    3   -2   -3   12  -11    7   -3    5   15    9   10    4   -4   23    2   14  -12   -6
    1    1   13    1    3    5    1    0      1149   12  -14  -13  -18    0    7   -6   15   11    1  -13    8   -2   14  -12   15   -8   11
    1    1   14    1    2    2    1    0       912   -7    1   -4   11  -14    5   -4    5   13    6   10    7   -1   13    2   14  -10   -9
    1    1   15    1    1    3    1    1       797   12    3   13  -12   11    8   -7   15    2  -11   -7  -13  -14   -3   13   -8    8   -7
    1    2    1    1    1    1    2    0       910   12   15   15  -13   13   10   -8   16    0   -9   -3  -11  -14   -6   15   -8    9   -6
    1    2    2    1    2    1    1    0       699    2   -5   -3   10  -12    6   -4    2   11    4   11   -5   -3   15    1   17  -11   -6
    1    2    3    1    2    5    1    0      1488    1   -2    5   20  -11    6  -13   15   14    5   11    5   -2   17    1   14  -11   -6
    1    2    4    1    1    5    1    1      1254   11    4   13  -15    9   10   -5   13    0  -11   -4  -11  -12   -4   13   -6    9   -1
    1    2    5    1    1    3    1    1       741   12    3   13  -12   11    8   -7   15    2  -11   -7  -13  -14   -3   13   -8    8   -7
    1    2    6    1    2    2    2    1       745   -7    1   -4   11  -14    5   -4    5   13    6   10    7   -1   13    2   14  -10   -9
    1    2    7    1    2    3    1    0       893    3   -2   -3   12  -11    7   -3    5   15    9   10    4   -4   23    2   14  -12   -6
    1    2    8    1    3    5    1    0      1146   12  -14  -13  -18    0    7   -6   15   11    1  -13    8   -2   14  -12   15   -8   11
    1    2    9    1    3    1    1    0       797   18  -16  -11  -11   -1    7   -8   11   12    3  -12    8    3   16  -14    7   -9    9
    1    2   10    1    3    3    1    0       702   10  -13   -2   -4   -1    9   -4   18   12    2  -14    9    2   15  -13   13  -14   15
    1    2   11    1    1    2    1    1      1924    5   14   16  -13   12   -1   -8   16   -1   -9   -4   -9  -12   -7   15   -8    4   -3
    1    2   12    1    3    2    3    1      2744   10  -15  -14  -11   -1    7   -8   16    8    9  -14    7    4   16  -17   12   -8   10
    1    2   13    1    2    4    2    1      1163    1   -4   -6   12  -19    4   -3    6    5    6    9    3   -1   13    0   16  -12   -6
    1    2   14    1    3    4    3    1       926    9  -16  -12  -12    0    7   -7   14   10    0  -12    7   -5   16  -17   12  -12   16
    1    2   15    1    1    4    1    1       842   10    2   20   -3   13    8   -8    6    0  -11   -2   -7  -16   -4   15   -8   12   -2
    1    3    1    1    2    5    2    1       842    1   -2    5   20  -11    6  -13   15   14    5   11    5   -2   17    1   14  -11   -6
    1    3    2    1    2    3    3    0      1018    3   -2   -3   12  -11    7   -3    5   15    9   10    4   -4   23    2   14  -12   -6
    1    3    3    1    2    1    3    0      1154    2   -5   -3   10  -12    6   -4    2   11    4   11   -5   -3   15    1   17  -11   -6
    1    3    4    1    3    5    3    1       934   12  -14  -13  -18    0    7   -6   15   11    1  -13    8   -2   14  -12   15   -8   11
    1    3    5    1    1    1    1    1       578   12   15   15  -13   13   10   -8   16    0   -9   -3  -11  -14   -6   15   -8    9   -6
    1    3    6    1    1    4    1    1      1147   10    2   20   -3   13    8   -8    6    0  -11   -2   -7  -16   -4   15   -8   12   -2
    1    3    7    1    3    3    2    0       847   10  -13   -2   -4   -1    9   -4   18   12    2  -14    9    2   15  -13   13  -14   15
    1    3    8    1    3    2    2    0      1326   10  -15  -14  -11   -1    7   -8   16    8    9  -14    7    4   16  -17   12   -8   10
    1    3    9    1    1    2    1    1       746    5   14   16  -13   12   -1   -8   16   -1   -9   -4   -9  -12   -7   15   -8    4   -3
    1    3   10    1    1    5    2    0       893   11    4   13  -15    9   10   -5   13    0  -11   -4  -11  -12   -4   13   -6    9   -1
    1    3   11    1    3    4    2    0      2330    9  -16  -12  -12    0    7   -7   14   10    0  -12    7   -5   16  -17   12  -12   16
    1    3   12    1    2    4    2    1       878    1   -4   -6   12  -19    4   -3    6    5    6    9    3   -1   13    0   16  -12   -6
    1    3   13    1    3    1    3    1       492   18  -16  -11  -11   -1    7   -8   11   12    3  -12    8    3   16  -14    7   -9    9
    1    3   14    1    1    3    2    0      1210   12    3   13  -12   11    8   -7   15    2  -11   -7  -13  -14   -3   13   -8    8   -7
    1    3   15    1    2    2    2    1       842   -7    1   -4   11  -14    5   -4    5   13    6   10    7   -1   13    2   14  -10   -9
    1    4    1    1    3    2    3    1       730   10  -15  -14  -11   -1    7   -8   16    8    9  -14    7    4   16  -17   12   -8   10
    1    4    2    1    1    2    2    0       926    5   14   16  -13   12   -1   -8   16   -1   -9   -4   -9  -12   -7   15   -8    4   -3
    1    4    3    1    1    1    2    0      2074   12   15   15  -13   13   10   -8   16    0   -9   -3  -11  -14   -6   15   -8    9   -6
    1    4    4    1    1    3    2    0       793   12    3   13  -12   11    8   -7   15    2  -11   -7  -13  -14   -3   13   -8    8   -7
    1    4    5    1    3    1    3    1      1018   18  -16  -11  -11   -1    7   -8   11   12    3  -12    8    3   16  -14    7   -9    9
    1    4    6    1    2    3    1    0       674    3   -2   -3   12  -11    7   -3    5   15    9   10    4   -4   23    2   14  -12   -6
    1    4    7    1    3    4    3    1       889    9  -16  -12  -12    0    7   -7   14   10    0  -12    7   -5   16  -17   12  -12   16
    1    4    8    1    2    2    1    0      2103   -7    1   -4   11  -14    5   -4    5   13    6   10    7   -1   13    2   14  -10   -9
    1    4    9    1    2    1    1    0       708    2   -5   -3   10  -12    6   -4    2   11    4   11   -5   -3   15    1   17  -11   -6
    1    4   10    1    2    4    3    0      1098    1   -4   -6   12  -19    4   -3    6    5    6    9    3   -1   13    0   16  -12   -6
    1    4   11    1    1    4    1    1       655   10    2   20   -3   13    8   -8    6    0  -11   -2   -7  -16   -4   15   -8   12   -2
    1    4   12    1    1    5    2    0      1014   11    4   13  -15    9   10   -5   13    0  -11   -4  -11  -12   -4   13   -6    9   -1
    1    4   13    1    3    5    3    1       783   12  -14  -13  -18    0    7   -6   15   11    1  -13    8   -2   14  -12   15   -8   11
    1    4   14    1    2    5    2    1      3952    1   -2    5   20  -11    6  -13   15   14    5   11    5   -2   17    1   14  -11   -6
    1    4   15    1    3    3    1    0       852   10  -13   -2   -4   -1    9   -4   18   12    2  -14    9    2   15  -13   13  -14   15
    1    5    1    1    3    2    3    1       931   10  -15  -14  -11   -1    7   -8   16    8    9  -14    7    4   16  -17   12   -8   10
    1    5    2    1    3    1    3    1       943   18  -16  -11  -11   -1    7   -8   11   12    3  -12    8    3   16  -14    7   -9    9
    1    5    3    1    2    5    2    1      1194    1   -2    5   20  -11    6  -13   15   14    5   11    5   -2   17    1   14  -11   -6
    1    5    4    1    2    3    1    0       779    3   -2   -3   12  -11    7   -3    5   15    9   10    4   -4   23    2   14  -12   -6
    1    5    5    1    2    4    3    0      1661    1   -4   -6   12  -19    4   -3    6    5    6    9    3   -1   13    0   16  -12   -6
    1    5    6    1    3    4    3    1       748    9  -16  -12  -12    0    7   -7   14   10    0  -12    7   -5   16  -17   12  -12   16
    1    5    7    1    1    3    1    1      1151   12    3   13  -12   11    8   -7   15    2  -11   -7  -13  -14   -3   13   -8    8   -7
    1    5    8    1    1    2    1    1       451    5   14   16  -13   12   -1   -8   16   -1   -9   -4   -9  -12   -7   15   -8    4   -3
    1    5    9    1    1    1    1    1       642   12   15   15  -13   13   10   -8   16    0   -9   -3  -11  -14   -6   15   -8    9   -6
    1    5   10    1    3    3    2    0      1626   10  -13   -2   -4   -1    9   -4   18   12    2  -14    9    2   15  -13   13  -14   15
    1    5   11    1    1    5    1    1       650   11    4   13  -15    9   10   -5   13    0  -11   -4  -11  -12   -4   13   -6    9   -1
    1    5   12    1    2    2    2    1      1201   -7    1   -4   11  -14    5   -4    5   13    6   10    7   -1   13    2   14  -10   -9
    1    5   13    1    2    1    3    0      1474    2   -5   -3   10  -12    6   -4    2   11    4   11   -5   -3   15    1   17  -11   -6
    1    5   14    1    1    4    1    1       697   10    2   20   -3   13    8   -8    6    0  -11   -2   -7  -16   -4   15   -8   12   -2
    1    5   15    1    3    5    3    1       638   12  -14  -13  -18    0    7   -6   15   11    1  -13    8   -2   14  -12   15   -8   11
    1    6    1    1    1    2    1    1       694    5   14   16  -13   12   -1   -8   16   -1   -9   -4   -9  -12   -7   15   -8    4   -3
    1    6    2    1    1    4    1    1       907   10    2   20   -3   13    8   -8    6    0  -11   -2   -7  -16   -4   15   -8   12   -2
    1    6    3    1    1    1    1    1       984   12   15   15  -13   13   10   -8   16    0   -9   -3  -11  -14   -6   15   -8    9   -6
    1    6    4    1    3    3    2    0      1170   10  -13   -2   -4   -1    9   -4   18   12    2  -14    9    2   15  -13   13  -14   15
    1    6    5    1    3    4    3    1       453    9  -16  -12  -12    0    7   -7   14   10    0  -12    7   -5   16  -17   12  -12   16
    1    6    6    1    3    1    3    1      1220   18  -16  -11  -11   -1    7   -8   11   12    3  -12    8    3   16  -14    7   -9    9
    1    6    7    1    2    1    2    1      1541    2   -5   -3   10  -12    6   -4    2   11    4   11   -5   -3   15    1   17  -11   -6
    1    6    8    1    2    3    2    1       633    3   -2   -3   12  -11    7   -3    5   15    9   10    4   -4   23    2   14  -12   -6
    1    6    9    1    3    2    3    1       769   10  -15  -14  -11   -1    7   -8   16    8    9  -14    7    4   16  -17   12   -8   10
    1    6   10    1    1    5    1    1       515   11    4   13  -15    9   10   -5   13    0  -11   -4  -11  -12   -4   13   -6    9   -1
    1    6   11    1    2    4    3    0      2672    1   -4   -6   12  -19    4   -3    6    5    6    9    3   -1   13    0   16  -12   -6
    1    6   12    1    2    2    1    0       599   -7    1   -4   11  -14    5   -4    5   13    6   10    7   -1   13    2   14  -10   -9
    1    6   13    1    2    5    3    0      1392    1   -2    5   20  -11    6  -13   15   14    5   11    5   -2   17    1   14  -11   -6
    1    6   14    1    3    5    3    1       634   12  -14  -13  -18    0    7   -6   15   11    1  -13    8   -2   14  -12   15   -8   11
    1    6   15    1    1    3    1    1       690   12    3   13  -12   11    8   -7   15    2  -11   -7  -13  -14   -3   13   -8    8   -7
    1    7    1    1    3    4    3    1       712    9  -16  -12  -12    0    7   -7   14   10    0  -12    7   -5   16  -17   12  -12   16
    1    7    2    1    1    4    1    1       620   10    2   20   -3   13    8   -8    6    0  -11   -2   -7  -16   -4   15   -8   12   -2
    1    7    3    1    1    3    1    1       789   12    3   13  -12   11    8   -7   15    2  -11   -7  -13  -14   -3   13   -8    8   -7
    1    7    4    1    3    5    3    1       727   12  -14  -13  -18    0    7   -6   15   11    1  -13    8   -2   14  -12   15   -8   11
    1    7    5    1    1    2    1    1       715    5   14   16  -13   12   -1   -8   16   -1   -9   -4   -9  -12   -7   15   -8    4   -3
    1    7    6    1    2    3    2    1      1087    3   -2   -3   12  -11    7   -3    5   15    9   10    4   -4   23    2   14  -12   -6
    1    7    7    1    1    1    1    1       565   12   15   15  -13   13   10   -8   16    0   -9   -3  -11  -14   -6   15   -8    9   -6
    1    7    8    1    2    5    2    1      1088    1   -2    5   20  -11    6  -13   15   14    5   11    5   -2   17    1   14  -11   -6
    1    7    9    1    2    4    2    1       694    1   -4   -6   12  -19    4   -3    6    5    6    9    3   -1   13    0   16  -12   -6
    1    7   10    1    2    2    2    1       955   -7    1   -4   11  -14    5   -4    5   13    6   10    7   -1   13    2   14  -10   -9
    1    7   11    1    3    2    3    1       758   10  -15  -14  -11   -1    7   -8   16    8    9  -14    7    4   16  -17   12   -8   10
    1    7   12    1    2    1    2    1      1082    2   -5   -3   10  -12    6   -4    2   11    4   11   -5   -3   15    1   17  -11   -6
    1    7   13    1    3    3    2    0      1264   10  -13   -2   -4   -1    9   -4   18   12    2  -14    9    2   15  -13   13  -14   15
    1    7   14    1    3    1    3    1       606   18  -16  -11  -11   -1    7   -8   11   12    3  -12    8    3   16  -14    7   -9    9
    1    7   15    1    1    5    1    1       359   11    4   13  -15    9   10   -5   13    0  -11   -4  -11  -12   -4   13   -6    9   -1
    1    8    1    1    1    4    1    1       426   10    2   20   -3   13    8   -8    6    0  -11   -2   -7  -16   -4   15   -8   12   -2
    1    8    2    1    3    5    3    1       778   12  -14  -13  -18    0    7   -6   15   11    1  -13    8   -2   14  -12   15   -8   11
    1    8    3    1    2    1    2    1       828    2   -5   -3   10  -12    6   -4    2   11    4   11   -5   -3   15    1   17  -11   -6
    1    8    4    1    2    4    2    1       860    1   -4   -6   12  -19    4   -3    6    5    6    9    3   -1   13    0   16  -12   -6
    1    8    5    1    3    2    3    1       602   10  -15  -14  -11   -1    7   -8   16    8    9  -14    7    4   16  -17   12   -8   10
    1    8    6    1    2    3    2    1       916    3   -2   -3   12  -11    7   -3    5   15    9   10    4   -4   23    2   14  -12   -6
    1    8    7    1    1    2    1    1       528    5   14   16  -13   12   -1   -8   16   -1   -9   -4   -9  -12   -7   15   -8    4   -3
    1    8    8    1    1    1    1    1       636   12   15   15  -13   13   10   -8   16    0   -9   -3  -11  -14   -6   15   -8    9   -6
    1    8    9    1    3    4    3    1       564    9  -16  -12  -12    0    7   -7   14   10    0  -12    7   -5   16  -17   12  -12   16
    1    8   10    1    3    1    3    1       655   18  -16  -11  -11   -1    7   -8   11   12    3  -12    8    3   16  -14    7   -9    9
    1    8   11    1    1    5    1    1       582   11    4   13  -15    9   10   -5   13    0  -11   -4  -11  -12   -4   13   -6    9   -1
    1    8   12    1    2    5    2    1      1200    1   -2    5   20  -11    6  -13   15   14    5   11    5   -2   17    1   14  -11   -6
    1    8   13    1    2    2    2    1       897   -7    1   -4   11  -14    5   -4    5   13    6   10    7   -1   13    2   14  -10   -9
    1    8   14    1    1    3    1    1       863   12    3   13  -12   11    8   -7   15    2  -11   -7  -13  -14   -3   13   -8    8   -7
    1    8   15    1    3    3    2    0       765   10  -13   -2   -4   -1    9   -4   18   12    2  -14    9    2   15  -13   13  -14   15
    1    9    1    1    2    3    2    1      1296    3   -2   -3   12  -11    7   -3    5   15    9   10    4   -4   23    2   14  -12   -6
    1    9    2    1    1    2    1    1       557    5   14   16  -13   12   -1   -8   16   -1   -9   -4   -9  -12   -7   15   -8    4   -3
    1    9    3    1    2    5    2    1      1848    1   -2    5   20  -11    6  -13   15   14    5   11    5   -2   17    1   14  -11   -6
    1    9    4    1    2    4    2    1      2960    1   -4   -6   12  -19    4   -3    6    5    6    9    3   -1   13    0   16  -12   -6
    1    9    5    1    2    1    3    0      1162    2   -5   -3   10  -12    6   -4    2   11    4   11   -5   -3   15    1   17  -11   -6
    1    9    6    1    1    1    1    1       557   12   15   15  -13   13   10   -8   16    0   -9   -3  -11  -14   -6   15   -8    9   -6
    1    9    7    1    3    5    3    1       616   12  -14  -13  -18    0    7   -6   15   11    1  -13    8   -2   14  -12   15   -8   11
    1    9    8    1    1    5    1    1       545   11    4   13  -15    9   10   -5   13    0  -11   -4  -11  -12   -4   13   -6    9   -1
    1    9    9    1    2    2    2    1       924   -7    1   -4   11  -14    5   -4    5   13    6   10    7   -1   13    2   14  -10   -9
    1    9   10    1    3    1    3    1       600   18  -16  -11  -11   -1    7   -8   11   12    3  -12    8    3   16  -14    7   -9    9
    1    9   11    1    1    3    1    1       594   12    3   13  -12   11    8   -7   15    2  -11   -7  -13  -14   -3   13   -8    8   -7
    1    9   12    1    3    2    3    1       779   10  -15  -14  -11   -1    7   -8   16    8    9  -14    7    4   16  -17   12   -8   10
    1    9   13    1    3    3    2    0       797   10  -13   -2   -4   -1    9   -4   18   12    2  -14    9    2   15  -13   13  -14   15
    1    9   14    1    1    4    1    1       798   10    2   20   -3   13    8   -8    6    0  -11   -2   -7  -16   -4   15   -8   12   -2
    1    9   15    1    3    4    3    1       639    9  -16  -12  -12    0    7   -7   14   10    0  -12    7   -5   16  -17   12  -12   16
    1   10    1    1    2    4    2    1      1335    1   -4   -6   12  -19    4   -3    6    5    6    9    3   -1   13    0   16  -12   -6
    1   10    2    1    1    5    1    1       499   11    4   13  -15    9   10   -5   13    0  -11   -4  -11  -12   -4   13   -6    9   -1
    1   10    3    1    3    2    3    1       673   10  -15  -14  -11   -1    7   -8   16    8    9  -14    7    4   16  -17   12   -8   10
    1   10    4    1    2    2    2    1       919   -7    1   -4   11  -14    5   -4    5   13    6   10    7   -1   13    2   14  -10   -9
    1   10    5    1    1    3    1    1       420   12    3   13  -12   11    8   -7   15    2  -11   -7  -13  -14   -3   13   -8    8   -7
    1   10    6    1    2    3    2    1      1700    3   -2   -3   12  -11    7   -3    5   15    9   10    4   -4   23    2   14  -12   -6
    1   10    7    1    3    3    2    0       594   10  -13   -2   -4   -1    9   -4   18   12    2  -14    9    2   15  -13   13  -14   15
    1   10    8    1    3    1    3    1       491   18  -16  -11  -11   -1    7   -8   11   12    3  -12    8    3   16  -14    7   -9    9
    1   10    9    1    3    5    3    1       649   12  -14  -13  -18    0    7   -6   15   11    1  -13    8   -2   14  -12   15   -8   11
    1   10   10    1    1    4    1    1       640   10    2   20   -3   13    8   -8    6    0  -11   -2   -7  -16   -4   15   -8   12   -2
    1   10   11    1    1    2    1    1       664    5   14   16  -13   12   -1   -8   16   -1   -9   -4   -9  -12   -7   15   -8    4   -3
    1   10   12    1    1    1    1    1       575   12   15   15  -13   13   10   -8   16    0   -9   -3  -11  -14   -6   15   -8    9   -6
    1   10   13    1    2    1    2    1       729    2   -5   -3   10  -12    6   -4    2   11    4   11   -5   -3   15    1   17  -11   -6
    1   10   14    1    3    4    3    1       989    9  -16  -12  -12    0    7   -7   14   10    0  -12    7   -5   16  -17   12  -12   16
    1   10   15    1    2    5    2    1      1239    1   -2    5   20  -11    6  -13   15   14    5   11    5   -2   17    1   14  -11   -6
    1   11    1    1    3    3    3    1       583   10  -13   -2   -4   -1    9   -4   18   12    2  -14    9    2   15  -13   13  -14   15
    1   11    2    1    1    4    1    1       545   10    2   20   -3   13    8   -8    6    0  -11   -2   -7  -16   -4   15   -8   12   -2
    1   11    3    1    1    3    1    1       636   12    3   13  -12   11    8   -7   15    2  -11   -7  -13  -14   -3   13   -8    8   -7
    1   11    4    1    3    2    3    1       708   10  -15  -14  -11   -1    7   -8   16    8    9  -14    7    4   16  -17   12   -8   10
    1   11    5    1    2    2    2    1       954   -7    1   -4   11  -14    5   -4    5   13    6   10    7   -1   13    2   14  -10   -9
    1   11    6    1    3    1    3    1       597   18  -16  -11  -11   -1    7   -8   11   12    3  -12    8    3   16  -14    7   -9    9
    1   11    7    1    3    5    3    1       606   12  -14  -13  -18    0    7   -6   15   11    1  -13    8   -2   14  -12   15   -8   11
    1   11    8    1    1    1    1    1       487   12   15   15  -13   13   10   -8   16    0   -9   -3  -11  -14   -6   15   -8    9   -6
    1   11    9    1    2    3    2    1       757    3   -2   -3   12  -11    7   -3    5   15    9   10    4   -4   23    2   14  -12   -6
    1   11   10    1    2    5    2    1      1144    1   -2    5   20  -11    6  -13   15   14    5   11    5   -2   17    1   14  -11   -6
    1   11   11    1    3    4    3    1       572    9  -16  -12  -12    0    7   -7   14   10    0  -12    7   -5   16  -17   12  -12   16
    1   11   12    1    2    4    2    1       710    1   -4   -6   12  -19    4   -3    6    5    6    9    3   -1   13    0   16  -12   -6
    1   11   13    1    1    5    1    1       523   11    4   13  -15    9   10   -5   13    0  -11   -4  -11  -12   -4   13   -6    9   -1
    1   11   14    1    1    2    1    1       648    5   14   16  -13   12   -1   -8   16   -1   -9   -4   -9  -12   -7   15   -8    4   -3
    1   11   15    1    2    1    2    1       943    2   -5   -3   10  -12    6   -4    2   11    4   11   -5   -3   15    1   17  -11   -6
    1   12    1    1    1    2    1    1       522    5   14   16  -13   12   -1   -8   16   -1   -9   -4   -9  -12   -7   15   -8    4   -3
    1   12    2    1    1    5    1    1       839   11    4   13  -15    9   10   -5   13    0  -11   -4  -11  -12   -4   13   -6    9   -1
    1   12    3    1    2    1    2    1       871    2   -5   -3   10  -12    6   -4    2   11    4   11   -5   -3   15    1   17  -11   -6
    1   12    4    1    3    1    3    1       757   18  -16  -11  -11   -1    7   -8   11   12    3  -12    8    3   16  -14    7   -9    9
    1   12    5    1    3    4    3    1      1592    9  -16  -12  -12    0    7   -7   14   10    0  -12    7   -5   16  -17   12  -12   16
    1   12    6    1    3    3    3    1       634   10  -13   -2   -4   -1    9   -4   18   12    2  -14    9    2   15  -13   13  -14   15
    1   12    7    1    2    2    2    1       866   -7    1   -4   11  -14    5   -4    5   13    6   10    7   -1   13    2   14  -10   -9
    1   12    8    1    2    3    2    1      1344    3   -2   -3   12  -11    7   -3    5   15    9   10    4   -4   23    2   14  -12   -6
    1   12    9    1    2    5    2    1       795    1   -2    5   20  -11    6  -13   15   14    5   11    5   -2   17    1   14  -11   -6
    1   12   10    1    1    4    1    1       557   10    2   20   -3   13    8   -8    6    0  -11   -2   -7  -16   -4   15   -8   12   -2
    1   12   11    1    3    5    3    1       696   12  -14  -13  -18    0    7   -6   15   11    1  -13    8   -2   14  -12   15   -8   11
    1   12   12    1    1    1    1    1       605   12   15   15  -13   13   10   -8   16    0   -9   -3  -11  -14   -6   15   -8    9   -6
    1   12   13    1    1    3    1    1       823   12    3   13  -12   11    8   -7   15    2  -11   -7  -13  -14   -3   13   -8    8   -7
    1   12   14    1    2    4    2    1       951    1   -4   -6   12  -19    4   -3    6    5    6    9    3   -1   13    0   16  -12   -6
    1   12   15    1    3    2    3    1       770   10  -15  -14  -11   -1    7   -8   16    8    9  -14    7    4   16  -17   12   -8   10
    1   13    1    1    3    2    3    1       837   10  -15  -14  -11   -1    7   -8   16    8    9  -14    7    4   16  -17   12   -8   10
    1   13    2    1    2    5    2    1      1093    1   -2    5   20  -11    6  -13   15   14    5   11    5   -2   17    1   14  -11   -6
    1   13    3    1    1    2    1    1       634    5   14   16  -13   12   -1   -8   16   -1   -9   -4   -9  -12   -7   15   -8    4   -3
    1   13    4    1    1    5    1    1       562   11    4   13  -15    9   10   -5   13    0  -11   -4  -11  -12   -4   13   -6    9   -1
    1   13    5    1    3    4    3    1      1757    9  -16  -12  -12    0    7   -7   14   10    0  -12    7   -5   16  -17   12  -12   16
    1   13    6    1    1    1    1    1       664   12   15   15  -13   13   10   -8   16    0   -9   -3  -11  -14   -6   15   -8    9   -6
    1   13    7    1    2    2    2    1       847   -7    1   -4   11  -14    5   -4    5   13    6   10    7   -1   13    2   14  -10   -9
    1   13    8    1    1    3    1    1      1022   12    3   13  -12   11    8   -7   15    2  -11   -7  -13  -14   -3   13   -8    8   -7
    1   13    9    1    3    3    3    1      1303   10  -13   -2   -4   -1    9   -4   18   12    2  -14    9    2   15  -13   13  -14   15
    1   13   10    1    2    4    2    1       660    1   -4   -6   12  -19    4   -3    6    5    6    9    3   -1   13    0   16  -12   -6
    1   13   11    1    2    1    2    1      1578    2   -5   -3   10  -12    6   -4    2   11    4   11   -5   -3   15    1   17  -11   -6
    1   13   12    1    2    3    2    1       956    3   -2   -3   12  -11    7   -3    5   15    9   10    4   -4   23    2   14  -12   -6
    1   13   13    1    3    5    3    1       744   12  -14  -13  -18    0    7   -6   15   11    1  -13    8   -2   14  -12   15   -8   11
    1   13   14    1    3    1    3    1       603   18  -16  -11  -11   -1    7   -8   11   12    3  -12    8    3   16  -14    7   -9    9
    1   13   15    1    1    4    1    1       612   10    2   20   -3   13    8   -8    6    0  -11   -2   -7  -16   -4   15   -8   12   -2
    1   14    1    1    3    1    3    1       589   18  -16  -11  -11   -1    7   -8   11   12    3  -12    8    3   16  -14    7   -9    9
    1   14    2    1    2    1    2    1      1063    2   -5   -3   10  -12    6   -4    2   11    4   11   -5   -3   15    1   17  -11   -6
    1   14    3    1    3    5    3    1       717   12  -14  -13  -18    0    7   -6   15   11    1  -13    8   -2   14  -12   15   -8   11
    1   14    4    1    2    3    2    1      1122    3   -2   -3   12  -11    7   -3    5   15    9   10    4   -4   23    2   14  -12   -6
    1   14    5    1    2    5    2    1       742    1   -2    5   20  -11    6  -13   15   14    5   11    5   -2   17    1   14  -11   -6
    1   14    6    1    3    3    3    1       826   10  -13   -2   -4   -1    9   -4   18   12    2  -14    9    2   15  -13   13  -14   15
    1   14    7    1    3    2    3    1       778   10  -15  -14  -11   -1    7   -8   16    8    9  -14    7    4   16  -17   12   -8   10
    1   14    8    1    1    4    1    1       524   10    2   20   -3   13    8   -8    6    0  -11   -2   -7  -16   -4   15   -8   12   -2
    1   14    9    1    1    5    1    1       585   11    4   13  -15    9   10   -5   13    0  -11   -4  -11  -12   -4   13   -6    9   -1
    1   14   10    1    2    2    3    0      1075   -7    1   -4   11  -14    5   -4    5   13    6   10    7   -1   13    2   14  -10   -9
    1   14   11    1    1    3    1    1       665   12    3   13  -12   11    8   -7   15    2  -11   -7  -13  -14   -3   13   -8    8   -7
    1   14   12    1    1    1    1    1       544   12   15   15  -13   13   10   -8   16    0   -9   -3  -11  -14   -6   15   -8    9   -6
    1   14   13    1    2    4    2    1      1243    1   -4   -6   12  -19    4   -3    6    5    6    9    3   -1   13    0   16  -12   -6
    1   14   14    1    1    2    1    1       555    5   14   16  -13   12   -1   -8   16   -1   -9   -4   -9  -12   -7   15   -8    4   -3
    1   14   15    1    3    4    3    1       694    9  -16  -12  -12    0    7   -7   14   10    0  -12    7   -5   16  -17   12  -12   16
    1   15    1    1    2    2    2    1       987   -7    1   -4   11  -14    5   -4    5   13    6   10    7   -1   13    2   14  -10   -9
    1   15    2    1    1    2    1    1       485    5   14   16  -13   12   -1   -8   16   -1   -9   -4   -9  -12   -7   15   -8    4   -3
    1   15    3    1    1    1    1    1       563   12   15   15  -13   13   10   -8   16    0   -9   -3  -11  -14   -6   15   -8    9   -6
    1   15    4    1    2    3    2    1       974    3   -2   -3   12  -11    7   -3    5   15    9   10    4   -4   23    2   14  -12   -6
    1   15    5    1    1    5    1    1       504   11    4   13  -15    9   10   -5   13    0  -11   -4  -11  -12   -4   13   -6    9   -1
    1   15    6    1    3    3    3    1      1013   10  -13   -2   -4   -1    9   -4   18   12    2  -14    9    2   15  -13   13  -14   15
    1   15    7    1    3    5    3    1       638   12  -14  -13  -18    0    7   -6   15   11    1  -13    8   -2   14  -12   15   -8   11
    1   15    8    1    2    1    2    1      1078    2   -5   -3   10  -12    6   -4    2   11    4   11   -5   -3   15    1   17  -11   -6
    1   15    9    1    3    2    3    1       620   10  -15  -14  -11   -1    7   -8   16    8    9  -14    7    4   16  -17   12   -8   10
    1   15   10    1    3    4    3    1       596    9  -16  -12  -12    0    7   -7   14   10    0  -12    7   -5   16  -17   12  -12   16
    1   15   11    1    2    4    2    1       670    1   -4   -6   12  -19    4   -3    6    5    6    9    3   -1   13    0   16  -12   -6
    1   15   12    1    3    1    3    1       564   18  -16  -11  -11   -1    7   -8   11   12    3  -12    8    3   16  -14    7   -9    9
    1   15   13    1    2    5    2    1       671    1   -2    5   20  -11    6  -13   15   14    5   11    5   -2   17    1   14  -11   -6
    1   15   14    1    1    3    1    1       390   12    3   13  -12   11    8   -7   15    2  -11   -7  -13  -14   -3   13   -8    8   -7
    1   15   15    1    1    4    1    1       424   10    2   20   -3   13    8   -8    6    0  -11   -2   -7  -16   -4   15   -8   12   -2
    2    1    1    6    0    0    2    1      2891    6   -6    4  -16   20   -2  -13    6   -5   10   -9  -12   11  -12   13  -17  -12   -9
    2    1    2    1    1    2    1    1      1897    5   14   16  -13   12   -1   -8   16   -1   -9   -4   -9  -12   -7   15   -8    4   -3
    2    1    3    4    1    5    2    1      1118   13    6   16  -12   12    8  -10   11    0  -11    6  -17  -14   -2   13   -6    8   -7
    2    1    4    4    3    4    2    1      1906    8  -11  -12  -10    0    7   -2   11   11    3   -6   19    2   16  -13   11   -9   16
    2    1    5    1    2    3    1    1      2647    3   -2   -3   12  -11    7   -3    5   15    9   10    4   -4   23    2   14  -12   -6
    2    1    6    4    2    5    2    1      3375    9   -2   -3   11  -12    6   -2    5   13    4    6    0   -1   14    5   19   -9   -9
    2    1    7    4    3    1    2    1      1705   11  -13  -11  -16    0    7   -5   18    6   11  -11   10    4   14  -12    5   -1   19
    2    1    8    1    2    2    1    1      1238   -7    1   -4   11  -14    5   -4    5   13    6   10    7   -1   13    2   14  -10   -9
    2    1    9    4    1    4    2    1      1814   14    3   15  -14   11    8   -7   12    7   -8   -5  -10  -21    1   16   -9   15   -1
    2    1   10    4    3    5    1    0      2543   11  -12   -8   -6   -6   10   -7   17   12    1  -13    5    2   14  -16   10  -16   13
    2    1   11    1    3    1    1    1      1450   18  -16  -11  -11   -1    7   -8   11   12    3  -12    8    3   16  -14    7   -9    9
    2    1   12    6    0    0    2    1      1042   14    9    0   16   18  -11    5   -6   -6  -13    5    7   10   -7  -13   -7  -14   14
    2    1   13    4    2    2    2    1      1017    4   -1   -5    2  -12    6   -5    8   11    8    9    5    0   18    0   14   -9   -9
    2    1   14    1    2    1    2    0      1778    2   -5   -3   10  -12    6   -4    2   11    4   11   -5   -3   15    1   17  -11   -6
    2    1   15    4    2    1    2    1      1116    2   -2   -5   12  -14    7   -2    7   11    6    2    4   -2   11    2   16  -18  -13
    2    1   16    1    1    5    1    1       993   11    4   13  -15    9   10   -5   13    0  -11   -4  -11  -12   -4   13   -6    9   -1
    2    1   17    6    0    0    2    1      1226    7   -5    5  -15   11   -8  -14    6   -1   11   -9  -11   15   -1   12  -14  -10   -9
    2    1   18    2    2    0    1    0      1258    2   -3   -4   12  -13    7   -4    6   12    6   10    5   -2   14    1   15  -11   -7
    2    1   19    4    1    1    2    1      1113   11    3   13  -14    4    2   -6   13    5   -7   -4   -8  -15    2   13   -9    6   -5
    2    1   20    1    1    3    1    1      6878   12    3   13  -12   11    8   -7   15    2  -11   -7  -13  -14   -3   13   -8    8   -7
    2    1   21    4    3    2    1    0      2507    8  -16  -12  -13   -3    3   -6   13    9    2  -17   10    2   14  -13    8   -8    8
    2    1   22    4    2    4    2    1       953    1   -3   -5   21   -6   13   -2    8   14    7   12    4    0   14    5   17   -8  -10
    2    1   23    1    2    4    1    1      1460    1   -4   -6   12  -19    4   -3    6    5    6    9    3   -1   13    0   16  -12   -6
    2    1   24    4    1    2    1    0      2410   12    3   13  -13   13    8   -5   14    2  -10   -3   -7  -14   -1   13   -8    8   -8
    2    1   25    2    1    0    1    0      1483   12    5   14  -13   11    9   -6   14    0  -10   -3   -9  -15   -3   14   -8    7   -6
    2    1   26    1    2    5    1    1      1425    1   -2    5   20  -11    6  -13   15   14    5   11    5   -2   17    1   14  -11   -6
    2    1   27    4    2    3    1    0      1609    3   -3   -4   17  -13    6   -3    4   10    8    9    5   -1   14    2   18  -10   -7
    2    1   28    4    1    3    2    1      3114   13    3   12  -18   10   10   -5   14   -1  -10  -10  -16  -17   -2   16   -6    7   -7
    2    1   29    6    0    0    2    1       975  -13   13   -4   17   -4   20    2  -12   15   -1    8    7   15    4    3   -2  -15    2
    2    1   30    1    3    3    1    1      1385   10  -13   -2   -4   -1    9   -4   18   12    2  -14    9    2   15  -13   13  -14   15
    2    1   31    1    3    2    1    1       931   10  -15  -14  -11   -1    7   -8   16    8    9  -14    7    4   16  -17   12   -8   10
    2    1   32    4    3    3    1    0       687   10  -13  -13   -9   -1    7   -7   13    9    0  -13   15    5   14  -16    8  -10   12
    2    1   33    2    3    0    1    0       661   10  -14  -12  -11   -1    8   -7   15   10    1  -13    9    3   14  -15   10   -9   11
    2    1   34    6    0    0    2    1       764   12   13    4   10   19   -9    4   -4  -16  -20   17   18    8   -7  -11   -3  -16   16
    2    1   35    1    3    5    1    1       734   12  -14  -13  -18    0    7   -6   15   11    1  -13    8   -2   14  -12   15   -8   11
    2    1   36    1    1    1    2    0      1090   12   15   15  -13   13   10   -8   16    0   -9   -3  -11  -14   -6   15   -8    9   -6
    2    1   37    1    1    4    1    1      8568   10    2   20   -3   13    8   -8    6    0  -11   -2   -7  -16   -4   15   -8   12   -2
    2    1   38    1    3    4    1    1      2434    9  -16  -12  -12    0    7   -7   14   10    0  -12    7   -5   16  -17   12  -12   16
    2    1   39    6    0    0    2    1       946  -16   11    7   20   -4   20    1  -12   24    3   11    9   14    5    1   -5   -4   10
