    1    1    1    1    1    4    1    1      4623   -5   -4   -2    5    5  -12    9   10    1    4   -2   -1   14   -7    1    0  -15   -3
    1    1    2    1    2    2    2    1      1597    6    5    3   -9    1  -12    0    2   15   -4    6    2   19    4    8    7    8   17
    1    1    3    1    3    3    3    1      1247  -14    7   -3    2    0   11    3   12  -14   -9   -7    8    2   -4    5  -16   -1    3
    1    1    4    1    2    5    2    1       687   11    9   -1  -11    0  -14  -10    2   15  -15   10    7   13    5    0    5   11   13
    1    1    5    1    1    1    1    1       949   -4   -7   -1    7    9  -15   18   12    2    4    0    0   19   -3    3   -1  -15   -3
    1    1    6    1    2    1    2    1       529   10    9   -1  -10    0  -16   -7   -1   16   -3    8    2   14    5    5   12    9   16
    1    1    7    1    3    5    3    1      1149  -13    6   -3    2    1   12    4   12  -15   -9   -9    7   -9    3   -1   -9    1    3
    1    1    8    1    2    4    2    1      1969   12    9    4  -19    6   -5  -11    2   14   -7    9    2   19    2    6   14    5   16
    1    1    9    1    3    2    1    0      1539  -14    7   -2    4    0   15    6   12  -19    0   -7    5   -6    2    3  -14    0    5
    1    1   10    1    3    1    1    0      2167  -14    9   -5    3   -5   13    2   13  -14   -8   -6    8   -1   -6    2  -15   -1    1
    1    1   11    1    2    3    2    1       642    9    7    0  -11    0  -15   -7    4   13   -7    9    2   15    7    9   16    3    6
    1    1   12    1    1    3    1    1       778   -5   -6   -2    8    8  -14    8    9    7    3    1    2   16    2   -7   -8  -14   -5
    1    1   13    1    1    2    3    0      1405  -14    0   -3    7    7  -11    6   10    3    3    0    0   10    3    3    0  -15   -5
    1    1   14    1    1    5    3    0      3110   -2   -4   -1    6    7  -14   10    6    1    2    2   -4    9    1    0    0  -17   -6
    1    1   15    1    3    4    1    0      1612  -12    7   -2    1   -6   20    1   12  -17   -7   -8    5   -7    0    5  -14    3    0
    1    2    1    1    1    4    1    1       765   -5   -4   -2    5    5  -12    9   10    1    4   -2   -1   14   -7    1    0  -15   -3
    1    2    2    1    2    5    2    1      1600   11    9   -1  -11    0  -14  -10    2   15  -15   10    7   13    5    0    5   11   13
    1    2    3    1    3    5    1    0      2050  -13    6   -3    2    1   12    4   12  -15   -9   -9    7   -9    3   -1   -9    1    3
    1    2    4    1    2    1    2    1       705   10    9   -1  -10    0  -16   -7   -1   16   -3    8    2   14    5    5   12    9   16
    1    2    5    1    1    2    1    1      3366  -14    0   -3    7    7  -11    6   10    3    3    0    0   10    3    3    0  -15   -5
    1    2    6    1    3    2    1    0      2337  -14    7   -2    4    0   15    6   12  -19    0   -7    5   -6    2    3  -14    0    5
    1    2    7    1    2    2    2    1       725    6    5    3   -9    1  -12    0    2   15   -4    6    2   19    4    8    7    8   17
    1    2    8    1    3    3    1    0       810  -14    7   -3    2    0   11    3   12  -14   -9   -7    8    2   -4    5  -16   -1    3
    1    2    9    1    2    3    2    1       667    9    7    0  -11    0  -15   -7    4   13   -7    9    2   15    7    9   16    3    6
    1    2   10    1    1    1    1    1      1058   -4   -7   -1    7    9  -15   18   12    2    4    0    0   19   -3    3   -1  -15   -3
    1    2   11    1    2    4    2    1       793   12    9    4  -19    6   -5  -11    2   14   -7    9    2   19    2    6   14    5   16
    1    2   12    1    3    4    3    1       780  -12    7   -2    1   -6   20    1   12  -17   -7   -8    5   -7    0    5  -14    3    0
    1    2   13    1    1    3    1    1      1214   -5   -6   -2    8    8  -14    8    9    7    3    1    2   16    2   -7   -8  -14   -5
    1    2   14    1    3    1    3    1      2304  -14    9   -5    3   -5   13    2   13  -14   -8   -6    8   -1   -6    2  -15   -1    1
    1    2   15    1    1    5    1    1      1397   -2   -4   -1    6    7  -14   10    6    1    2    2   -4    9    1    0    0  -17   -6
    1    3    1    1    2    2    2    1       703    6    5    3   -9    1  -12    0    2   15   -4    6    2   19    4    8    7    8   17
    1    3    2    1    3    5    3    1      4741  -13    6   -3    2    1   12    4   12  -15   -9   -9    7   -9    3   -1   -9    1    3
    1    3    3    1    1    4    1    1      1001   -5   -4   -2    5    5  -12    9   10    1    4   -2   -1   14   -7    1    0  -15   -3
    1    3    4    1    2    4    2    1       386   12    9    4  -19    6   -5  -11    2   14   -7    9    2   19    2    6   14    5   16
    1    3    5    1    2    1    2    1       772   10    9   -1  -10    0  -16   -7   -1   16   -3    8    2   14    5    5   12    9   16
    1    3    6    1    3    1    3    1      2551  -14    9   -5    3   -5   13    2   13  -14   -8   -6    8   -1   -6    2  -15   -1    1
    1    3    7    1    2    5    2    1       786   11    9   -1  -11    0  -14  -10    2   15  -15   10    7   13    5    0    5   11   13
    1    3    8    1    1    3    1    1       900   -5   -6   -2    8    8  -14    8    9    7    3    1    2   16    2   -7   -8  -14   -5
    1    3    9    1    1    2    3    0      1250  -14    0   -3    7    7  -11    6   10    3    3    0    0   10    3    3    0  -15   -5
    1    3   10    1    2    3    2    1       673    9    7    0  -11    0  -15   -7    4   13   -7    9    2   15    7    9   16    3    6
    1    3   11    1    3    2    3    1       920  -14    7   -2    4    0   15    6   12  -19    0   -7    5   -6    2    3  -14    0    5
    1    3   12    1    1    5    1    1      1061   -2   -4   -1    6    7  -14   10    6    1    2    2   -4    9    1    0    0  -17   -6
    1    3   13    1    3    3    3    1      1612  -14    7   -3    2    0   11    3   12  -14   -9   -7    8    2   -4    5  -16   -1    3
    1    3   14    1    3    4    1    0      4685  -12    7   -2    1   -6   20    1   12  -17   -7   -8    5   -7    0    5  -14    3    0
    1    3   15    1    1    1    1    1      1156   -4   -7   -1    7    9  -15   18   12    2    4    0    0   19   -3    3   -1  -15   -3
    1    4    1    1    2    1    2    1       631   10    9   -1  -10    0  -16   -7   -1   16   -3    8    2   14    5    5   12    9   16
    1    4    2    1    3    3    3    1       944  -14    7   -3    2    0   11    3   12  -14   -9   -7    8    2   -4    5  -16   -1    3
    1    4    3    1    1    1    1    1      2060   -4   -7   -1    7    9  -15   18   12    2    4    0    0   19   -3    3   -1  -15   -3
    1    4    4    1    3    1    3    1      1035  -14    9   -5    3   -5   13    2   13  -14   -8   -6    8   -1   -6    2  -15   -1    1
    1    4    5    1    2    5    2    1       723   11    9   -1  -11    0  -14  -10    2   15  -15   10    7   13    5    0    5   11   13
    1    4    6    1    3    5    3    1      1704  -13    6   -3    2    1   12    4   12  -15   -9   -9    7   -9    3   -1   -9    1    3
    1    4    7    1    1    3    1    1       998   -5   -6   -2    8    8  -14    8    9    7    3    1    2   16    2   -7   -8  -14   -5
    1    4    8    1    1    4    1    1      1455   -5   -4   -2    5    5  -12    9   10    1    4   -2   -1   14   -7    1    0  -15   -3
    1    4    9    1    2    3    2    1       439    9    7    0  -11    0  -15   -7    4   13   -7    9    2   15    7    9   16    3    6
    1    4   10    1    2    4    2    1      1079   12    9    4  -19    6   -5  -11    2   14   -7    9    2   19    2    6   14    5   16
    1    4   11    1    3    2    3    1      1982  -14    7   -2    4    0   15    6   12  -19    0   -7    5   -6    2    3  -14    0    5
    1    4   12    1    2    2    2    1       544    6    5    3   -9    1  -12    0    2   15   -4    6    2   19    4    8    7    8   17
    1    4   13    1    1    5    1    1      2268   -2   -4   -1    6    7  -14   10    6    1    2    2   -4    9    1    0    0  -17   -6
    1    4   14    1    1    2    3    0      1459  -14    0   -3    7    7  -11    6   10    3    3    0    0   10    3    3    0  -15   -5
    1    4   15    1    3    4    3    1      1066  -12    7   -2    1   -6   20    1   12  -17   -7   -8    5   -7    0    5  -14    3    0
    1    5    1    1    1    4    1    1       881   -5   -4   -2    5    5  -12    9   10    1    4   -2   -1   14   -7    1    0  -15   -3
    1    5    2    1    3    3    3    1       943  -14    7   -3    2    0   11    3   12  -14   -9   -7    8    2   -4    5  -16   -1    3
    1    5    3    1    2    4    2    1       556   12    9    4  -19    6   -5  -11    2   14   -7    9    2   19    2    6   14    5   16
    1    5    4    1    3    4    3    1      5047  -12    7   -2    1   -6   20    1   12  -17   -7   -8    5   -7    0    5  -14    3    0
    1    5    5    1    2    2    2    1       623    6    5    3   -9    1  -12    0    2   15   -4    6    2   19    4    8    7    8   17
    1    5    6    1    3    2    3    1      1080  -14    7   -2    4    0   15    6   12  -19    0   -7    5   -6    2    3  -14    0    5
    1    5    7    1    2    3    2    1       511    9    7    0  -11    0  -15   -7    4   13   -7    9    2   15    7    9   16    3    6
    1    5    8    1    2    1    2    1       876   10    9   -1  -10    0  -16   -7   -1   16   -3    8    2   14    5    5   12    9   16
    1    5    9    1    3    5    3    1       683  -13    6   -3    2    1   12    4   12  -15   -9   -9    7   -9    3   -1   -9    1    3
    1    5   10    1    1    3    1    1       561   -5   -6   -2    8    8  -14    8    9    7    3    1    2   16    2   -7   -8  -14   -5
    1    5   11    1    3    1    3    1       588  -14    9   -5    3   -5   13    2   13  -14   -8   -6    8   -1   -6    2  -15   -1    1
    1    5   12    1    2    5    2    1       966   11    9   -1  -11    0  -14  -10    2   15  -15   10    7   13    5    0    5   11   13
    1    5   13    1    1    5    1    1       929   -2   -4   -1    6    7  -14   10    6    1    2    2   -4    9    1    0    0  -17   -6
    1    5   14    1    1    2    3    0      3101  -14    0   -3    7    7  -11    6   10    3    3    0    0   10    3    3    0  -15   -5
    1    5   15    1    1    1    1    1      1059   -4   -7   -1    7    9  -15   18   12    2    4    0    0   19   -3    3   -1  -15   -3
    1    6    1    1    3    5    3    1      2746  -13    6   -3    2    1   12    4   12  -15   -9   -9    7   -9    3   -1   -9    1    3
    1    6    2    1    1    1    1    1       702   -4   -7   -1    7    9  -15   18   12    2    4    0    0   19   -3    3   -1  -15   -3
    1    6    3    1    2    2    2    1       516    6    5    3   -9    1  -12    0    2   15   -4    6    2   19    4    8    7    8   17
    1    6    4    1    3    2    3    1      1088  -14    7   -2    4    0   15    6   12  -19    0   -7    5   -6    2    3  -14    0    5
    1    6    5    1    2    4    2    1       742   12    9    4  -19    6   -5  -11    2   14   -7    9    2   19    2    6   14    5   16
    1    6    6    1    2    3    2    1       843    9    7    0  -11    0  -15   -7    4   13   -7    9    2   15    7    9   16    3    6
    1    6    7    1    1    2    3    0      3387  -14    0   -3    7    7  -11    6   10    3    3    0    0   10    3    3    0  -15   -5
    1    6    8    1    2    5    2    1      1029   11    9   -1  -11    0  -14  -10    2   15  -15   10    7   13    5    0    5   11   13
    1    6    9    1    3    1    3    1       638  -14    9   -5    3   -5   13    2   13  -14   -8   -6    8   -1   -6    2  -15   -1    1
    1    6   10    1    1    3    1    1       774   -5   -6   -2    8    8  -14    8    9    7    3    1    2   16    2   -7   -8  -14   -5
    1    6   11    1    1    5    1    1      1224   -2   -4   -1    6    7  -14   10    6    1    2    2   -4    9    1    0    0  -17   -6
    1    6   12    1    3    4    3    1      1481  -12    7   -2    1   -6   20    1   12  -17   -7   -8    5   -7    0    5  -14    3    0
    1    6   13    1    1    4    1    1      1167   -5   -4   -2    5    5  -12    9   10    1    4   -2   -1   14   -7    1    0  -15   -3
    1    6   14    1    3    3    3    1       946  -14    7   -3    2    0   11    3   12  -14   -9   -7    8    2   -4    5  -16   -1    3
    1    6   15    1    2    1    2    1       382   10    9   -1  -10    0  -16   -7   -1   16   -3    8    2   14    5    5   12    9   16
    1    7    1    1    1    3    1    1       592   -5   -6   -2    8    8  -14    8    9    7    3    1    2   16    2   -7   -8  -14   -5
    1    7    2    1    1    1    1    1       474   -4   -7   -1    7    9  -15   18   12    2    4    0    0   19   -3    3   -1  -15   -3
    1    7    3    1    2    5    2    1       873   11    9   -1  -11    0  -14  -10    2   15  -15   10    7   13    5    0    5   11   13
    1    7    4    1    1    4    1    1       616   -5   -4   -2    5    5  -12    9   10    1    4   -2   -1   14   -7    1    0  -15   -3
    1    7    5    1    3    2    3    1      1648  -14    7   -2    4    0   15    6   12  -19    0   -7    5   -6    2    3  -14    0    5
    1    7    6    1    3    1    1    0      4176  -14    9   -5    3   -5   13    2   13  -14   -8   -6    8   -1   -6    2  -15   -1    1
    1    7    7    1    1    2    1    1      1642  -14    0   -3    7    7  -11    6   10    3    3    0    0   10    3    3    0  -15   -5
    1    7    8    1    3    5    3    1      1243  -13    6   -3    2    1   12    4   12  -15   -9   -9    7   -9    3   -1   -9    1    3
    1    7    9    1    2    4    2    1       571   12    9    4  -19    6   -5  -11    2   14   -7    9    2   19    2    6   14    5   16
    1    7   10    1    2    1    2    1       677   10    9   -1  -10    0  -16   -7   -1   16   -3    8    2   14    5    5   12    9   16
    1    7   11    1    1    5    1    1       988   -2   -4   -1    6    7  -14   10    6    1    2    2   -4    9    1    0    0  -17   -6
    1    7   12    1    2    3    2    1       550    9    7    0  -11    0  -15   -7    4   13   -7    9    2   15    7    9   16    3    6
    1    7   13    1    3    4    3    1       770  -12    7   -2    1   -6   20    1   12  -17   -7   -8    5   -7    0    5  -14    3    0
    1    7   14    1    2    2    2    1       484    6    5    3   -9    1  -12    0    2   15   -4    6    2   19    4    8    7    8   17
    1    7   15    1    3    3    3    1       898  -14    7   -3    2    0   11    3   12  -14   -9   -7    8    2   -4    5  -16   -1    3
    1    8    1    1    3    5    1    0      2272  -13    6   -3    2    1   12    4   12  -15   -9   -9    7   -9    3   -1   -9    1    3
    1    8    2    1    1    1    1    1       679   -4   -7   -1    7    9  -15   18   12    2    4    0    0   19   -3    3   -1  -15   -3
    1    8    3    1    2    4    2    1       573   12    9    4  -19    6   -5  -11    2   14   -7    9    2   19    2    6   14    5   16
    1    8    4    1    1    2    3    0      5112  -14    0   -3    7    7  -11    6   10    3    3    0    0   10    3    3    0  -15   -5
    1    8    5    1    2    3    2    1       814    9    7    0  -11    0  -15   -7    4   13   -7    9    2   15    7    9   16    3    6
    1    8    6    1    2    2    2    1       671    6    5    3   -9    1  -12    0    2   15   -4    6    2   19    4    8    7    8   17
    1    8    7    1    2    5    2    1       806   11    9   -1  -11    0  -14  -10    2   15  -15   10    7   13    5    0    5   11   13
    1    8    8    1    1    3    1    1       823   -5   -6   -2    8    8  -14    8    9    7    3    1    2   16    2   -7   -8  -14   -5
    1    8    9    1    2    1    2    1       456   10    9   -1  -10    0  -16   -7   -1   16   -3    8    2   14    5    5   12    9   16
    1    8   10    1    3    4    3    1      1095  -12    7   -2    1   -6   20    1   12  -17   -7   -8    5   -7    0    5  -14    3    0
    1    8   11    1    1    4    1    1       749   -5   -4   -2    5    5  -12    9   10    1    4   -2   -1   14   -7    1    0  -15   -3
    1    8   12    1    3    2    3    1       977  -14    7   -2    4    0   15    6   12  -19    0   -7    5   -6    2    3  -14    0    5
    1    8   13    1    1    5    1    1       843   -2   -4   -1    6    7  -14   10    6    1    2    2   -4    9    1    0    0  -17   -6
    1    8   14    1    3    3    3    1       635  -14    7   -3    2    0   11    3   12  -14   -9   -7    8    2   -4    5  -16   -1    3
    1    8   15    1    3    1    3    1       771  -14    9   -5    3   -5   13    2   13  -14   -8   -6    8   -1   -6    2  -15   -1    1
    1    9    1    1    2    3    2    1       518    9    7    0  -11    0  -15   -7    4   13   -7    9    2   15    7    9   16    3    6
    1    9    2    1    2    5    2    1       547   11    9   -1  -11    0  -14  -10    2   15  -15   10    7   13    5    0    5   11   13
    1    9    3    1    3    3    3    1       703  -14    7   -3    2    0   11    3   12  -14   -9   -7    8    2   -4    5  -16   -1    3
    1    9    4    1    1    2    1    1      1284  -14    0   -3    7    7  -11    6   10    3    3    0    0   10    3    3    0  -15   -5
    1    9    5    1    1    4    1    1      1186   -5   -4   -2    5    5  -12    9   10    1    4   -2   -1   14   -7    1    0  -15   -3
    1    9    6    1    3    4    3    1      1077  -12    7   -2    1   -6   20    1   12  -17   -7   -8    5   -7    0    5  -14    3    0
    1    9    7    1    1    3    1    1      1163   -5   -6   -2    8    8  -14    8    9    7    3    1    2   16    2   -7   -8  -14   -5
    1    9    8    1    2    2    2    1       527    6    5    3   -9    1  -12    0    2   15   -4    6    2   19    4    8    7    8   17
    1    9    9    1    2    1    2    1       571   10    9   -1  -10    0  -16   -7   -1   16   -3    8    2   14    5    5   12    9   16
    1    9   10    1    2    4    2    1      1990   12    9    4  -19    6   -5  -11    2   14   -7    9    2   19    2    6   14    5   16
    1    9   11    1    1    1    1    1       728   -4   -7   -1    7    9  -15   18   12    2    4    0    0   19   -3    3   -1  -15   -3
    1    9   12    1    1    5    1    1       669   -2   -4   -1    6    7  -14   10    6    1    2    2   -4    9    1    0    0  -17   -6
    1    9   13    1    3    5    3    1      1812  -13    6   -3    2    1   12    4   12  -15   -9   -9    7   -9    3   -1   -9    1    3
    1    9   14    1    3    2    3    1       957  -14    7   -2    4    0   15    6   12  -19    0   -7    5   -6    2    3  -14    0    5
    1    9   15    1    3    1    3    1       568  -14    9   -5    3   -5   13    2   13  -14   -8   -6    8   -1   -6    2  -15   -1    1
    1   10    1    1    1    1    1    1       675   -4   -7   -1    7    9  -15   18   12    2    4    0    0   19   -3    3   -1  -15   -3
    1   10    2    1    3    4    3    1       826  -12    7   -2    1   -6   20    1   12  -17   -7   -8    5   -7    0    5  -14    3    0
    1   10    3    1    2    3    2    1      1179    9    7    0  -11    0  -15   -7    4   13   -7    9    2   15    7    9   16    3    6
    1   10    4    1    2    5    2    1       589   11    9   -1  -11    0  -14  -10    2   15  -15   10    7   13    5    0    5   11   13
    1   10    5    1    1    3    1    1       839   -5   -6   -2    8    8  -14    8    9    7    3    1    2   16    2   -7   -8  -14   -5
    1   10    6    1    2    4    3    0       455   12    9    4  -19    6   -5  -11    2   14   -7    9    2   19    2    6   14    5   16
    1   10    7    1    1    4    1    1       759   -5   -4   -2    5    5  -12    9   10    1    4   -2   -1   14   -7    1    0  -15   -3
    1   10    8    1    1    2    1    1       858  -14    0   -3    7    7  -11    6   10    3    3    0    0   10    3    3    0  -15   -5
    1   10    9    1    2    2    2    1       649    6    5    3   -9    1  -12    0    2   15   -4    6    2   19    4    8    7    8   17
    1   10   10    1    1    5    1    1       801   -2   -4   -1    6    7  -14   10    6    1    2    2   -4    9    1    0    0  -17   -6
    1   10   11    1    3    3    3    1       674  -14    7   -3    2    0   11    3   12  -14   -9   -7    8    2   -4    5  -16   -1    3
    1   10   12    1    2    1    2    1       553   10    9   -1  -10    0  -16   -7   -1   16   -3    8    2   14    5    5   12    9   16
    1   10   13    1    3    2    1    0      1732  -14    7   -2    4    0   15    6   12  -19    0   -7    5   -6    2    3  -14    0    5
    1   10   14    1    3    5    3    1       608  -13    6   -3    2    1   12    4   12  -15   -9   -9    7   -9    3   -1   -9    1    3
    1   10   15    1    3    1    3    1       650  -14    9   -5    3   -5   13    2   13  -14   -8   -6    8   -1   -6    2  -15   -1    1
    1   11    1    1    1    1    1    1      1361   -4   -7   -1    7    9  -15   18   12    2    4    0    0   19   -3    3   -1  -15   -3
    1   11    2    1    3    1    3    1       685  -14    9   -5    3   -5   13    2   13  -14   -8   -6    8   -1   -6    2  -15   -1    1
    1   11    3    1    3    3    3    1       563  -14    7   -3    2    0   11    3   12  -14   -9   -7    8    2   -4    5  -16   -1    3
    1   11    4    1    1    4    1    1       622   -5   -4   -2    5    5  -12    9   10    1    4   -2   -1   14   -7    1    0  -15   -3
    1   11    5    1    2    1    2    1       583   10    9   -1  -10    0  -16   -7   -1   16   -3    8    2   14    5    5   12    9   16
    1   11    6    1    2    3    2    1       513    9    7    0  -11    0  -15   -7    4   13   -7    9    2   15    7    9   16    3    6
    1   11    7    1    2    5    2    1       430   11    9   -1  -11    0  -14  -10    2   15  -15   10    7   13    5    0    5   11   13
    1   11    8    1    1    3    1    1       543   -5   -6   -2    8    8  -14    8    9    7    3    1    2   16    2   -7   -8  -14   -5
    1   11    9    1    2    4    2    1       635   12    9    4  -19    6   -5  -11    2   14   -7    9    2   19    2    6   14    5   16
    1   11   10    1    2    2    2    1       467    6    5    3   -9    1  -12    0    2   15   -4    6    2   19    4    8    7    8   17
    1   11   11    1    3    2    3    1       946  -14    7   -2    4    0   15    6   12  -19    0   -7    5   -6    2    3  -14    0    5
    1   11   12    1    3    5    3    1       558  -13    6   -3    2    1   12    4   12  -15   -9   -9    7   -9    3   -1   -9    1    3
    1   11   13    1    1    2    1    1       745  -14    0   -3    7    7  -11    6   10    3    3    0    0   10    3    3    0  -15   -5
    1   11   14    1    1    5    1    1       669   -2   -4   -1    6    7  -14   10    6    1    2    2   -4    9    1    0    0  -17   -6
    1   11   15    1    3    4    3    1       676  -12    7   -2    1   -6   20    1   12  -17   -7   -8    5   -7    0    5  -14    3    0
    1   12    1    1    3    2    3    1       747  -14    7   -2    4    0   15    6   12  -19    0   -7    5   -6    2    3  -14    0    5
    1   12    2    1    3    3    3    1       543  -14    7   -3    2    0   11    3   12  -14   -9   -7    8    2   -4    5  -16   -1    3
    1   12    3    1    1    2    1    1       699  -14    0   -3    7    7  -11    6   10    3    3    0    0   10    3    3    0  -15   -5
    1   12    4    1    2    5    2    1       752   11    9   -1  -11    0  -14  -10    2   15  -15   10    7   13    5    0    5   11   13
    1   12    5    1    3    1    3    1       564  -14    9   -5    3   -5   13    2   13  -14   -8   -6    8   -1   -6    2  -15   -1    1
    1   12    6    1    1    1    1    1       623   -4   -7   -1    7    9  -15   18   12    2    4    0    0   19   -3    3   -1  -15   -3
    1   12    7    1    1    3    1    1       520   -5   -6   -2    8    8  -14    8    9    7    3    1    2   16    2   -7   -8  -14   -5
    1   12    8    1    2    3    2    1       789    9    7    0  -11    0  -15   -7    4   13   -7    9    2   15    7    9   16    3    6
    1   12    9    1    1    4    2    0       551   -5   -4   -2    5    5  -12    9   10    1    4   -2   -1   14   -7    1    0  -15   -3
    1   12   10    1    2    2    2    1       354    6    5    3   -9    1  -12    0    2   15   -4    6    2   19    4    8    7    8   17
    1   12   11    1    3    4    3    1       613  -12    7   -2    1   -6   20    1   12  -17   -7   -8    5   -7    0    5  -14    3    0
    1   12   12    1    1    5    1    1       991   -2   -4   -1    6    7  -14   10    6    1    2    2   -4    9    1    0    0  -17   -6
    1   12   13    1    2    1    2    1       873   10    9   -1  -10    0  -16   -7   -1   16   -3    8    2   14    5    5   12    9   16
    1   12   14    1    2    4    2    1       552   12    9    4  -19    6   -5  -11    2   14   -7    9    2   19    2    6   14    5   16
    1   12   15    1    3    5    3    1       899  -13    6   -3    2    1   12    4   12  -15   -9   -9    7   -9    3   -1   -9    1    3
    1   13    1    1    1    1    1    1      1216   -4   -7   -1    7    9  -15   18   12    2    4    0    0   19   -3    3   -1  -15   -3
    1   13    2    1    3    3    3    1       657  -14    7   -3    2    0   11    3   12  -14   -9   -7    8    2   -4    5  -16   -1    3
    1   13    3    1    1    4    1    1       712   -5   -4   -2    5    5  -12    9   10    1    4   -2   -1   14   -7    1    0  -15   -3
    1   13    4    1    3    1    3    1       958  -14    9   -5    3   -5   13    2   13  -14   -8   -6    8   -1   -6    2  -15   -1    1
    1   13    5    1    2    4    2    1       585   12    9    4  -19    6   -5  -11    2   14   -7    9    2   19    2    6   14    5   16
    1   13    6    1    1    3    1    1       675   -5   -6   -2    8    8  -14    8    9    7    3    1    2   16    2   -7   -8  -14   -5
    1   13    7    1    2    5    2    1      1082   11    9   -1  -11    0  -14  -10    2   15  -15   10    7   13    5    0    5   11   13
    1   13    8    1    3    2    3    1       976  -14    7   -2    4    0   15    6   12  -19    0   -7    5   -6    2    3  -14    0    5
    1   13    9    1    3    4    3    1       571  -12    7   -2    1   -6   20    1   12  -17   -7   -8    5   -7    0    5  -14    3    0
    1   13   10    1    3    5    3    1       581  -13    6   -3    2    1   12    4   12  -15   -9   -9    7   -9    3   -1   -9    1    3
    1   13   11    1    2    1    2    1       576   10    9   -1  -10    0  -16   -7   -1   16   -3    8    2   14    5    5   12    9   16
    1   13   12    1    2    2    2    1       474    6    5    3   -9    1  -12    0    2   15   -4    6    2   19    4    8    7    8   17
    1   13   13    1    2    3    2    1       361    9    7    0  -11    0  -15   -7    4   13   -7    9    2   15    7    9   16    3    6
    1   13   14    1    1    5    1    1       557   -2   -4   -1    6    7  -14   10    6    1    2    2   -4    9    1    0    0  -17   -6
    1   13   15    1    1    2    1    1       584  -14    0   -3    7    7  -11    6   10    3    3    0    0   10    3    3    0  -15   -5
    1   14    1    1    2    1    2    1       466   10    9   -1  -10    0  -16   -7   -1   16   -3    8    2   14    5    5   12    9   16
    1   14    2    1    1    1    1    1       800   -4   -7   -1    7    9  -15   18   12    2    4    0    0   19   -3    3   -1  -15   -3
    1   14    3    1    1    3    1    1       530   -5   -6   -2    8    8  -14    8    9    7    3    1    2   16    2   -7   -8  -14   -5
    1   14    4    1    3    1    3    1       623  -14    9   -5    3   -5   13    2   13  -14   -8   -6    8   -1   -6    2  -15   -1    1
    1   14    5    1    2    2    2    1       551    6    5    3   -9    1  -12    0    2   15   -4    6    2   19    4    8    7    8   17
    1   14    6    1    1    5    1    1       563   -2   -4   -1    6    7  -14   10    6    1    2    2   -4    9    1    0    0  -17   -6
    1   14    7    1    3    3    3    1       542  -14    7   -3    2    0   11    3   12  -14   -9   -7    8    2   -4    5  -16   -1    3
    1   14    8    1    3    4    3    1       410  -12    7   -2    1   -6   20    1   12  -17   -7   -8    5   -7    0    5  -14    3    0
    1   14    9    1    3    5    1    0       540  -13    6   -3    2    1   12    4   12  -15   -9   -9    7   -9    3   -1   -9    1    3
    1   14   10    1    2    3    2    1       503    9    7    0  -11    0  -15   -7    4   13   -7    9    2   15    7    9   16    3    6
    1   14   11    1    1    2    1    1       677  -14    0   -3    7    7  -11    6   10    3    3    0    0   10    3    3    0  -15   -5
    1   14   12    1    3    2    3    1       988  -14    7   -2    4    0   15    6   12  -19    0   -7    5   -6    2    3  -14    0    5
    1   14   13    1    1    4    1    1       710   -5   -4   -2    5    5  -12    9   10    1    4   -2   -1   14   -7    1    0  -15   -3
    1   14   14    1    2    5    2    1       763   11    9   -1  -11    0  -14  -10    2   15  -15   10    7   13    5    0    5   11   13
    1   14   15    1    2    4    2    1       735   12    9    4  -19    6   -5  -11    2   14   -7    9    2   19    2    6   14    5   16
    1   15    1    1    2    2    2    1       819    6    5    3   -9    1  -12    0    2   15   -4    6    2   19    4    8    7    8   17
    1   15    2    1    2    4    2    1       835   12    9    4  -19    6   -5  -11    2   14   -7    9    2   19    2    6   14    5   16
    1   15    3    1    2    5    2    1       531   11    9   -1  -11    0  -14  -10    2   15  -15   10    7   13    5    0    5   11   13
    1   15    4    1    3    4    2    0       463  -12    7   -2    1   -6   20    1   12  -17   -7   -8    5   -7    0    5  -14    3    0
    1   15    5    1    1    4    1    1       527   -5   -4   -2    5    5  -12    9   10    1    4   -2   -1   14   -7    1    0  -15   -3
    1   15    6    1    3    2    3    1       684  -14    7   -2    4    0   15    6   12  -19    0   -7    5   -6    2    3  -14    0    5
    1   15    7    1    1    5    1    1       641   -2   -4   -1    6    7  -14   10    6    1    2    2   -4    9    1    0    0  -17   -6
    1   15    8    1    3    1    3    1       490  -14    9   -5    3   -5   13    2   13  -14   -8   -6    8   -1   -6    2  -15   -1    1
    1   15    9    1    2    3    2    1       488    9    7    0  -11    0  -15   -7    4   13   -7    9    2   15    7    9   16    3    6
    1   15   10    1    2    1    2    1       486   10    9   -1  -10    0  -16   -7   -1   16   -3    8    2   14    5    5   12    9   16
    1   15   11    1    3    3    3    1       740  -14    7   -3    2    0   11    3   12  -14   -9   -7    8    2   -4    5  -16   -1    3
    1   15   12    1    3    5    3    1       520  -13    6   -3    2    1   12    4   12  -15   -9   -9    7   -9    3   -1   -9    1    3
    1   15   13    1    1    1    1    1       517   -4   -7   -1    7    9  -15   18   12    2    4    0    0   19   -3    3   -1  -15   -3
    1   15   14    1    1    3    1    1       577   -5   -6   -2    8    8  -14    8    9    7    3    1    2   16    2   -7   -8  -14   -5
    1   15   15    1    1    2    1    1       716  -14    0   -3    7    7  -11    6   10    3    3    0    0   10    3    3    0  -15   -5
    2    1    1    6    0    0    2    1      1787   13   -5   -5   -6   -5    3    1    3   16   -3    9    4   -1   -1   -9   -6   12   -9
    2    1    2    1    1    2    1    1      1637  -14    0   -3    7    7  -11    6   10    3    3    0    0   10    3    3    0  -15   -5
    2    1    3    4    2    5    2    1      1414   11   10    1  -10    2  -14  -10    3   15   -7    6    0   18    3   -4    3   20   18
    2    1    4    6    0    0    2    1      1215   15   -5   -7   -3   10   13   11   -8   -1    5    8   -2    5   -7    3   16   14    8
    2    1    5    4    1    2    2    1      3456   -2   -5   -3    6    9  -10    8    9    1    3    3    5   14    0    0   -2  -16   -2
    2    1    6    1    3    2    1    1       903  -14    7   -2    4    0   15    6   12  -19    0   -7    5   -6    2    3  -14    0    5
    2    1    7    1    3    3    1    1       948  -14    7   -3    2    0   11    3   12  -14   -9   -7    8    2   -4    5  -16   -1    3
    2    1    8    2    1    0    1    0      1184   -4   -5   -2    6    8  -13    8   10    2    3    0    1   14    2    1   -1  -14   -4
    2    1    9    4    3    5    2    1      3314  -11    8   -3    3   -7    9    1   11  -17   -7   -6    6   -8   -6    4  -16   -2    5
    2    1   10    4    2    1    1    0      1168    3    0    1   -8    2  -15   -7    4   13   -7    8    1   13    4    7   20   11   15
    2    1   11    1    1    4    1    1      1250   -5   -4   -2    5    5  -12    9   10    1    4   -2   -1   14   -7    1    0  -15   -3
    2    1   12    1    1    1    1    1      3121   -4   -7   -1    7    9  -15   18   12    2    4    0    0   19   -3    3   -1  -15   -3
    2    1   13    4    3    4    2    1       982  -14    6   -5    3   -1   14    2   13  -16   -6  -17   14   -6    1   -4  -20   -2   -4
    2    1   14    1    3    1    1    1      1200  -14    9   -5    3   -5   13    2   13  -14   -8   -6    8   -1   -6    2  -15   -1    1
    2    1   15    4    2    4    2    1      2034   12    8   -1  -10    1  -13  -10    4   16   -6    6    2   13    4    3   15    9   15
    2    1   16    1    3    5    1    1       930  -13    6   -3    2    1   12    4   12  -15   -9   -9    7   -9    3   -1   -9    1    3
    2    1   17    4    2    3    2    1      1471    7   -2    0   -7    8  -23   -9    5   10    4   11    6   16    7    6   12    8   17
    2    1   18    4    3    3    2    1      1733  -12    9    2    7   -1   11    2   14  -18   -4   -8    5   -7   -4    3  -12    0    4
    2    1   19    1    3    4    2    0      6593  -12    7   -2    1   -6   20    1   12  -17   -7   -8    5   -7    0    5  -14    3    0
    2    1   20    4    1    3    2    1      1404   -5   -4   -4    7    8  -14   10   12    1    4   -2    2   15    3    3    0   -7  -10
    2    1   21    4    1    1    1    0      2053   -2   -4   -3    8    9  -14    7   10    3    2   -2    2   13    4    3   -1  -12   -5
    2    1   22    4    3    2    2    1      1380  -14    9   -6    5    0   14    3   10  -13   -7   -9    8   -6    0    6  -13    2    1
    2    1   23    1    2    2    1    1      1167    6    5    3   -9    1  -12    0    2   15   -4    6    2   19    4    8    7    8   17
    2    1   24    1    1    3    1    1      1058   -5   -6   -2    8    8  -14    8    9    7    3    1    2   16    2   -7   -8  -14   -5
    2    1   25    4    1    4    2    1      1321   -8   -8    0    7    7  -14    6   11    4    2   -2   -1   23    8   -1   -3  -22   -3
    2    1   26    4    2    2    1    0       902   10    9   -1   -8   -1  -13   -7    2   15   -9    7    3   17    3    5   12    8   13
    2    1   27    6    0    0    2    1      1651   -3    1   -4    8   -4  -10  -12   -2   13    7   -6   13    4    7   12   13    9   -8
    2    1   28    6    0    0    2    1       851   10   -6   -1   -8  -15   -3   -1    5    5   -9    9    5    3    7   -9   -5   13  -11
    2    1   29    1    1    5    1    1      1570   -2   -4   -1    6    7  -14   10    6    1    2    2   -4    9    1    0    0  -17   -6
    2    1   30    1    2    5    1    1       869   11    9   -1  -11    0  -14  -10    2   15  -15   10    7   13    5    0    5   11   13
    2    1   31    1    2    4    1    1       900   12    9    4  -19    6   -5  -11    2   14   -7    9    2   19    2    6   14    5   16
    2    1   32    6    0    0    2    1       577   -8    2   -5   10   -1   -9   -9   -1   13    7  -11    3    4    9    0   11   12   -7
    2    1   33    2    3    0    1    0       636  -13    8   -4    3    0   13    2   12  -15   -8   -8    6   -7    1    4  -14    0    3
    2    1   34    1    2    3    1    1      2036    9    7    0  -11    0  -15   -7    4   13   -7    9    2   15    7    9   16    3    6
    2    1   35    6    0    0    2    1       948   14   -4   -5    0   10   10    1  -10   -1    6    8    0    6  -14    3   15   15    8
    2    1   36    4    1    5    2    1       688   -1   -9    0    6    0   -6   17    1    2    2   -1    2   13    0    2   -2  -13   -4
    2    1   37    1    2    1    1    1       757   10    9   -1  -10    0  -16   -7   -1   16   -3    8    2   14    5    5   12    9   16
    2    1   38    2    2    0    1    0       665   11    8   -1   -9    1  -14   -9    3   15   -6    7    2   15    5    5   13   10   15
    2    1   39    4    3    1    2    1      1744  -12    7   -7    3   -1   12    3   12  -19   -3   -9    7   -7   -1    6  -15    9    4
