    1    1    1    1    2    4    1    0      3796    7    6  -12   10    3   10   12   13   -6    0   14    8    5   -8   14   16   -9  -16
    1    1    2    1    1    3    3    0      1187   -1   14   -4  -14    1   13    2    4   17   15   13   16  -11   10   10   -5  -10   -1
    1    1    3    1    1    2    3    0      1749   -9    8   -6  -13    1   16   -1   10   16   17   14   13  -13   10    9  -11  -11  -10
    1    1    4    1    3    4    2    0      1168   13  -13   -3   10   -4   15  -11    4   -5   -7    6   -8   12    6   14   16   -6    0
    1    1    5    1    2    1    1    0      5075    6    5   -1   11   -3    9   16   12   -3    2   13    9    3   -9   16   15  -10  -23
    1    1    6    1    1    1    2    0      1529   -6   10   -1   -8    1   17    9   15   15   17    5   17  -13   11   10   -6  -14   -4
    1    1    7    1    3    2    3    1      5502   12  -14   -2    2   -5   12    0    3   -2   -7   10  -11   16    6   12   16   -5    0
    1    1    8    1    3    1    3    1      1667   12  -11    0    2   -6   13  -15    6   -5   -7    7   -9   14    4   14   15   -5   -1
    1    1    9    1    1    5    1    1      1026  -10   10    1  -13    2   15    4    9   17   17   11   15  -13   10   10   -9  -19   -3
    1    1   10    1    1    4    2    0      1514   -7   19   -1  -11    0   16    5    7   17   10   10   13  -10    8   10   -9  -19    2
    1    1   11    1    3    5    3    1      1119   21  -22   -3    4   -6   15   -4    2   -3   -6    8  -12   12    8   15   16  -11   -2
    1    1   12    1    2    5    2    1       931   11    8  -12   11   -3    5   18    1   -2    0   15    8    8   -7   14   16  -14   -6
    1    1   13    1    3    3    1    0       879   11  -10   -2    5   -3   15   -9    0   -5   -7    7  -10   10    1   14   17   -7    2
    1    1   14    1    2    3    2    1      1581    7    4  -13   10   -4    6   11   13   -5    1   12    7    7   -8   15   18   -4  -13
    1    1   15    1    2    2    2    1      1535    3    6   -7   13    0    9   11   12   -4    0   12    7    5   -8   16   18   -5   -9
    1    2    1    1    3    1    3    1      1107   12  -11    0    2   -6   13  -15    6   -5   -7    7   -9   14    4   14   15   -5   -1
    1    2    2    1    2    5    1    0       793   11    8  -12   11   -3    5   18    1   -2    0   15    8    8   -7   14   16  -14   -6
    1    2    3    1    2    4    3    0      1131    7    6  -12   10    3   10   12   13   -6    0   14    8    5   -8   14   16   -9  -16
    1    2    4    1    2    3    1    0      2799    7    4  -13   10   -4    6   11   13   -5    1   12    7    7   -8   15   18   -4  -13
    1    2    5    1    1    3    1    1      1552   -1   14   -4  -14    1   13    2    4   17   15   13   16  -11   10   10   -5  -10   -1
    1    2    6    1    1    4    1    1      1075   -7   19   -1  -11    0   16    5    7   17   10   10   13  -10    8   10   -9  -19    2
    1    2    7    1    3    2    3    1      1081   12  -14   -2    2   -5   12    0    3   -2   -7   10  -11   16    6   12   16   -5    0
    1    2    8    1    1    2    1    1      1424   -9    8   -6  -13    1   16   -1   10   16   17   14   13  -13   10    9  -11  -11  -10
    1    2    9    1    1    5    1    1      1032  -10   10    1  -13    2   15    4    9   17   17   11   15  -13   10   10   -9  -19   -3
    1    2   10    1    1    1    1    1       992   -6   10   -1   -8    1   17    9   15   15   17    5   17  -13   11   10   -6  -14   -4
    1    2   11    1    3    3    3    1      1082   11  -10   -2    5   -3   15   -9    0   -5   -7    7  -10   10    1   14   17   -7    2
    1    2   12    1    3    4    3    1       944   13  -13   -3   10   -4   15  -11    4   -5   -7    6   -8   12    6   14   16   -6    0
    1    2   13    1    3    5    3    1      1100   21  -22   -3    4   -6   15   -4    2   -3   -6    8  -12   12    8   15   16  -11   -2
    1    2   14    1    2    2    2    1       929    3    6   -7   13    0    9   11   12   -4    0   12    7    5   -8   16   18   -5   -9
    1    2   15    1    2    1    1    0      1629    6    5   -1   11   -3    9   16   12   -3    2   13    9    3   -9   16   15  -10  -23
    1    3    1    1    2    1    3    0      2222    6    5   -1   11   -3    9   16   12   -3    2   13    9    3   -9   16   15  -10  -23
    1    3    2    1    3    5    3    1       966   21  -22   -3    4   -6   15   -4    2   -3   -6    8  -12   12    8   15   16  -11   -2
    1    3    3    1    3    4    3    1      1617   13  -13   -3   10   -4   15  -11    4   -5   -7    6   -8   12    6   14   16   -6    0
    1    3    4    1    1    5    3    0      1810  -10   10    1  -13    2   15    4    9   17   17   11   15  -13   10   10   -9  -19   -3
    1    3    5    1    1    4    1    1       827   -7   19   -1  -11    0   16    5    7   17   10   10   13  -10    8   10   -9  -19    2
    1    3    6    1    3    1    3    1      1020   12  -11    0    2   -6   13  -15    6   -5   -7    7   -9   14    4   14   15   -5   -1
    1    3    7    1    2    2    2    1      1012    3    6   -7   13    0    9   11   12   -4    0   12    7    5   -8   16   18   -5   -9
    1    3    8    1    1    2    1    1       926   -9    8   -6  -13    1   16   -1   10   16   17   14   13  -13   10    9  -11  -11  -10
    1    3    9    1    2    5    1    0      5514   11    8  -12   11   -3    5   18    1   -2    0   15    8    8   -7   14   16  -14   -6
    1    3   10    1    2    4    1    0      1679    7    6  -12   10    3   10   12   13   -6    0   14    8    5   -8   14   16   -9  -16
    1    3   11    1    1    1    1    1      1389   -6   10   -1   -8    1   17    9   15   15   17    5   17  -13   11   10   -6  -14   -4
    1    3   12    1    3    2    3    1       839   12  -14   -2    2   -5   12    0    3   -2   -7   10  -11   16    6   12   16   -5    0
    1    3   13    1    3    3    3    1       967   11  -10   -2    5   -3   15   -9    0   -5   -7    7  -10   10    1   14   17   -7    2
    1    3   14    1    1    3    1    1      1074   -1   14   -4  -14    1   13    2    4   17   15   13   16  -11   10   10   -5  -10   -1
    1    3   15    1    2    3    2    1      1128    7    4  -13   10   -4    6   11   13   -5    1   12    7    7   -8   15   18   -4  -13
    1    4    1    1    2    5    1    0      1325   11    8  -12   11   -3    5   18    1   -2    0   15    8    8   -7   14   16  -14   -6
    1    4    2    1    3    5    3    1      1114   21  -22   -3    4   -6   15   -4    2   -3   -6    8  -12   12    8   15   16  -11   -2
    1    4    3    1    1    3    1    1      2558   -1   14   -4  -14    1   13    2    4   17   15   13   16  -11   10   10   -5  -10   -1
    1    4    4    1    3    2    3    1       841   12  -14   -2    2   -5   12    0    3   -2   -7   10  -11   16    6   12   16   -5    0
    1    4    5    1    1    2    1    1      3561   -9    8   -6  -13    1   16   -1   10   16   17   14   13  -13   10    9  -11  -11  -10
    1    4    6    1    3    1    3    1       877   12  -11    0    2   -6   13  -15    6   -5   -7    7   -9   14    4   14   15   -5   -1
    1    4    7    1    1    5    2    0      2475  -10   10    1  -13    2   15    4    9   17   17   11   15  -13   10   10   -9  -19   -3
    1    4    8    1    1    4    1    1       938   -7   19   -1  -11    0   16    5    7   17   10   10   13  -10    8   10   -9  -19    2
    1    4    9    1    2    2    2    1      1030    3    6   -7   13    0    9   11   12   -4    0   12    7    5   -8   16   18   -5   -9
    1    4   10    1    2    4    2    1      1294    7    6  -12   10    3   10   12   13   -6    0   14    8    5   -8   14   16   -9  -16
    1    4   11    1    1    1    2    0      1180   -6   10   -1   -8    1   17    9   15   15   17    5   17  -13   11   10   -6  -14   -4
    1    4   12    1    3    4    3    1      1022   13  -13   -3   10   -4   15  -11    4   -5   -7    6   -8   12    6   14   16   -6    0
    1    4   13    1    2    1    2    1      1574    6    5   -1   11   -3    9   16   12   -3    2   13    9    3   -9   16   15  -10  -23
    1    4   14    1    3    3    3    1       825   11  -10   -2    5   -3   15   -9    0   -5   -7    7  -10   10    1   14   17   -7    2
    1    4   15    1    2    3    2    1       922    7    4  -13   10   -4    6   11   13   -5    1   12    7    7   -8   15   18   -4  -13
    1    5    1    1    2    3    2    1       966    7    4  -13   10   -4    6   11   13   -5    1   12    7    7   -8   15   18   -4  -13
    1    5    2    1    2    5    1    0      2433   11    8  -12   11   -3    5   18    1   -2    0   15    8    8   -7   14   16  -14   -6
    1    5    3    1    3    5    3    1       833   21  -22   -3    4   -6   15   -4    2   -3   -6    8  -12   12    8   15   16  -11   -2
    1    5    4    1    2    2    2    1       993    3    6   -7   13    0    9   11   12   -4    0   12    7    5   -8   16   18   -5   -9
    1    5    5    1    1    5    1    1      1994  -10   10    1  -13    2   15    4    9   17   17   11   15  -13   10   10   -9  -19   -3
    1    5    6    1    1    4    1    1       925   -7   19   -1  -11    0   16    5    7   17   10   10   13  -10    8   10   -9  -19    2
    1    5    7    1    2    4    2    1      1049    7    6  -12   10    3   10   12   13   -6    0   14    8    5   -8   14   16   -9  -16
    1    5    8    1    3    1    3    1      1057   12  -11    0    2   -6   13  -15    6   -5   -7    7   -9   14    4   14   15   -5   -1
    1    5    9    1    3    4    3    1      1000   13  -13   -3   10   -4   15  -11    4   -5   -7    6   -8   12    6   14   16   -6    0
    1    5   10    1    1    3    2    0      1969   -1   14   -4  -14    1   13    2    4   17   15   13   16  -11   10   10   -5  -10   -1
    1    5   11    1    2    1    2    1      1300    6    5   -1   11   -3    9   16   12   -3    2   13    9    3   -9   16   15  -10  -23
    1    5   12    1    1    1    1    1      1121   -6   10   -1   -8    1   17    9   15   15   17    5   17  -13   11   10   -6  -14   -4
    1    5   13    1    1    2    1    1       934   -9    8   -6  -13    1   16   -1   10   16   17   14   13  -13   10    9  -11  -11  -10
    1    5   14    1    3    3    3    1      1074   11  -10   -2    5   -3   15   -9    0   -5   -7    7  -10   10    1   14   17   -7    2
    1    5   15    1    3    2    3    1      1144   12  -14   -2    2   -5   12    0    3   -2   -7   10  -11   16    6   12   16   -5    0
    1    6    1    1    3    3    3    1       908   11  -10   -2    5   -3   15   -9    0   -5   -7    7  -10   10    1   14   17   -7    2
    1    6    2    1    2    4    2    1       841    7    6  -12   10    3   10   12   13   -6    0   14    8    5   -8   14   16   -9  -16
    1    6    3    1    1    3    2    0      1177   -1   14   -4  -14    1   13    2    4   17   15   13   16  -11   10   10   -5  -10   -1
    1    6    4    1    2    5    1    0      1404   11    8  -12   11   -3    5   18    1   -2    0   15    8    8   -7   14   16  -14   -6
    1    6    5    1    1    1    1    1      1237   -6   10   -1   -8    1   17    9   15   15   17    5   17  -13   11   10   -6  -14   -4
    1    6    6    1    2    1    2    1      1029    6    5   -1   11   -3    9   16   12   -3    2   13    9    3   -9   16   15  -10  -23
    1    6    7    1    3    4    3    1       878   13  -13   -3   10   -4   15  -11    4   -5   -7    6   -8   12    6   14   16   -6    0
    1    6    8    1    3    5    3    1      1181   21  -22   -3    4   -6   15   -4    2   -3   -6    8  -12   12    8   15   16  -11   -2
    1    6    9    1    3    1    3    1      1086   12  -11    0    2   -6   13  -15    6   -5   -7    7   -9   14    4   14   15   -5   -1
    1    6   10    1    2    3    2    1      1700    7    4  -13   10   -4    6   11   13   -5    1   12    7    7   -8   15   18   -4  -13
    1    6   11    1    3    2    3    1       994   12  -14   -2    2   -5   12    0    3   -2   -7   10  -11   16    6   12   16   -5    0
    1    6   12    1    1    2    1    1      1580   -9    8   -6  -13    1   16   -1   10   16   17   14   13  -13   10    9  -11  -11  -10
    1    6   13    1    1    5    1    1      1053  -10   10    1  -13    2   15    4    9   17   17   11   15  -13   10   10   -9  -19   -3
    1    6   14    1    2    2    2    1      2165    3    6   -7   13    0    9   11   12   -4    0   12    7    5   -8   16   18   -5   -9
    1    6   15    1    1    4    3    0      1135   -7   19   -1  -11    0   16    5    7   17   10   10   13  -10    8   10   -9  -19    2
    1    7    1    1    2    4    2    1      1523    7    6  -12   10    3   10   12   13   -6    0   14    8    5   -8   14   16   -9  -16
    1    7    2    1    2    5    2    1      3384   11    8  -12   11   -3    5   18    1   -2    0   15    8    8   -7   14   16  -14   -6
    1    7    3    1    1    2    1    1       994   -9    8   -6  -13    1   16   -1   10   16   17   14   13  -13   10    9  -11  -11  -10
    1    7    4    1    3    2    3    1      1084   12  -14   -2    2   -5   12    0    3   -2   -7   10  -11   16    6   12   16   -5    0
    1    7    5    1    2    2    2    1      1538    3    6   -7   13    0    9   11   12   -4    0   12    7    5   -8   16   18   -5   -9
    1    7    6    1    1    5    1    1      2677  -10   10    1  -13    2   15    4    9   17   17   11   15  -13   10   10   -9  -19   -3
    1    7    7    1    3    3    3    1       812   11  -10   -2    5   -3   15   -9    0   -5   -7    7  -10   10    1   14   17   -7    2
    1    7    8    1    1    1    1    1      1118   -6   10   -1   -8    1   17    9   15   15   17    5   17  -13   11   10   -6  -14   -4
    1    7    9    1    3    5    3    1       834   21  -22   -3    4   -6   15   -4    2   -3   -6    8  -12   12    8   15   16  -11   -2
    1    7   10    1    2    1    2    1      2034    6    5   -1   11   -3    9   16   12   -3    2   13    9    3   -9   16   15  -10  -23
    1    7   11    1    1    4    1    1      1010   -7   19   -1  -11    0   16    5    7   17   10   10   13  -10    8   10   -9  -19    2
    1    7   12    1    3    4    3    1       779   13  -13   -3   10   -4   15  -11    4   -5   -7    6   -8   12    6   14   16   -6    0
    1    7   13    1    2    3    2    1      1070    7    4  -13   10   -4    6   11   13   -5    1   12    7    7   -8   15   18   -4  -13
    1    7   14    1    3    1    3    1       964   12  -11    0    2   -6   13  -15    6   -5   -7    7   -9   14    4   14   15   -5   -1
    1    7   15    1    1    3    1    1      1199   -1   14   -4  -14    1   13    2    4   17   15   13   16  -11   10   10   -5  -10   -1
    1    8    1    1    2    5    2    1      1504   11    8  -12   11   -3    5   18    1   -2    0   15    8    8   -7   14   16  -14   -6
    1    8    2    1    3    4    3    1       773   13  -13   -3   10   -4   15  -11    4   -5   -7    6   -8   12    6   14   16   -6    0
    1    8    3    1    3    2    3    1      1048   12  -14   -2    2   -5   12    0    3   -2   -7   10  -11   16    6   12   16   -5    0
    1    8    4    1    3    3    3    1       783   11  -10   -2    5   -3   15   -9    0   -5   -7    7  -10   10    1   14   17   -7    2
    1    8    5    1    2    2    2    1      1425    3    6   -7   13    0    9   11   12   -4    0   12    7    5   -8   16   18   -5   -9
    1    8    6    1    3    1    3    1      1354   12  -11    0    2   -6   13  -15    6   -5   -7    7   -9   14    4   14   15   -5   -1
    1    8    7    1    1    5    1    1      1817  -10   10    1  -13    2   15    4    9   17   17   11   15  -13   10   10   -9  -19   -3
    1    8    8    1    2    1    2    1      1054    6    5   -1   11   -3    9   16   12   -3    2   13    9    3   -9   16   15  -10  -23
    1    8    9    1    1    1    1    1      1045   -6   10   -1   -8    1   17    9   15   15   17    5   17  -13   11   10   -6  -14   -4
    1    8   10    1    1    2    1    1       845   -9    8   -6  -13    1   16   -1   10   16   17   14   13  -13   10    9  -11  -11  -10
    1    8   11    1    2    3    2    1       861    7    4  -13   10   -4    6   11   13   -5    1   12    7    7   -8   15   18   -4  -13
    1    8   12    1    3    5    3    1       428   21  -22   -3    4   -6   15   -4    2   -3   -6    8  -12   12    8   15   16  -11   -2
    1    8   13    1    2    4    2    1       957    7    6  -12   10    3   10   12   13   -6    0   14    8    5   -8   14   16   -9  -16
    1    8   14    1    1    4    1    1       872   -7   19   -1  -11    0   16    5    7   17   10   10   13  -10    8   10   -9  -19    2
    1    8   15    1    1    3    1    1       743   -1   14   -4  -14    1   13    2    4   17   15   13   16  -11   10   10   -5  -10   -1
    1    9    1    1    2    5    2    1      3482   11    8  -12   11   -3    5   18    1   -2    0   15    8    8   -7   14   16  -14   -6
    1    9    2    1    3    3    3    1       624   11  -10   -2    5   -3   15   -9    0   -5   -7    7  -10   10    1   14   17   -7    2
    1    9    3    1    3    1    3    1       569   12  -11    0    2   -6   13  -15    6   -5   -7    7   -9   14    4   14   15   -5   -1
    1    9    4    1    1    3    1    1       836   -1   14   -4  -14    1   13    2    4   17   15   13   16  -11   10   10   -5  -10   -1
    1    9    5    1    2    2    2    1       772    3    6   -7   13    0    9   11   12   -4    0   12    7    5   -8   16   18   -5   -9
    1    9    6    1    1    5    3    0       406  -10   10    1  -13    2   15    4    9   17   17   11   15  -13   10   10   -9  -19   -3
    1    9    7    1    1    1    1    1      1079   -6   10   -1   -8    1   17    9   15   15   17    5   17  -13   11   10   -6  -14   -4
    1    9    8    1    3    4    3    1       462   13  -13   -3   10   -4   15  -11    4   -5   -7    6   -8   12    6   14   16   -6    0
    1    9    9    1    1    4    1    1       797   -7   19   -1  -11    0   16    5    7   17   10   10   13  -10    8   10   -9  -19    2
    1    9   10    1    2    1    2    1       750    6    5   -1   11   -3    9   16   12   -3    2   13    9    3   -9   16   15  -10  -23
    1    9   11    1    3    2    3    1      1058   12  -14   -2    2   -5   12    0    3   -2   -7   10  -11   16    6   12   16   -5    0
    1    9   12    1    1    2    1    1      1209   -9    8   -6  -13    1   16   -1   10   16   17   14   13  -13   10    9  -11  -11  -10
    1    9   13    1    2    3    2    1       714    7    4  -13   10   -4    6   11   13   -5    1   12    7    7   -8   15   18   -4  -13
    1    9   14    1    3    5    3    1      2094   21  -22   -3    4   -6   15   -4    2   -3   -6    8  -12   12    8   15   16  -11   -2
    1    9   15    1    2    4    2    1       780    7    6  -12   10    3   10   12   13   -6    0   14    8    5   -8   14   16   -9  -16
    1   10    1    1    1    5    1    1       879  -10   10    1  -13    2   15    4    9   17   17   11   15  -13   10   10   -9  -19   -3
    1   10    2    1    2    1    2    1      1101    6    5   -1   11   -3    9   16   12   -3    2   13    9    3   -9   16   15  -10  -23
    1   10    3    1    1    2    1    1       819   -9    8   -6  -13    1   16   -1   10   16   17   14   13  -13   10    9  -11  -11  -10
    1   10    4    1    3    2    3    1       739   12  -14   -2    2   -5   12    0    3   -2   -7   10  -11   16    6   12   16   -5    0
    1   10    5    1    3    3    3    1      1111   11  -10   -2    5   -3   15   -9    0   -5   -7    7  -10   10    1   14   17   -7    2
    1   10    6    1    2    4    2    1       892    7    6  -12   10    3   10   12   13   -6    0   14    8    5   -8   14   16   -9  -16
    1   10    7    1    1    4    1    1      2234   -7   19   -1  -11    0   16    5    7   17   10   10   13  -10    8   10   -9  -19    2
    1   10    8    1    3    1    3    1       674   12  -11    0    2   -6   13  -15    6   -5   -7    7   -9   14    4   14   15   -5   -1
    1   10    9    1    1    1    1    1       857   -6   10   -1   -8    1   17    9   15   15   17    5   17  -13   11   10   -6  -14   -4
    1   10   10    1    2    3    2    1       856    7    4  -13   10   -4    6   11   13   -5    1   12    7    7   -8   15   18   -4  -13
    1   10   11    1    2    5    1    0      2023   11    8  -12   11   -3    5   18    1   -2    0   15    8    8   -7   14   16  -14   -6
    1   10   12    1    3    5    3    1       744   21  -22   -3    4   -6   15   -4    2   -3   -6    8  -12   12    8   15   16  -11   -2
    1   10   13    1    1    3    1    1       604   -1   14   -4  -14    1   13    2    4   17   15   13   16  -11   10   10   -5  -10   -1
    1   10   14    1    3    4    3    1       709   13  -13   -3   10   -4   15  -11    4   -5   -7    6   -8   12    6   14   16   -6    0
    1   10   15    1    2    2    2    1       842    3    6   -7   13    0    9   11   12   -4    0   12    7    5   -8   16   18   -5   -9
    1   11    1    1    1    3    1    1       474   -1   14   -4  -14    1   13    2    4   17   15   13   16  -11   10   10   -5  -10   -1
    1   11    2    1    1    2    1    1       745   -9    8   -6  -13    1   16   -1   10   16   17   14   13  -13   10    9  -11  -11  -10
    1   11    3    1    2    1    2    1       797    6    5   -1   11   -3    9   16   12   -3    2   13    9    3   -9   16   15  -10  -23
    1   11    4    1    1    1    1    1      1470   -6   10   -1   -8    1   17    9   15   15   17    5   17  -13   11   10   -6  -14   -4
    1   11    5    1    3    4    3    1       677   13  -13   -3   10   -4   15  -11    4   -5   -7    6   -8   12    6   14   16   -6    0
    1   11    6    1    1    5    1    1       956  -10   10    1  -13    2   15    4    9   17   17   11   15  -13   10   10   -9  -19   -3
    1   11    7    1    1    4    1    1       727   -7   19   -1  -11    0   16    5    7   17   10   10   13  -10    8   10   -9  -19    2
    1   11    8    1    3    5    3    1       587   21  -22   -3    4   -6   15   -4    2   -3   -6    8  -12   12    8   15   16  -11   -2
    1   11    9    1    2    2    2    1       966    3    6   -7   13    0    9   11   12   -4    0   12    7    5   -8   16   18   -5   -9
    1   11   10    1    3    2    3    1       848   12  -14   -2    2   -5   12    0    3   -2   -7   10  -11   16    6   12   16   -5    0
    1   11   11    1    3    1    3    1       799   12  -11    0    2   -6   13  -15    6   -5   -7    7   -9   14    4   14   15   -5   -1
    1   11   12    1    2    5    2    1       817   11    8  -12   11   -3    5   18    1   -2    0   15    8    8   -7   14   16  -14   -6
    1   11   13    1    2    3    2    1      1089    7    4  -13   10   -4    6   11   13   -5    1   12    7    7   -8   15   18   -4  -13
    1   11   14    1    3    3    3    1       839   11  -10   -2    5   -3   15   -9    0   -5   -7    7  -10   10    1   14   17   -7    2
    1   11   15    1    2    4    2    1       695    7    6  -12   10    3   10   12   13   -6    0   14    8    5   -8   14   16   -9  -16
    1   12    1    1    1    2    1    1       637   -9    8   -6  -13    1   16   -1   10   16   17   14   13  -13   10    9  -11  -11  -10
    1   12    2    1    2    2    1    0      2901    3    6   -7   13    0    9   11   12   -4    0   12    7    5   -8   16   18   -5   -9
    1   12    3    1    1    4    1    1      1042   -7   19   -1  -11    0   16    5    7   17   10   10   13  -10    8   10   -9  -19    2
    1   12    4    1    2    1    1    0      1786    6    5   -1   11   -3    9   16   12   -3    2   13    9    3   -9   16   15  -10  -23
    1   12    5    1    1    3    1    1      2339   -1   14   -4  -14    1   13    2    4   17   15   13   16  -11   10   10   -5  -10   -1
    1   12    6    1    3    3    3    1      1047   11  -10   -2    5   -3   15   -9    0   -5   -7    7  -10   10    1   14   17   -7    2
    1   12    7    1    3    5    3    1      1166   21  -22   -3    4   -6   15   -4    2   -3   -6    8  -12   12    8   15   16  -11   -2
    1   12    8    1    3    4    3    1       929   13  -13   -3   10   -4   15  -11    4   -5   -7    6   -8   12    6   14   16   -6    0
    1   12    9    1    1    1    1    1       909   -6   10   -1   -8    1   17    9   15   15   17    5   17  -13   11   10   -6  -14   -4
    1   12   10    1    2    5    1    0      1963   11    8  -12   11   -3    5   18    1   -2    0   15    8    8   -7   14   16  -14   -6
    1   12   11    1    1    5    1    1       622  -10   10    1  -13    2   15    4    9   17   17   11   15  -13   10   10   -9  -19   -3
    1   12   12    1    3    2    3    1       583   12  -14   -2    2   -5   12    0    3   -2   -7   10  -11   16    6   12   16   -5    0
    1   12   13    1    3    1    3    1       913   12  -11    0    2   -6   13  -15    6   -5   -7    7   -9   14    4   14   15   -5   -1
    1   12   14    1    2    4    2    1       829    7    6  -12   10    3   10   12   13   -6    0   14    8    5   -8   14   16   -9  -16
    1   12   15    1    2    3    2    1       542    7    4  -13   10   -4    6   11   13   -5    1   12    7    7   -8   15   18   -4  -13
    1   13    1    1    3    2    3    1       874   12  -14   -2    2   -5   12    0    3   -2   -7   10  -11   16    6   12   16   -5    0
    1   13    2    1    1    4    3    0      1190   -7   19   -1  -11    0   16    5    7   17   10   10   13  -10    8   10   -9  -19    2
    1   13    3    1    1    1    1    1       490   -6   10   -1   -8    1   17    9   15   15   17    5   17  -13   11   10   -6  -14   -4
    1   13    4    1    2    4    2    1      1048    7    6  -12   10    3   10   12   13   -6    0   14    8    5   -8   14   16   -9  -16
    1   13    5    1    3    1    3    1       752   12  -11    0    2   -6   13  -15    6   -5   -7    7   -9   14    4   14   15   -5   -1
    1   13    6    1    2    1    1    0      1299    6    5   -1   11   -3    9   16   12   -3    2   13    9    3   -9   16   15  -10  -23
    1   13    7    1    3    5    3    1       688   21  -22   -3    4   -6   15   -4    2   -3   -6    8  -12   12    8   15   16  -11   -2
    1   13    8    1    1    5    1    1       566  -10   10    1  -13    2   15    4    9   17   17   11   15  -13   10   10   -9  -19   -3
    1   13    9    1    2    5    2    1       609   11    8  -12   11   -3    5   18    1   -2    0   15    8    8   -7   14   16  -14   -6
    1   13   10    1    2    2    2    1       714    3    6   -7   13    0    9   11   12   -4    0   12    7    5   -8   16   18   -5   -9
    1   13   11    1    3    3    3    1       590   11  -10   -2    5   -3   15   -9    0   -5   -7    7  -10   10    1   14   17   -7    2
    1   13   12    1    2    3    2    1       697    7    4  -13   10   -4    6   11   13   -5    1   12    7    7   -8   15   18   -4  -13
    1   13   13    1    3    4    3    1       686   13  -13   -3   10   -4   15  -11    4   -5   -7    6   -8   12    6   14   16   -6    0
    1   13   14    1    1    2    1    1      1124   -9    8   -6  -13    1   16   -1   10   16   17   14   13  -13   10    9  -11  -11  -10
    1   13   15    1    1    3    1    1       601   -1   14   -4  -14    1   13    2    4   17   15   13   16  -11   10   10   -5  -10   -1
    1   14    1    1    3    4    3    1       690   13  -13   -3   10   -4   15  -11    4   -5   -7    6   -8   12    6   14   16   -6    0
    1   14    2    1    1    5    1    1       568  -10   10    1  -13    2   15    4    9   17   17   11   15  -13   10   10   -9  -19   -3
    1   14    3    1    1    4    1    1       530   -7   19   -1  -11    0   16    5    7   17   10   10   13  -10    8   10   -9  -19    2
    1   14    4    1    3    2    3    1       798   12  -14   -2    2   -5   12    0    3   -2   -7   10  -11   16    6   12   16   -5    0
    1   14    5    1    2    4    2    1       656    7    6  -12   10    3   10   12   13   -6    0   14    8    5   -8   14   16   -9  -16
    1   14    6    1    2    1    2    1       967    6    5   -1   11   -3    9   16   12   -3    2   13    9    3   -9   16   15  -10  -23
    1   14    7    1    3    1    3    1       786   12  -11    0    2   -6   13  -15    6   -5   -7    7   -9   14    4   14   15   -5   -1
    1   14    8    1    2    2    2    1      3012    3    6   -7   13    0    9   11   12   -4    0   12    7    5   -8   16   18   -5   -9
    1   14    9    1    2    5    2    1      1612   11    8  -12   11   -3    5   18    1   -2    0   15    8    8   -7   14   16  -14   -6
    1   14   10    1    3    3    3    1       926   11  -10   -2    5   -3   15   -9    0   -5   -7    7  -10   10    1   14   17   -7    2
    1   14   11    1    3    5    3    1       619   21  -22   -3    4   -6   15   -4    2   -3   -6    8  -12   12    8   15   16  -11   -2
    1   14   12    1    1    1    1    1      1635   -6   10   -1   -8    1   17    9   15   15   17    5   17  -13   11   10   -6  -14   -4
    1   14   13    1    1    3    1    1       579   -1   14   -4  -14    1   13    2    4   17   15   13   16  -11   10   10   -5  -10   -1
    1   14   14    1    1    2    1    1       606   -9    8   -6  -13    1   16   -1   10   16   17   14   13  -13   10    9  -11  -11  -10
    1   14   15    1    2    3    2    1       711    7    4  -13   10   -4    6   11   13   -5    1   12    7    7   -8   15   18   -4  -13
    1   15    1    1    2    1    2    1      1597    6    5   -1   11   -3    9   16   12   -3    2   13    9    3   -9   16   15  -10  -23
    1   15    2    1    3    1    3    1       414   12  -11    0    2   -6   13  -15    6   -5   -7    7   -9   14    4   14   15   -5   -1
    1   15    3    1    1    3    3    0      1070   -1   14   -4  -14    1   13    2    4   17   15   13   16  -11   10   10   -5  -10   -1
    1   15    4    1    2    5    1    0      2389   11    8  -12   11   -3    5   18    1   -2    0   15    8    8   -7   14   16  -14   -6
    1   15    5    1    1    2    1    1       807   -9    8   -6  -13    1   16   -1   10   16   17   14   13  -13   10    9  -11  -11  -10
    1   15    6    1    1    4    1    1       680   -7   19   -1  -11    0   16    5    7   17   10   10   13  -10    8   10   -9  -19    2
    1   15    7    1    3    5    3    1       702   21  -22   -3    4   -6   15   -4    2   -3   -6    8  -12   12    8   15   16  -11   -2
    1   15    8    1    1    5    3    0       691  -10   10    1  -13    2   15    4    9   17   17   11   15  -13   10   10   -9  -19   -3
    1   15    9    1    2    4    2    1       842    7    6  -12   10    3   10   12   13   -6    0   14    8    5   -8   14   16   -9  -16
    1   15   10    1    3    2    3    1       697   12  -14   -2    2   -5   12    0    3   -2   -7   10  -11   16    6   12   16   -5    0
    1   15   11    1    1    1    1    1      1567   -6   10   -1   -8    1   17    9   15   15   17    5   17  -13   11   10   -6  -14   -4
    1   15   12    1    3    3    3    1       513   11  -10   -2    5   -3   15   -9    0   -5   -7    7  -10   10    1   14   17   -7    2
    1   15   13    1    3    4    3    1       718   13  -13   -3   10   -4   15  -11    4   -5   -7    6   -8   12    6   14   16   -6    0
    1   15   14    1    2    3    2    1       451    7    4  -13   10   -4    6   11   13   -5    1   12    7    7   -8   15   18   -4  -13
    1   15   15    1    2    2    2    1       818    3    6   -7   13    0    9   11   12   -4    0   12    7    5   -8   16   18   -5   -9
    2    1    1    6    0    0    2    1      2405  -18    0   -5   10  -11   14    7   -7   10    7   10  -13    0   12    7   -3    0    2
    2    1    2    4    2    1    1    0      1526   12   13  -11    5   -1    7    7   16   -3    1   13   10    4   -5   16   16   -9  -15
    2    1    3    2    2    0    1    0      1114    6    6  -10   12   -2    7   12   11   -4    1   14    9    6   -7   15   16   -8  -15
    2    1    4    2    3    0    1    0      1311   11  -12    0    4   -4   13   -9    2   -4   -8    8  -11   14    6   13   15   -7    1
    2    1    5    1    2    4    2    0      1773    7    6  -12   10    3   10   12   13   -6    0   14    8    5   -8   14   16   -9  -16
    2    1    6    1    1    5    2    0      3095  -10   10    1  -13    2   15    4    9   17   17   11   15  -13   10   10   -9  -19   -3
    2    1    7    6    0    0    2    1      1245    2    5    8  -10   16   -4  -14   16   12  -11   16  -10   -7   -7   10   -1   -4  -10
    2    1    8    1    2    1    2    0      1597    6    5   -1   11   -3    9   16   12   -3    2   13    9    3   -9   16   15  -10  -23
    2    1    9    4    2    2    2    1      1038    0   -2  -11   14   -1    8   12   13   -2    3   19    4    7   -9   14   18  -10  -14
    2    1   10    6    0    0    2    1      1062  -10  -12    0    6   -9   13    6   -6   12    7   14  -13   -2   10    8  -15    0    1
    2    1   11    6    0    0    2    1      1213    0    2   10  -11   13   -3   -8   10   11  -14   17   -8  -15   -2   10   -1  -10   -3
    2    1   12    4    3    4    1    0       974   13  -14   -1    4   -5   13   -9    0    0   -9    6  -11   14    7    6   16  -13   -6
    2    1   13    1    1    3    1    1      2393   -1   14   -4  -14    1   13    2    4   17   15   13   16  -11   10   10   -5  -10   -1
    2    1   14    1    2    3    1    1      2026    7    4  -13   10   -4    6   11   13   -5    1   12    7    7   -8   15   18   -4  -13
    2    1   15    1    1    2    1    1      1194   -9    8   -6  -13    1   16   -1   10   16   17   14   13  -13   10    9  -11  -11  -10
    2    1   16    4    3    3    2    1      1084   10  -12    2    5   -9   15   -8    4   -6   -6   13  -15   14    7   23    6   -5   -1
    2    1   17    4    1    2    2    1      1778  -10    8   -1   -8    1   16    3    9   11   15   13   14  -13   12   13   -5  -15   -8
    2    1   18    4    2    3    2    1      1645    6    8  -12   11   -3    8   21   17   -3    0   13   10    5   -8   17   15  -15  -21
    2    1   19    1    2    2    1    1      1021    3    6   -7   13    0    9   11   12   -4    0   12    7    5   -8   16   18   -5   -9
    2    1   20    4    1    5    1    0      4085   -5    7   -4  -12    5    6    0    9   16   17   13    7  -10    9   10   -5  -15   -8
    2    1   21    1    1    1    1    1      2579   -6   10   -1   -8    1   17    9   15   15   17    5   17  -13   11   10   -6  -14   -4
    2    1   22    1    3    1    1    1       637   12  -11    0    2   -6   13  -15    6   -5   -7    7   -9   14    4   14   15   -5   -1
    2    1   23    4    2    5    2    1      2358    6    5  -12    9   -3    8   10   11   -4    0   13    9    5   -7   14   18  -13  -19
    2    1   24    4    3    1    1    0      2601   11  -11    1    4   -5   12  -10    2   -5  -15    6  -12   16    5   11   15   -5   -1
    2    1   25    4    3    2    2    1      2994   12  -11   -1    5   -4    5  -10    1   -2  -10    3   -1   15    6   14   15   -6    0
    2    1   26    6    0    0    2    1      1052    4    6  -10   15   -8   13   15   -5   10   -4    4  -12    3   11   -2   -8   -3   14
    2    1   27    1    1    4    1    1      1619   -7   19   -1  -11    0   16    5    7   17   10   10   13  -10    8   10   -9  -19    2
    2    1   28    2    1    0    1    0       548  -10    9   -3  -12    1   15    4    7   15   16   12   15  -12   10   11   -7  -14   -6
    2    1   29    1    3    3    1    1       703   11  -10   -2    5   -3   15   -9    0   -5   -7    7  -10   10    1   14   17   -7    2
    2    1   30    1    3    2    2    0      1636   12  -14   -2    2   -5   12    0    3   -2   -7   10  -11   16    6   12   16   -5    0
    2    1   31    4    1    1    2    1      6212   -7    4    0  -14    3   15    3    5   19   20   10   17  -13   12    8   -7  -13   -6
    2    1   32    1    2    5    1    1      1869   11    8  -12   11   -3    5   18    1   -2    0   15    8    8   -7   14   16  -14   -6
    2    1   33    1    3    4    1    1      1220   13  -13   -3   10   -4   15  -11    4   -5   -7    6   -8   12    6   14   16   -6    0
    2    1   34    6    0    0    2    1      1509   10    2  -14   14   -8   18   15   -9   11   -4    3   -8    0   12   -1   -9  -15   19
    2    1   35    4    2    4    1    0      1834    6    7   -7   16   -2    5   10   11   -6    0   18    9   10   -5   16   18   -8  -13
    2    1   36    1    3    5    1    1      1122   21  -22   -3    4   -6   15   -4    2   -3   -6    8  -12   12    8   15   16  -11   -2
    2    1   37    4    1    4    2    1       982   -9    6   -1   -7   -6    9    8   13   17   17   18   12   -7   12    9   -5  -24   -1
    2    1   38    4    3    5    2    1      1569    9  -10    1    3   -1   11  -14    2   -3   -6    8  -12   19    1   12   17   -6   -1
    2    1   39    4    1    3    1    0       995   -8    7   -3  -10    2   14    5    7   15   18   12   14  -22    1   10   -7  -15   -6
