    1    1    1    1    3    5    1    0     14872    0   20  -10   -5    0    1   14    5   12    2    8   -3   14  -11   15   -2    5   14
    1    1    2    1    2    1    1    0      2404   12  -13    3   -5  -10   -9    4    5  -12    8   13    0    3   14   16    6   -5   -4
    1    1    3    1    1    1    1    1      2277   -4    5   12   -4   -9    7    7    1   10    8   -6  -17   -6    1   12   -9   -1    0
    1    1    4    1    3    4    2    0      1755   -4   15  -12   -3    1    1   13    4   14    0   10   -3   11  -12    6    1   -2    6
    1    1    5    1    1    4    2    0      1494   -4    7   12   -1   -8    5   -2   -2   12    9  -13  -15   -5    0   13   -6    1   -6
    1    1    6    1    2    5    1    0      2955   11  -11    0  -18  -17   -9    3    6  -11    8   10   -2    3   14   16    6  -12   -2
    1    1    7    1    1    2    1    1      8230    0    3   11    0  -10    7    6    3   10   10  -10  -12   -6   -1   12   -7    0   -7
    1    1    8    1    3    2    2    0      4478   -5   13  -14   -3   -8    1   23    9   16    1    9   -3    4  -13    6    2   -5    4
    1    1    9    1    2    4    1    0      1932   18  -16    9  -11  -11  -10    4    4  -13    6   11   -1    2   13   15    4  -13   -6
    1    1   10    1    3    1    3    1      2096  -13    8  -10   -6   -3    4   17    2   13    2   10   -8   14  -11    0    3  -14   -6
    1    1   11    1    1    3    1    1      2589   -2    6    9   -1   -4   -1    8    2    4   20   -9  -12   -7    1   10   -8    3   -7
    1    1   12    1    1    5    2    0      2343   -2    9   11   -3   -7    6    5    6   10   11   -8  -14   -2    2   13   -9    4   -8
    1    1   13    1    2    3    3    0      2314   21   -6   12   -7   -8   -9    5    6   -9    4   11    0    4   19   10    9  -14   -7
    1    1   14    1    3    3    2    0      1951   -4   12  -16   -4   -1    1    9    9   15    1   12   -2   11  -12    6    2   -6    2
    1    1   15    1    2    2    2    1     10226   15  -13    6    0  -11   -8    3    6   -9    7    9   -1    1   14   15    4  -14  -11
    1    2    1    1    2    1    3    0      2218   12  -13    3   -5  -10   -9    4    5  -12    8   13    0    3   14   16    6   -5   -4
    1    2    2    1    1    4    3    0      2066   -4    7   12   -1   -8    5   -2   -2   12    9  -13  -15   -5    0   13   -6    1   -6
    1    2    3    1    3    1    3    1      1681  -13    8  -10   -6   -3    4   17    2   13    2   10   -8   14  -11    0    3  -14   -6
    1    2    4    1    3    3    3    1      1039   -4   12  -16   -4   -1    1    9    9   15    1   12   -2   11  -12    6    2   -6    2
    1    2    5    1    2    3    1    0       999   21   -6   12   -7   -8   -9    5    6   -9    4   11    0    4   19   10    9  -14   -7
    1    2    6    1    2    2    2    1       928   15  -13    6    0  -11   -8    3    6   -9    7    9   -1    1   14   15    4  -14  -11
    1    2    7    1    1    3    2    0      1196   -2    6    9   -1   -4   -1    8    2    4   20   -9  -12   -7    1   10   -8    3   -7
    1    2    8    1    1    1    2    0      2541   -4    5   12   -4   -9    7    7    1   10    8   -6  -17   -6    1   12   -9   -1    0
    1    2    9    1    3    4    3    1      2521   -4   15  -12   -3    1    1   13    4   14    0   10   -3   11  -12    6    1   -2    6
    1    2   10    1    1    2    1    1      1702    0    3   11    0  -10    7    6    3   10   10  -10  -12   -6   -1   12   -7    0   -7
    1    2   11    1    3    5    3    1      3011    0   20  -10   -5    0    1   14    5   12    2    8   -3   14  -11   15   -2    5   14
    1    2   12    1    2    5    2    1      2620   11  -11    0  -18  -17   -9    3    6  -11    8   10   -2    3   14   16    6  -12   -2
    1    2   13    1    2    4    1    0      1316   18  -16    9  -11  -11  -10    4    4  -13    6   11   -1    2   13   15    4  -13   -6
    1    2   14    1    3    2    3    1      1409   -5   13  -14   -3   -8    1   23    9   16    1    9   -3    4  -13    6    2   -5    4
    1    2   15    1    1    5    2    0      6522   -2    9   11   -3   -7    6    5    6   10   11   -8  -14   -2    2   13   -9    4   -8
    1    3    1    1    3    4    3    1      1014   -4   15  -12   -3    1    1   13    4   14    0   10   -3   11  -12    6    1   -2    6
    1    3    2    1    2    5    1    0      3151   11  -11    0  -18  -17   -9    3    6  -11    8   10   -2    3   14   16    6  -12   -2
    1    3    3    1    3    2    3    1      1218   -5   13  -14   -3   -8    1   23    9   16    1    9   -3    4  -13    6    2   -5    4
    1    3    4    1    2    3    2    1     10803   21   -6   12   -7   -8   -9    5    6   -9    4   11    0    4   19   10    9  -14   -7
    1    3    5    1    1    2    1    1      9155    0    3   11    0  -10    7    6    3   10   10  -10  -12   -6   -1   12   -7    0   -7
    1    3    6    1    3    3    3    1      2215   -4   12  -16   -4   -1    1    9    9   15    1   12   -2   11  -12    6    2   -6    2
    1    3    7    1    2    1    2    1     11231   12  -13    3   -5  -10   -9    4    5  -12    8   13    0    3   14   16    6   -5   -4
    1    3    8    1    1    4    1    1      7551   -4    7   12   -1   -8    5   -2   -2   12    9  -13  -15   -5    0   13   -6    1   -6
    1    3    9    1    1    3    1    1      4690   -2    6    9   -1   -4   -1    8    2    4   20   -9  -12   -7    1   10   -8    3   -7
    1    3   10    1    3    1    2    0      3288  -13    8  -10   -6   -3    4   17    2   13    2   10   -8   14  -11    0    3  -14   -6
    1    3   11    1    1    5    2    0      8902   -2    9   11   -3   -7    6    5    6   10   11   -8  -14   -2    2   13   -9    4   -8
    1    3   12    1    2    4    1    0     10499   18  -16    9  -11  -11  -10    4    4  -13    6   11   -1    2   13   15    4  -13   -6
    1    3   13    1    1    1    2    0      5232   -4    5   12   -4   -9    7    7    1   10    8   -6  -17   -6    1   12   -9   -1    0
    1    3   14    1    3    5    3    1      1568    0   20  -10   -5    0    1   14    5   12    2    8   -3   14  -11   15   -2    5   14
    1    3   15    1    2    2    2    1      5234   15  -13    6    0  -11   -8    3    6   -9    7    9   -1    1   14   15    4  -14  -11
    1    4    1    1    3    2    3    1      1250   -5   13  -14   -3   -8    1   23    9   16    1    9   -3    4  -13    6    2   -5    4
    1    4    2    1    2    2    2    1      1313   15  -13    6    0  -11   -8    3    6   -9    7    9   -1    1   14   15    4  -14  -11
    1    4    3    1    2    5    1    0      3566   11  -11    0  -18  -17   -9    3    6  -11    8   10   -2    3   14   16    6  -12   -2
    1    4    4    1    1    5    2    0      3040   -2    9   11   -3   -7    6    5    6   10   11   -8  -14   -2    2   13   -9    4   -8
    1    4    5    1    3    1    3    1      4056  -13    8  -10   -6   -3    4   17    2   13    2   10   -8   14  -11    0    3  -14   -6
    1    4    6    1    1    1    2    0      2120   -4    5   12   -4   -9    7    7    1   10    8   -6  -17   -6    1   12   -9   -1    0
    1    4    7    1    1    2    1    1      2548    0    3   11    0  -10    7    6    3   10   10  -10  -12   -6   -1   12   -7    0   -7
    1    4    8    1    3    4    3    1      1103   -4   15  -12   -3    1    1   13    4   14    0   10   -3   11  -12    6    1   -2    6
    1    4    9    1    2    3    1    0      6884   21   -6   12   -7   -8   -9    5    6   -9    4   11    0    4   19   10    9  -14   -7
    1    4   10    1    3    5    3    1       978    0   20  -10   -5    0    1   14    5   12    2    8   -3   14  -11   15   -2    5   14
    1    4   11    1    1    4    2    0      3436   -4    7   12   -1   -8    5   -2   -2   12    9  -13  -15   -5    0   13   -6    1   -6
    1    4   12    1    1    3    2    0      1748   -2    6    9   -1   -4   -1    8    2    4   20   -9  -12   -7    1   10   -8    3   -7
    1    4   13    1    2    1    2    1      1055   12  -13    3   -5  -10   -9    4    5  -12    8   13    0    3   14   16    6   -5   -4
    1    4   14    1    3    3    3    1       903   -4   12  -16   -4   -1    1    9    9   15    1   12   -2   11  -12    6    2   -6    2
    1    4   15    1    2    4    1    0      1524   18  -16    9  -11  -11  -10    4    4  -13    6   11   -1    2   13   15    4  -13   -6
    1    5    1    1    3    4    3    1       857   -4   15  -12   -3    1    1   13    4   14    0   10   -3   11  -12    6    1   -2    6
    1    5    2    1    1    5    1    1      1432   -2    9   11   -3   -7    6    5    6   10   11   -8  -14   -2    2   13   -9    4   -8
    1    5    3    1    2    4    2    1      2592   18  -16    9  -11  -11  -10    4    4  -13    6   11   -1    2   13   15    4  -13   -6
    1    5    4    1    3    3    3    1       874   -4   12  -16   -4   -1    1    9    9   15    1   12   -2   11  -12    6    2   -6    2
    1    5    5    1    2    5    1    0      2632   11  -11    0  -18  -17   -9    3    6  -11    8   10   -2    3   14   16    6  -12   -2
    1    5    6    1    1    3    1    1      2304   -2    6    9   -1   -4   -1    8    2    4   20   -9  -12   -7    1   10   -8    3   -7
    1    5    7    1    2    3    2    1      1285   21   -6   12   -7   -8   -9    5    6   -9    4   11    0    4   19   10    9  -14   -7
    1    5    8    1    1    1    1    1      1298   -4    5   12   -4   -9    7    7    1   10    8   -6  -17   -6    1   12   -9   -1    0
    1    5    9    1    2    2    2    1       976   15  -13    6    0  -11   -8    3    6   -9    7    9   -1    1   14   15    4  -14  -11
    1    5   10    1    2    1    2    1       922   12  -13    3   -5  -10   -9    4    5  -12    8   13    0    3   14   16    6   -5   -4
    1    5   11    1    1    4    1    1      1990   -4    7   12   -1   -8    5   -2   -2   12    9  -13  -15   -5    0   13   -6    1   -6
    1    5   12    1    1    2    1    1      1592    0    3   11    0  -10    7    6    3   10   10  -10  -12   -6   -1   12   -7    0   -7
    1    5   13    1    3    5    3    1       698    0   20  -10   -5    0    1   14    5   12    2    8   -3   14  -11   15   -2    5   14
    1    5   14    1    3    1    3    1      1151  -13    8  -10   -6   -3    4   17    2   13    2   10   -8   14  -11    0    3  -14   -6
    1    5   15    1    3    2    3    1       642   -5   13  -14   -3   -8    1   23    9   16    1    9   -3    4  -13    6    2   -5    4
    1    6    1    1    2    2    2    1      1066   15  -13    6    0  -11   -8    3    6   -9    7    9   -1    1   14   15    4  -14  -11
    1    6    2    1    3    4    3    1       657   -4   15  -12   -3    1    1   13    4   14    0   10   -3   11  -12    6    1   -2    6
    1    6    3    1    3    1    3    1       632  -13    8  -10   -6   -3    4   17    2   13    2   10   -8   14  -11    0    3  -14   -6
    1    6    4    1    3    2    3    1       608   -5   13  -14   -3   -8    1   23    9   16    1    9   -3    4  -13    6    2   -5    4
    1    6    5    1    2    4    2    1      2521   18  -16    9  -11  -11  -10    4    4  -13    6   11   -1    2   13   15    4  -13   -6
    1    6    6    1    1    2    1    1       790    0    3   11    0  -10    7    6    3   10   10  -10  -12   -6   -1   12   -7    0   -7
    1    6    7    1    1    3    2    0      2904   -2    6    9   -1   -4   -1    8    2    4   20   -9  -12   -7    1   10   -8    3   -7
    1    6    8    1    1    1    1    1      1989   -4    5   12   -4   -9    7    7    1   10    8   -6  -17   -6    1   12   -9   -1    0
    1    6    9    1    2    3    2    1      1975   21   -6   12   -7   -8   -9    5    6   -9    4   11    0    4   19   10    9  -14   -7
    1    6   10    1    2    1    2    1       761   12  -13    3   -5  -10   -9    4    5  -12    8   13    0    3   14   16    6   -5   -4
    1    6   11    1    1    4    2    0      1292   -4    7   12   -1   -8    5   -2   -2   12    9  -13  -15   -5    0   13   -6    1   -6
    1    6   12    1    3    3    3    1       650   -4   12  -16   -4   -1    1    9    9   15    1   12   -2   11  -12    6    2   -6    2
    1    6   13    1    2    5    2    1       641   11  -11    0  -18  -17   -9    3    6  -11    8   10   -2    3   14   16    6  -12   -2
    1    6   14    1    3    5    3    1       761    0   20  -10   -5    0    1   14    5   12    2    8   -3   14  -11   15   -2    5   14
    1    6   15    1    1    5    1    1      1500   -2    9   11   -3   -7    6    5    6   10   11   -8  -14   -2    2   13   -9    4   -8
    1    7    1    1    1    5    1    1       801   -2    9   11   -3   -7    6    5    6   10   11   -8  -14   -2    2   13   -9    4   -8
    1    7    2    1    3    4    3    1       610   -4   15  -12   -3    1    1   13    4   14    0   10   -3   11  -12    6    1   -2    6
    1    7    3    1    2    2    2    1      2827   15  -13    6    0  -11   -8    3    6   -9    7    9   -1    1   14   15    4  -14  -11
    1    7    4    1    2    3    2    1      2683   21   -6   12   -7   -8   -9    5    6   -9    4   11    0    4   19   10    9  -14   -7
    1    7    5    1    3    3    3    1       641   -4   12  -16   -4   -1    1    9    9   15    1   12   -2   11  -12    6    2   -6    2
    1    7    6    1    2    4    2    1      1016   18  -16    9  -11  -11  -10    4    4  -13    6   11   -1    2   13   15    4  -13   -6
    1    7    7    1    3    2    3    1       625   -5   13  -14   -3   -8    1   23    9   16    1    9   -3    4  -13    6    2   -5    4
    1    7    8    1    2    1    2    1       665   12  -13    3   -5  -10   -9    4    5  -12    8   13    0    3   14   16    6   -5   -4
    1    7    9    1    1    1    1    1       976   -4    5   12   -4   -9    7    7    1   10    8   -6  -17   -6    1   12   -9   -1    0
    1    7   10    1    2    5    2    1      1018   11  -11    0  -18  -17   -9    3    6  -11    8   10   -2    3   14   16    6  -12   -2
    1    7   11    1    1    3    2    0      2003   -2    6    9   -1   -4   -1    8    2    4   20   -9  -12   -7    1   10   -8    3   -7
    1    7   12    1    3    1    3    1       708  -13    8  -10   -6   -3    4   17    2   13    2   10   -8   14  -11    0    3  -14   -6
    1    7   13    1    1    4    2    0       985   -4    7   12   -1   -8    5   -2   -2   12    9  -13  -15   -5    0   13   -6    1   -6
    1    7   14    1    1    2    1    1       787    0    3   11    0  -10    7    6    3   10   10  -10  -12   -6   -1   12   -7    0   -7
    1    7   15    1    3    5    3    1       677    0   20  -10   -5    0    1   14    5   12    2    8   -3   14  -11   15   -2    5   14
    1    8    1    1    2    4    2    1      1387   18  -16    9  -11  -11  -10    4    4  -13    6   11   -1    2   13   15    4  -13   -6
    1    8    2    1    3    5    3    1       597    0   20  -10   -5    0    1   14    5   12    2    8   -3   14  -11   15   -2    5   14
    1    8    3    1    1    2    1    1       686    0    3   11    0  -10    7    6    3   10   10  -10  -12   -6   -1   12   -7    0   -7
    1    8    4    1    1    1    1    1      1060   -4    5   12   -4   -9    7    7    1   10    8   -6  -17   -6    1   12   -9   -1    0
    1    8    5    1    3    2    3    1       635   -5   13  -14   -3   -8    1   23    9   16    1    9   -3    4  -13    6    2   -5    4
    1    8    6    1    1    3    2    0      4483   -2    6    9   -1   -4   -1    8    2    4   20   -9  -12   -7    1   10   -8    3   -7
    1    8    7    1    1    5    1    1      1088   -2    9   11   -3   -7    6    5    6   10   11   -8  -14   -2    2   13   -9    4   -8
    1    8    8    1    2    1    2    1      8982   12  -13    3   -5  -10   -9    4    5  -12    8   13    0    3   14   16    6   -5   -4
    1    8    9    1    1    4    2    0      2368   -4    7   12   -1   -8    5   -2   -2   12    9  -13  -15   -5    0   13   -6    1   -6
    1    8   10    1    3    4    3    1       675   -4   15  -12   -3    1    1   13    4   14    0   10   -3   11  -12    6    1   -2    6
    1    8   11    1    2    2    2    1      1881   15  -13    6    0  -11   -8    3    6   -9    7    9   -1    1   14   15    4  -14  -11
    1    8   12    1    3    3    3    1       687   -4   12  -16   -4   -1    1    9    9   15    1   12   -2   11  -12    6    2   -6    2
    1    8   13    1    3    1    3    1      3141  -13    8  -10   -6   -3    4   17    2   13    2   10   -8   14  -11    0    3  -14   -6
    1    8   14    1    2    5    2    1      6073   11  -11    0  -18  -17   -9    3    6  -11    8   10   -2    3   14   16    6  -12   -2
    1    8   15    1    2    3    2    1      1639   21   -6   12   -7   -8   -9    5    6   -9    4   11    0    4   19   10    9  -14   -7
    1    9    1    1    2    5    2    1      1703   11  -11    0  -18  -17   -9    3    6  -11    8   10   -2    3   14   16    6  -12   -2
    1    9    2    1    2    2    2    1      5573   15  -13    6    0  -11   -8    3    6   -9    7    9   -1    1   14   15    4  -14  -11
    1    9    3    1    1    3    2    0      1559   -2    6    9   -1   -4   -1    8    2    4   20   -9  -12   -7    1   10   -8    3   -7
    1    9    4    1    1    2    1    1      9129    0    3   11    0  -10    7    6    3   10   10  -10  -12   -6   -1   12   -7    0   -7
    1    9    5    1    3    3    3    1      1182   -4   12  -16   -4   -1    1    9    9   15    1   12   -2   11  -12    6    2   -6    2
    1    9    6    1    2    1    2    1      5951   12  -13    3   -5  -10   -9    4    5  -12    8   13    0    3   14   16    6   -5   -4
    1    9    7    1    3    5    3    1      1059    0   20  -10   -5    0    1   14    5   12    2    8   -3   14  -11   15   -2    5   14
    1    9    8    1    3    1    3    1      1529  -13    8  -10   -6   -3    4   17    2   13    2   10   -8   14  -11    0    3  -14   -6
    1    9    9    1    1    5    1    1      9741   -2    9   11   -3   -7    6    5    6   10   11   -8  -14   -2    2   13   -9    4   -8
    1    9   10    1    3    2    3    1      1177   -5   13  -14   -3   -8    1   23    9   16    1    9   -3    4  -13    6    2   -5    4
    1    9   11    1    2    4    2    1      1291   18  -16    9  -11  -11  -10    4    4  -13    6   11   -1    2   13   15    4  -13   -6
    1    9   12    1    1    4    1    1       841   -4    7   12   -1   -8    5   -2   -2   12    9  -13  -15   -5    0   13   -6    1   -6
    1    9   13    1    2    3    2    1      1161   21   -6   12   -7   -8   -9    5    6   -9    4   11    0    4   19   10    9  -14   -7
    1    9   14    1    3    4    3    1       827   -4   15  -12   -3    1    1   13    4   14    0   10   -3   11  -12    6    1   -2    6
    1    9   15    1    1    1    1    1      1995   -4    5   12   -4   -9    7    7    1   10    8   -6  -17   -6    1   12   -9   -1    0
    1   10    1    1    1    1    1    1       780   -4    5   12   -4   -9    7    7    1   10    8   -6  -17   -6    1   12   -9   -1    0
    1   10    2    1    1    4    2    0      1230   -4    7   12   -1   -8    5   -2   -2   12    9  -13  -15   -5    0   13   -6    1   -6
    1   10    3    1    3    4    3    1       990   -4   15  -12   -3    1    1   13    4   14    0   10   -3   11  -12    6    1   -2    6
    1   10    4    1    2    2    2    1      1400   15  -13    6    0  -11   -8    3    6   -9    7    9   -1    1   14   15    4  -14  -11
    1   10    5    1    2    4    2    1      1297   18  -16    9  -11  -11  -10    4    4  -13    6   11   -1    2   13   15    4  -13   -6
    1   10    6    1    1    2    1    1      1966    0    3   11    0  -10    7    6    3   10   10  -10  -12   -6   -1   12   -7    0   -7
    1   10    7    1    3    1    3    1      1233  -13    8  -10   -6   -3    4   17    2   13    2   10   -8   14  -11    0    3  -14   -6
    1   10    8    1    1    3    2    0      1441   -2    6    9   -1   -4   -1    8    2    4   20   -9  -12   -7    1   10   -8    3   -7
    1   10    9    1    2    3    2    1      2617   21   -6   12   -7   -8   -9    5    6   -9    4   11    0    4   19   10    9  -14   -7
    1   10   10    1    2    1    2    1      2434   12  -13    3   -5  -10   -9    4    5  -12    8   13    0    3   14   16    6   -5   -4
    1   10   11    1    1    5    1    1      4241   -2    9   11   -3   -7    6    5    6   10   11   -8  -14   -2    2   13   -9    4   -8
    1   10   12    1    3    2    3    1       713   -5   13  -14   -3   -8    1   23    9   16    1    9   -3    4  -13    6    2   -5    4
    1   10   13    1    3    5    3    1      1214    0   20  -10   -5    0    1   14    5   12    2    8   -3   14  -11   15   -2    5   14
    1   10   14    1    3    3    3    1       558   -4   12  -16   -4   -1    1    9    9   15    1   12   -2   11  -12    6    2   -6    2
    1   10   15    1    2    5    2    1      1050   11  -11    0  -18  -17   -9    3    6  -11    8   10   -2    3   14   16    6  -12   -2
    1   11    1    1    1    5    1    1      5137   -2    9   11   -3   -7    6    5    6   10   11   -8  -14   -2    2   13   -9    4   -8
    1   11    2    1    2    4    2    1      3829   18  -16    9  -11  -11  -10    4    4  -13    6   11   -1    2   13   15    4  -13   -6
    1   11    3    1    1    4    1    1      5740   -4    7   12   -1   -8    5   -2   -2   12    9  -13  -15   -5    0   13   -6    1   -6
    1   11    4    1    1    3    2    0      9032   -2    6    9   -1   -4   -1    8    2    4   20   -9  -12   -7    1   10   -8    3   -7
    1   11    5    1    3    5    3    1      1472    0   20  -10   -5    0    1   14    5   12    2    8   -3   14  -11   15   -2    5   14
    1   11    6    1    1    2    1    1      8422    0    3   11    0  -10    7    6    3   10   10  -10  -12   -6   -1   12   -7    0   -7
    1   11    7    1    3    1    3    1       759  -13    8  -10   -6   -3    4   17    2   13    2   10   -8   14  -11    0    3  -14   -6
    1   11    8    1    2    2    2    1      1098   15  -13    6    0  -11   -8    3    6   -9    7    9   -1    1   14   15    4  -14  -11
    1   11    9    1    2    5    2    1      3215   11  -11    0  -18  -17   -9    3    6  -11    8   10   -2    3   14   16    6  -12   -2
    1   11   10    1    3    3    3    1       719   -4   12  -16   -4   -1    1    9    9   15    1   12   -2   11  -12    6    2   -6    2
    1   11   11    1    3    2    3    1       692   -5   13  -14   -3   -8    1   23    9   16    1    9   -3    4  -13    6    2   -5    4
    1   11   12    1    2    3    2    1      4090   21   -6   12   -7   -8   -9    5    6   -9    4   11    0    4   19   10    9  -14   -7
    1   11   13    1    3    4    3    1       520   -4   15  -12   -3    1    1   13    4   14    0   10   -3   11  -12    6    1   -2    6
    1   11   14    1    2    1    2    1      1716   12  -13    3   -5  -10   -9    4    5  -12    8   13    0    3   14   16    6   -5   -4
    1   11   15    1    1    1    1    1       801   -4    5   12   -4   -9    7    7    1   10    8   -6  -17   -6    1   12   -9   -1    0
    1   12    1    1    1    4    1    1       642   -4    7   12   -1   -8    5   -2   -2   12    9  -13  -15   -5    0   13   -6    1   -6
    1   12    2    1    2    4    2    1       969   18  -16    9  -11  -11  -10    4    4  -13    6   11   -1    2   13   15    4  -13   -6
    1   12    3    1    3    2    3    1       532   -5   13  -14   -3   -8    1   23    9   16    1    9   -3    4  -13    6    2   -5    4
    1   12    4    1    3    5    3    1       528    0   20  -10   -5    0    1   14    5   12    2    8   -3   14  -11   15   -2    5   14
    1   12    5    1    3    1    3    1       444  -13    8  -10   -6   -3    4   17    2   13    2   10   -8   14  -11    0    3  -14   -6
    1   12    6    1    2    5    2    1      1771   11  -11    0  -18  -17   -9    3    6  -11    8   10   -2    3   14   16    6  -12   -2
    1   12    7    1    1    3    2    0      1862   -2    6    9   -1   -4   -1    8    2    4   20   -9  -12   -7    1   10   -8    3   -7
    1   12    8    1    3    3    3    1       716   -4   12  -16   -4   -1    1    9    9   15    1   12   -2   11  -12    6    2   -6    2
    1   12    9    1    3    4    3    1       545   -4   15  -12   -3    1    1   13    4   14    0   10   -3   11  -12    6    1   -2    6
    1   12   10    1    2    2    2    1      3260   15  -13    6    0  -11   -8    3    6   -9    7    9   -1    1   14   15    4  -14  -11
    1   12   11    1    2    3    2    1      4219   21   -6   12   -7   -8   -9    5    6   -9    4   11    0    4   19   10    9  -14   -7
    1   12   12    1    1    1    1    1       755   -4    5   12   -4   -9    7    7    1   10    8   -6  -17   -6    1   12   -9   -1    0
    1   12   13    1    2    1    2    1       951   12  -13    3   -5  -10   -9    4    5  -12    8   13    0    3   14   16    6   -5   -4
    1   12   14    1    1    5    1    1       658   -2    9   11   -3   -7    6    5    6   10   11   -8  -14   -2    2   13   -9    4   -8
    1   12   15    1    1    2    1    1       649    0    3   11    0  -10    7    6    3   10   10  -10  -12   -6   -1   12   -7    0   -7
    1   13    1    1    3    5    3    1       721    0   20  -10   -5    0    1   14    5   12    2    8   -3   14  -11   15   -2    5   14
    1   13    2    1    1    1    1    1       965   -4    5   12   -4   -9    7    7    1   10    8   -6  -17   -6    1   12   -9   -1    0
    1   13    3    1    2    1    2    1      1600   12  -13    3   -5  -10   -9    4    5  -12    8   13    0    3   14   16    6   -5   -4
    1   13    4    1    2    2    2    1      1393   15  -13    6    0  -11   -8    3    6   -9    7    9   -1    1   14   15    4  -14  -11
    1   13    5    1    3    1    3    1       714  -13    8  -10   -6   -3    4   17    2   13    2   10   -8   14  -11    0    3  -14   -6
    1   13    6    1    2    5    2    1      3551   11  -11    0  -18  -17   -9    3    6  -11    8   10   -2    3   14   16    6  -12   -2
    1   13    7    1    2    3    2    1      1698   21   -6   12   -7   -8   -9    5    6   -9    4   11    0    4   19   10    9  -14   -7
    1   13    8    1    3    4    3    1       607   -4   15  -12   -3    1    1   13    4   14    0   10   -3   11  -12    6    1   -2    6
    1   13    9    1    1    3    1    1      2729   -2    6    9   -1   -4   -1    8    2    4   20   -9  -12   -7    1   10   -8    3   -7
    1   13   10    1    3    2    3    1      1468   -5   13  -14   -3   -8    1   23    9   16    1    9   -3    4  -13    6    2   -5    4
    1   13   11    1    3    3    3    1       771   -4   12  -16   -4   -1    1    9    9   15    1   12   -2   11  -12    6    2   -6    2
    1   13   12    1    2    4    2    1       982   18  -16    9  -11  -11  -10    4    4  -13    6   11   -1    2   13   15    4  -13   -6
    1   13   13    1    1    2    1    1       639    0    3   11    0  -10    7    6    3   10   10  -10  -12   -6   -1   12   -7    0   -7
    1   13   14    1    1    5    1    1       887   -2    9   11   -3   -7    6    5    6   10   11   -8  -14   -2    2   13   -9    4   -8
    1   13   15    1    1    4    1    1       645   -4    7   12   -1   -8    5   -2   -2   12    9  -13  -15   -5    0   13   -6    1   -6
    1   14    1    1    1    1    1    1       701   -4    5   12   -4   -9    7    7    1   10    8   -6  -17   -6    1   12   -9   -1    0
    1   14    2    1    2    2    2    1       834   15  -13    6    0  -11   -8    3    6   -9    7    9   -1    1   14   15    4  -14  -11
    1   14    3    1    2    3    2    1      1202   21   -6   12   -7   -8   -9    5    6   -9    4   11    0    4   19   10    9  -14   -7
    1   14    4    1    1    3    1    1      1315   -2    6    9   -1   -4   -1    8    2    4   20   -9  -12   -7    1   10   -8    3   -7
    1   14    5    1    3    3    3    1       848   -4   12  -16   -4   -1    1    9    9   15    1   12   -2   11  -12    6    2   -6    2
    1   14    6    1    1    4    1    1      4351   -4    7   12   -1   -8    5   -2   -2   12    9  -13  -15   -5    0   13   -6    1   -6
    1   14    7    1    1    5    1    1       834   -2    9   11   -3   -7    6    5    6   10   11   -8  -14   -2    2   13   -9    4   -8
    1   14    8    1    3    1    3    1       898  -13    8  -10   -6   -3    4   17    2   13    2   10   -8   14  -11    0    3  -14   -6
    1   14    9    1    3    5    3    1      1471    0   20  -10   -5    0    1   14    5   12    2    8   -3   14  -11   15   -2    5   14
    1   14   10    1    2    1    2    1      1414   12  -13    3   -5  -10   -9    4    5  -12    8   13    0    3   14   16    6   -5   -4
    1   14   11    1    1    2    1    1      1278    0    3   11    0  -10    7    6    3   10   10  -10  -12   -6   -1   12   -7    0   -7
    1   14   12    1    2    5    2    1      1740   11  -11    0  -18  -17   -9    3    6  -11    8   10   -2    3   14   16    6  -12   -2
    1   14   13    1    2    4    2    1      1192   18  -16    9  -11  -11  -10    4    4  -13    6   11   -1    2   13   15    4  -13   -6
    1   14   14    1    3    2    3    1       730   -5   13  -14   -3   -8    1   23    9   16    1    9   -3    4  -13    6    2   -5    4
    1   14   15    1    3    4    3    1      2526   -4   15  -12   -3    1    1   13    4   14    0   10   -3   11  -12    6    1   -2    6
    1   15    1    1    3    4    3    1       602   -4   15  -12   -3    1    1   13    4   14    0   10   -3   11  -12    6    1   -2    6
    1   15    2    1    2    1    2    1      1235   12  -13    3   -5  -10   -9    4    5  -12    8   13    0    3   14   16    6   -5   -4
    1   15    3    1    2    3    2    1      1731   21   -6   12   -7   -8   -9    5    6   -9    4   11    0    4   19   10    9  -14   -7
    1   15    4    1    1    1    1    1       591   -4    5   12   -4   -9    7    7    1   10    8   -6  -17   -6    1   12   -9   -1    0
    1   15    5    1    2    4    2    1       745   18  -16    9  -11  -11  -10    4    4  -13    6   11   -1    2   13   15    4  -13   -6
    1   15    6    1    3    3    3    1       669   -4   12  -16   -4   -1    1    9    9   15    1   12   -2   11  -12    6    2   -6    2
    1   15    7    1    1    4    1    1       659   -4    7   12   -1   -8    5   -2   -2   12    9  -13  -15   -5    0   13   -6    1   -6
    1   15    8    1    2    5    2    1      1082   11  -11    0  -18  -17   -9    3    6  -11    8   10   -2    3   14   16    6  -12   -2
    1   15    9    1    3    2    3    1       496   -5   13  -14   -3   -8    1   23    9   16    1    9   -3    4  -13    6    2   -5    4
    1   15   10    1    3    1    3    1       653  -13    8  -10   -6   -3    4   17    2   13    2   10   -8   14  -11    0    3  -14   -6
    1   15   11    1    1    3    1    1      1236   -2    6    9   -1   -4   -1    8    2    4   20   -9  -12   -7    1   10   -8    3   -7
    1   15   12    1    3    5    3    1       580    0   20  -10   -5    0    1   14    5   12    2    8   -3   14  -11   15   -2    5   14
    1   15   13    1    2    2    2    1       990   15  -13    6    0  -11   -8    3    6   -9    7    9   -1    1   14   15    4  -14  -11
    1   15   14    1    1    2    1    1       872    0    3   11    0  -10    7    6    3   10   10  -10  -12   -6   -1   12   -7    0   -7
    1   15   15    1    1    5    1    1       774   -2    9   11   -3   -7    6    5    6   10   11   -8  -14   -2    2   13   -9    4   -8
    2    1    1    1    2    5    1    1      2060   11  -11    0  -18  -17   -9    3    6  -11    8   10   -2    3   14   16    6  -12   -2
    2    1    2    4    3    4    2    1      1019   -4   15  -13    1    0    1   17    3   12    3    9   -4   15  -11    6    2   -3    4
    2    1    3    4    1    1    1    0      1315    7    5    5    7   -8    8    8    2   13   11   -4  -18  -17   -2   13   -6    4   -9
    2    1    4    4    3    2    1    0      3680   -2   19  -15   -2   -2    7   16    4   14    9   11   -5   15  -13    3    4   -5    3
    2    1    5    1    1    1    2    0       830   -4    5   12   -4   -9    7    7    1   10    8   -6  -17   -6    1   12   -9   -1    0
    2    1    6    4    1    2    2    1      4094   -1    4   10   -3  -13   11    7    1   13    9   -7  -18   -9   -2   13   -8    2  -16
    2    1    7    1    2    2    1    1      2187   15  -13    6    0  -11   -8    3    6   -9    7    9   -1    1   14   15    4  -14  -11
    2    1    8    4    2    2    1    0      2453   12  -12    8  -11   -9   -9    5    6  -10    5    6    0    5   12   15    4  -12   -9
    2    1    9    1    1    5    1    1      1364   -2    9   11   -3   -7    6    5    6   10   11   -8  -14   -2    2   13   -9    4   -8
    2    1   10    2    2    0    1    0       927   13  -12    8  -10  -10  -10    4    6  -11    7   11   -2    3   13   14    6  -12   -7
    2    1   11    2    1    0    1    0       971   -2    5   11   -2   -9    6    8    1   11   10   -9  -13   -8   -1   12   -8    2   -7
    2    1   12    2    3    0    1    0      1045   -4   14  -14   -1    0    0   14    4   14    1   10   -4   13  -12    5    2   -4    4
    2    1   13    1    1    2    1    1       812    0    3   11    0  -10    7    6    3   10   10  -10  -12   -6   -1   12   -7    0   -7
    2    1   14    6    0    0    2    1       957    8   16   16   10    7    2    1  -11  -10   10   15    4  -14   15   -3   -1   12    7
    2    1   15    6    0    0    2    1       776   -6    8   10   -6   -8   -2   10   15   -8   -9   -9    7    4    9    4  -12   10  -11
    2    1   16    1    3    5    1    1       730    0   20  -10   -5    0    1   14    5   12    2    8   -3   14  -11   15   -2    5   14
    2    1   17    4    3    5    2    1      3550   -5   15  -13    0    1    1   13    6   15    1   12   -5   18   -3    4    2   -7    1
    2    1   18    1    2    1    1    1      1969   12  -13    3   -5  -10   -9    4    5  -12    8   13    0    3   14   16    6   -5   -4
    2    1   19    1    3    1    1    1      1396  -13    8  -10   -6   -3    4   17    2   13    2   10   -8   14  -11    0    3  -14   -6
    2    1   20    4    1    3    2    1      1293   -3    7   10    0   -9   10    7    0   10    4   -1   -9   -7    1   14  -10    1   -8
    2    1   21    4    3    1    1    0      1035   -4   13  -14    0    0   -1   14    5   11    0   11   -3   14  -13    1    3   -7    7
    2    1   22    1    2    4    1    1      1298   18  -16    9  -11  -11  -10    4    4  -13    6   11   -1    2   13   15    4  -13   -6
    2    1   23    4    3    3    2    1      1552   -5   12  -15   -3   -1    1   12    6   17    5    8   -3   13  -11    3    5   -2    6
    2    1   24    6    0    0    1    0      1027  -11  -13   12  -10   11   -5    4    2  -14   -3    0    3   -1  -11    4  -10   -7   10
    2    1   25    1    1    4    1    1      1707   -4    7   12   -1   -8    5   -2   -2   12    9  -13  -15   -5    0   13   -6    1   -6
    2    1   26    1    3    3    1    1      1592   -4   12  -16   -4   -1    1    9    9   15    1   12   -2   11  -12    6    2   -6    2
    2    1   27    4    2    1    2    1      1802   14   -9   10  -12  -12  -11   10   15  -18    1   14   -5    3   12   15    8  -17   -6
    2    1   28    4    2    4    2    1      7843    3   -2    9  -11   -8  -11    3    6  -11    6   12   -1    1   13   19    9  -15  -12
    2    1   29    4    2    3    1    0      2026   13  -11    4   -7   -4   -2    6    6  -11    9   13    0    3   14   13    6  -15   -7
    2    1   30    1    3    4    1    1      1786   -4   15  -12   -3    1    1   13    4   14    0   10   -3   11  -12    6    1   -2    6
    2    1   31    6    0    0    2    1      1604   -3   16   10   -8  -10    1   10   10   -9  -10   -8    6    0    7    4   -9   19   -6
    2    1   32    6    0    0    2    1      3397  -12   -9   14  -11   10   -6    4    5  -24  -11   13   -2   -8   -4    3  -11   -6   13
    2    1   33    4    1    4    2    1      5278   -3    3   13   -4   -5    6    8   -2   11    9   -9  -12   -9   -1   11   -7   -8  -14
    2    1   34    4    1    5    2    1       860   -1    3   20    7   -9    7    9    0   13   10   -9  -11    1    7   14   -8   -2   -3
    2    1   35    1    2    3    1    1      2138   21   -6   12   -7   -8   -9    5    6   -9    4   11    0    4   19   10    9  -14   -7
    2    1   36    6    0    0    2    1       726    6   15   16   10    6    2    0  -12  -12   10   11    5  -17   15    1   -4   12    8
    2    1   37    1    3    2    1    1       714   -5   13  -14   -3   -8    1   23    9   16    1    9   -3    4  -13    6    2   -5    4
    2    1   38    4    2    5    1    0      8766   12  -14    9  -12   -9  -10    4    7  -12    7   10   -4    3   11   14    7  -10   -6
    2    1   39    1    1    3    1    1      2769   -2    6    9   -1   -4   -1    8    2    4   20   -9  -12   -7    1   10   -8    3   -7
