    1    1    1    1    2    5    1    0      4862   -7  -14   -5  -17    8   -7   -5    5  -12    4  -11   -7   -6   -6   -6   13  -14   -3
    1    1    2    1    1    5    1    1      1646  -17   -4   -9   -7   14    8  -12  -12   -2    4    1    8   11   -6   -2   -1  -11  -14
    1    1    3    1    3    1    3    1       910  -12    1   -8    8  -13    8    5    7  -12  -11   -6  -13  -13   -6   16  -12    1    2
    1    1    4    1    1    3    1    1      1419  -10   -7  -11   -9   15    5  -13  -15   -4    1    0    8   12   -6    4    0  -10  -12
    1    1    5    1    3    4    2    0      1580  -14    2   -8    5  -12   15    8    5  -12  -14  -14   -9  -10   -4    6   -5   10   10
    1    1    6    1    2    3    2    1       790   -4  -15   -7  -13   12  -14   -2    3  -15    4   -7   -4   -2   -8  -10    8  -15   -3
    1    1    7    1    2    1    1    0      1905  -15  -10  -10  -10   18  -13   -5    3  -11    5  -18    2   -4   -7   -9    9  -21    7
    1    1    8    1    1    1    3    0       918  -12   -7   -7   -6   20   15  -12  -12   -2    5   -6    3   11   -6    3   -2   -8  -12
    1    1    9    1    1    2    2    0      1803  -10   -6  -16   -7   18    1  -14  -11   -3    4    1    8   10   -8    8   -5   -8  -12
    1    1   10    1    2    2    2    1       916   -5  -13  -10  -12   12  -12   -5    1  -14    4  -13  -14   -5   -5  -10    7  -19   -6
    1    1   11    1    3    5    1    0      2521  -14    2  -12    8  -14   13    9    9   -8   -9   -3  -16  -18   -6   15    5    0    1
    1    1   12    1    3    2    3    1      3381  -13    3  -10    8  -12   14    7    6  -10  -12  -11  -14  -11   -3    8    0    2    0
    1    1   13    1    1    4    1    1      1095  -12   -7   -6   -8   18    4  -11  -12   -4    1    0    8   10   -7    1   -2   -9  -14
    1    1   14    1    3    3    3    1      1582  -15    4   -9    7   -3    9   -3   15   -8  -12   -5  -18  -11   -4    6   -4    2    1
    1    1   15    1    2    4    2    1       983  -12  -18   -9  -11   15  -15   -5    9  -16    2   -8   -6   -6    4  -11    6  -14   -3
    1    2    1    1    2    5    2    1       857   -7  -14   -5  -17    8   -7   -5    5  -12    4  -11   -7   -6   -6   -6   13  -14   -3
    1    2    2    1    2    2    2    1      6897   -5  -13  -10  -12   12  -12   -5    1  -14    4  -13  -14   -5   -5  -10    7  -19   -6
    1    2    3    1    3    5    1    0      1647  -14    2  -12    8  -14   13    9    9   -8   -9   -3  -16  -18   -6   15    5    0    1
    1    2    4    1    1    3    1    1      1103  -10   -7  -11   -9   15    5  -13  -15   -4    1    0    8   12   -6    4    0  -10  -12
    1    2    5    1    3    3    3    1      1156  -15    4   -9    7   -3    9   -3   15   -8  -12   -5  -18  -11   -4    6   -4    2    1
    1    2    6    1    3    4    3    1      1431  -14    2   -8    5  -12   15    8    5  -12  -14  -14   -9  -10   -4    6   -5   10   10
    1    2    7    1    1    1    1    1      1240  -12   -7   -7   -6   20   15  -12  -12   -2    5   -6    3   11   -6    3   -2   -8  -12
    1    2    8    1    3    1    2    0      2240  -12    1   -8    8  -13    8    5    7  -12  -11   -6  -13  -13   -6   16  -12    1    2
    1    2    9    1    3    2    2    0      1120  -13    3  -10    8  -12   14    7    6  -10  -12  -11  -14  -11   -3    8    0    2    0
    1    2   10    1    1    2    1    1      1996  -10   -6  -16   -7   18    1  -14  -11   -3    4    1    8   10   -8    8   -5   -8  -12
    1    2   11    1    2    3    2    1       798   -4  -15   -7  -13   12  -14   -2    3  -15    4   -7   -4   -2   -8  -10    8  -15   -3
    1    2   12    1    2    1    2    1      1032  -15  -10  -10  -10   18  -13   -5    3  -11    5  -18    2   -4   -7   -9    9  -21    7
    1    2   13    1    1    5    3    0       920  -17   -4   -9   -7   14    8  -12  -12   -2    4    1    8   11   -6   -2   -1  -11  -14
    1    2   14    1    1    4    1    1       780  -12   -7   -6   -8   18    4  -11  -12   -4    1    0    8   10   -7    1   -2   -9  -14
    1    2   15    1    2    4    2    1       695  -12  -18   -9  -11   15  -15   -5    9  -16    2   -8   -6   -6    4  -11    6  -14   -3
    1    3    1    1    1    4    1    1      1117  -12   -7   -6   -8   18    4  -11  -12   -4    1    0    8   10   -7    1   -2   -9  -14
    1    3    2    1    1    2    1    1      1930  -10   -6  -16   -7   18    1  -14  -11   -3    4    1    8   10   -8    8   -5   -8  -12
    1    3    3    1    3    5    2    0       790  -14    2  -12    8  -14   13    9    9   -8   -9   -3  -16  -18   -6   15    5    0    1
    1    3    4    1    2    2    2    1      1880   -5  -13  -10  -12   12  -12   -5    1  -14    4  -13  -14   -5   -5  -10    7  -19   -6
    1    3    5    1    2    5    2    1       711   -7  -14   -5  -17    8   -7   -5    5  -12    4  -11   -7   -6   -6   -6   13  -14   -3
    1    3    6    1    3    2    2    0       637  -13    3  -10    8  -12   14    7    6  -10  -12  -11  -14  -11   -3    8    0    2    0
    1    3    7    1    2    1    2    1      1101  -15  -10  -10  -10   18  -13   -5    3  -11    5  -18    2   -4   -7   -9    9  -21    7
    1    3    8    1    1    1    1    1       842  -12   -7   -7   -6   20   15  -12  -12   -2    5   -6    3   11   -6    3   -2   -8  -12
    1    3    9    1    2    3    2    1       898   -4  -15   -7  -13   12  -14   -2    3  -15    4   -7   -4   -2   -8  -10    8  -15   -3
    1    3   10    1    1    3    1    1      1887  -10   -7  -11   -9   15    5  -13  -15   -4    1    0    8   12   -6    4    0  -10  -12
    1    3   11    1    1    5    1    1      1437  -17   -4   -9   -7   14    8  -12  -12   -2    4    1    8   11   -6   -2   -1  -11  -14
    1    3   12    1    3    3    3    1       781  -15    4   -9    7   -3    9   -3   15   -8  -12   -5  -18  -11   -4    6   -4    2    1
    1    3   13    1    2    4    2    1       655  -12  -18   -9  -11   15  -15   -5    9  -16    2   -8   -6   -6    4  -11    6  -14   -3
    1    3   14    1    3    1    3    1      2127  -12    1   -8    8  -13    8    5    7  -12  -11   -6  -13  -13   -6   16  -12    1    2
    1    3   15    1    3    4    3    1      1675  -14    2   -8    5  -12   15    8    5  -12  -14  -14   -9  -10   -4    6   -5   10   10
    1    4    1    1    1    1    1    1       762  -12   -7   -7   -6   20   15  -12  -12   -2    5   -6    3   11   -6    3   -2   -8  -12
    1    4    2    1    3    1    3    1      2197  -12    1   -8    8  -13    8    5    7  -12  -11   -6  -13  -13   -6   16  -12    1    2
    1    4    3    1    2    1    2    1       967  -15  -10  -10  -10   18  -13   -5    3  -11    5  -18    2   -4   -7   -9    9  -21    7
    1    4    4    1    2    3    2    1      3090   -4  -15   -7  -13   12  -14   -2    3  -15    4   -7   -4   -2   -8  -10    8  -15   -3
    1    4    5    1    3    2    2    0      1016  -13    3  -10    8  -12   14    7    6  -10  -12  -11  -14  -11   -3    8    0    2    0
    1    4    6    1    1    5    1    1       761  -17   -4   -9   -7   14    8  -12  -12   -2    4    1    8   11   -6   -2   -1  -11  -14
    1    4    7    1    2    2    2    1       740   -5  -13  -10  -12   12  -12   -5    1  -14    4  -13  -14   -5   -5  -10    7  -19   -6
    1    4    8    1    2    5    2    1       736   -7  -14   -5  -17    8   -7   -5    5  -12    4  -11   -7   -6   -6   -6   13  -14   -3
    1    4    9    1    1    4    1    1       772  -12   -7   -6   -8   18    4  -11  -12   -4    1    0    8   10   -7    1   -2   -9  -14
    1    4   10    1    3    5    3    1       735  -14    2  -12    8  -14   13    9    9   -8   -9   -3  -16  -18   -6   15    5    0    1
    1    4   11    1    3    4    3    1      1003  -14    2   -8    5  -12   15    8    5  -12  -14  -14   -9  -10   -4    6   -5   10   10
    1    4   12    1    2    4    2    1       732  -12  -18   -9  -11   15  -15   -5    9  -16    2   -8   -6   -6    4  -11    6  -14   -3
    1    4   13    1    3    3    3    1      1208  -15    4   -9    7   -3    9   -3   15   -8  -12   -5  -18  -11   -4    6   -4    2    1
    1    4   14    1    1    3    1    1      1058  -10   -7  -11   -9   15    5  -13  -15   -4    1    0    8   12   -6    4    0  -10  -12
    1    4   15    1    1    2    3    0      2617  -10   -6  -16   -7   18    1  -14  -11   -3    4    1    8   10   -8    8   -5   -8  -12
    1    5    1    1    1    2    1    1       658  -10   -6  -16   -7   18    1  -14  -11   -3    4    1    8   10   -8    8   -5   -8  -12
    1    5    2    1    3    3    3    1       777  -15    4   -9    7   -3    9   -3   15   -8  -12   -5  -18  -11   -4    6   -4    2    1
    1    5    3    1    1    3    1    1      1675  -10   -7  -11   -9   15    5  -13  -15   -4    1    0    8   12   -6    4    0  -10  -12
    1    5    4    1    3    5    1    0       858  -14    2  -12    8  -14   13    9    9   -8   -9   -3  -16  -18   -6   15    5    0    1
    1    5    5    1    2    1    2    1       825  -15  -10  -10  -10   18  -13   -5    3  -11    5  -18    2   -4   -7   -9    9  -21    7
    1    5    6    1    1    1    1    1       890  -12   -7   -7   -6   20   15  -12  -12   -2    5   -6    3   11   -6    3   -2   -8  -12
    1    5    7    1    2    5    2    1       672   -7  -14   -5  -17    8   -7   -5    5  -12    4  -11   -7   -6   -6   -6   13  -14   -3
    1    5    8    1    1    5    1    1      3286  -17   -4   -9   -7   14    8  -12  -12   -2    4    1    8   11   -6   -2   -1  -11  -14
    1    5    9    1    2    3    2    1       716   -4  -15   -7  -13   12  -14   -2    3  -15    4   -7   -4   -2   -8  -10    8  -15   -3
    1    5   10    1    3    1    3    1      1937  -12    1   -8    8  -13    8    5    7  -12  -11   -6  -13  -13   -6   16  -12    1    2
    1    5   11    1    3    4    3    1       621  -14    2   -8    5  -12   15    8    5  -12  -14  -14   -9  -10   -4    6   -5   10   10
    1    5   12    1    3    2    3    1       958  -13    3  -10    8  -12   14    7    6  -10  -12  -11  -14  -11   -3    8    0    2    0
    1    5   13    1    2    2    2    1      1473   -5  -13  -10  -12   12  -12   -5    1  -14    4  -13  -14   -5   -5  -10    7  -19   -6
    1    5   14    1    1    4    1    1       712  -12   -7   -6   -8   18    4  -11  -12   -4    1    0    8   10   -7    1   -2   -9  -14
    1    5   15    1    2    4    2    1       733  -12  -18   -9  -11   15  -15   -5    9  -16    2   -8   -6   -6    4  -11    6  -14   -3
    1    6    1    1    2    2    2    1      1865   -5  -13  -10  -12   12  -12   -5    1  -14    4  -13  -14   -5   -5  -10    7  -19   -6
    1    6    2    1    2    1    2    1       664  -15  -10  -10  -10   18  -13   -5    3  -11    5  -18    2   -4   -7   -9    9  -21    7
    1    6    3    1    1    3    1    1       919  -10   -7  -11   -9   15    5  -13  -15   -4    1    0    8   12   -6    4    0  -10  -12
    1    6    4    1    3    3    3    1       932  -15    4   -9    7   -3    9   -3   15   -8  -12   -5  -18  -11   -4    6   -4    2    1
    1    6    5    1    3    2    2    0       728  -13    3  -10    8  -12   14    7    6  -10  -12  -11  -14  -11   -3    8    0    2    0
    1    6    6    1    1    5    1    1       660  -17   -4   -9   -7   14    8  -12  -12   -2    4    1    8   11   -6   -2   -1  -11  -14
    1    6    7    1    2    4    2    1       780  -12  -18   -9  -11   15  -15   -5    9  -16    2   -8   -6   -6    4  -11    6  -14   -3
    1    6    8    1    3    4    3    1      1039  -14    2   -8    5  -12   15    8    5  -12  -14  -14   -9  -10   -4    6   -5   10   10
    1    6    9    1    1    4    1    1       839  -12   -7   -6   -8   18    4  -11  -12   -4    1    0    8   10   -7    1   -2   -9  -14
    1    6   10    1    2    5    2    1       679   -7  -14   -5  -17    8   -7   -5    5  -12    4  -11   -7   -6   -6   -6   13  -14   -3
    1    6   11    1    1    2    1    1      1157  -10   -6  -16   -7   18    1  -14  -11   -3    4    1    8   10   -8    8   -5   -8  -12
    1    6   12    1    2    3    2    1       777   -4  -15   -7  -13   12  -14   -2    3  -15    4   -7   -4   -2   -8  -10    8  -15   -3
    1    6   13    1    3    1    3    1       467  -12    1   -8    8  -13    8    5    7  -12  -11   -6  -13  -13   -6   16  -12    1    2
    1    6   14    1    3    5    2    0      1002  -14    2  -12    8  -14   13    9    9   -8   -9   -3  -16  -18   -6   15    5    0    1
    1    6   15    1    1    1    1    1      1707  -12   -7   -7   -6   20   15  -12  -12   -2    5   -6    3   11   -6    3   -2   -8  -12
    1    7    1    1    2    1    2    1      1057  -15  -10  -10  -10   18  -13   -5    3  -11    5  -18    2   -4   -7   -9    9  -21    7
    1    7    2    1    3    1    3    1      1096  -12    1   -8    8  -13    8    5    7  -12  -11   -6  -13  -13   -6   16  -12    1    2
    1    7    3    1    3    3    3    1       990  -15    4   -9    7   -3    9   -3   15   -8  -12   -5  -18  -11   -4    6   -4    2    1
    1    7    4    1    3    2    3    1       688  -13    3  -10    8  -12   14    7    6  -10  -12  -11  -14  -11   -3    8    0    2    0
    1    7    5    1    1    4    1    1       918  -12   -7   -6   -8   18    4  -11  -12   -4    1    0    8   10   -7    1   -2   -9  -14
    1    7    6    1    2    2    2    1      1467   -5  -13  -10  -12   12  -12   -5    1  -14    4  -13  -14   -5   -5  -10    7  -19   -6
    1    7    7    1    3    5    3    1       497  -14    2  -12    8  -14   13    9    9   -8   -9   -3  -16  -18   -6   15    5    0    1
    1    7    8    1    1    5    1    1       967  -17   -4   -9   -7   14    8  -12  -12   -2    4    1    8   11   -6   -2   -1  -11  -14
    1    7    9    1    2    5    2    1       409   -7  -14   -5  -17    8   -7   -5    5  -12    4  -11   -7   -6   -6   -6   13  -14   -3
    1    7   10    1    2    4    2    1       763  -12  -18   -9  -11   15  -15   -5    9  -16    2   -8   -6   -6    4  -11    6  -14   -3
    1    7   11    1    1    2    1    1       686  -10   -6  -16   -7   18    1  -14  -11   -3    4    1    8   10   -8    8   -5   -8  -12
    1    7   12    1    3    4    3    1      1068  -14    2   -8    5  -12   15    8    5  -12  -14  -14   -9  -10   -4    6   -5   10   10
    1    7   13    1    1    1    1    1       787  -12   -7   -7   -6   20   15  -12  -12   -2    5   -6    3   11   -6    3   -2   -8  -12
    1    7   14    1    1    3    1    1      1029  -10   -7  -11   -9   15    5  -13  -15   -4    1    0    8   12   -6    4    0  -10  -12
    1    7   15    1    2    3    2    1       733   -4  -15   -7  -13   12  -14   -2    3  -15    4   -7   -4   -2   -8  -10    8  -15   -3
    1    8    1    1    3    5    1    0      1745  -14    2  -12    8  -14   13    9    9   -8   -9   -3  -16  -18   -6   15    5    0    1
    1    8    2    1    2    4    2    1      1509  -12  -18   -9  -11   15  -15   -5    9  -16    2   -8   -6   -6    4  -11    6  -14   -3
    1    8    3    1    3    1    3    1      1035  -12    1   -8    8  -13    8    5    7  -12  -11   -6  -13  -13   -6   16  -12    1    2
    1    8    4    1    3    3    3    1       755  -15    4   -9    7   -3    9   -3   15   -8  -12   -5  -18  -11   -4    6   -4    2    1
    1    8    5    1    1    2    1    1      1766  -10   -6  -16   -7   18    1  -14  -11   -3    4    1    8   10   -8    8   -5   -8  -12
    1    8    6    1    3    4    3    1      1129  -14    2   -8    5  -12   15    8    5  -12  -14  -14   -9  -10   -4    6   -5   10   10
    1    8    7    1    1    1    1    1       758  -12   -7   -7   -6   20   15  -12  -12   -2    5   -6    3   11   -6    3   -2   -8  -12
    1    8    8    1    1    5    1    1      1089  -17   -4   -9   -7   14    8  -12  -12   -2    4    1    8   11   -6   -2   -1  -11  -14
    1    8    9    1    3    2    2    0       951  -13    3  -10    8  -12   14    7    6  -10  -12  -11  -14  -11   -3    8    0    2    0
    1    8   10    1    2    2    2    1      1434   -5  -13  -10  -12   12  -12   -5    1  -14    4  -13  -14   -5   -5  -10    7  -19   -6
    1    8   11    1    2    1    2    1      1434  -15  -10  -10  -10   18  -13   -5    3  -11    5  -18    2   -4   -7   -9    9  -21    7
    1    8   12    1    2    3    2    1      2026   -4  -15   -7  -13   12  -14   -2    3  -15    4   -7   -4   -2   -8  -10    8  -15   -3
    1    8   13    1    2    5    2    1      1243   -7  -14   -5  -17    8   -7   -5    5  -12    4  -11   -7   -6   -6   -6   13  -14   -3
    1    8   14    1    1    3    1    1      1427  -10   -7  -11   -9   15    5  -13  -15   -4    1    0    8   12   -6    4    0  -10  -12
    1    8   15    1    1    4    1    1      1476  -12   -7   -6   -8   18    4  -11  -12   -4    1    0    8   10   -7    1   -2   -9  -14
    1    9    1    1    3    3    3    1       778  -15    4   -9    7   -3    9   -3   15   -8  -12   -5  -18  -11   -4    6   -4    2    1
    1    9    2    1    2    2    2    1      1269   -5  -13  -10  -12   12  -12   -5    1  -14    4  -13  -14   -5   -5  -10    7  -19   -6
    1    9    3    1    1    5    1    1       948  -17   -4   -9   -7   14    8  -12  -12   -2    4    1    8   11   -6   -2   -1  -11  -14
    1    9    4    1    3    1    3    1      1015  -12    1   -8    8  -13    8    5    7  -12  -11   -6  -13  -13   -6   16  -12    1    2
    1    9    5    1    3    5    3    1      1944  -14    2  -12    8  -14   13    9    9   -8   -9   -3  -16  -18   -6   15    5    0    1
    1    9    6    1    1    2    1    1      1276  -10   -6  -16   -7   18    1  -14  -11   -3    4    1    8   10   -8    8   -5   -8  -12
    1    9    7    1    1    4    1    1      1378  -12   -7   -6   -8   18    4  -11  -12   -4    1    0    8   10   -7    1   -2   -9  -14
    1    9    8    1    2    5    2    1      1045   -7  -14   -5  -17    8   -7   -5    5  -12    4  -11   -7   -6   -6   -6   13  -14   -3
    1    9    9    1    3    4    3    1      1005  -14    2   -8    5  -12   15    8    5  -12  -14  -14   -9  -10   -4    6   -5   10   10
    1    9   10    1    3    2    3    1      5318  -13    3  -10    8  -12   14    7    6  -10  -12  -11  -14  -11   -3    8    0    2    0
    1    9   11    1    1    1    1    1       611  -12   -7   -7   -6   20   15  -12  -12   -2    5   -6    3   11   -6    3   -2   -8  -12
    1    9   12    1    2    3    2    1       757   -4  -15   -7  -13   12  -14   -2    3  -15    4   -7   -4   -2   -8  -10    8  -15   -3
    1    9   13    1    2    1    2    1       768  -15  -10  -10  -10   18  -13   -5    3  -11    5  -18    2   -4   -7   -9    9  -21    7
    1    9   14    1    2    4    2    1       530  -12  -18   -9  -11   15  -15   -5    9  -16    2   -8   -6   -6    4  -11    6  -14   -3
    1    9   15    1    1    3    1    1       767  -10   -7  -11   -9   15    5  -13  -15   -4    1    0    8   12   -6    4    0  -10  -12
    1   10    1    1    1    4    1    1       914  -12   -7   -6   -8   18    4  -11  -12   -4    1    0    8   10   -7    1   -2   -9  -14
    1   10    2    1    2    1    2    1       647  -15  -10  -10  -10   18  -13   -5    3  -11    5  -18    2   -4   -7   -9    9  -21    7
    1   10    3    1    1    1    1    1      3471  -12   -7   -7   -6   20   15  -12  -12   -2    5   -6    3   11   -6    3   -2   -8  -12
    1   10    4    1    1    3    1    1       638  -10   -7  -11   -9   15    5  -13  -15   -4    1    0    8   12   -6    4    0  -10  -12
    1   10    5    1    3    1    3    1      1030  -12    1   -8    8  -13    8    5    7  -12  -11   -6  -13  -13   -6   16  -12    1    2
    1   10    6    1    2    4    2    1       599  -12  -18   -9  -11   15  -15   -5    9  -16    2   -8   -6   -6    4  -11    6  -14   -3
    1   10    7    1    2    3    2    1       656   -4  -15   -7  -13   12  -14   -2    3  -15    4   -7   -4   -2   -8  -10    8  -15   -3
    1   10    8    1    3    5    3    1      3031  -14    2  -12    8  -14   13    9    9   -8   -9   -3  -16  -18   -6   15    5    0    1
    1   10    9    1    2    5    2    1       575   -7  -14   -5  -17    8   -7   -5    5  -12    4  -11   -7   -6   -6   -6   13  -14   -3
    1   10   10    1    3    2    3    1       762  -13    3  -10    8  -12   14    7    6  -10  -12  -11  -14  -11   -3    8    0    2    0
    1   10   11    1    1    5    1    1      1110  -17   -4   -9   -7   14    8  -12  -12   -2    4    1    8   11   -6   -2   -1  -11  -14
    1   10   12    1    3    3    3    1       835  -15    4   -9    7   -3    9   -3   15   -8  -12   -5  -18  -11   -4    6   -4    2    1
    1   10   13    1    2    2    2    1       587   -5  -13  -10  -12   12  -12   -5    1  -14    4  -13  -14   -5   -5  -10    7  -19   -6
    1   10   14    1    3    4    3    1      1117  -14    2   -8    5  -12   15    8    5  -12  -14  -14   -9  -10   -4    6   -5   10   10
    1   10   15    1    1    2    1    1      1562  -10   -6  -16   -7   18    1  -14  -11   -3    4    1    8   10   -8    8   -5   -8  -12
    1   11    1    1    3    4    3    1      1549  -14    2   -8    5  -12   15    8    5  -12  -14  -14   -9  -10   -4    6   -5   10   10
    1   11    2    1    1    3    1    1       824  -10   -7  -11   -9   15    5  -13  -15   -4    1    0    8   12   -6    4    0  -10  -12
    1   11    3    1    1    1    1    1       785  -12   -7   -7   -6   20   15  -12  -12   -2    5   -6    3   11   -6    3   -2   -8  -12
    1   11    4    1    2    1    2    1       771  -15  -10  -10  -10   18  -13   -5    3  -11    5  -18    2   -4   -7   -9    9  -21    7
    1   11    5    1    3    3    3    1       630  -15    4   -9    7   -3    9   -3   15   -8  -12   -5  -18  -11   -4    6   -4    2    1
    1   11    6    1    2    3    2    1       542   -4  -15   -7  -13   12  -14   -2    3  -15    4   -7   -4   -2   -8  -10    8  -15   -3
    1   11    7    1    1    4    1    1       690  -12   -7   -6   -8   18    4  -11  -12   -4    1    0    8   10   -7    1   -2   -9  -14
    1   11    8    1    2    5    2    1       520   -7  -14   -5  -17    8   -7   -5    5  -12    4  -11   -7   -6   -6   -6   13  -14   -3
    1   11    9    1    3    5    3    1       869  -14    2  -12    8  -14   13    9    9   -8   -9   -3  -16  -18   -6   15    5    0    1
    1   11   10    1    2    4    2    1       628  -12  -18   -9  -11   15  -15   -5    9  -16    2   -8   -6   -6    4  -11    6  -14   -3
    1   11   11    1    2    2    2    1       620   -5  -13  -10  -12   12  -12   -5    1  -14    4  -13  -14   -5   -5  -10    7  -19   -6
    1   11   12    1    3    2    3    1      2693  -13    3  -10    8  -12   14    7    6  -10  -12  -11  -14  -11   -3    8    0    2    0
    1   11   13    1    1    2    1    1       963  -10   -6  -16   -7   18    1  -14  -11   -3    4    1    8   10   -8    8   -5   -8  -12
    1   11   14    1    3    1    3    1      1231  -12    1   -8    8  -13    8    5    7  -12  -11   -6  -13  -13   -6   16  -12    1    2
    1   11   15    1    1    5    1    1      1063  -17   -4   -9   -7   14    8  -12  -12   -2    4    1    8   11   -6   -2   -1  -11  -14
    1   12    1    1    3    5    3    1      1294  -14    2  -12    8  -14   13    9    9   -8   -9   -3  -16  -18   -6   15    5    0    1
    1   12    2    1    1    1    1    1       980  -12   -7   -7   -6   20   15  -12  -12   -2    5   -6    3   11   -6    3   -2   -8  -12
    1   12    3    1    1    2    1    1       927  -10   -6  -16   -7   18    1  -14  -11   -3    4    1    8   10   -8    8   -5   -8  -12
    1   12    4    1    3    1    3    1       908  -12    1   -8    8  -13    8    5    7  -12  -11   -6  -13  -13   -6   16  -12    1    2
    1   12    5    1    2    4    2    1       673  -12  -18   -9  -11   15  -15   -5    9  -16    2   -8   -6   -6    4  -11    6  -14   -3
    1   12    6    1    1    3    1    1       824  -10   -7  -11   -9   15    5  -13  -15   -4    1    0    8   12   -6    4    0  -10  -12
    1   12    7    1    2    2    2    1      2440   -5  -13  -10  -12   12  -12   -5    1  -14    4  -13  -14   -5   -5  -10    7  -19   -6
    1   12    8    1    2    5    2    1       688   -7  -14   -5  -17    8   -7   -5    5  -12    4  -11   -7   -6   -6   -6   13  -14   -3
    1   12    9    1    2    1    2    1      1014  -15  -10  -10  -10   18  -13   -5    3  -11    5  -18    2   -4   -7   -9    9  -21    7
    1   12   10    1    2    3    2    1       815   -4  -15   -7  -13   12  -14   -2    3  -15    4   -7   -4   -2   -8  -10    8  -15   -3
    1   12   11    1    3    4    3    1      2016  -14    2   -8    5  -12   15    8    5  -12  -14  -14   -9  -10   -4    6   -5   10   10
    1   12   12    1    1    5    1    1     10152  -17   -4   -9   -7   14    8  -12  -12   -2    4    1    8   11   -6   -2   -1  -11  -14
    1   12   13    1    3    2    3    1      3028  -13    3  -10    8  -12   14    7    6  -10  -12  -11  -14  -11   -3    8    0    2    0
    1   12   14    1    1    4    1    1       621  -12   -7   -6   -8   18    4  -11  -12   -4    1    0    8   10   -7    1   -2   -9  -14
    1   12   15    1    3    3    3    1       901  -15    4   -9    7   -3    9   -3   15   -8  -12   -5  -18  -11   -4    6   -4    2    1
    1   13    1    1    2    5    2    1      4563   -7  -14   -5  -17    8   -7   -5    5  -12    4  -11   -7   -6   -6   -6   13  -14   -3
    1   13    2    1    2    3    2    1      1142   -4  -15   -7  -13   12  -14   -2    3  -15    4   -7   -4   -2   -8  -10    8  -15   -3
    1   13    3    1    1    3    1    1       730  -10   -7  -11   -9   15    5  -13  -15   -4    1    0    8   12   -6    4    0  -10  -12
    1   13    4    1    3    1    3    1       535  -12    1   -8    8  -13    8    5    7  -12  -11   -6  -13  -13   -6   16  -12    1    2
    1   13    5    1    1    1    1    1       603  -12   -7   -7   -6   20   15  -12  -12   -2    5   -6    3   11   -6    3   -2   -8  -12
    1   13    6    1    2    4    2    1       644  -12  -18   -9  -11   15  -15   -5    9  -16    2   -8   -6   -6    4  -11    6  -14   -3
    1   13    7    1    1    2    1    1       708  -10   -6  -16   -7   18    1  -14  -11   -3    4    1    8   10   -8    8   -5   -8  -12
    1   13    8    1    2    1    2    1       521  -15  -10  -10  -10   18  -13   -5    3  -11    5  -18    2   -4   -7   -9    9  -21    7
    1   13    9    1    3    4    3    1       910  -14    2   -8    5  -12   15    8    5  -12  -14  -14   -9  -10   -4    6   -5   10   10
    1   13   10    1    3    3    3    1       827  -15    4   -9    7   -3    9   -3   15   -8  -12   -5  -18  -11   -4    6   -4    2    1
    1   13   11    1    2    2    2    1       764   -5  -13  -10  -12   12  -12   -5    1  -14    4  -13  -14   -5   -5  -10    7  -19   -6
    1   13   12    1    1    4    1    1       911  -12   -7   -6   -8   18    4  -11  -12   -4    1    0    8   10   -7    1   -2   -9  -14
    1   13   13    1    1    5    1    1      2212  -17   -4   -9   -7   14    8  -12  -12   -2    4    1    8   11   -6   -2   -1  -11  -14
    1   13   14    1    3    2    3    1      1174  -13    3  -10    8  -12   14    7    6  -10  -12  -11  -14  -11   -3    8    0    2    0
    1   13   15    1    3    5    3    1       712  -14    2  -12    8  -14   13    9    9   -8   -9   -3  -16  -18   -6   15    5    0    1
    1   14    1    1    3    5    3    1       670  -14    2  -12    8  -14   13    9    9   -8   -9   -3  -16  -18   -6   15    5    0    1
    1   14    2    1    3    1    3    1      1228  -12    1   -8    8  -13    8    5    7  -12  -11   -6  -13  -13   -6   16  -12    1    2
    1   14    3    1    2    3    2    1       613   -4  -15   -7  -13   12  -14   -2    3  -15    4   -7   -4   -2   -8  -10    8  -15   -3
    1   14    4    1    2    1    2    1       662  -15  -10  -10  -10   18  -13   -5    3  -11    5  -18    2   -4   -7   -9    9  -21    7
    1   14    5    1    2    4    2    1       470  -12  -18   -9  -11   15  -15   -5    9  -16    2   -8   -6   -6    4  -11    6  -14   -3
    1   14    6    1    3    3    3    1       612  -15    4   -9    7   -3    9   -3   15   -8  -12   -5  -18  -11   -4    6   -4    2    1
    1   14    7    1    1    5    1    1      1350  -17   -4   -9   -7   14    8  -12  -12   -2    4    1    8   11   -6   -2   -1  -11  -14
    1   14    8    1    1    2    1    1      1129  -10   -6  -16   -7   18    1  -14  -11   -3    4    1    8   10   -8    8   -5   -8  -12
    1   14    9    1    3    2    3    1       678  -13    3  -10    8  -12   14    7    6  -10  -12  -11  -14  -11   -3    8    0    2    0
    1   14   10    1    2    5    2    1       620   -7  -14   -5  -17    8   -7   -5    5  -12    4  -11   -7   -6   -6   -6   13  -14   -3
    1   14   11    1    1    3    1    1       677  -10   -7  -11   -9   15    5  -13  -15   -4    1    0    8   12   -6    4    0  -10  -12
    1   14   12    1    1    1    1    1       620  -12   -7   -7   -6   20   15  -12  -12   -2    5   -6    3   11   -6    3   -2   -8  -12
    1   14   13    1    2    2    2    1       644   -5  -13  -10  -12   12  -12   -5    1  -14    4  -13  -14   -5   -5  -10    7  -19   -6
    1   14   14    1    1    4    1    1       652  -12   -7   -6   -8   18    4  -11  -12   -4    1    0    8   10   -7    1   -2   -9  -14
    1   14   15    1    3    4    3    1      1051  -14    2   -8    5  -12   15    8    5  -12  -14  -14   -9  -10   -4    6   -5   10   10
    1   15    1    1    2    4    2    1       515  -12  -18   -9  -11   15  -15   -5    9  -16    2   -8   -6   -6    4  -11    6  -14   -3
    1   15    2    1    3    1    3    1       952  -12    1   -8    8  -13    8    5    7  -12  -11   -6  -13  -13   -6   16  -12    1    2
    1   15    3    1    2    3    2    1       699   -4  -15   -7  -13   12  -14   -2    3  -15    4   -7   -4   -2   -8  -10    8  -15   -3
    1   15    4    1    2    1    2    1       705  -15  -10  -10  -10   18  -13   -5    3  -11    5  -18    2   -4   -7   -9    9  -21    7
    1   15    5    1    1    2    1    1      1246  -10   -6  -16   -7   18    1  -14  -11   -3    4    1    8   10   -8    8   -5   -8  -12
    1   15    6    1    3    3    3    1       622  -15    4   -9    7   -3    9   -3   15   -8  -12   -5  -18  -11   -4    6   -4    2    1
    1   15    7    1    2    2    2    1       862   -5  -13  -10  -12   12  -12   -5    1  -14    4  -13  -14   -5   -5  -10    7  -19   -6
    1   15    8    1    2    5    2    1       550   -7  -14   -5  -17    8   -7   -5    5  -12    4  -11   -7   -6   -6   -6   13  -14   -3
    1   15    9    1    3    4    3    1      3465  -14    2   -8    5  -12   15    8    5  -12  -14  -14   -9  -10   -4    6   -5   10   10
    1   15   10    1    1    5    1    1      1024  -17   -4   -9   -7   14    8  -12  -12   -2    4    1    8   11   -6   -2   -1  -11  -14
    1   15   11    1    1    1    1    1       608  -12   -7   -7   -6   20   15  -12  -12   -2    5   -6    3   11   -6    3   -2   -8  -12
    1   15   12    1    3    5    1    0      1466  -14    2  -12    8  -14   13    9    9   -8   -9   -3  -16  -18   -6   15    5    0    1
    1   15   13    1    1    3    1    1       873  -10   -7  -11   -9   15    5  -13  -15   -4    1    0    8   12   -6    4    0  -10  -12
    1   15   14    1    1    4    1    1       551  -12   -7   -6   -8   18    4  -11  -12   -4    1    0    8   10   -7    1   -2   -9  -14
    1   15   15    1    3    2    3    1       986  -13    3  -10    8  -12   14    7    6  -10  -12  -11  -14  -11   -3    8    0    2    0
    2    1    1    6    0    0    2    1      2162   -9    9    5    2  -19   -4   15    3  -11    8    7    5    0    9   -3   12   -9   -9
    2    1    2    1    1    1    1    1      1853  -12   -7   -7   -6   20   15  -12  -12   -2    5   -6    3   11   -6    3   -2   -8  -12
    2    1    3    1    2    2    1    1      3980   -5  -13  -10  -12   12  -12   -5    1  -14    4  -13  -14   -5   -5  -10    7  -19   -6
    2    1    4    2    1    0    2    1      3919  -12   -6   -9   -8   16    6  -13  -11   -3    3    2    8   10   -6    3    0   -9  -12
    2    1    5    4    3    4    2    1      4396  -16    9   -9    7  -11   12    8    7  -11  -11   -6  -14  -12   -7   11    3    1    3
    2    1    6    1    1    4    1    1      3590  -12   -7   -6   -8   18    4  -11  -12   -4    1    0    8   10   -7    1   -2   -9  -14
    2    1    7    1    2    3    1    1      2736   -4  -15   -7  -13   12  -14   -2    3  -15    4   -7   -4   -2   -8  -10    8  -15   -3
    2    1    8    4    1    2    2    1      1804  -13   -6   -8   -7   17    7  -13  -10    4   -4    1    8    9   -6    4    1   -2   -9
    2    1    9    2    2    0    1    0      1429   -5  -14   -8  -12   13  -12   -4    5  -14    3   -9   -5   -6   -5   -9    7  -13   -2
    2    1   10    4    3    3    2    1      3365  -12    2  -10    6   -7   18    9    8  -16  -16    0  -15  -12   -6    9   -4    1    0
    2    1   11    1    2    5    1    1      1384   -7  -14   -5  -17    8   -7   -5    5  -12    4  -11   -7   -6   -6   -6   13  -14   -3
    2    1   12    4    2    1    2    1      1906   -8  -14   -6  -12   12  -16   -5    4  -12    4   -5   -7   -4   -5  -10    5  -18    3
    2    1   13    4    1    3    2    1      1960  -12   -8   -8   -8   23   -4  -11  -15    4   -1    3    9   16   -3    2    1  -10  -10
    2    1   14    1    3    2    1    1      1259  -13    3  -10    8  -12   14    7    6  -10  -12  -11  -14  -11   -3    8    0    2    0
    2    1   15    6    0    0    2    1      1146   -6  -13  -22   13    6   10  -13  -16    5  -12    3   -8   10    1    1  -11   -4    8
    2    1   16    2    3    0    1    0      7774  -13    2  -10    7  -13   13    7    7  -11  -12   -5  -14  -11   -5    7   -5    1    1
    2    1   17    4    1    4    2    1      2737  -12   -7   -7   -3   16    3  -12  -10   -2    1    2    9    9   -5    2    2  -10  -11
    2    1   18    6    0    0    2    1      1741   -5  -12  -11    1    8   13  -12  -16    7  -14   10   -9    9   -2    0   -7   -4   13
    2    1   19    4    1    5    2    1      1889  -11   -7  -10  -10   15    6  -15   -9   -1    5    3    7    3   -9    3    1  -11  -13
    2    1   20    4    2    5    1    0      3895   -5  -15    0  -16   13  -11   -3    7  -16    7  -10   -5   -5   -6   -3    4  -14   -3
    2    1   21    1    1    3    2    0      3973  -10   -7  -11   -9   15    5  -13  -15   -4    1    0    8   12   -6    4    0  -10  -12
    2    1   22    1    2    1    1    1      1208  -15  -10  -10  -10   18  -13   -5    3  -11    5  -18    2   -4   -7   -9    9  -21    7
    2    1   23    1    2    4    1    1      1049  -12  -18   -9  -11   15  -15   -5    9  -16    2   -8   -6   -6    4  -11    6  -14   -3
    2    1   24    6    0    0    2    1      1177   -9    7  -13   20   11    8   10   -1    5  -11   -3    4   -6   -6  -13    7    9  -11
    2    1   25    1    3    4    1    1      5219  -14    2   -8    5  -12   15    8    5  -12  -14  -14   -9  -10   -4    6   -5   10   10
    2    1   26    1    3    3    1    1      1012  -15    4   -9    7   -3    9   -3   15   -8  -12   -5  -18  -11   -4    6   -4    2    1
    2    1   27    1    3    5    1    1      1253  -14    2  -12    8  -14   13    9    9   -8   -9   -3  -16  -18   -6   15    5    0    1
    2    1   28    4    2    4    2    1      2061   -3  -16    2  -15   13  -17   -4    6  -11    4   -9   -7   -7   -5   -9    6  -19  -10
    2    1   29    4    1    1    2    1      2004  -10   -6  -11   -9   17    5  -14  -12   -1    4    2    6    4  -16    2    1  -11  -13
    2    1   30    1    3    1    1    1      1533  -12    1   -8    8  -13    8    5    7  -12  -11   -6  -13  -13   -6   16  -12    1    2
    2    1   31    4    2    3    2    1      1570   -6  -14   -8  -15   13  -11   -3    5  -10   -7  -10   -4   -8   -6   -9    6  -12   -3
    2    1   32    6    0    0    2    1      1828  -13    9   -4   14    2    6   16   -7   -5   -8  -12   14   -7   -4  -24    7    5   -5
    2    1   33    1    1    2    1    1      1941  -10   -6  -16   -7   18    1  -14  -11   -3    4    1    8   10   -8    8   -5   -8  -12
    2    1   34    1    1    5    1    1      5849  -17   -4   -9   -7   14    8  -12  -12   -2    4    1    8   11   -6   -2   -1  -11  -14
    2    1   35    4    2    2    2    1      1080   -4  -13   -7  -11   11  -13   -3    5  -15    4  -10   -7   -7   -5   -8    8  -10   -3
    2    1   36    4    3    5    2    1      2671  -15    0   -9    8   -5   16    7    9  -10  -13  -10  -16  -10   -2    6  -10    0    5
    2    1   37    4    3    2    2    1      1989  -13    1   -9    5  -14   14   10   10  -12  -11   -6  -14  -11   -6    6   -6    2    1
    2    1   38    6    0    0    2    1      1144  -12   16    2    0  -15   -4   16    5  -12    8   12    8    1   15   -7    6   -5  -13
    2    1   39    4    3    1    2    1      1356  -11   -1  -11    8  -15   12    7    8  -16  -18   -6  -16   -9   -6    8   -6    2    1
