    1    1    1    1    1    3    3    0      8685   -8   -9    0   16    3   14   11    8   16   15   13    2   -5    6   -1   12   -7   12
    1    1    2    1    1    1    1    1      3376   -7   -6   -5   12    5   14   10   10   18   10   12    4   -2    2    0   13   -4   10
    1    1    3    1    1    2    2    0      2763   -5   -6    1   13    4   16   10   11    9   23   19    2   -2    6   -1   10   -9   12
    1    1    4    1    2    5    1    0      1119    4    0    8  -12    0    6    8   -6  -12   13   -7    7   -5    4   -2    5    4   -6
    1    1    5    1    2    1    2    1      3643    1    1   10  -10   -2   10    7   -3  -14   14   -7    3  -12    7   -3    6    5   -6
    1    1    6    1    3    5    3    1      1147   12    0    8   -9    7   -7   -7   15   15   -6    1   14  -12    6    5    8  -12  -15
    1    1    7    1    3    2    3    1       839    3    5   10   -9    9   -7  -17   19   15   -6    0   13  -12    6    3   12   -3  -14
    1    1    8    1    3    1    3    1      1327    3    5    8   -7    8    0  -11   12   15  -10   -1   14  -11    7    4   10   -1   -9
    1    1    9    1    3    4    3    1      3180    6    5    5  -10    7   -4   -9    7   22   -4    0    8  -12    6    2    9   -1   -8
    1    1   10    1    2    3    1    0      1511    2   -1    9  -11   -3   12    8   -6  -10   24   -6    3   -9   -8    0    4    6   -8
    1    1   11    1    2    2    1    0      1772    4    2    7   -8   -5   21   17   -8  -14   14   -6    3   -4    2   -3    6    5   -5
    1    1   12    1    3    3    3    1      2167    9    5   12   -7    6   -5  -12   13   15   -8   -1   14  -10   -2    5    9   -4  -12
    1    1   13    1    1    4    1    1      1449   -2   -2   -5   11    8   17   10   11   10   20   12    4   -4    5    6    7   -7   13
    1    1   14    1    2    4    2    1      1377    1   -1    9  -10   -4   13    7   -6  -15   14   -8    3   -3    1    3    8    5  -10
    1    1   15    1    1    5    1    1      1411   -8   -6  -12   17    2   20   13    9   13   17   14    2    2    3    0   13   -9   12
    1    2    1    1    1    5    1    1      1709   -8   -6  -12   17    2   20   13    9   13   17   14    2    2    3    0   13   -9   12
    1    2    2    1    1    1    1    1      2426   -7   -6   -5   12    5   14   10   10   18   10   12    4   -2    2    0   13   -4   10
    1    2    3    1    3    5    3    1      1267   12    0    8   -9    7   -7   -7   15   15   -6    1   14  -12    6    5    8  -12  -15
    1    2    4    1    2    2    2    1      2137    4    2    7   -8   -5   21   17   -8  -14   14   -6    3   -4    2   -3    6    5   -5
    1    2    5    1    3    1    3    1      3197    3    5    8   -7    8    0  -11   12   15  -10   -1   14  -11    7    4   10   -1   -9
    1    2    6    1    2    1    2    1      3583    1    1   10  -10   -2   10    7   -3  -14   14   -7    3  -12    7   -3    6    5   -6
    1    2    7    1    2    3    2    1      1433    2   -1    9  -11   -3   12    8   -6  -10   24   -6    3   -9   -8    0    4    6   -8
    1    2    8    1    1    3    1    1       737   -8   -9    0   16    3   14   11    8   16   15   13    2   -5    6   -1   12   -7   12
    1    2    9    1    1    4    1    1      1469   -2   -2   -5   11    8   17   10   11   10   20   12    4   -4    5    6    7   -7   13
    1    2   10    1    2    4    2    1      1644    1   -1    9  -10   -4   13    7   -6  -15   14   -8    3   -3    1    3    8    5  -10
    1    2   11    1    1    2    1    1       852   -5   -6    1   13    4   16   10   11    9   23   19    2   -2    6   -1   10   -9   12
    1    2   12    1    3    2    3    1      1004    3    5   10   -9    9   -7  -17   19   15   -6    0   13  -12    6    3   12   -3  -14
    1    2   13    1    3    4    3    1      1301    6    5    5  -10    7   -4   -9    7   22   -4    0    8  -12    6    2    9   -1   -8
    1    2   14    1    2    5    2    1      1018    4    0    8  -12    0    6    8   -6  -12   13   -7    7   -5    4   -2    5    4   -6
    1    2   15    1    3    3    3    1       787    9    5   12   -7    6   -5  -12   13   15   -8   -1   14  -10   -2    5    9   -4  -12
    1    3    1    1    3    2    3    1       869    3    5   10   -9    9   -7  -17   19   15   -6    0   13  -12    6    3   12   -3  -14
    1    3    2    1    2    5    2    1       884    4    0    8  -12    0    6    8   -6  -12   13   -7    7   -5    4   -2    5    4   -6
    1    3    3    1    1    4    1    1       842   -2   -2   -5   11    8   17   10   11   10   20   12    4   -4    5    6    7   -7   13
    1    3    4    1    3    5    3    1       850   12    0    8   -9    7   -7   -7   15   15   -6    1   14  -12    6    5    8  -12  -15
    1    3    5    1    2    2    2    1      2921    4    2    7   -8   -5   21   17   -8  -14   14   -6    3   -4    2   -3    6    5   -5
    1    3    6    1    2    1    2    1      1590    1    1   10  -10   -2   10    7   -3  -14   14   -7    3  -12    7   -3    6    5   -6
    1    3    7    1    3    1    3    1       888    3    5    8   -7    8    0  -11   12   15  -10   -1   14  -11    7    4   10   -1   -9
    1    3    8    1    1    3    1    1       678   -8   -9    0   16    3   14   11    8   16   15   13    2   -5    6   -1   12   -7   12
    1    3    9    1    2    3    2    1      1644    2   -1    9  -11   -3   12    8   -6  -10   24   -6    3   -9   -8    0    4    6   -8
    1    3   10    1    1    1    1    1       804   -7   -6   -5   12    5   14   10   10   18   10   12    4   -2    2    0   13   -4   10
    1    3   11    1    1    5    1    1       894   -8   -6  -12   17    2   20   13    9   13   17   14    2    2    3    0   13   -9   12
    1    3   12    1    1    2    1    1       884   -5   -6    1   13    4   16   10   11    9   23   19    2   -2    6   -1   10   -9   12
    1    3   13    1    3    4    3    1      5946    6    5    5  -10    7   -4   -9    7   22   -4    0    8  -12    6    2    9   -1   -8
    1    3   14    1    2    4    2    1      1190    1   -1    9  -10   -4   13    7   -6  -15   14   -8    3   -3    1    3    8    5  -10
    1    3   15    1    3    3    3    1       712    9    5   12   -7    6   -5  -12   13   15   -8   -1   14  -10   -2    5    9   -4  -12
    1    4    1    1    1    3    1    1       693   -8   -9    0   16    3   14   11    8   16   15   13    2   -5    6   -1   12   -7   12
    1    4    2    1    2    5    2    1       835    4    0    8  -12    0    6    8   -6  -12   13   -7    7   -5    4   -2    5    4   -6
    1    4    3    1    3    3    3    1       995    9    5   12   -7    6   -5  -12   13   15   -8   -1   14  -10   -2    5    9   -4  -12
    1    4    4    1    1    1    1    1       749   -7   -6   -5   12    5   14   10   10   18   10   12    4   -2    2    0   13   -4   10
    1    4    5    1    3    1    2    0      1569    3    5    8   -7    8    0  -11   12   15  -10   -1   14  -11    7    4   10   -1   -9
    1    4    6    1    1    2    1    1       979   -5   -6    1   13    4   16   10   11    9   23   19    2   -2    6   -1   10   -9   12
    1    4    7    1    3    4    3    1      1062    6    5    5  -10    7   -4   -9    7   22   -4    0    8  -12    6    2    9   -1   -8
    1    4    8    1    3    5    3    1      1166   12    0    8   -9    7   -7   -7   15   15   -6    1   14  -12    6    5    8  -12  -15
    1    4    9    1    1    5    1    1       688   -8   -6  -12   17    2   20   13    9   13   17   14    2    2    3    0   13   -9   12
    1    4   10    1    3    2    3    1      1774    3    5   10   -9    9   -7  -17   19   15   -6    0   13  -12    6    3   12   -3  -14
    1    4   11    1    2    1    2    1       984    1    1   10  -10   -2   10    7   -3  -14   14   -7    3  -12    7   -3    6    5   -6
    1    4   12    1    2    2    2    1      1307    4    2    7   -8   -5   21   17   -8  -14   14   -6    3   -4    2   -3    6    5   -5
    1    4   13    1    2    3    2    1      2016    2   -1    9  -11   -3   12    8   -6  -10   24   -6    3   -9   -8    0    4    6   -8
    1    4   14    1    1    4    1    1       713   -2   -2   -5   11    8   17   10   11   10   20   12    4   -4    5    6    7   -7   13
    1    4   15    1    2    4    2    1      4518    1   -1    9  -10   -4   13    7   -6  -15   14   -8    3   -3    1    3    8    5  -10
    1    5    1    1    2    2    1    0       738    4    2    7   -8   -5   21   17   -8  -14   14   -6    3   -4    2   -3    6    5   -5
    1    5    2    1    3    4    3    1       823    6    5    5  -10    7   -4   -9    7   22   -4    0    8  -12    6    2    9   -1   -8
    1    5    3    1    3    5    1    0       935   12    0    8   -9    7   -7   -7   15   15   -6    1   14  -12    6    5    8  -12  -15
    1    5    4    1    2    5    2    1       844    4    0    8  -12    0    6    8   -6  -12   13   -7    7   -5    4   -2    5    4   -6
    1    5    5    1    2    3    2    1      2323    2   -1    9  -11   -3   12    8   -6  -10   24   -6    3   -9   -8    0    4    6   -8
    1    5    6    1    3    1    3    1       848    3    5    8   -7    8    0  -11   12   15  -10   -1   14  -11    7    4   10   -1   -9
    1    5    7    1    2    4    3    0      2607    1   -1    9  -10   -4   13    7   -6  -15   14   -8    3   -3    1    3    8    5  -10
    1    5    8    1    1    4    1    1       761   -2   -2   -5   11    8   17   10   11   10   20   12    4   -4    5    6    7   -7   13
    1    5    9    1    3    3    3    1       748    9    5   12   -7    6   -5  -12   13   15   -8   -1   14  -10   -2    5    9   -4  -12
    1    5   10    1    3    2    3    1       639    3    5   10   -9    9   -7  -17   19   15   -6    0   13  -12    6    3   12   -3  -14
    1    5   11    1    1    1    1    1       832   -7   -6   -5   12    5   14   10   10   18   10   12    4   -2    2    0   13   -4   10
    1    5   12    1    1    2    1    1      1016   -5   -6    1   13    4   16   10   11    9   23   19    2   -2    6   -1   10   -9   12
    1    5   13    1    2    1    2    1      4272    1    1   10  -10   -2   10    7   -3  -14   14   -7    3  -12    7   -3    6    5   -6
    1    5   14    1    1    5    1    1       615   -8   -6  -12   17    2   20   13    9   13   17   14    2    2    3    0   13   -9   12
    1    5   15    1    1    3    1    1       896   -8   -9    0   16    3   14   11    8   16   15   13    2   -5    6   -1   12   -7   12
    1    6    1    1    2    3    1    0       814    2   -1    9  -11   -3   12    8   -6  -10   24   -6    3   -9   -8    0    4    6   -8
    1    6    2    1    1    5    1    1       719   -8   -6  -12   17    2   20   13    9   13   17   14    2    2    3    0   13   -9   12
    1    6    3    1    1    2    1    1       908   -5   -6    1   13    4   16   10   11    9   23   19    2   -2    6   -1   10   -9   12
    1    6    4    1    1    4    1    1       713   -2   -2   -5   11    8   17   10   11   10   20   12    4   -4    5    6    7   -7   13
    1    6    5    1    2    5    2    1       774    4    0    8  -12    0    6    8   -6  -12   13   -7    7   -5    4   -2    5    4   -6
    1    6    6    1    3    1    3    1       785    3    5    8   -7    8    0  -11   12   15  -10   -1   14  -11    7    4   10   -1   -9
    1    6    7    1    3    5    3    1       683   12    0    8   -9    7   -7   -7   15   15   -6    1   14  -12    6    5    8  -12  -15
    1    6    8    1    2    2    2    1      1409    4    2    7   -8   -5   21   17   -8  -14   14   -6    3   -4    2   -3    6    5   -5
    1    6    9    1    3    2    3    1      2826    3    5   10   -9    9   -7  -17   19   15   -6    0   13  -12    6    3   12   -3  -14
    1    6   10    1    2    1    2    1      1739    1    1   10  -10   -2   10    7   -3  -14   14   -7    3  -12    7   -3    6    5   -6
    1    6   11    1    2    4    2    1      5591    1   -1    9  -10   -4   13    7   -6  -15   14   -8    3   -3    1    3    8    5  -10
    1    6   12    1    1    1    1    1       713   -7   -6   -5   12    5   14   10   10   18   10   12    4   -2    2    0   13   -4   10
    1    6   13    1    1    3    1    1       847   -8   -9    0   16    3   14   11    8   16   15   13    2   -5    6   -1   12   -7   12
    1    6   14    1    3    3    3    1      1487    9    5   12   -7    6   -5  -12   13   15   -8   -1   14  -10   -2    5    9   -4  -12
    1    6   15    1    3    4    2    0      8228    6    5    5  -10    7   -4   -9    7   22   -4    0    8  -12    6    2    9   -1   -8
    1    7    1    1    1    5    1    1       669   -8   -6  -12   17    2   20   13    9   13   17   14    2    2    3    0   13   -9   12
    1    7    2    1    3    1    3    1      1876    3    5    8   -7    8    0  -11   12   15  -10   -1   14  -11    7    4   10   -1   -9
    1    7    3    1    1    3    1    1       835   -8   -9    0   16    3   14   11    8   16   15   13    2   -5    6   -1   12   -7   12
    1    7    4    1    2    5    3    0      2139    4    0    8  -12    0    6    8   -6  -12   13   -7    7   -5    4   -2    5    4   -6
    1    7    5    1    3    3    3    1       718    9    5   12   -7    6   -5  -12   13   15   -8   -1   14  -10   -2    5    9   -4  -12
    1    7    6    1    2    2    2    1      1387    4    2    7   -8   -5   21   17   -8  -14   14   -6    3   -4    2   -3    6    5   -5
    1    7    7    1    1    4    1    1       525   -2   -2   -5   11    8   17   10   11   10   20   12    4   -4    5    6    7   -7   13
    1    7    8    1    1    2    1    1       818   -5   -6    1   13    4   16   10   11    9   23   19    2   -2    6   -1   10   -9   12
    1    7    9    1    2    4    2    1      1227    1   -1    9  -10   -4   13    7   -6  -15   14   -8    3   -3    1    3    8    5  -10
    1    7   10    1    3    5    3    1       659   12    0    8   -9    7   -7   -7   15   15   -6    1   14  -12    6    5    8  -12  -15
    1    7   11    1    3    4    3    1      1331    6    5    5  -10    7   -4   -9    7   22   -4    0    8  -12    6    2    9   -1   -8
    1    7   12    1    3    2    3    1       910    3    5   10   -9    9   -7  -17   19   15   -6    0   13  -12    6    3   12   -3  -14
    1    7   13    1    2    3    2    1      1316    2   -1    9  -11   -3   12    8   -6  -10   24   -6    3   -9   -8    0    4    6   -8
    1    7   14    1    2    1    2    1      1601    1    1   10  -10   -2   10    7   -3  -14   14   -7    3  -12    7   -3    6    5   -6
    1    7   15    1    1    1    1    1       706   -7   -6   -5   12    5   14   10   10   18   10   12    4   -2    2    0   13   -4   10
    1    8    1    1    2    3    1    0       864    2   -1    9  -11   -3   12    8   -6  -10   24   -6    3   -9   -8    0    4    6   -8
    1    8    2    1    3    5    3    1       895   12    0    8   -9    7   -7   -7   15   15   -6    1   14  -12    6    5    8  -12  -15
    1    8    3    1    1    4    1    1      1485   -2   -2   -5   11    8   17   10   11   10   20   12    4   -4    5    6    7   -7   13
    1    8    4    1    1    5    1    1       787   -8   -6  -12   17    2   20   13    9   13   17   14    2    2    3    0   13   -9   12
    1    8    5    1    3    1    3    1      6189    3    5    8   -7    8    0  -11   12   15  -10   -1   14  -11    7    4   10   -1   -9
    1    8    6    1    3    2    3    1      1271    3    5   10   -9    9   -7  -17   19   15   -6    0   13  -12    6    3   12   -3  -14
    1    8    7    1    1    1    1    1       894   -7   -6   -5   12    5   14   10   10   18   10   12    4   -2    2    0   13   -4   10
    1    8    8    1    3    3    3    1       964    9    5   12   -7    6   -5  -12   13   15   -8   -1   14  -10   -2    5    9   -4  -12
    1    8    9    1    3    4    3    1      3126    6    5    5  -10    7   -4   -9    7   22   -4    0    8  -12    6    2    9   -1   -8
    1    8   10    1    2    1    2    1      4395    1    1   10  -10   -2   10    7   -3  -14   14   -7    3  -12    7   -3    6    5   -6
    1    8   11    1    1    3    1    1       669   -8   -9    0   16    3   14   11    8   16   15   13    2   -5    6   -1   12   -7   12
    1    8   12    1    2    2    2    1      4220    4    2    7   -8   -5   21   17   -8  -14   14   -6    3   -4    2   -3    6    5   -5
    1    8   13    1    2    5    2    1       948    4    0    8  -12    0    6    8   -6  -12   13   -7    7   -5    4   -2    5    4   -6
    1    8   14    1    1    2    1    1       520   -5   -6    1   13    4   16   10   11    9   23   19    2   -2    6   -1   10   -9   12
    1    8   15    1    2    4    2    1      1093    1   -1    9  -10   -4   13    7   -6  -15   14   -8    3   -3    1    3    8    5  -10
    1    9    1    1    1    1    1    1       571   -7   -6   -5   12    5   14   10   10   18   10   12    4   -2    2    0   13   -4   10
    1    9    2    1    3    4    3    1       613    6    5    5  -10    7   -4   -9    7   22   -4    0    8  -12    6    2    9   -1   -8
    1    9    3    1    1    4    1    1       558   -2   -2   -5   11    8   17   10   11   10   20   12    4   -4    5    6    7   -7   13
    1    9    4    1    3    3    3    1      1010    9    5   12   -7    6   -5  -12   13   15   -8   -1   14  -10   -2    5    9   -4  -12
    1    9    5    1    1    2    1    1       675   -5   -6    1   13    4   16   10   11    9   23   19    2   -2    6   -1   10   -9   12
    1    9    6    1    3    2    3    1       834    3    5   10   -9    9   -7  -17   19   15   -6    0   13  -12    6    3   12   -3  -14
    1    9    7    1    1    3    1    1      1034   -8   -9    0   16    3   14   11    8   16   15   13    2   -5    6   -1   12   -7   12
    1    9    8    1    3    1    3    1      1298    3    5    8   -7    8    0  -11   12   15  -10   -1   14  -11    7    4   10   -1   -9
    1    9    9    1    3    5    3    1      2063   12    0    8   -9    7   -7   -7   15   15   -6    1   14  -12    6    5    8  -12  -15
    1    9   10    1    2    5    2    1       718    4    0    8  -12    0    6    8   -6  -12   13   -7    7   -5    4   -2    5    4   -6
    1    9   11    1    2    4    2    1       619    1   -1    9  -10   -4   13    7   -6  -15   14   -8    3   -3    1    3    8    5  -10
    1    9   12    1    2    3    2    1      1268    2   -1    9  -11   -3   12    8   -6  -10   24   -6    3   -9   -8    0    4    6   -8
    1    9   13    1    2    2    2    1      2251    4    2    7   -8   -5   21   17   -8  -14   14   -6    3   -4    2   -3    6    5   -5
    1    9   14    1    1    5    1    1       650   -8   -6  -12   17    2   20   13    9   13   17   14    2    2    3    0   13   -9   12
    1    9   15    1    2    1    2    1       721    1    1   10  -10   -2   10    7   -3  -14   14   -7    3  -12    7   -3    6    5   -6
    1   10    1    1    2    4    2    1      1150    1   -1    9  -10   -4   13    7   -6  -15   14   -8    3   -3    1    3    8    5  -10
    1   10    2    1    3    4    3    1       809    6    5    5  -10    7   -4   -9    7   22   -4    0    8  -12    6    2    9   -1   -8
    1   10    3    1    3    3    3    1      1531    9    5   12   -7    6   -5  -12   13   15   -8   -1   14  -10   -2    5    9   -4  -12
    1   10    4    1    1    1    1    1       799   -7   -6   -5   12    5   14   10   10   18   10   12    4   -2    2    0   13   -4   10
    1   10    5    1    3    1    3    1      2401    3    5    8   -7    8    0  -11   12   15  -10   -1   14  -11    7    4   10   -1   -9
    1   10    6    1    2    3    2    1      1194    2   -1    9  -11   -3   12    8   -6  -10   24   -6    3   -9   -8    0    4    6   -8
    1   10    7    1    1    4    1    1       692   -2   -2   -5   11    8   17   10   11   10   20   12    4   -4    5    6    7   -7   13
    1   10    8    1    2    1    2    1      2106    1    1   10  -10   -2   10    7   -3  -14   14   -7    3  -12    7   -3    6    5   -6
    1   10    9    1    1    3    1    1      1032   -8   -9    0   16    3   14   11    8   16   15   13    2   -5    6   -1   12   -7   12
    1   10   10    1    1    5    1    1       696   -8   -6  -12   17    2   20   13    9   13   17   14    2    2    3    0   13   -9   12
    1   10   11    1    3    5    3    1       926   12    0    8   -9    7   -7   -7   15   15   -6    1   14  -12    6    5    8  -12  -15
    1   10   12    1    2    2    2    1      3658    4    2    7   -8   -5   21   17   -8  -14   14   -6    3   -4    2   -3    6    5   -5
    1   10   13    1    2    5    2    1      1089    4    0    8  -12    0    6    8   -6  -12   13   -7    7   -5    4   -2    5    4   -6
    1   10   14    1    1    2    1    1       639   -5   -6    1   13    4   16   10   11    9   23   19    2   -2    6   -1   10   -9   12
    1   10   15    1    3    2    3    1       903    3    5   10   -9    9   -7  -17   19   15   -6    0   13  -12    6    3   12   -3  -14
    1   11    1    1    3    2    3    1       925    3    5   10   -9    9   -7  -17   19   15   -6    0   13  -12    6    3   12   -3  -14
    1   11    2    1    3    1    3    1      1761    3    5    8   -7    8    0  -11   12   15  -10   -1   14  -11    7    4   10   -1   -9
    1   11    3    1    1    2    1    1       613   -5   -6    1   13    4   16   10   11    9   23   19    2   -2    6   -1   10   -9   12
    1   11    4    1    2    3    2    1      1006    2   -1    9  -11   -3   12    8   -6  -10   24   -6    3   -9   -8    0    4    6   -8
    1   11    5    1    3    3    3    1       720    9    5   12   -7    6   -5  -12   13   15   -8   -1   14  -10   -2    5    9   -4  -12
    1   11    6    1    2    2    2    1      1436    4    2    7   -8   -5   21   17   -8  -14   14   -6    3   -4    2   -3    6    5   -5
    1   11    7    1    1    4    1    1       844   -2   -2   -5   11    8   17   10   11   10   20   12    4   -4    5    6    7   -7   13
    1   11    8    1    1    1    1    1      1628   -7   -6   -5   12    5   14   10   10   18   10   12    4   -2    2    0   13   -4   10
    1   11    9    1    3    4    3    1       917    6    5    5  -10    7   -4   -9    7   22   -4    0    8  -12    6    2    9   -1   -8
    1   11   10    1    2    1    2    1      1298    1    1   10  -10   -2   10    7   -3  -14   14   -7    3  -12    7   -3    6    5   -6
    1   11   11    1    2    4    2    1      5191    1   -1    9  -10   -4   13    7   -6  -15   14   -8    3   -3    1    3    8    5  -10
    1   11   12    1    1    5    1    1       657   -8   -6  -12   17    2   20   13    9   13   17   14    2    2    3    0   13   -9   12
    1   11   13    1    2    5    2    1      1216    4    0    8  -12    0    6    8   -6  -12   13   -7    7   -5    4   -2    5    4   -6
    1   11   14    1    3    5    1    0       673   12    0    8   -9    7   -7   -7   15   15   -6    1   14  -12    6    5    8  -12  -15
    1   11   15    1    1    3    1    1       528   -8   -9    0   16    3   14   11    8   16   15   13    2   -5    6   -1   12   -7   12
    1   12    1    1    1    1    1    1       628   -7   -6   -5   12    5   14   10   10   18   10   12    4   -2    2    0   13   -4   10
    1   12    2    1    3    3    3    1       733    9    5   12   -7    6   -5  -12   13   15   -8   -1   14  -10   -2    5    9   -4  -12
    1   12    3    1    1    2    1    1       849   -5   -6    1   13    4   16   10   11    9   23   19    2   -2    6   -1   10   -9   12
    1   12    4    1    2    5    2    1       657    4    0    8  -12    0    6    8   -6  -12   13   -7    7   -5    4   -2    5    4   -6
    1   12    5    1    3    2    3    1       440    3    5   10   -9    9   -7  -17   19   15   -6    0   13  -12    6    3   12   -3  -14
    1   12    6    1    3    1    3    1       752    3    5    8   -7    8    0  -11   12   15  -10   -1   14  -11    7    4   10   -1   -9
    1   12    7    1    3    4    3    1       923    6    5    5  -10    7   -4   -9    7   22   -4    0    8  -12    6    2    9   -1   -8
    1   12    8    1    2    1    2    1       856    1    1   10  -10   -2   10    7   -3  -14   14   -7    3  -12    7   -3    6    5   -6
    1   12    9    1    1    4    1    1       447   -2   -2   -5   11    8   17   10   11   10   20   12    4   -4    5    6    7   -7   13
    1   12   10    1    1    5    1    1      1199   -8   -6  -12   17    2   20   13    9   13   17   14    2    2    3    0   13   -9   12
    1   12   11    1    2    4    2    1      1161    1   -1    9  -10   -4   13    7   -6  -15   14   -8    3   -3    1    3    8    5  -10
    1   12   12    1    1    3    1    1      1548   -8   -9    0   16    3   14   11    8   16   15   13    2   -5    6   -1   12   -7   12
    1   12   13    1    3    5    2    0       799   12    0    8   -9    7   -7   -7   15   15   -6    1   14  -12    6    5    8  -12  -15
    1   12   14    1    2    3    2    1       777    2   -1    9  -11   -3   12    8   -6  -10   24   -6    3   -9   -8    0    4    6   -8
    1   12   15    1    2    2    2    1      2483    4    2    7   -8   -5   21   17   -8  -14   14   -6    3   -4    2   -3    6    5   -5
    1   13    1    1    2    4    2    1       697    1   -1    9  -10   -4   13    7   -6  -15   14   -8    3   -3    1    3    8    5  -10
    1   13    2    1    1    5    1    1       943   -8   -6  -12   17    2   20   13    9   13   17   14    2    2    3    0   13   -9   12
    1   13    3    1    3    5    3    1      1843   12    0    8   -9    7   -7   -7   15   15   -6    1   14  -12    6    5    8  -12  -15
    1   13    4    1    2    5    2    1       723    4    0    8  -12    0    6    8   -6  -12   13   -7    7   -5    4   -2    5    4   -6
    1   13    5    1    1    2    1    1       719   -5   -6    1   13    4   16   10   11    9   23   19    2   -2    6   -1   10   -9   12
    1   13    6    1    3    2    3    1       724    3    5   10   -9    9   -7  -17   19   15   -6    0   13  -12    6    3   12   -3  -14
    1   13    7    1    2    3    2    1       721    2   -1    9  -11   -3   12    8   -6  -10   24   -6    3   -9   -8    0    4    6   -8
    1   13    8    1    3    3    3    1       757    9    5   12   -7    6   -5  -12   13   15   -8   -1   14  -10   -2    5    9   -4  -12
    1   13    9    1    2    1    2    1      1401    1    1   10  -10   -2   10    7   -3  -14   14   -7    3  -12    7   -3    6    5   -6
    1   13   10    1    1    3    1    1       634   -8   -9    0   16    3   14   11    8   16   15   13    2   -5    6   -1   12   -7   12
    1   13   11    1    3    4    3    1       786    6    5    5  -10    7   -4   -9    7   22   -4    0    8  -12    6    2    9   -1   -8
    1   13   12    1    2    2    2    1       972    4    2    7   -8   -5   21   17   -8  -14   14   -6    3   -4    2   -3    6    5   -5
    1   13   13    1    1    1    1    1       511   -7   -6   -5   12    5   14   10   10   18   10   12    4   -2    2    0   13   -4   10
    1   13   14    1    1    4    1    1       596   -2   -2   -5   11    8   17   10   11   10   20   12    4   -4    5    6    7   -7   13
    1   13   15    1    3    1    2    0      1166    3    5    8   -7    8    0  -11   12   15  -10   -1   14  -11    7    4   10   -1   -9
    1   14    1    1    3    4    3    1      2961    6    5    5  -10    7   -4   -9    7   22   -4    0    8  -12    6    2    9   -1   -8
    1   14    2    1    2    4    2    1      1436    1   -1    9  -10   -4   13    7   -6  -15   14   -8    3   -3    1    3    8    5  -10
    1   14    3    1    1    4    2    0       516   -2   -2   -5   11    8   17   10   11   10   20   12    4   -4    5    6    7   -7   13
    1   14    4    1    2    1    2    1      1185    1    1   10  -10   -2   10    7   -3  -14   14   -7    3  -12    7   -3    6    5   -6
    1   14    5    1    3    2    3    1      1011    3    5   10   -9    9   -7  -17   19   15   -6    0   13  -12    6    3   12   -3  -14
    1   14    6    1    3    1    3    1       724    3    5    8   -7    8    0  -11   12   15  -10   -1   14  -11    7    4   10   -1   -9
    1   14    7    1    1    2    1    1       753   -5   -6    1   13    4   16   10   11    9   23   19    2   -2    6   -1   10   -9   12
    1   14    8    1    3    5    3    1       748   12    0    8   -9    7   -7   -7   15   15   -6    1   14  -12    6    5    8  -12  -15
    1   14    9    1    2    5    2    1       744    4    0    8  -12    0    6    8   -6  -12   13   -7    7   -5    4   -2    5    4   -6
    1   14   10    1    2    3    2    1      1500    2   -1    9  -11   -3   12    8   -6  -10   24   -6    3   -9   -8    0    4    6   -8
    1   14   11    1    3    3    3    1       809    9    5   12   -7    6   -5  -12   13   15   -8   -1   14  -10   -2    5    9   -4  -12
    1   14   12    1    2    2    2    1      1538    4    2    7   -8   -5   21   17   -8  -14   14   -6    3   -4    2   -3    6    5   -5
    1   14   13    1    1    3    1    1       614   -8   -9    0   16    3   14   11    8   16   15   13    2   -5    6   -1   12   -7   12
    1   14   14    1    1    5    2    0       591   -8   -6  -12   17    2   20   13    9   13   17   14    2    2    3    0   13   -9   12
    1   14   15    1    1    1    1    1       785   -7   -6   -5   12    5   14   10   10   18   10   12    4   -2    2    0   13   -4   10
    1   15    1    1    1    5    1    1       707   -8   -6  -12   17    2   20   13    9   13   17   14    2    2    3    0   13   -9   12
    1   15    2    1    2    1    2    1       841    1    1   10  -10   -2   10    7   -3  -14   14   -7    3  -12    7   -3    6    5   -6
    1   15    3    1    2    2    2    1      1392    4    2    7   -8   -5   21   17   -8  -14   14   -6    3   -4    2   -3    6    5   -5
    1   15    4    1    1    2    1    1       675   -5   -6    1   13    4   16   10   11    9   23   19    2   -2    6   -1   10   -9   12
    1   15    5    1    3    3    3    1       665    9    5   12   -7    6   -5  -12   13   15   -8   -1   14  -10   -2    5    9   -4  -12
    1   15    6    1    2    4    2    1      1176    1   -1    9  -10   -4   13    7   -6  -15   14   -8    3   -3    1    3    8    5  -10
    1   15    7    1    1    1    1    1       626   -7   -6   -5   12    5   14   10   10   18   10   12    4   -2    2    0   13   -4   10
    1   15    8    1    3    4    3    1      2027    6    5    5  -10    7   -4   -9    7   22   -4    0    8  -12    6    2    9   -1   -8
    1   15    9    1    2    3    2    1       652    2   -1    9  -11   -3   12    8   -6  -10   24   -6    3   -9   -8    0    4    6   -8
    1   15   10    1    3    2    2    0      1003    3    5   10   -9    9   -7  -17   19   15   -6    0   13  -12    6    3   12   -3  -14
    1   15   11    1    1    3    1    1       669   -8   -9    0   16    3   14   11    8   16   15   13    2   -5    6   -1   12   -7   12
    1   15   12    1    1    4    1    1       699   -2   -2   -5   11    8   17   10   11   10   20   12    4   -4    5    6    7   -7   13
    1   15   13    1    3    5    3    1      3377   12    0    8   -9    7   -7   -7   15   15   -6    1   14  -12    6    5    8  -12  -15
    1   15   14    1    3    1    3    1      1003    3    5    8   -7    8    0  -11   12   15  -10   -1   14  -11    7    4   10   -1   -9
    1   15   15    1    2    5    2    1       709    4    0    8  -12    0    6    8   -6  -12   13   -7    7   -5    4   -2    5    4   -6
    2    1    1    4    3    3    2    1     11261    4    6   11   -9    5   -6  -11   13   15   -5   -3   12  -10    5    0   13   -2  -13
    2    1    2    4    2    3    2    1      1852    0    1   10  -11   -3   12    9   -4  -16   17    2    4    7    0   -6    9    5   -6
    2    1    3    4    1    1    1    0      2139   -5   -7   -6   12    2   16   10   10   16   15   13    2   -5    5    0   11   -9   10
    2    1    4    1    2    2    1    1      1320    4    2    7   -8   -5   21   17   -8  -14   14   -6    3   -4    2   -3    6    5   -5
    2    1    5    1    3    4    1    1      1100    6    5    5  -10    7   -4   -9    7   22   -4    0    8  -12    6    2    9   -1   -8
    2    1    6    6    0    0    2    1      1466    3   10   -8    4   -6    5   -8   -8   15    0   15   15   11   -3   -9   -3  -10  -14
    2    1    7    6    0    0    2    1      1424   12    0    5   14  -11   -7    8   -1   13  -14    0   -3  -21    9    8    7   16   -8
    2    1    8    1    1    2    1    1       889   -5   -6    1   13    4   16   10   11    9   23   19    2   -2    6   -1   10   -9   12
    2    1    9    4    3    4    1    0      1167    7    6    8   -8    8   -3  -14   11   16   -5    1   11   -6    5    2    9   -5  -11
    2    1   10    6    0    0    2    1      1282   14   -2    3   13   -7   -3    9   -1   15  -17    4    1  -11    5   12    8   17  -16
    2    1   11    1    2    4    1    1       904    1   -1    9  -10   -4   13    7   -6  -15   14   -8    3   -3    1    3    8    5  -10
    2    1   12    1    3    5    1    1       925   12    0    8   -9    7   -7   -7   15   15   -6    1   14  -12    6    5    8  -12  -15
    2    1   13    6    0    0    2    1      1290   -3   -7  -14   11  -12   -2    5    4   15  -16    1  -12   -2  -11    7   -8   12  -11
    2    1   14    4    3    1    2    1      3192    5    4    0   -8   13   -2  -11   11   16  -10    0   11   -2   16    1   13   -4  -11
    2    1   15    4    3    2    2    1      1122    5    6    6   -8    8   -5  -10   12   15   -5    2   10   -9    4    1    8   -2  -11
    2    1   16    2    2    0    1    0         7    2    0    8  -10   -3   11    7   -5  -14   15   -7    4   -3    2   -1    4    6   -7
    2    1   17    1    1    5    1    1      1624   -8   -6  -12   17    2   20   13    9   13   17   14    2    2    3    0   13   -9   12
    2    1   18    1    1    3    1    1      1009   -8   -9    0   16    3   14   11    8   16   15   13    2   -5    6   -1   12   -7   12
    2    1   19    4    2    1    2    1      1466    1    1   12  -10   -6    9    9    0  -12   15   -7    3   -3    1   -2    3    6  -10
    2    1   20    4    1    2    2    1      1561   -3  -10   -3   10    3   13   11   11   13   17   17   -2   -5    5    0   11   -9    9
    2    1   21    1    3    3    1    1       948    9    5   12   -7    6   -5  -12   13   15   -8   -1   14  -10   -2    5    9   -4  -12
    2    1   22    1    3    2    2    0      4647    3    5   10   -9    9   -7  -17   19   15   -6    0   13  -12    6    3   12   -3  -14
    2    1   23    6    0    0    2    1       831    1    6   -9    7   -9   14   -6   -6   17   -1   13   14   10   -7  -10   -4   -7  -11
    2    1   24    4    1    4    2    1      1151  -13    3   -4   10    7   11   10    6   13   15   15    1   -5    3    0   12   -6    9
    2    1   25    4    3    5    1    0      1307    5    3   15    2    8   -7  -12   15   16   -4    6   11  -12    4    1   12   -2  -13
    2    1   26    6    0    0    2    1       632    3   -7  -13   14  -12   -2   -1   -1   12  -14    7  -17  -10  -20    8   -9   13  -12
    2    1   27    2    1    0    2    1      2720   -6   -7   -4   11    3   15   12   10   15   16   13    3   -3    4    1   11   -7   11
    2    1   28    4    2    4    2    1      1205    9    3    7  -12   -7   10    9   -4  -15   15   -9    9    2    0   -1    5    4   -8
    2    1   29    4    1    3    2    1       886  -14    2   -5   12    3   14   14   10   13   18   11    5   -5    3    4   10   -6   10
    2    1   30    4    2    2    2    1      1020    3   -1    8  -12   -4   12    8   -7  -14   14   -2    3   -5    1    0    2    4   -9
    2    1   31    4    1    5    1    0      1301   -6   -6   -5   12    4   15   11   14   17   14   13    1   -1    2    0   11   -8    9
    2    1   32    1    2    3    1    1      1058    2   -1    9  -11   -3   12    8   -6  -10   24   -6    3   -9   -8    0    4    6   -8
    2    1   33    1    1    4    1    1      1073   -2   -2   -5   11    8   17   10   11   10   20   12    4   -4    5    6    7   -7   13
    2    1   34    2    3    0    1    0       720    5    5   10   -7    7   -5  -12   12   16   -7    1   12  -11    6    3   10   -3  -12
    2    1   35    1    3    1    2    0      1357    3    5    8   -7    8    0  -11   12   15  -10   -1   14  -11    7    4   10   -1   -9
    2    1   36    1    2    5    1    1      1624    4    0    8  -12    0    6    8   -6  -12   13   -7    7   -5    4   -2    5    4   -6
    2    1   37    4    2    5    2    1      1121    3   -1    7   -6   -2    9    8   -4  -13   13   -7   -4   -2    2   -2    5   -2   -8
    2    1   38    1    1    1    1    1       973   -7   -6   -5   12    5   14   10   10   18   10   12    4   -2    2    0   13   -4   10
    2    1   39    1    2    1    1    1       680    1    1   10  -10   -2   10    7   -3  -14   14   -7    3  -12    7   -3    6    5   -6
