    1    1    1    1    2    5    1    0      3352  -11    6    9    5  -11  -13   10   -5   13   -9    1   -8   17  -14   16   -9    9    1
    1    1    2    1    3    5    3    1      1704  -14  -11   11   12  -13   16   10   -3   16   12  -12   -9    6   -1    2   -2   -8   13
    1    1    3    1    2    1    1    0      1061  -10    4   10    2  -12  -15    3   -3   11   -9    2   -8   19   -8   14   -6    9   -1
    1    1    4    1    3    4    1    0       876  -13  -11   18   16   -9   13   13   -3   16   14   -7    2    7    0    1  -13   -7   11
    1    1    5    1    1    4    3    0      1258   -9  -15  -15   15    7    3   -3   -6   -7    9   -7   16    5  -12   10   13   -9   10
    1    1    6    1    1    2    2    0      1577  -10  -16  -12   15    9   -5   -1    0   -9    8   -6   17    5  -12   10   15  -11    9
    1    1    7    1    2    2    1    0      1611  -19   13    7    3  -11  -12    3   -2   14   -8    6  -11   16  -13   13   -5    7    0
    1    1    8    1    3    1    3    1      1080  -15  -11    8   12   -9   15   11   -1   16   13   -9    2    7  -12    4   -3   -8   11
    1    1    9    1    1    3    2    0      1105   -8  -15  -16   13   10    5   -8   -4   -9    7   -4   11    2  -14   12   15  -11    9
    1    1   10    1    2    3    2    1      1063  -11    4    9    6  -11  -12    2   -4   11  -11    0  -10   14  -12   15   -6   11    4
    1    1   11    1    1    1    1    1      2141   -8  -13  -15   14    9   -5   -6   -2   -8    7  -10   15    1  -14   11   17   -4   15
    1    1   12    1    3    3    3    1      2041  -13   -6    8   15   -2    7   13   -4   16   13   -9    3    7   -2    1  -10  -10   16
    1    1   13    1    1    5    2    0      1193  -10  -16  -12   13    6   -4   -6   -5   -7    9   -8   17    4  -13   13   15  -11    9
    1    1   14    1    2    4    2    1      1130  -10    6    7    4  -17  -16    4   -5   13   -9    0   -8   24   -6   17   -5    9    0
    1    1   15    1    3    2    3    1      1806  -14   -9    8   17   -6   17   12   -3   18   19   -8    2    6   -1    3  -12   -6   13
    1    2    1    1    2    2    2    1      2055  -19   13    7    3  -11  -12    3   -2   14   -8    6  -11   16  -13   13   -5    7    0
    1    2    2    1    1    2    1    1      2551  -10  -16  -12   15    9   -5   -1    0   -9    8   -6   17    5  -12   10   15  -11    9
    1    2    3    1    3    4    3    1       946  -13  -11   18   16   -9   13   13   -3   16   14   -7    2    7    0    1  -13   -7   11
    1    2    4    1    3    1    3    1       941  -15  -11    8   12   -9   15   11   -1   16   13   -9    2    7  -12    4   -3   -8   11
    1    2    5    1    1    3    2    0      1353   -8  -15  -16   13   10    5   -8   -4   -9    7   -4   11    2  -14   12   15  -11    9
    1    2    6    1    2    5    2    1       900  -11    6    9    5  -11  -13   10   -5   13   -9    1   -8   17  -14   16   -9    9    1
    1    2    7    1    1    4    1    1      1361   -9  -15  -15   15    7    3   -3   -6   -7    9   -7   16    5  -12   10   13   -9   10
    1    2    8    1    3    5    3    1      1100  -14  -11   11   12  -13   16   10   -3   16   12  -12   -9    6   -1    2   -2   -8   13
    1    2    9    1    2    1    2    1      1842  -10    4   10    2  -12  -15    3   -3   11   -9    2   -8   19   -8   14   -6    9   -1
    1    2   10    1    3    2    3    1       809  -14   -9    8   17   -6   17   12   -3   18   19   -8    2    6   -1    3  -12   -6   13
    1    2   11    1    2    3    1    0      2314  -11    4    9    6  -11  -12    2   -4   11  -11    0  -10   14  -12   15   -6   11    4
    1    2   12    1    3    3    3    1      2558  -13   -6    8   15   -2    7   13   -4   16   13   -9    3    7   -2    1  -10  -10   16
    1    2   13    1    1    5    1    1      1034  -10  -16  -12   13    6   -4   -6   -5   -7    9   -8   17    4  -13   13   15  -11    9
    1    2   14    1    2    4    2    1       770  -10    6    7    4  -17  -16    4   -5   13   -9    0   -8   24   -6   17   -5    9    0
    1    2   15    1    1    1    3    0      1108   -8  -13  -15   14    9   -5   -6   -2   -8    7  -10   15    1  -14   11   17   -4   15
    1    3    1    1    3    2    3    1       873  -14   -9    8   17   -6   17   12   -3   18   19   -8    2    6   -1    3  -12   -6   13
    1    3    2    1    1    5    1    1      1464  -10  -16  -12   13    6   -4   -6   -5   -7    9   -8   17    4  -13   13   15  -11    9
    1    3    3    1    1    3    2    0       767   -8  -15  -16   13   10    5   -8   -4   -9    7   -4   11    2  -14   12   15  -11    9
    1    3    4    1    1    2    1    1      1953  -10  -16  -12   15    9   -5   -1    0   -9    8   -6   17    5  -12   10   15  -11    9
    1    3    5    1    1    1    2    0      2244   -8  -13  -15   14    9   -5   -6   -2   -8    7  -10   15    1  -14   11   17   -4   15
    1    3    6    1    2    4    2    1       860  -10    6    7    4  -17  -16    4   -5   13   -9    0   -8   24   -6   17   -5    9    0
    1    3    7    1    1    4    1    1      1210   -9  -15  -15   15    7    3   -3   -6   -7    9   -7   16    5  -12   10   13   -9   10
    1    3    8    1    3    1    3    1       971  -15  -11    8   12   -9   15   11   -1   16   13   -9    2    7  -12    4   -3   -8   11
    1    3    9    1    2    5    1    0      1973  -11    6    9    5  -11  -13   10   -5   13   -9    1   -8   17  -14   16   -9    9    1
    1    3   10    1    3    4    3    1       824  -13  -11   18   16   -9   13   13   -3   16   14   -7    2    7    0    1  -13   -7   11
    1    3   11    1    2    2    1    0      2377  -19   13    7    3  -11  -12    3   -2   14   -8    6  -11   16  -13   13   -5    7    0
    1    3   12    1    2    3    2    1       635  -11    4    9    6  -11  -12    2   -4   11  -11    0  -10   14  -12   15   -6   11    4
    1    3   13    1    3    5    3    1       754  -14  -11   11   12  -13   16   10   -3   16   12  -12   -9    6   -1    2   -2   -8   13
    1    3   14    1    2    1    1    0      1126  -10    4   10    2  -12  -15    3   -3   11   -9    2   -8   19   -8   14   -6    9   -1
    1    3   15    1    3    3    3    1      1402  -13   -6    8   15   -2    7   13   -4   16   13   -9    3    7   -2    1  -10  -10   16
    1    4    1    1    2    5    2    1      1459  -11    6    9    5  -11  -13   10   -5   13   -9    1   -8   17  -14   16   -9    9    1
    1    4    2    1    1    1    1    1       986   -8  -13  -15   14    9   -5   -6   -2   -8    7  -10   15    1  -14   11   17   -4   15
    1    4    3    1    2    3    2    1       900  -11    4    9    6  -11  -12    2   -4   11  -11    0  -10   14  -12   15   -6   11    4
    1    4    4    1    2    2    2    1       609  -19   13    7    3  -11  -12    3   -2   14   -8    6  -11   16  -13   13   -5    7    0
    1    4    5    1    2    4    2    1      1658  -10    6    7    4  -17  -16    4   -5   13   -9    0   -8   24   -6   17   -5    9    0
    1    4    6    1    1    2    1    1       825  -10  -16  -12   15    9   -5   -1    0   -9    8   -6   17    5  -12   10   15  -11    9
    1    4    7    1    3    2    3    1       618  -14   -9    8   17   -6   17   12   -3   18   19   -8    2    6   -1    3  -12   -6   13
    1    4    8    1    1    4    1    1      1874   -9  -15  -15   15    7    3   -3   -6   -7    9   -7   16    5  -12   10   13   -9   10
    1    4    9    1    3    3    3    1       633  -13   -6    8   15   -2    7   13   -4   16   13   -9    3    7   -2    1  -10  -10   16
    1    4   10    1    3    4    3    1       657  -13  -11   18   16   -9   13   13   -3   16   14   -7    2    7    0    1  -13   -7   11
    1    4   11    1    3    1    3    1       600  -15  -11    8   12   -9   15   11   -1   16   13   -9    2    7  -12    4   -3   -8   11
    1    4   12    1    1    5    1    1       817  -10  -16  -12   13    6   -4   -6   -5   -7    9   -8   17    4  -13   13   15  -11    9
    1    4   13    1    3    5    3    1       674  -14  -11   11   12  -13   16   10   -3   16   12  -12   -9    6   -1    2   -2   -8   13
    1    4   14    1    1    3    1    1      2137   -8  -15  -16   13   10    5   -8   -4   -9    7   -4   11    2  -14   12   15  -11    9
    1    4   15    1    2    1    2    1       757  -10    4   10    2  -12  -15    3   -3   11   -9    2   -8   19   -8   14   -6    9   -1
    1    5    1    1    1    4    1    1      1256   -9  -15  -15   15    7    3   -3   -6   -7    9   -7   16    5  -12   10   13   -9   10
    1    5    2    1    2    3    2    1       695  -11    4    9    6  -11  -12    2   -4   11  -11    0  -10   14  -12   15   -6   11    4
    1    5    3    1    3    5    3    1      1149  -14  -11   11   12  -13   16   10   -3   16   12  -12   -9    6   -1    2   -2   -8   13
    1    5    4    1    1    3    1    1      1152   -8  -15  -16   13   10    5   -8   -4   -9    7   -4   11    2  -14   12   15  -11    9
    1    5    5    1    2    1    2    1       643  -10    4   10    2  -12  -15    3   -3   11   -9    2   -8   19   -8   14   -6    9   -1
    1    5    6    1    2    4    2    1       794  -10    6    7    4  -17  -16    4   -5   13   -9    0   -8   24   -6   17   -5    9    0
    1    5    7    1    1    5    1    1      3227  -10  -16  -12   13    6   -4   -6   -5   -7    9   -8   17    4  -13   13   15  -11    9
    1    5    8    1    3    1    3    1       667  -15  -11    8   12   -9   15   11   -1   16   13   -9    2    7  -12    4   -3   -8   11
    1    5    9    1    3    4    3    1       578  -13  -11   18   16   -9   13   13   -3   16   14   -7    2    7    0    1  -13   -7   11
    1    5   10    1    1    1    1    1      1107   -8  -13  -15   14    9   -5   -6   -2   -8    7  -10   15    1  -14   11   17   -4   15
    1    5   11    1    2    2    2    1       624  -19   13    7    3  -11  -12    3   -2   14   -8    6  -11   16  -13   13   -5    7    0
    1    5   12    1    3    2    3    1       553  -14   -9    8   17   -6   17   12   -3   18   19   -8    2    6   -1    3  -12   -6   13
    1    5   13    1    3    3    3    1       852  -13   -6    8   15   -2    7   13   -4   16   13   -9    3    7   -2    1  -10  -10   16
    1    5   14    1    2    5    2    1       660  -11    6    9    5  -11  -13   10   -5   13   -9    1   -8   17  -14   16   -9    9    1
    1    5   15    1    1    2    1    1       746  -10  -16  -12   15    9   -5   -1    0   -9    8   -6   17    5  -12   10   15  -11    9
    1    6    1    1    1    1    1    1      1150   -8  -13  -15   14    9   -5   -6   -2   -8    7  -10   15    1  -14   11   17   -4   15
    1    6    2    1    3    4    3    1       497  -13  -11   18   16   -9   13   13   -3   16   14   -7    2    7    0    1  -13   -7   11
    1    6    3    1    3    3    3    1       862  -13   -6    8   15   -2    7   13   -4   16   13   -9    3    7   -2    1  -10  -10   16
    1    6    4    1    3    2    3    1       781  -14   -9    8   17   -6   17   12   -3   18   19   -8    2    6   -1    3  -12   -6   13
    1    6    5    1    3    1    3    1       575  -15  -11    8   12   -9   15   11   -1   16   13   -9    2    7  -12    4   -3   -8   11
    1    6    6    1    2    2    2    1       649  -19   13    7    3  -11  -12    3   -2   14   -8    6  -11   16  -13   13   -5    7    0
    1    6    7    1    1    4    1    1       720   -9  -15  -15   15    7    3   -3   -6   -7    9   -7   16    5  -12   10   13   -9   10
    1    6    8    1    2    5    2    1       821  -11    6    9    5  -11  -13   10   -5   13   -9    1   -8   17  -14   16   -9    9    1
    1    6    9    1    2    4    2    1       822  -10    6    7    4  -17  -16    4   -5   13   -9    0   -8   24   -6   17   -5    9    0
    1    6   10    1    2    1    2    1       582  -10    4   10    2  -12  -15    3   -3   11   -9    2   -8   19   -8   14   -6    9   -1
    1    6   11    1    3    5    3    1       720  -14  -11   11   12  -13   16   10   -3   16   12  -12   -9    6   -1    2   -2   -8   13
    1    6   12    1    1    2    1    1       613  -10  -16  -12   15    9   -5   -1    0   -9    8   -6   17    5  -12   10   15  -11    9
    1    6   13    1    2    3    2    1       605  -11    4    9    6  -11  -12    2   -4   11  -11    0  -10   14  -12   15   -6   11    4
    1    6   14    1    1    3    1    1       583   -8  -15  -16   13   10    5   -8   -4   -9    7   -4   11    2  -14   12   15  -11    9
    1    6   15    1    1    5    1    1       769  -10  -16  -12   13    6   -4   -6   -5   -7    9   -8   17    4  -13   13   15  -11    9
    1    7    1    1    1    5    1    1       499  -10  -16  -12   13    6   -4   -6   -5   -7    9   -8   17    4  -13   13   15  -11    9
    1    7    2    1    3    1    3    1       512  -15  -11    8   12   -9   15   11   -1   16   13   -9    2    7  -12    4   -3   -8   11
    1    7    3    1    3    5    3    1       589  -14  -11   11   12  -13   16   10   -3   16   12  -12   -9    6   -1    2   -2   -8   13
    1    7    4    1    1    1    1    1       647   -8  -13  -15   14    9   -5   -6   -2   -8    7  -10   15    1  -14   11   17   -4   15
    1    7    5    1    2    2    2    1       574  -19   13    7    3  -11  -12    3   -2   14   -8    6  -11   16  -13   13   -5    7    0
    1    7    6    1    3    3    3    1       937  -13   -6    8   15   -2    7   13   -4   16   13   -9    3    7   -2    1  -10  -10   16
    1    7    7    1    1    4    1    1       581   -9  -15  -15   15    7    3   -3   -6   -7    9   -7   16    5  -12   10   13   -9   10
    1    7    8    1    2    5    2    1       591  -11    6    9    5  -11  -13   10   -5   13   -9    1   -8   17  -14   16   -9    9    1
    1    7    9    1    2    3    2    1       553  -11    4    9    6  -11  -12    2   -4   11  -11    0  -10   14  -12   15   -6   11    4
    1    7   10    1    2    1    2    1      1108  -10    4   10    2  -12  -15    3   -3   11   -9    2   -8   19   -8   14   -6    9   -1
    1    7   11    1    3    2    1    0       953  -14   -9    8   17   -6   17   12   -3   18   19   -8    2    6   -1    3  -12   -6   13
    1    7   12    1    2    4    2    1       629  -10    6    7    4  -17  -16    4   -5   13   -9    0   -8   24   -6   17   -5    9    0
    1    7   13    1    1    2    1    1      1052  -10  -16  -12   15    9   -5   -1    0   -9    8   -6   17    5  -12   10   15  -11    9
    1    7   14    1    1    3    1    1       932   -8  -15  -16   13   10    5   -8   -4   -9    7   -4   11    2  -14   12   15  -11    9
    1    7   15    1    3    4    3    1       704  -13  -11   18   16   -9   13   13   -3   16   14   -7    2    7    0    1  -13   -7   11
    1    8    1    1    3    3    3    1       661  -13   -6    8   15   -2    7   13   -4   16   13   -9    3    7   -2    1  -10  -10   16
    1    8    2    1    1    4    1    1       716   -9  -15  -15   15    7    3   -3   -6   -7    9   -7   16    5  -12   10   13   -9   10
    1    8    3    1    3    2    3    1       544  -14   -9    8   17   -6   17   12   -3   18   19   -8    2    6   -1    3  -12   -6   13
    1    8    4    1    2    1    2    1       395  -10    4   10    2  -12  -15    3   -3   11   -9    2   -8   19   -8   14   -6    9   -1
    1    8    5    1    2    3    2    1       685  -11    4    9    6  -11  -12    2   -4   11  -11    0  -10   14  -12   15   -6   11    4
    1    8    6    1    3    1    3    1       563  -15  -11    8   12   -9   15   11   -1   16   13   -9    2    7  -12    4   -3   -8   11
    1    8    7    1    1    3    1    1       605   -8  -15  -16   13   10    5   -8   -4   -9    7   -4   11    2  -14   12   15  -11    9
    1    8    8    1    1    2    1    1      1239  -10  -16  -12   15    9   -5   -1    0   -9    8   -6   17    5  -12   10   15  -11    9
    1    8    9    1    2    4    2    1       567  -10    6    7    4  -17  -16    4   -5   13   -9    0   -8   24   -6   17   -5    9    0
    1    8   10    1    1    1    1    1       737   -8  -13  -15   14    9   -5   -6   -2   -8    7  -10   15    1  -14   11   17   -4   15
    1    8   11    1    2    2    2    1       565  -19   13    7    3  -11  -12    3   -2   14   -8    6  -11   16  -13   13   -5    7    0
    1    8   12    1    2    5    2    1      1136  -11    6    9    5  -11  -13   10   -5   13   -9    1   -8   17  -14   16   -9    9    1
    1    8   13    1    3    4    3    1      1108  -13  -11   18   16   -9   13   13   -3   16   14   -7    2    7    0    1  -13   -7   11
    1    8   14    1    1    5    1    1      1033  -10  -16  -12   13    6   -4   -6   -5   -7    9   -8   17    4  -13   13   15  -11    9
    1    8   15    1    3    5    3    1      1617  -14  -11   11   12  -13   16   10   -3   16   12  -12   -9    6   -1    2   -2   -8   13
    1    9    1    1    1    1    1    1       977   -8  -13  -15   14    9   -5   -6   -2   -8    7  -10   15    1  -14   11   17   -4   15
    1    9    2    1    3    1    3    1       987  -15  -11    8   12   -9   15   11   -1   16   13   -9    2    7  -12    4   -3   -8   11
    1    9    3    1    2    4    2    1       725  -10    6    7    4  -17  -16    4   -5   13   -9    0   -8   24   -6   17   -5    9    0
    1    9    4    1    1    2    1    1       970  -10  -16  -12   15    9   -5   -1    0   -9    8   -6   17    5  -12   10   15  -11    9
    1    9    5    1    3    3    3    1      1316  -13   -6    8   15   -2    7   13   -4   16   13   -9    3    7   -2    1  -10  -10   16
    1    9    6    1    3    5    3    1       881  -14  -11   11   12  -13   16   10   -3   16   12  -12   -9    6   -1    2   -2   -8   13
    1    9    7    1    1    5    1    1       687  -10  -16  -12   13    6   -4   -6   -5   -7    9   -8   17    4  -13   13   15  -11    9
    1    9    8    1    2    1    2    1       549  -10    4   10    2  -12  -15    3   -3   11   -9    2   -8   19   -8   14   -6    9   -1
    1    9    9    1    3    4    3    1       576  -13  -11   18   16   -9   13   13   -3   16   14   -7    2    7    0    1  -13   -7   11
    1    9   10    1    1    3    1    1      1306   -8  -15  -16   13   10    5   -8   -4   -9    7   -4   11    2  -14   12   15  -11    9
    1    9   11    1    2    5    2    1       551  -11    6    9    5  -11  -13   10   -5   13   -9    1   -8   17  -14   16   -9    9    1
    1    9   12    1    2    3    2    1       835  -11    4    9    6  -11  -12    2   -4   11  -11    0  -10   14  -12   15   -6   11    4
    1    9   13    1    1    4    1    1      1283   -9  -15  -15   15    7    3   -3   -6   -7    9   -7   16    5  -12   10   13   -9   10
    1    9   14    1    2    2    2    1       672  -19   13    7    3  -11  -12    3   -2   14   -8    6  -11   16  -13   13   -5    7    0
    1    9   15    1    3    2    3    1       599  -14   -9    8   17   -6   17   12   -3   18   19   -8    2    6   -1    3  -12   -6   13
    1   10    1    1    3    3    3    1       784  -13   -6    8   15   -2    7   13   -4   16   13   -9    3    7   -2    1  -10  -10   16
    1   10    2    1    2    4    2    1       546  -10    6    7    4  -17  -16    4   -5   13   -9    0   -8   24   -6   17   -5    9    0
    1   10    3    1    1    2    1    1       669  -10  -16  -12   15    9   -5   -1    0   -9    8   -6   17    5  -12   10   15  -11    9
    1   10    4    1    1    4    1    1       804   -9  -15  -15   15    7    3   -3   -6   -7    9   -7   16    5  -12   10   13   -9   10
    1   10    5    1    1    1    1    1      1205   -8  -13  -15   14    9   -5   -6   -2   -8    7  -10   15    1  -14   11   17   -4   15
    1   10    6    1    3    5    3    1       663  -14  -11   11   12  -13   16   10   -3   16   12  -12   -9    6   -1    2   -2   -8   13
    1   10    7    1    3    4    3    1       813  -13  -11   18   16   -9   13   13   -3   16   14   -7    2    7    0    1  -13   -7   11
    1   10    8    1    2    3    2    1       638  -11    4    9    6  -11  -12    2   -4   11  -11    0  -10   14  -12   15   -6   11    4
    1   10    9    1    1    3    1    1       646   -8  -15  -16   13   10    5   -8   -4   -9    7   -4   11    2  -14   12   15  -11    9
    1   10   10    1    3    2    3    1       525  -14   -9    8   17   -6   17   12   -3   18   19   -8    2    6   -1    3  -12   -6   13
    1   10   11    1    2    2    2    1       682  -19   13    7    3  -11  -12    3   -2   14   -8    6  -11   16  -13   13   -5    7    0
    1   10   12    1    2    5    2    1       752  -11    6    9    5  -11  -13   10   -5   13   -9    1   -8   17  -14   16   -9    9    1
    1   10   13    1    1    5    1    1      1395  -10  -16  -12   13    6   -4   -6   -5   -7    9   -8   17    4  -13   13   15  -11    9
    1   10   14    1    2    1    2    1      1564  -10    4   10    2  -12  -15    3   -3   11   -9    2   -8   19   -8   14   -6    9   -1
    1   10   15    1    3    1    3    1       495  -15  -11    8   12   -9   15   11   -1   16   13   -9    2    7  -12    4   -3   -8   11
    1   11    1    1    2    3    2    1       636  -11    4    9    6  -11  -12    2   -4   11  -11    0  -10   14  -12   15   -6   11    4
    1   11    2    1    1    5    1    1      1012  -10  -16  -12   13    6   -4   -6   -5   -7    9   -8   17    4  -13   13   15  -11    9
    1   11    3    1    1    3    1    1      1357   -8  -15  -16   13   10    5   -8   -4   -9    7   -4   11    2  -14   12   15  -11    9
    1   11    4    1    2    4    2    1       568  -10    6    7    4  -17  -16    4   -5   13   -9    0   -8   24   -6   17   -5    9    0
    1   11    5    1    3    2    3    1       706  -14   -9    8   17   -6   17   12   -3   18   19   -8    2    6   -1    3  -12   -6   13
    1   11    6    1    3    3    3    1       680  -13   -6    8   15   -2    7   13   -4   16   13   -9    3    7   -2    1  -10  -10   16
    1   11    7    1    1    1    1    1       958   -8  -13  -15   14    9   -5   -6   -2   -8    7  -10   15    1  -14   11   17   -4   15
    1   11    8    1    1    2    1    1       841  -10  -16  -12   15    9   -5   -1    0   -9    8   -6   17    5  -12   10   15  -11    9
    1   11    9    1    2    2    2    1       937  -19   13    7    3  -11  -12    3   -2   14   -8    6  -11   16  -13   13   -5    7    0
    1   11   10    1    2    1    2    1      1669  -10    4   10    2  -12  -15    3   -3   11   -9    2   -8   19   -8   14   -6    9   -1
    1   11   11    1    3    1    3    1       627  -15  -11    8   12   -9   15   11   -1   16   13   -9    2    7  -12    4   -3   -8   11
    1   11   12    1    3    4    3    1       859  -13  -11   18   16   -9   13   13   -3   16   14   -7    2    7    0    1  -13   -7   11
    1   11   13    1    3    5    3    1      1082  -14  -11   11   12  -13   16   10   -3   16   12  -12   -9    6   -1    2   -2   -8   13
    1   11   14    1    1    4    1    1       640   -9  -15  -15   15    7    3   -3   -6   -7    9   -7   16    5  -12   10   13   -9   10
    1   11   15    1    2    5    2    1       504  -11    6    9    5  -11  -13   10   -5   13   -9    1   -8   17  -14   16   -9    9    1
    1   12    1    1    2    3    2    1       517  -11    4    9    6  -11  -12    2   -4   11  -11    0  -10   14  -12   15   -6   11    4
    1   12    2    1    2    4    2    1       578  -10    6    7    4  -17  -16    4   -5   13   -9    0   -8   24   -6   17   -5    9    0
    1   12    3    1    3    3    3    1      1628  -13   -6    8   15   -2    7   13   -4   16   13   -9    3    7   -2    1  -10  -10   16
    1   12    4    1    2    5    2    1       587  -11    6    9    5  -11  -13   10   -5   13   -9    1   -8   17  -14   16   -9    9    1
    1   12    5    1    2    1    2    1       613  -10    4   10    2  -12  -15    3   -3   11   -9    2   -8   19   -8   14   -6    9   -1
    1   12    6    1    3    4    3    1      1998  -13  -11   18   16   -9   13   13   -3   16   14   -7    2    7    0    1  -13   -7   11
    1   12    7    1    3    5    3    1       687  -14  -11   11   12  -13   16   10   -3   16   12  -12   -9    6   -1    2   -2   -8   13
    1   12    8    1    3    2    3    1       549  -14   -9    8   17   -6   17   12   -3   18   19   -8    2    6   -1    3  -12   -6   13
    1   12    9    1    1    3    1    1      1248   -8  -15  -16   13   10    5   -8   -4   -9    7   -4   11    2  -14   12   15  -11    9
    1   12   10    1    1    5    1    1      1792  -10  -16  -12   13    6   -4   -6   -5   -7    9   -8   17    4  -13   13   15  -11    9
    1   12   11    1    1    1    1    1      1114   -8  -13  -15   14    9   -5   -6   -2   -8    7  -10   15    1  -14   11   17   -4   15
    1   12   12    1    1    4    1    1       702   -9  -15  -15   15    7    3   -3   -6   -7    9   -7   16    5  -12   10   13   -9   10
    1   12   13    1    3    1    3    1       979  -15  -11    8   12   -9   15   11   -1   16   13   -9    2    7  -12    4   -3   -8   11
    1   12   14    1    2    2    2    1       718  -19   13    7    3  -11  -12    3   -2   14   -8    6  -11   16  -13   13   -5    7    0
    1   12   15    1    1    2    1    1      1874  -10  -16  -12   15    9   -5   -1    0   -9    8   -6   17    5  -12   10   15  -11    9
    1   13    1    1    1    5    1    1      1401  -10  -16  -12   13    6   -4   -6   -5   -7    9   -8   17    4  -13   13   15  -11    9
    1   13    2    1    1    1    1    1       866   -8  -13  -15   14    9   -5   -6   -2   -8    7  -10   15    1  -14   11   17   -4   15
    1   13    3    1    1    2    1    1       736  -10  -16  -12   15    9   -5   -1    0   -9    8   -6   17    5  -12   10   15  -11    9
    1   13    4    1    3    4    3    1       612  -13  -11   18   16   -9   13   13   -3   16   14   -7    2    7    0    1  -13   -7   11
    1   13    5    1    1    4    1    1       957   -9  -15  -15   15    7    3   -3   -6   -7    9   -7   16    5  -12   10   13   -9   10
    1   13    6    1    3    3    3    1       568  -13   -6    8   15   -2    7   13   -4   16   13   -9    3    7   -2    1  -10  -10   16
    1   13    7    1    2    3    2    1       515  -11    4    9    6  -11  -12    2   -4   11  -11    0  -10   14  -12   15   -6   11    4
    1   13    8    1    2    4    2    1      1632  -10    6    7    4  -17  -16    4   -5   13   -9    0   -8   24   -6   17   -5    9    0
    1   13    9    1    3    1    3    1       735  -15  -11    8   12   -9   15   11   -1   16   13   -9    2    7  -12    4   -3   -8   11
    1   13   10    1    2    5    2    1       579  -11    6    9    5  -11  -13   10   -5   13   -9    1   -8   17  -14   16   -9    9    1
    1   13   11    1    2    1    2    1       605  -10    4   10    2  -12  -15    3   -3   11   -9    2   -8   19   -8   14   -6    9   -1
    1   13   12    1    3    2    3    1       535  -14   -9    8   17   -6   17   12   -3   18   19   -8    2    6   -1    3  -12   -6   13
    1   13   13    1    3    5    3    1       995  -14  -11   11   12  -13   16   10   -3   16   12  -12   -9    6   -1    2   -2   -8   13
    1   13   14    1    1    3    1    1       940   -8  -15  -16   13   10    5   -8   -4   -9    7   -4   11    2  -14   12   15  -11    9
    1   13   15    1    2    2    2    1       760  -19   13    7    3  -11  -12    3   -2   14   -8    6  -11   16  -13   13   -5    7    0
    1   14    1    1    3    3    3    1       826  -13   -6    8   15   -2    7   13   -4   16   13   -9    3    7   -2    1  -10  -10   16
    1   14    2    1    1    5    1    1      1034  -10  -16  -12   13    6   -4   -6   -5   -7    9   -8   17    4  -13   13   15  -11    9
    1   14    3    1    3    5    3    1       722  -14  -11   11   12  -13   16   10   -3   16   12  -12   -9    6   -1    2   -2   -8   13
    1   14    4    1    2    2    2    1       615  -19   13    7    3  -11  -12    3   -2   14   -8    6  -11   16  -13   13   -5    7    0
    1   14    5    1    2    4    2    1       879  -10    6    7    4  -17  -16    4   -5   13   -9    0   -8   24   -6   17   -5    9    0
    1   14    6    1    3    4    3    1       733  -13  -11   18   16   -9   13   13   -3   16   14   -7    2    7    0    1  -13   -7   11
    1   14    7    1    2    1    2    1       497  -10    4   10    2  -12  -15    3   -3   11   -9    2   -8   19   -8   14   -6    9   -1
    1   14    8    1    1    2    1    1       830  -10  -16  -12   15    9   -5   -1    0   -9    8   -6   17    5  -12   10   15  -11    9
    1   14    9    1    2    3    2    1       943  -11    4    9    6  -11  -12    2   -4   11  -11    0  -10   14  -12   15   -6   11    4
    1   14   10    1    3    2    3    1      1594  -14   -9    8   17   -6   17   12   -3   18   19   -8    2    6   -1    3  -12   -6   13
    1   14   11    1    1    1    1    1       795   -8  -13  -15   14    9   -5   -6   -2   -8    7  -10   15    1  -14   11   17   -4   15
    1   14   12    1    1    3    1    1      1164   -8  -15  -16   13   10    5   -8   -4   -9    7   -4   11    2  -14   12   15  -11    9
    1   14   13    1    2    5    2    1       543  -11    6    9    5  -11  -13   10   -5   13   -9    1   -8   17  -14   16   -9    9    1
    1   14   14    1    1    4    1    1       714   -9  -15  -15   15    7    3   -3   -6   -7    9   -7   16    5  -12   10   13   -9   10
    1   14   15    1    3    1    3    1      1007  -15  -11    8   12   -9   15   11   -1   16   13   -9    2    7  -12    4   -3   -8   11
    1   15    1    1    2    1    2    1       584  -10    4   10    2  -12  -15    3   -3   11   -9    2   -8   19   -8   14   -6    9   -1
    1   15    2    1    1    1    1    1       642   -8  -13  -15   14    9   -5   -6   -2   -8    7  -10   15    1  -14   11   17   -4   15
    1   15    3    1    1    2    1    1       666  -10  -16  -12   15    9   -5   -1    0   -9    8   -6   17    5  -12   10   15  -11    9
    1   15    4    1    1    4    1    1       688   -9  -15  -15   15    7    3   -3   -6   -7    9   -7   16    5  -12   10   13   -9   10
    1   15    5    1    3    2    3    1      2518  -14   -9    8   17   -6   17   12   -3   18   19   -8    2    6   -1    3  -12   -6   13
    1   15    6    1    3    4    3    1       755  -13  -11   18   16   -9   13   13   -3   16   14   -7    2    7    0    1  -13   -7   11
    1   15    7    1    2    2    2    1       518  -19   13    7    3  -11  -12    3   -2   14   -8    6  -11   16  -13   13   -5    7    0
    1   15    8    1    3    1    3    1       675  -15  -11    8   12   -9   15   11   -1   16   13   -9    2    7  -12    4   -3   -8   11
    1   15    9    1    1    3    1    1       777   -8  -15  -16   13   10    5   -8   -4   -9    7   -4   11    2  -14   12   15  -11    9
    1   15   10    1    2    3    2    1       539  -11    4    9    6  -11  -12    2   -4   11  -11    0  -10   14  -12   15   -6   11    4
    1   15   11    1    2    5    2    1       455  -11    6    9    5  -11  -13   10   -5   13   -9    1   -8   17  -14   16   -9    9    1
    1   15   12    1    3    5    3    1       742  -14  -11   11   12  -13   16   10   -3   16   12  -12   -9    6   -1    2   -2   -8   13
    1   15   13    1    1    5    1    1       602  -10  -16  -12   13    6   -4   -6   -5   -7    9   -8   17    4  -13   13   15  -11    9
    1   15   14    1    2    4    2    1       627  -10    6    7    4  -17  -16    4   -5   13   -9    0   -8   24   -6   17   -5    9    0
    1   15   15    1    3    3    3    1      1067  -13   -6    8   15   -2    7   13   -4   16   13   -9    3    7   -2    1  -10  -10   16
    2    1    1    1    1    4    1    1      2158   -9  -15  -15   15    7    3   -3   -6   -7    9   -7   16    5  -12   10   13   -9   10
    2    1    2    4    2    1    2    1      2201    0   -1    8    5   -9  -13   13  -11   11   -8    3   -2   17  -12   15   -6   -2   -2
    2    1    3    4    3    5    1    0      1074  -15  -11    8   14  -10   14   11   -3   17   14   -6    1    7   -1    5  -15   -9   12
    2    1    4    4    1    5    2    1      3336  -10   -7  -15   16    2   -8    1   -6   -5    5   -8   17    5  -11    8   14  -10   10
    2    1    5    6    0    0    2    1      1140   10    0   16  -15    0    7   -9   -5   -4    2   -9    4   -5   12    9   -8  -22    7
    2    1    6    1    3    3    1    1      1096  -13   -6    8   15   -2    7   13   -4   16   13   -9    3    7   -2    1  -10  -10   16
    2    1    7    6    0    0    2    1       829  -10    3    3   12   -1   10    5    2   -6  -13   -4    4    1    3   16   -9  -11   15
    2    1    8    6    0    0    2    1       765  -11    4   -2    1  -11   12   13    4   -7  -12   -1    6    5   -2   15  -10  -12   16
    2    1    9    6    0    0    2    1      1680   15   11   14  -16    3   15  -11  -12   -3    0   -6    4   -5   12    9   -2  -14    1
    2    1   10    6    0    0    2    1       942    5  -15    0   -6    9   11   -6   20    1    5    4  -10   -6   15   11    7  -12   -2
    2    1   11    2    1    0    1    0       954  -10  -14  -14   13    7   -4   -4   -4   -7    7   -8   16    4  -12   11   15  -10    8
    2    1   12    4    3    4    1    0       981  -10  -14    7   13  -11   15   11   -3   15   14   -7    3    5    1    4   -9   -5    8
    2    1   13    4    2    5    1    0      1663   -9    6   10    5   -8  -12    6    1   14  -10    0   -7   16  -14   19  -11    7   -1
    2    1   14    4    1    1    1    0      2270  -11  -14  -14   14    8   -3   -4   -6   -7    6   -9   16   -6  -21   10   13  -18    2
    2    1   15    4    2    2    1    0      1284   -8    4    7    2   -9  -15    2   -3    8   -3    2   -7   17  -13   14   -6    9    0
    2    1   16    1    2    3    1    1      1106  -11    4    9    6  -11  -12    2   -4   11  -11    0  -10   14  -12   15   -6   11    4
    2    1   17    1    3    4    1    1       839  -13  -11   18   16   -9   13   13   -3   16   14   -7    2    7    0    1  -13   -7   11
    2    1   18    1    3    2    1    1      1287  -14   -9    8   17   -6   17   12   -3   18   19   -8    2    6   -1    3  -12   -6   13
    2    1   19    2    3    0    2    1      2437  -14  -10    9   14  -11   14   12   -2   15   13   -8    1    6   -2    2  -11   -8   12
    2    1   20    1    2    1    1    1      1909  -10    4   10    2  -12  -15    3   -3   11   -9    2   -8   19   -8   14   -6    9   -1
    2    1   21    4    1    4    1    0      2138  -10  -16  -15   13   16  -11   -6   -5   -6    7   -7   17    5  -13   11   13  -10    7
    2    1   22    4    3    3    1    0      1413  -14  -11    8   14  -11   15   10   -4   16   12   -7    1    7   -3    3  -13   -8   13
    2    1   23    2    2    0    1    0      1486   -9    5    9    4  -10  -13    4   -4   12   -9    1   -9   15  -13   15   -7    8    0
    2    1   24    4    1    2    1    0      1028   -8  -14  -13   11    6   -2    2   -5   -5    6   -8   15    2  -11   12   14  -10    7
    2    1   25    4    2    3    2    1       924  -11    7    9    6  -11  -11    6   -2   11   -8    1   -7   23  -14   14   -7    9   -1
    2    1   26    1    2    4    2    0       825  -10    6    7    4  -17  -16    4   -5   13   -9    0   -8   24   -6   17   -5    9    0
    2    1   27    1    1    2    1    1      1593  -10  -16  -12   15    9   -5   -1    0   -9    8   -6   17    5  -12   10   15  -11    9
    2    1   28    4    1    3    2    1      3098  -10   -9  -14   12   11   -5   -5   -4   -9    9  -10   16    4  -13   13   16   -8   -2
    2    1   29    1    3    1    2    0      2016  -15  -11    8   12   -9   15   11   -1   16   13   -9    2    7  -12    4   -3   -8   11
    2    1   30    1    3    5    2    0      1328  -14  -11   11   12  -13   16   10   -3   16   12  -12   -9    6   -1    2   -2   -8   13
    2    1   31    6    0    0    2    1      1804    3  -15    0   -6    9   10   -3    8   -1    5    6  -10   -5   14   14    3   -9   -9
    2    1   32    4    3    2    2    1      2709  -12   -9    8   15   -5    4   13   -2   12   14   -4   -1   -1   -2    8   -6   -6   10
    2    1   33    1    1    5    1    1      1034  -10  -16  -12   13    6   -4   -6   -5   -7    9   -8   17    4  -13   13   15  -11    9
    2    1   34    1    2    2    1    1      1426  -19   13    7    3  -11  -12    3   -2   14   -8    6  -11   16  -13   13   -5    7    0
    2    1   35    1    2    5    2    0       842  -11    6    9    5  -11  -13   10   -5   13   -9    1   -8   17  -14   16   -9    9    1
    2    1   36    1    1    1    1    1      1466   -8  -13  -15   14    9   -5   -6   -2   -8    7  -10   15    1  -14   11   17   -4   15
    2    1   37    4    2    4    2    1       688  -11    5    7    0   -8   -8    2   -4   14   -9   -3  -14   14  -15   16   -8   10    1
    2    1   38    1    1    3    1    1      1046   -8  -15  -16   13   10    5   -8   -4   -9    7   -4   11    2  -14   12   15  -11    9
    2    1   39    4    3    1    2    1      2302  -23   -1   10   13  -10   16   18    5   15   14   -7    3    4   -3    2  -10   -5   11
