    1    1    1    1    3    5    1    0      2368    3    1   13   14    7   14   -6   -7  -15   16    0  -14   -4   -5    9   -1   -1   -8
    1    1    2    1    3    2    3    1      1032    3    1   14   13   15   20   -4   -6  -10   15    1  -14   -4   -3    5   -1   -1   -9
    1    1    3    1    2    3    2    1       960    7   -6    5   16   13    8   -8    2   14    5   16    1   -4   12  -10   13    7   -2
    1    1    4    1    1    3    1    1       923  -14   -2   16    1    2   -7    3   12   -1    7   -3   13    9   15   -8   17    2  -15
    1    1    5    1    3    3    2    0       680    6   -1   15   16    6   13   -6    0  -14   16    4  -14   -7   -6    7    3    1   -6
    1    1    6    1    1    2    2    0      1038  -17    1   17   -1   -8  -15    1   13    0    7   -2   11   18   10  -10   16   -4  -17
    1    1    7    1    2    4    1    0      1334    5  -10    5   18   18    9   -4    3   14    5   16    0  -11    7  -14   23    0   -2
    1    1    8    1    1    1    1    1      2066  -14   -4   12    2    3   -9    2   11   -1    8   -5   13   15    8   -9   15    2  -12
    1    1    9    1    1    5    1    1      1184  -14   -2   20    0    4   -9    3   11   -4   10   -1    7   15    6   -9   15    1  -13
    1    1   10    1    2    5    2    1       867    2   -2    6   15   11   13   -6    3   18    4   13    4  -13   12   -8   16    5   -4
    1    1   11    1    3    4    3    1       721    3    3   15   14    5   16   -7   -6  -15   12    4  -15   -2   -6   12    9    3   -8
    1    1   12    1    1    4    1    1      1798  -12   -3   16    0    1   -7    1   14   -3   11  -10   15   12   10  -16    6    1  -13
    1    1   13    1    3    1    3    1      1487    7    6   14   11    6   16   -4   -5  -14   14    2  -16   -3   -3   12    2    0   -7
    1    1   14    1    2    2    2    1      1029    4   -8    3   16   11   14    2    8   17    6   16    2  -15    9   -8   19    3   -6
    1    1   15    1    2    1    2    1       606    5   -7    3   16   11   13   -6    1   18    7   19    1  -13   10  -11   16    7   -6
    1    2    1    1    2    4    2    1       791    5  -10    5   18   18    9   -4    3   14    5   16    0  -11    7  -14   23    0   -2
    1    2    2    1    2    2    2    1      1001    4   -8    3   16   11   14    2    8   17    6   16    2  -15    9   -8   19    3   -6
    1    2    3    1    1    3    2    0      2498  -14   -2   16    1    2   -7    3   12   -1    7   -3   13    9   15   -8   17    2  -15
    1    2    4    1    1    2    1    1       624  -17    1   17   -1   -8  -15    1   13    0    7   -2   11   18   10  -10   16   -4  -17
    1    2    5    1    3    4    1    0      1080    3    3   15   14    5   16   -7   -6  -15   12    4  -15   -2   -6   12    9    3   -8
    1    2    6    1    1    4    2    0      1775  -12   -3   16    0    1   -7    1   14   -3   11  -10   15   12   10  -16    6    1  -13
    1    2    7    1    2    1    2    1       713    5   -7    3   16   11   13   -6    1   18    7   19    1  -13   10  -11   16    7   -6
    1    2    8    1    3    3    1    0       862    6   -1   15   16    6   13   -6    0  -14   16    4  -14   -7   -6    7    3    1   -6
    1    2    9    1    3    1    3    1      1101    7    6   14   11    6   16   -4   -5  -14   14    2  -16   -3   -3   12    2    0   -7
    1    2   10    1    1    1    1    1      1250  -14   -4   12    2    3   -9    2   11   -1    8   -5   13   15    8   -9   15    2  -12
    1    2   11    1    3    5    3    1      1074    3    1   13   14    7   14   -6   -7  -15   16    0  -14   -4   -5    9   -1   -1   -8
    1    2   12    1    2    3    2    1       616    7   -6    5   16   13    8   -8    2   14    5   16    1   -4   12  -10   13    7   -2
    1    2   13    1    2    5    2    1       545    2   -2    6   15   11   13   -6    3   18    4   13    4  -13   12   -8   16    5   -4
    1    2   14    1    1    5    1    1      1357  -14   -2   20    0    4   -9    3   11   -4   10   -1    7   15    6   -9   15    1  -13
    1    2   15    1    3    2    3    1      1288    3    1   14   13   15   20   -4   -6  -10   15    1  -14   -4   -3    5   -1   -1   -9
    1    3    1    1    1    5    1    1      1014  -14   -2   20    0    4   -9    3   11   -4   10   -1    7   15    6   -9   15    1  -13
    1    3    2    1    3    1    3    1      1295    7    6   14   11    6   16   -4   -5  -14   14    2  -16   -3   -3   12    2    0   -7
    1    3    3    1    1    3    1    1       413  -14   -2   16    1    2   -7    3   12   -1    7   -3   13    9   15   -8   17    2  -15
    1    3    4    1    1    2    2    0       750  -17    1   17   -1   -8  -15    1   13    0    7   -2   11   18   10  -10   16   -4  -17
    1    3    5    1    3    3    3    1      1873    6   -1   15   16    6   13   -6    0  -14   16    4  -14   -7   -6    7    3    1   -6
    1    3    6    1    1    4    1    1       776  -12   -3   16    0    1   -7    1   14   -3   11  -10   15   12   10  -16    6    1  -13
    1    3    7    1    2    3    2    1       570    7   -6    5   16   13    8   -8    2   14    5   16    1   -4   12  -10   13    7   -2
    1    3    8    1    3    4    3    1       853    3    3   15   14    5   16   -7   -6  -15   12    4  -15   -2   -6   12    9    3   -8
    1    3    9    1    2    2    2    1      1044    4   -8    3   16   11   14    2    8   17    6   16    2  -15    9   -8   19    3   -6
    1    3   10    1    2    5    2    1       588    2   -2    6   15   11   13   -6    3   18    4   13    4  -13   12   -8   16    5   -4
    1    3   11    1    2    1    2    1       374    5   -7    3   16   11   13   -6    1   18    7   19    1  -13   10  -11   16    7   -6
    1    3   12    1    2    4    2    1      1737    5  -10    5   18   18    9   -4    3   14    5   16    0  -11    7  -14   23    0   -2
    1    3   13    1    1    1    1    1       677  -14   -4   12    2    3   -9    2   11   -1    8   -5   13   15    8   -9   15    2  -12
    1    3   14    1    3    5    3    1       811    3    1   13   14    7   14   -6   -7  -15   16    0  -14   -4   -5    9   -1   -1   -8
    1    3   15    1    3    2    3    1       669    3    1   14   13   15   20   -4   -6  -10   15    1  -14   -4   -3    5   -1   -1   -9
    1    4    1    1    2    4    2    1      1180    5  -10    5   18   18    9   -4    3   14    5   16    0  -11    7  -14   23    0   -2
    1    4    2    1    3    5    3    1       751    3    1   13   14    7   14   -6   -7  -15   16    0  -14   -4   -5    9   -1   -1   -8
    1    4    3    1    3    2    3    1       585    3    1   14   13   15   20   -4   -6  -10   15    1  -14   -4   -3    5   -1   -1   -9
    1    4    4    1    2    3    2    1       483    7   -6    5   16   13    8   -8    2   14    5   16    1   -4   12  -10   13    7   -2
    1    4    5    1    1    4    1    1       833  -12   -3   16    0    1   -7    1   14   -3   11  -10   15   12   10  -16    6    1  -13
    1    4    6    1    1    5    1    1       801  -14   -2   20    0    4   -9    3   11   -4   10   -1    7   15    6   -9   15    1  -13
    1    4    7    1    3    4    3    1       560    3    3   15   14    5   16   -7   -6  -15   12    4  -15   -2   -6   12    9    3   -8
    1    4    8    1    1    3    1    1       733  -14   -2   16    1    2   -7    3   12   -1    7   -3   13    9   15   -8   17    2  -15
    1    4    9    1    2    2    2    1       849    4   -8    3   16   11   14    2    8   17    6   16    2  -15    9   -8   19    3   -6
    1    4   10    1    1    2    3    0       896  -17    1   17   -1   -8  -15    1   13    0    7   -2   11   18   10  -10   16   -4  -17
    1    4   11    1    1    1    1    1       654  -14   -4   12    2    3   -9    2   11   -1    8   -5   13   15    8   -9   15    2  -12
    1    4   12    1    3    3    2    0      3397    6   -1   15   16    6   13   -6    0  -14   16    4  -14   -7   -6    7    3    1   -6
    1    4   13    1    3    1    3    1       671    7    6   14   11    6   16   -4   -5  -14   14    2  -16   -3   -3   12    2    0   -7
    1    4   14    1    2    1    2    1       645    5   -7    3   16   11   13   -6    1   18    7   19    1  -13   10  -11   16    7   -6
    1    4   15    1    2    5    2    1       525    2   -2    6   15   11   13   -6    3   18    4   13    4  -13   12   -8   16    5   -4
    1    5    1    1    2    5    2    1       346    2   -2    6   15   11   13   -6    3   18    4   13    4  -13   12   -8   16    5   -4
    1    5    2    1    1    2    2    0      1406  -17    1   17   -1   -8  -15    1   13    0    7   -2   11   18   10  -10   16   -4  -17
    1    5    3    1    1    4    1    1      1127  -12   -3   16    0    1   -7    1   14   -3   11  -10   15   12   10  -16    6    1  -13
    1    5    4    1    3    4    3    1       589    3    3   15   14    5   16   -7   -6  -15   12    4  -15   -2   -6   12    9    3   -8
    1    5    5    1    2    3    2    1       597    7   -6    5   16   13    8   -8    2   14    5   16    1   -4   12  -10   13    7   -2
    1    5    6    1    3    3    1    0      1951    6   -1   15   16    6   13   -6    0  -14   16    4  -14   -7   -6    7    3    1   -6
    1    5    7    1    1    5    1    1       626  -14   -2   20    0    4   -9    3   11   -4   10   -1    7   15    6   -9   15    1  -13
    1    5    8    1    2    2    1    0      1259    4   -8    3   16   11   14    2    8   17    6   16    2  -15    9   -8   19    3   -6
    1    5    9    1    1    1    1    1       922  -14   -4   12    2    3   -9    2   11   -1    8   -5   13   15    8   -9   15    2  -12
    1    5   10    1    2    1    2    1       839    5   -7    3   16   11   13   -6    1   18    7   19    1  -13   10  -11   16    7   -6
    1    5   11    1    3    2    3    1       774    3    1   14   13   15   20   -4   -6  -10   15    1  -14   -4   -3    5   -1   -1   -9
    1    5   12    1    2    4    2    1      1209    5  -10    5   18   18    9   -4    3   14    5   16    0  -11    7  -14   23    0   -2
    1    5   13    1    3    1    3    1       650    7    6   14   11    6   16   -4   -5  -14   14    2  -16   -3   -3   12    2    0   -7
    1    5   14    1    1    3    1    1       706  -14   -2   16    1    2   -7    3   12   -1    7   -3   13    9   15   -8   17    2  -15
    1    5   15    1    3    5    3    1       743    3    1   13   14    7   14   -6   -7  -15   16    0  -14   -4   -5    9   -1   -1   -8
    1    6    1    1    3    2    3    1      3707    3    1   14   13   15   20   -4   -6  -10   15    1  -14   -4   -3    5   -1   -1   -9
    1    6    2    1    1    1    1    1       728  -14   -4   12    2    3   -9    2   11   -1    8   -5   13   15    8   -9   15    2  -12
    1    6    3    1    2    4    2    1       877    5  -10    5   18   18    9   -4    3   14    5   16    0  -11    7  -14   23    0   -2
    1    6    4    1    1    5    3    0       604  -14   -2   20    0    4   -9    3   11   -4   10   -1    7   15    6   -9   15    1  -13
    1    6    5    1    2    1    2    1       677    5   -7    3   16   11   13   -6    1   18    7   19    1  -13   10  -11   16    7   -6
    1    6    6    1    1    2    2    0      1084  -17    1   17   -1   -8  -15    1   13    0    7   -2   11   18   10  -10   16   -4  -17
    1    6    7    1    2    2    2    1       786    4   -8    3   16   11   14    2    8   17    6   16    2  -15    9   -8   19    3   -6
    1    6    8    1    3    5    3    1       916    3    1   13   14    7   14   -6   -7  -15   16    0  -14   -4   -5    9   -1   -1   -8
    1    6    9    1    2    3    2    1       640    7   -6    5   16   13    8   -8    2   14    5   16    1   -4   12  -10   13    7   -2
    1    6   10    1    3    1    3    1      2936    7    6   14   11    6   16   -4   -5  -14   14    2  -16   -3   -3   12    2    0   -7
    1    6   11    1    1    3    1    1       661  -14   -2   16    1    2   -7    3   12   -1    7   -3   13    9   15   -8   17    2  -15
    1    6   12    1    2    5    2    1       620    2   -2    6   15   11   13   -6    3   18    4   13    4  -13   12   -8   16    5   -4
    1    6   13    1    3    3    3    1      3012    6   -1   15   16    6   13   -6    0  -14   16    4  -14   -7   -6    7    3    1   -6
    1    6   14    1    3    4    3    1       830    3    3   15   14    5   16   -7   -6  -15   12    4  -15   -2   -6   12    9    3   -8
    1    6   15    1    1    4    1    1      1022  -12   -3   16    0    1   -7    1   14   -3   11  -10   15   12   10  -16    6    1  -13
    1    7    1    1    3    3    3    1      1782    6   -1   15   16    6   13   -6    0  -14   16    4  -14   -7   -6    7    3    1   -6
    1    7    2    1    1    5    1    1       704  -14   -2   20    0    4   -9    3   11   -4   10   -1    7   15    6   -9   15    1  -13
    1    7    3    1    2    4    2    1      1094    5  -10    5   18   18    9   -4    3   14    5   16    0  -11    7  -14   23    0   -2
    1    7    4    1    3    1    3    1       636    7    6   14   11    6   16   -4   -5  -14   14    2  -16   -3   -3   12    2    0   -7
    1    7    5    1    1    2    1    1       948  -17    1   17   -1   -8  -15    1   13    0    7   -2   11   18   10  -10   16   -4  -17
    1    7    6    1    3    5    3    1       719    3    1   13   14    7   14   -6   -7  -15   16    0  -14   -4   -5    9   -1   -1   -8
    1    7    7    1    2    1    2    1       692    5   -7    3   16   11   13   -6    1   18    7   19    1  -13   10  -11   16    7   -6
    1    7    8    1    2    2    1    0      1034    4   -8    3   16   11   14    2    8   17    6   16    2  -15    9   -8   19    3   -6
    1    7    9    1    2    3    2    1      2098    7   -6    5   16   13    8   -8    2   14    5   16    1   -4   12  -10   13    7   -2
    1    7   10    1    2    5    2    1       559    2   -2    6   15   11   13   -6    3   18    4   13    4  -13   12   -8   16    5   -4
    1    7   11    1    1    4    1    1      2824  -12   -3   16    0    1   -7    1   14   -3   11  -10   15   12   10  -16    6    1  -13
    1    7   12    1    3    2    3    1       939    3    1   14   13   15   20   -4   -6  -10   15    1  -14   -4   -3    5   -1   -1   -9
    1    7   13    1    3    4    3    1      2807    3    3   15   14    5   16   -7   -6  -15   12    4  -15   -2   -6   12    9    3   -8
    1    7   14    1    1    3    1    1      1400  -14   -2   16    1    2   -7    3   12   -1    7   -3   13    9   15   -8   17    2  -15
    1    7   15    1    1    1    1    1       690  -14   -4   12    2    3   -9    2   11   -1    8   -5   13   15    8   -9   15    2  -12
    1    8    1    1    2    1    2    1       567    5   -7    3   16   11   13   -6    1   18    7   19    1  -13   10  -11   16    7   -6
    1    8    2    1    3    4    3    1       562    3    3   15   14    5   16   -7   -6  -15   12    4  -15   -2   -6   12    9    3   -8
    1    8    3    1    1    5    1    1       510  -14   -2   20    0    4   -9    3   11   -4   10   -1    7   15    6   -9   15    1  -13
    1    8    4    1    3    1    3    1       795    7    6   14   11    6   16   -4   -5  -14   14    2  -16   -3   -3   12    2    0   -7
    1    8    5    1    2    2    1    0      1437    4   -8    3   16   11   14    2    8   17    6   16    2  -15    9   -8   19    3   -6
    1    8    6    1    2    3    2    1       645    7   -6    5   16   13    8   -8    2   14    5   16    1   -4   12  -10   13    7   -2
    1    8    7    1    3    2    3    1       653    3    1   14   13   15   20   -4   -6  -10   15    1  -14   -4   -3    5   -1   -1   -9
    1    8    8    1    3    3    3    1      2532    6   -1   15   16    6   13   -6    0  -14   16    4  -14   -7   -6    7    3    1   -6
    1    8    9    1    1    2    2    0      1568  -17    1   17   -1   -8  -15    1   13    0    7   -2   11   18   10  -10   16   -4  -17
    1    8   10    1    1    1    1    1      1219  -14   -4   12    2    3   -9    2   11   -1    8   -5   13   15    8   -9   15    2  -12
    1    8   11    1    2    5    2    1       595    2   -2    6   15   11   13   -6    3   18    4   13    4  -13   12   -8   16    5   -4
    1    8   12    1    3    5    3    1       733    3    1   13   14    7   14   -6   -7  -15   16    0  -14   -4   -5    9   -1   -1   -8
    1    8   13    1    1    4    1    1       721  -12   -3   16    0    1   -7    1   14   -3   11  -10   15   12   10  -16    6    1  -13
    1    8   14    1    2    4    2    1      1013    5  -10    5   18   18    9   -4    3   14    5   16    0  -11    7  -14   23    0   -2
    1    8   15    1    1    3    1    1       670  -14   -2   16    1    2   -7    3   12   -1    7   -3   13    9   15   -8   17    2  -15
    1    9    1    1    3    2    3    1       481    3    1   14   13   15   20   -4   -6  -10   15    1  -14   -4   -3    5   -1   -1   -9
    1    9    2    1    1    3    1    1       547  -14   -2   16    1    2   -7    3   12   -1    7   -3   13    9   15   -8   17    2  -15
    1    9    3    1    1    5    1    1       494  -14   -2   20    0    4   -9    3   11   -4   10   -1    7   15    6   -9   15    1  -13
    1    9    4    1    3    4    3    1       636    3    3   15   14    5   16   -7   -6  -15   12    4  -15   -2   -6   12    9    3   -8
    1    9    5    1    2    4    2    1       804    5  -10    5   18   18    9   -4    3   14    5   16    0  -11    7  -14   23    0   -2
    1    9    6    1    1    1    1    1       853  -14   -4   12    2    3   -9    2   11   -1    8   -5   13   15    8   -9   15    2  -12
    1    9    7    1    1    2    2    0      4165  -17    1   17   -1   -8  -15    1   13    0    7   -2   11   18   10  -10   16   -4  -17
    1    9    8    1    1    4    1    1       863  -12   -3   16    0    1   -7    1   14   -3   11  -10   15   12   10  -16    6    1  -13
    1    9    9    1    2    3    2    1       574    7   -6    5   16   13    8   -8    2   14    5   16    1   -4   12  -10   13    7   -2
    1    9   10    1    2    5    2    1       761    2   -2    6   15   11   13   -6    3   18    4   13    4  -13   12   -8   16    5   -4
    1    9   11    1    3    5    3    1      1564    3    1   13   14    7   14   -6   -7  -15   16    0  -14   -4   -5    9   -1   -1   -8
    1    9   12    1    3    3    1    0      1951    6   -1   15   16    6   13   -6    0  -14   16    4  -14   -7   -6    7    3    1   -6
    1    9   13    1    3    1    3    1       658    7    6   14   11    6   16   -4   -5  -14   14    2  -16   -3   -3   12    2    0   -7
    1    9   14    1    2    2    2    1      1881    4   -8    3   16   11   14    2    8   17    6   16    2  -15    9   -8   19    3   -6
    1    9   15    1    2    1    2    1       831    5   -7    3   16   11   13   -6    1   18    7   19    1  -13   10  -11   16    7   -6
    1   10    1    1    2    2    2    1       687    4   -8    3   16   11   14    2    8   17    6   16    2  -15    9   -8   19    3   -6
    1   10    2    1    3    2    3    1       805    3    1   14   13   15   20   -4   -6  -10   15    1  -14   -4   -3    5   -1   -1   -9
    1   10    3    1    2    5    2    1      1191    2   -2    6   15   11   13   -6    3   18    4   13    4  -13   12   -8   16    5   -4
    1   10    4    1    3    5    3    1      1001    3    1   13   14    7   14   -6   -7  -15   16    0  -14   -4   -5    9   -1   -1   -8
    1   10    5    1    1    3    1    1       745  -14   -2   16    1    2   -7    3   12   -1    7   -3   13    9   15   -8   17    2  -15
    1   10    6    1    1    4    1    1       677  -12   -3   16    0    1   -7    1   14   -3   11  -10   15   12   10  -16    6    1  -13
    1   10    7    1    3    3    1    0       524    6   -1   15   16    6   13   -6    0  -14   16    4  -14   -7   -6    7    3    1   -6
    1   10    8    1    1    2    2    0      1065  -17    1   17   -1   -8  -15    1   13    0    7   -2   11   18   10  -10   16   -4  -17
    1   10    9    1    2    1    2    1       703    5   -7    3   16   11   13   -6    1   18    7   19    1  -13   10  -11   16    7   -6
    1   10   10    1    1    1    3    0      2148  -14   -4   12    2    3   -9    2   11   -1    8   -5   13   15    8   -9   15    2  -12
    1   10   11    1    2    4    2    1       800    5  -10    5   18   18    9   -4    3   14    5   16    0  -11    7  -14   23    0   -2
    1   10   12    1    2    3    2    1       417    7   -6    5   16   13    8   -8    2   14    5   16    1   -4   12  -10   13    7   -2
    1   10   13    1    1    5    1    1       706  -14   -2   20    0    4   -9    3   11   -4   10   -1    7   15    6   -9   15    1  -13
    1   10   14    1    3    1    3    1       631    7    6   14   11    6   16   -4   -5  -14   14    2  -16   -3   -3   12    2    0   -7
    1   10   15    1    3    4    3    1       751    3    3   15   14    5   16   -7   -6  -15   12    4  -15   -2   -6   12    9    3   -8
    1   11    1    1    1    4    1    1      1389  -12   -3   16    0    1   -7    1   14   -3   11  -10   15   12   10  -16    6    1  -13
    1   11    2    1    1    1    1    1      1628  -14   -4   12    2    3   -9    2   11   -1    8   -5   13   15    8   -9   15    2  -12
    1   11    3    1    3    2    3    1       813    3    1   14   13   15   20   -4   -6  -10   15    1  -14   -4   -3    5   -1   -1   -9
    1   11    4    1    3    3    3    1       926    6   -1   15   16    6   13   -6    0  -14   16    4  -14   -7   -6    7    3    1   -6
    1   11    5    1    2    1    2    1       586    5   -7    3   16   11   13   -6    1   18    7   19    1  -13   10  -11   16    7   -6
    1   11    6    1    3    5    3    1       804    3    1   13   14    7   14   -6   -7  -15   16    0  -14   -4   -5    9   -1   -1   -8
    1   11    7    1    1    3    1    1       901  -14   -2   16    1    2   -7    3   12   -1    7   -3   13    9   15   -8   17    2  -15
    1   11    8    1    3    1    3    1      1762    7    6   14   11    6   16   -4   -5  -14   14    2  -16   -3   -3   12    2    0   -7
    1   11    9    1    3    4    3    1       878    3    3   15   14    5   16   -7   -6  -15   12    4  -15   -2   -6   12    9    3   -8
    1   11   10    1    2    3    2    1       860    7   -6    5   16   13    8   -8    2   14    5   16    1   -4   12  -10   13    7   -2
    1   11   11    1    2    2    1    0      1692    4   -8    3   16   11   14    2    8   17    6   16    2  -15    9   -8   19    3   -6
    1   11   12    1    2    5    2    1       836    2   -2    6   15   11   13   -6    3   18    4   13    4  -13   12   -8   16    5   -4
    1   11   13    1    1    5    1    1       618  -14   -2   20    0    4   -9    3   11   -4   10   -1    7   15    6   -9   15    1  -13
    1   11   14    1    1    2    1    1      1429  -17    1   17   -1   -8  -15    1   13    0    7   -2   11   18   10  -10   16   -4  -17
    1   11   15    1    2    4    2    1      3306    5  -10    5   18   18    9   -4    3   14    5   16    0  -11    7  -14   23    0   -2
    1   12    1    1    1    4    1    1      1464  -12   -3   16    0    1   -7    1   14   -3   11  -10   15   12   10  -16    6    1  -13
    1   12    2    1    3    2    3    1       718    3    1   14   13   15   20   -4   -6  -10   15    1  -14   -4   -3    5   -1   -1   -9
    1   12    3    1    3    3    3    1       675    6   -1   15   16    6   13   -6    0  -14   16    4  -14   -7   -6    7    3    1   -6
    1   12    4    1    2    4    2    1       986    5  -10    5   18   18    9   -4    3   14    5   16    0  -11    7  -14   23    0   -2
    1   12    5    1    3    1    3    1       723    7    6   14   11    6   16   -4   -5  -14   14    2  -16   -3   -3   12    2    0   -7
    1   12    6    1    1    1    1    1       792  -14   -4   12    2    3   -9    2   11   -1    8   -5   13   15    8   -9   15    2  -12
    1   12    7    1    1    2    2    0      1114  -17    1   17   -1   -8  -15    1   13    0    7   -2   11   18   10  -10   16   -4  -17
    1   12    8    1    2    5    2    1       703    2   -2    6   15   11   13   -6    3   18    4   13    4  -13   12   -8   16    5   -4
    1   12    9    1    2    2    2    1      4212    4   -8    3   16   11   14    2    8   17    6   16    2  -15    9   -8   19    3   -6
    1   12   10    1    2    1    2    1       462    5   -7    3   16   11   13   -6    1   18    7   19    1  -13   10  -11   16    7   -6
    1   12   11    1    3    5    2    0       381    3    1   13   14    7   14   -6   -7  -15   16    0  -14   -4   -5    9   -1   -1   -8
    1   12   12    1    1    3    1    1       799  -14   -2   16    1    2   -7    3   12   -1    7   -3   13    9   15   -8   17    2  -15
    1   12   13    1    3    4    3    1       656    3    3   15   14    5   16   -7   -6  -15   12    4  -15   -2   -6   12    9    3   -8
    1   12   14    1    2    3    1    0       744    7   -6    5   16   13    8   -8    2   14    5   16    1   -4   12  -10   13    7   -2
    1   12   15    1    1    5    1    1      1259  -14   -2   20    0    4   -9    3   11   -4   10   -1    7   15    6   -9   15    1  -13
    1   13    1    1    3    4    3    1       699    3    3   15   14    5   16   -7   -6  -15   12    4  -15   -2   -6   12    9    3   -8
    1   13    2    1    3    5    3    1       656    3    1   13   14    7   14   -6   -7  -15   16    0  -14   -4   -5    9   -1   -1   -8
    1   13    3    1    2    4    1    0      3015    5  -10    5   18   18    9   -4    3   14    5   16    0  -11    7  -14   23    0   -2
    1   13    4    1    3    2    3    1       752    3    1   14   13   15   20   -4   -6  -10   15    1  -14   -4   -3    5   -1   -1   -9
    1   13    5    1    2    3    2    1       723    7   -6    5   16   13    8   -8    2   14    5   16    1   -4   12  -10   13    7   -2
    1   13    6    1    3    3    2    0      4024    6   -1   15   16    6   13   -6    0  -14   16    4  -14   -7   -6    7    3    1   -6
    1   13    7    1    3    1    3    1      1241    7    6   14   11    6   16   -4   -5  -14   14    2  -16   -3   -3   12    2    0   -7
    1   13    8    1    2    5    2    1       553    2   -2    6   15   11   13   -6    3   18    4   13    4  -13   12   -8   16    5   -4
    1   13    9    1    1    1    1    1       676  -14   -4   12    2    3   -9    2   11   -1    8   -5   13   15    8   -9   15    2  -12
    1   13   10    1    1    5    1    1       555  -14   -2   20    0    4   -9    3   11   -4   10   -1    7   15    6   -9   15    1  -13
    1   13   11    1    1    2    2    0      1366  -17    1   17   -1   -8  -15    1   13    0    7   -2   11   18   10  -10   16   -4  -17
    1   13   12    1    2    2    2    1      1089    4   -8    3   16   11   14    2    8   17    6   16    2  -15    9   -8   19    3   -6
    1   13   13    1    1    4    1    1       742  -12   -3   16    0    1   -7    1   14   -3   11  -10   15   12   10  -16    6    1  -13
    1   13   14    1    2    1    2    1       523    5   -7    3   16   11   13   -6    1   18    7   19    1  -13   10  -11   16    7   -6
    1   13   15    1    1    3    1    1       663  -14   -2   16    1    2   -7    3   12   -1    7   -3   13    9   15   -8   17    2  -15
    1   14    1    1    3    3    3    1      9374    6   -1   15   16    6   13   -6    0  -14   16    4  -14   -7   -6    7    3    1   -6
    1   14    2    1    2    3    2    1       583    7   -6    5   16   13    8   -8    2   14    5   16    1   -4   12  -10   13    7   -2
    1   14    3    1    2    4    2    1      1075    5  -10    5   18   18    9   -4    3   14    5   16    0  -11    7  -14   23    0   -2
    1   14    4    1    2    1    2    1      1625    5   -7    3   16   11   13   -6    1   18    7   19    1  -13   10  -11   16    7   -6
    1   14    5    1    1    1    1    1       986  -14   -4   12    2    3   -9    2   11   -1    8   -5   13   15    8   -9   15    2  -12
    1   14    6    1    2    5    2    1       596    2   -2    6   15   11   13   -6    3   18    4   13    4  -13   12   -8   16    5   -4
    1   14    7    1    1    3    1    1       814  -14   -2   16    1    2   -7    3   12   -1    7   -3   13    9   15   -8   17    2  -15
    1   14    8    1    3    5    3    1       814    3    1   13   14    7   14   -6   -7  -15   16    0  -14   -4   -5    9   -1   -1   -8
    1   14    9    1    1    5    1    1       671  -14   -2   20    0    4   -9    3   11   -4   10   -1    7   15    6   -9   15    1  -13
    1   14   10    1    1    2    2    0      2902  -17    1   17   -1   -8  -15    1   13    0    7   -2   11   18   10  -10   16   -4  -17
    1   14   11    1    3    4    3    1      1427    3    3   15   14    5   16   -7   -6  -15   12    4  -15   -2   -6   12    9    3   -8
    1   14   12    1    1    4    1    1      1116  -12   -3   16    0    1   -7    1   14   -3   11  -10   15   12   10  -16    6    1  -13
    1   14   13    1    2    2    2    1      1697    4   -8    3   16   11   14    2    8   17    6   16    2  -15    9   -8   19    3   -6
    1   14   14    1    3    2    3    1       686    3    1   14   13   15   20   -4   -6  -10   15    1  -14   -4   -3    5   -1   -1   -9
    1   14   15    1    3    1    3    1       964    7    6   14   11    6   16   -4   -5  -14   14    2  -16   -3   -3   12    2    0   -7
    1   15    1    1    1    4    1    1       622  -12   -3   16    0    1   -7    1   14   -3   11  -10   15   12   10  -16    6    1  -13
    1   15    2    1    3    3    3    1       951    6   -1   15   16    6   13   -6    0  -14   16    4  -14   -7   -6    7    3    1   -6
    1   15    3    1    3    4    3    1       834    3    3   15   14    5   16   -7   -6  -15   12    4  -15   -2   -6   12    9    3   -8
    1   15    4    1    3    5    3    1       818    3    1   13   14    7   14   -6   -7  -15   16    0  -14   -4   -5    9   -1   -1   -8
    1   15    5    1    1    5    1    1       899  -14   -2   20    0    4   -9    3   11   -4   10   -1    7   15    6   -9   15    1  -13
    1   15    6    1    3    1    3    1      1056    7    6   14   11    6   16   -4   -5  -14   14    2  -16   -3   -3   12    2    0   -7
    1   15    7    1    1    2    1    1       792  -17    1   17   -1   -8  -15    1   13    0    7   -2   11   18   10  -10   16   -4  -17
    1   15    8    1    2    5    2    1       810    2   -2    6   15   11   13   -6    3   18    4   13    4  -13   12   -8   16    5   -4
    1   15    9    1    2    3    1    0      1035    7   -6    5   16   13    8   -8    2   14    5   16    1   -4   12  -10   13    7   -2
    1   15   10    1    2    1    2    1       499    5   -7    3   16   11   13   -6    1   18    7   19    1  -13   10  -11   16    7   -6
    1   15   11    1    2    2    2    1      3536    4   -8    3   16   11   14    2    8   17    6   16    2  -15    9   -8   19    3   -6
    1   15   12    1    2    4    2    1       804    5  -10    5   18   18    9   -4    3   14    5   16    0  -11    7  -14   23    0   -2
    1   15   13    1    3    2    3    1       757    3    1   14   13   15   20   -4   -6  -10   15    1  -14   -4   -3    5   -1   -1   -9
    1   15   14    1    1    1    1    1      1208  -14   -4   12    2    3   -9    2   11   -1    8   -5   13   15    8   -9   15    2  -12
    1   15   15    1    1    3    1    1      1529  -14   -2   16    1    2   -7    3   12   -1    7   -3   13    9   15   -8   17    2  -15
    2    1    1    1    3    5    1    1      1284    3    1   13   14    7   14   -6   -7  -15   16    0  -14   -4   -5    9   -1   -1   -8
    2    1    2    4    1    5    1    0      2306  -14   -4   14    0    3   -9    1   12   -2    9   -5   11   11    7   -8   16    4  -14
    2    1    3    1    1    5    1    1      1431  -14   -2   20    0    4   -9    3   11   -4   10   -1    7   15    6   -9   15    1  -13
    2    1    4    1    2    1    1    1      1631    5   -7    3   16   11   13   -6    1   18    7   19    1  -13   10  -11   16    7   -6
    2    1    5    4    3    1    2    1      2239    3    2   15   13    6   14   -6   -9  -15   15    3  -15   -3   -7    6    4    1   -6
    2    1    6    6    0    0    2    1      1335   13    9    2   15  -20   -5   -7   -4   11   11   -3  -12  -22   12    8    8   -4   -2
    2    1    7    1    1    1    1    1      1091  -14   -4   12    2    3   -9    2   11   -1    8   -5   13   15    8   -9   15    2  -12
    2    1    8    1    3    4    1    1       953    3    3   15   14    5   16   -7   -6  -15   12    4  -15   -2   -6   12    9    3   -8
    2    1    9    6    0    0    2    1       773   -7    0   11   13   14    1    6   11   -1  -12  -15    7   14  -15   -4   10    9   -4
    2    1   10    6    0    0    2    1      1735   12    8    2   14  -15    3   -2  -16   10   13   -2  -12   -9   10    8   10   -6    3
    2    1   11    4    2    2    2    1      3267   -4   -3    3   14   14   13   -3    0   15    3   14    0  -15    9   -3    8    7   -5
    2    1   12    4    3    2    2    1      2129    4    0   15   12    6   16   -4   -4  -13   14    3  -14   -5  -12    9    2    3   -6
    2    1   13    1    1    2    2    0      1262  -17    1   17   -1   -8  -15    1   13    0    7   -2   11   18   10  -10   16   -4  -17
    2    1   14    1    2    2    1    1       941    4   -8    3   16   11   14    2    8   17    6   16    2  -15    9   -8   19    3   -6
    2    1   15    1    2    4    1    1      1289    5  -10    5   18   18    9   -4    3   14    5   16    0  -11    7  -14   23    0   -2
    2    1   16    4    3    3    1    0      1447    3    1   17   14    8   15   -7   -6  -20   16    3  -14   -3   -2    7    0    0   -8
    2    1   17    4    1    2    2    1      1054  -15   -2   14    0    3   -9    1    8   -1    9   -3   12   11    8   -5   18    0  -15
    2    1   18    6    0    0    2    1      2214    3   -8   13    5  -12  -12  -10    1    7    8  -13    6  -15  -10  -11    8    9  -11
    2    1   19    4    2    5    2    1       574   -2  -12    5   15   13   10   -5    2   17    6   12    6   -4   12   -9   14    6   -3
    2    1   20    1    3    2    1    1      6489    3    1   14   13   15   20   -4   -6  -10   15    1  -14   -4   -3    5   -1   -1   -9
    2    1   21    6    0    0    2    1       615   -8   -2   12   18   14    1    8   11    2  -10  -14    8   14  -12   -6   13   10   -4
    2    1   22    2    1    0    1    0       656  -14   -3   15    0    2   -8    2   12   -2    8   -3   11   13    8   -9   16    2  -14
    2    1   23    1    3    3    1    1      2343    6   -1   15   16    6   13   -6    0  -14   16    4  -14   -7   -6    7    3    1   -6
    2    1   24    2    2    0    2    1       603    6   -5    4   16   12   12   -6    2   16    5   15    2  -14    9   -9   15    5   -3
    2    1   25    6    0    0    2    1      1012    4  -10    9    5   -9  -12   -7    1    7    8  -13    8  -13  -10  -11    6    8  -11
    2    1   26    1    1    3    2    0       654  -14   -2   16    1    2   -7    3   12   -1    7   -3   13    9   15   -8   17    2  -15
    2    1   27    2    3    0    1    0      3349    4    1   14   12    6   15   -5   -5  -14   15    2  -15   -2   -5    7    1    2   -7
    2    1   28    4    2    1    2    1       960   -3   -9    2   11   11   11   -6    3   21    3   10    2  -14    8  -10   17    7   -2
    2    1   29    1    3    1    1    1       924    7    6   14   11    6   16   -4   -5  -14   14    2  -16   -3   -3   12    2    0   -7
    2    1   30    4    1    1    1    0      3080  -14   -1   20   -5    3   -8    1   12    2    7   -5    9   14    6  -10   15    4  -13
    2    1   31    4    1    4    2    1       606  -16   -1   12   -3    2  -10    2   13   -2    7   -5   14    4    2  -11    9   -2  -16
    2    1   32    4    1    3    2    1       920  -13   -3    6    8    4   -8    0   13   -1    8   -2   10   13    7  -16   16    2  -15
    2    1   33    1    1    4    2    0       852  -12   -3   16    0    1   -7    1   14   -3   11  -10   15   12   10  -16    6    1  -13
    2    1   34    4    2    3    2    1      1140    5   -4    3   15   15   17   -6    0   11    8    6   12  -14   15  -11   17    4   -1
    2    1   35    1    2    5    1    1       952    2   -2    6   15   11   13   -6    3   18    4   13    4  -13   12   -8   16    5   -4
    2    1   36    4    3    4    2    1      1523    2    6   21   22    6   17  -10   -8   -9   19    3   -9   -3   -6    5   -4    0   -8
    2    1   37    4    2    4    2    1      1302    4   -7    4   17    8   12   -4    0   24    5   14    4  -13    9   -8   14    5   -5
    2    1   38    4    3    5    1    0      2565    3    1   12   11    7   13   -6   -6  -13   20    3  -14   -3   -5    6    1    1   -6
    2    1   39    1    2    3    2    0       864    7   -6    5   16   13    8   -8    2   14    5   16    1   -4   12  -10   13    7   -2
