    1    1    1    1    3    5    1    0      8983   -3   -9    3  -16   -2   13   -3    9   -9   -2  -10  -10   14   -9    3   10    9   21
    1    1    2    1    3    3    1    0      3826    1   -9    0  -14    1   12   -6    7  -12  -10   -8  -11   15  -10    2   20    5   15
    1    1    3    1    2    2    2    1      1691   -4   12    9  -12  -12    0    4    0    8   17   -4  -14   -1    3   19   12  -19   -8
    1    1    4    1    2    1    2    1      5769   -5   11    8  -10  -10   -1    8   -3   10   16   -6  -15   -2    2    9    9  -18    2
    1    1    5    1    2    4    1    0       804   -5   13   10  -13  -10    1    5   -1    8   14  -11  -21    4   -5   11   12  -13  -11
    1    1    6    1    2    5    2    1      1397   -4   11   11  -12   -7    4   16    3    3   22   -6  -12   -3    3    9   15  -10   -7
    1    1    7    1    3    4    3    1      1343   -2   -9    1   -8    0   12   -9    8  -16  -11  -14   -5   22  -19    6   20    9   12
    1    1    8    1    1    4    2    0      2171  -14   -5   -8   13  -12   -4   14   -4   10   -8    5  -13   13    8    1   -3   -3   -6
    1    1    9    1    1    1    1    1      2518   -9  -10    8    3  -11   -7   14   -6    3  -10   11  -14    4   12    4    1   -4   -6
    1    1   10    1    1    5    2    0      2130  -14   -6    8   15   -6    7   13   -3    9   -5   11  -14    3   10    1   -2   -4   -6
    1    1   11    1    1    2    1    1      1167   -9  -11   -2   -1  -13   -2   15   -4    9   -8   10  -13    5   13   -5  -14   -2   -8
    1    1   12    1    2    3    1    0      2082   -6   12    7  -10  -19    3   16   -4    7   14    5  -18    3    4   10   13  -10   -7
    1    1   13    1    1    3    3    0      1520   -9   -9    0    6  -15   -4   13  -14   18   -8    9  -14    3   17    0   -3    0  -10
    1    1   14    1    3    1    1    0      1333   -1  -12    2  -13   -2   13   -2    5  -13   -7  -10   -4   16   -5   -4    4    8   12
    1    1   15    1    3    2    1    0      5809   -2  -10    1  -15    0   11   -1    7  -15   -8  -14   -5   15  -10    7   10   12   11
    1    2    1    1    2    2    2    1      1658   -4   12    9  -12  -12    0    4    0    8   17   -4  -14   -1    3   19   12  -19   -8
    1    2    2    1    2    4    1    0      2282   -5   13   10  -13  -10    1    5   -1    8   14  -11  -21    4   -5   11   12  -13  -11
    1    2    3    1    1    1    1    1      1072   -9  -10    8    3  -11   -7   14   -6    3  -10   11  -14    4   12    4    1   -4   -6
    1    2    4    1    2    1    3    0      4295   -5   11    8  -10  -10   -1    8   -3   10   16   -6  -15   -2    2    9    9  -18    2
    1    2    5    1    1    5    3    0      1021  -14   -6    8   15   -6    7   13   -3    9   -5   11  -14    3   10    1   -2   -4   -6
    1    2    6    1    3    4    1    0       693   -2   -9    1   -8    0   12   -9    8  -16  -11  -14   -5   22  -19    6   20    9   12
    1    2    7    1    3    2    3    1       700   -2  -10    1  -15    0   11   -1    7  -15   -8  -14   -5   15  -10    7   10   12   11
    1    2    8    1    1    4    2    0      3489  -14   -5   -8   13  -12   -4   14   -4   10   -8    5  -13   13    8    1   -3   -3   -6
    1    2    9    1    1    3    1    1      2759   -9   -9    0    6  -15   -4   13  -14   18   -8    9  -14    3   17    0   -3    0  -10
    1    2   10    1    1    2    1    1       570   -9  -11   -2   -1  -13   -2   15   -4    9   -8   10  -13    5   13   -5  -14   -2   -8
    1    2   11    1    3    3    1    0      1877    1   -9    0  -14    1   12   -6    7  -12  -10   -8  -11   15  -10    2   20    5   15
    1    2   12    1    2    5    3    0      2668   -4   11   11  -12   -7    4   16    3    3   22   -6  -12   -3    3    9   15  -10   -7
    1    2   13    1    2    3    1    0       851   -6   12    7  -10  -19    3   16   -4    7   14    5  -18    3    4   10   13  -10   -7
    1    2   14    1    3    1    1    0       850   -1  -12    2  -13   -2   13   -2    5  -13   -7  -10   -4   16   -5   -4    4    8   12
    1    2   15    1    3    5    1    0      1618   -3   -9    3  -16   -2   13   -3    9   -9   -2  -10  -10   14   -9    3   10    9   21
    1    3    1    1    2    3    1    0       754   -6   12    7  -10  -19    3   16   -4    7   14    5  -18    3    4   10   13  -10   -7
    1    3    2    1    3    4    3    1      2454   -2   -9    1   -8    0   12   -9    8  -16  -11  -14   -5   22  -19    6   20    9   12
    1    3    3    1    1    4    2    0      1845  -14   -5   -8   13  -12   -4   14   -4   10   -8    5  -13   13    8    1   -3   -3   -6
    1    3    4    1    3    1    1    0       765   -1  -12    2  -13   -2   13   -2    5  -13   -7  -10   -4   16   -5   -4    4    8   12
    1    3    5    1    1    1    1    1       784   -9  -10    8    3  -11   -7   14   -6    3  -10   11  -14    4   12    4    1   -4   -6
    1    3    6    1    3    3    1    0      1282    1   -9    0  -14    1   12   -6    7  -12  -10   -8  -11   15  -10    2   20    5   15
    1    3    7    1    1    5    3    0      1568  -14   -6    8   15   -6    7   13   -3    9   -5   11  -14    3   10    1   -2   -4   -6
    1    3    8    1    3    2    3    1      1027   -2  -10    1  -15    0   11   -1    7  -15   -8  -14   -5   15  -10    7   10   12   11
    1    3    9    1    1    2    1    1       699   -9  -11   -2   -1  -13   -2   15   -4    9   -8   10  -13    5   13   -5  -14   -2   -8
    1    3   10    1    1    3    2    0       673   -9   -9    0    6  -15   -4   13  -14   18   -8    9  -14    3   17    0   -3    0  -10
    1    3   11    1    2    4    2    1      1032   -5   13   10  -13  -10    1    5   -1    8   14  -11  -21    4   -5   11   12  -13  -11
    1    3   12    1    2    2    2    1       720   -4   12    9  -12  -12    0    4    0    8   17   -4  -14   -1    3   19   12  -19   -8
    1    3   13    1    2    1    3    0      2084   -5   11    8  -10  -10   -1    8   -3   10   16   -6  -15   -2    2    9    9  -18    2
    1    3   14    1    3    5    1    0      1970   -3   -9    3  -16   -2   13   -3    9   -9   -2  -10  -10   14   -9    3   10    9   21
    1    3   15    1    2    5    3    0      1317   -4   11   11  -12   -7    4   16    3    3   22   -6  -12   -3    3    9   15  -10   -7
    1    4    1    1    1    2    1    1       978   -9  -11   -2   -1  -13   -2   15   -4    9   -8   10  -13    5   13   -5  -14   -2   -8
    1    4    2    1    2    4    2    1      6685   -5   13   10  -13  -10    1    5   -1    8   14  -11  -21    4   -5   11   12  -13  -11
    1    4    3    1    1    4    2    0      3475  -14   -5   -8   13  -12   -4   14   -4   10   -8    5  -13   13    8    1   -3   -3   -6
    1    4    4    1    2    1    1    0      1577   -5   11    8  -10  -10   -1    8   -3   10   16   -6  -15   -2    2    9    9  -18    2
    1    4    5    1    3    5    2    0      1820   -3   -9    3  -16   -2   13   -3    9   -9   -2  -10  -10   14   -9    3   10    9   21
    1    4    6    1    1    1    1    1       853   -9  -10    8    3  -11   -7   14   -6    3  -10   11  -14    4   12    4    1   -4   -6
    1    4    7    1    2    2    2    1       757   -4   12    9  -12  -12    0    4    0    8   17   -4  -14   -1    3   19   12  -19   -8
    1    4    8    1    2    3    3    0     11736   -6   12    7  -10  -19    3   16   -4    7   14    5  -18    3    4   10   13  -10   -7
    1    4    9    1    3    2    3    1      1413   -2  -10    1  -15    0   11   -1    7  -15   -8  -14   -5   15  -10    7   10   12   11
    1    4   10    1    1    5    2    0      1406  -14   -6    8   15   -6    7   13   -3    9   -5   11  -14    3   10    1   -2   -4   -6
    1    4   11    1    3    4    3    1      1143   -2   -9    1   -8    0   12   -9    8  -16  -11  -14   -5   22  -19    6   20    9   12
    1    4   12    1    2    5    3    0      6123   -4   11   11  -12   -7    4   16    3    3   22   -6  -12   -3    3    9   15  -10   -7
    1    4   13    1    1    3    1    1      1272   -9   -9    0    6  -15   -4   13  -14   18   -8    9  -14    3   17    0   -3    0  -10
    1    4   14    1    3    1    2    0      2391   -1  -12    2  -13   -2   13   -2    5  -13   -7  -10   -4   16   -5   -4    4    8   12
    1    4   15    1    3    3    1    0       905    1   -9    0  -14    1   12   -6    7  -12  -10   -8  -11   15  -10    2   20    5   15
    1    5    1    1    3    5    2    0      1814   -3   -9    3  -16   -2   13   -3    9   -9   -2  -10  -10   14   -9    3   10    9   21
    1    5    2    1    2    5    3    0      1152   -4   11   11  -12   -7    4   16    3    3   22   -6  -12   -3    3    9   15  -10   -7
    1    5    3    1    2    2    2    1       819   -4   12    9  -12  -12    0    4    0    8   17   -4  -14   -1    3   19   12  -19   -8
    1    5    4    1    2    1    2    1       660   -5   11    8  -10  -10   -1    8   -3   10   16   -6  -15   -2    2    9    9  -18    2
    1    5    5    1    1    2    1    1       539   -9  -11   -2   -1  -13   -2   15   -4    9   -8   10  -13    5   13   -5  -14   -2   -8
    1    5    6    1    1    3    1    1       423   -9   -9    0    6  -15   -4   13  -14   18   -8    9  -14    3   17    0   -3    0  -10
    1    5    7    1    3    1    1    0       424   -1  -12    2  -13   -2   13   -2    5  -13   -7  -10   -4   16   -5   -4    4    8   12
    1    5    8    1    1    1    3    0       585   -9  -10    8    3  -11   -7   14   -6    3  -10   11  -14    4   12    4    1   -4   -6
    1    5    9    1    1    4    3    0      1363  -14   -5   -8   13  -12   -4   14   -4   10   -8    5  -13   13    8    1   -3   -3   -6
    1    5   10    1    3    2    2    0      1310   -2  -10    1  -15    0   11   -1    7  -15   -8  -14   -5   15  -10    7   10   12   11
    1    5   11    1    1    5    2    0      1228  -14   -6    8   15   -6    7   13   -3    9   -5   11  -14    3   10    1   -2   -4   -6
    1    5   12    1    2    4    1    0       908   -5   13   10  -13  -10    1    5   -1    8   14  -11  -21    4   -5   11   12  -13  -11
    1    5   13    1    2    3    2    1       745   -6   12    7  -10  -19    3   16   -4    7   14    5  -18    3    4   10   13  -10   -7
    1    5   14    1    3    3    3    1      1614    1   -9    0  -14    1   12   -6    7  -12  -10   -8  -11   15  -10    2   20    5   15
    1    5   15    1    3    4    3    1      1839   -2   -9    1   -8    0   12   -9    8  -16  -11  -14   -5   22  -19    6   20    9   12
    1    6    1    1    2    3    2    1      2407   -6   12    7  -10  -19    3   16   -4    7   14    5  -18    3    4   10   13  -10   -7
    1    6    2    1    1    4    2    0      1865  -14   -5   -8   13  -12   -4   14   -4   10   -8    5  -13   13    8    1   -3   -3   -6
    1    6    3    1    2    4    2    1      1615   -5   13   10  -13  -10    1    5   -1    8   14  -11  -21    4   -5   11   12  -13  -11
    1    6    4    1    1    5    3    0      4448  -14   -6    8   15   -6    7   13   -3    9   -5   11  -14    3   10    1   -2   -4   -6
    1    6    5    1    3    5    3    1      1904   -3   -9    3  -16   -2   13   -3    9   -9   -2  -10  -10   14   -9    3   10    9   21
    1    6    6    1    3    3    3    1      1077    1   -9    0  -14    1   12   -6    7  -12  -10   -8  -11   15  -10    2   20    5   15
    1    6    7    1    3    2    2    0      1100   -2  -10    1  -15    0   11   -1    7  -15   -8  -14   -5   15  -10    7   10   12   11
    1    6    8    1    2    2    2    1       977   -4   12    9  -12  -12    0    4    0    8   17   -4  -14   -1    3   19   12  -19   -8
    1    6    9    1    3    1    1    0      1404   -1  -12    2  -13   -2   13   -2    5  -13   -7  -10   -4   16   -5   -4    4    8   12
    1    6   10    1    1    3    1    1      1557   -9   -9    0    6  -15   -4   13  -14   18   -8    9  -14    3   17    0   -3    0  -10
    1    6   11    1    2    5    2    1      1689   -4   11   11  -12   -7    4   16    3    3   22   -6  -12   -3    3    9   15  -10   -7
    1    6   12    1    1    1    2    0      1367   -9  -10    8    3  -11   -7   14   -6    3  -10   11  -14    4   12    4    1   -4   -6
    1    6   13    1    1    2    1    1      1042   -9  -11   -2   -1  -13   -2   15   -4    9   -8   10  -13    5   13   -5  -14   -2   -8
    1    6   14    1    3    4    3    1       954   -2   -9    1   -8    0   12   -9    8  -16  -11  -14   -5   22  -19    6   20    9   12
    1    6   15    1    2    1    2    1       917   -5   11    8  -10  -10   -1    8   -3   10   16   -6  -15   -2    2    9    9  -18    2
    1    7    1    1    3    5    1    0      1154   -3   -9    3  -16   -2   13   -3    9   -9   -2  -10  -10   14   -9    3   10    9   21
    1    7    2    1    2    3    3    0      1269   -6   12    7  -10  -19    3   16   -4    7   14    5  -18    3    4   10   13  -10   -7
    1    7    3    1    2    1    2    1       788   -5   11    8  -10  -10   -1    8   -3   10   16   -6  -15   -2    2    9    9  -18    2
    1    7    4    1    3    2    3    1       582   -2  -10    1  -15    0   11   -1    7  -15   -8  -14   -5   15  -10    7   10   12   11
    1    7    5    1    2    5    2    1       896   -4   11   11  -12   -7    4   16    3    3   22   -6  -12   -3    3    9   15  -10   -7
    1    7    6    1    2    4    2    1      1870   -5   13   10  -13  -10    1    5   -1    8   14  -11  -21    4   -5   11   12  -13  -11
    1    7    7    1    1    2    1    1      1205   -9  -11   -2   -1  -13   -2   15   -4    9   -8   10  -13    5   13   -5  -14   -2   -8
    1    7    8    1    1    3    1    1      2550   -9   -9    0    6  -15   -4   13  -14   18   -8    9  -14    3   17    0   -3    0  -10
    1    7    9    1    1    4    2    0       658  -14   -5   -8   13  -12   -4   14   -4   10   -8    5  -13   13    8    1   -3   -3   -6
    1    7   10    1    1    1    3    0       905   -9  -10    8    3  -11   -7   14   -6    3  -10   11  -14    4   12    4    1   -4   -6
    1    7   11    1    3    3    3    1      1271    1   -9    0  -14    1   12   -6    7  -12  -10   -8  -11   15  -10    2   20    5   15
    1    7   12    1    3    1    3    1      1141   -1  -12    2  -13   -2   13   -2    5  -13   -7  -10   -4   16   -5   -4    4    8   12
    1    7   13    1    3    4    3    1       665   -2   -9    1   -8    0   12   -9    8  -16  -11  -14   -5   22  -19    6   20    9   12
    1    7   14    1    1    5    3    0      3264  -14   -6    8   15   -6    7   13   -3    9   -5   11  -14    3   10    1   -2   -4   -6
    1    7   15    1    2    2    2    1       912   -4   12    9  -12  -12    0    4    0    8   17   -4  -14   -1    3   19   12  -19   -8
    1    8    1    1    1    3    3    0      1293   -9   -9    0    6  -15   -4   13  -14   18   -8    9  -14    3   17    0   -3    0  -10
    1    8    2    1    2    4    2    1       987   -5   13   10  -13  -10    1    5   -1    8   14  -11  -21    4   -5   11   12  -13  -11
    1    8    3    1    1    5    3    0      2597  -14   -6    8   15   -6    7   13   -3    9   -5   11  -14    3   10    1   -2   -4   -6
    1    8    4    1    3    1    3    1      1999   -1  -12    2  -13   -2   13   -2    5  -13   -7  -10   -4   16   -5   -4    4    8   12
    1    8    5    1    3    4    3    1       816   -2   -9    1   -8    0   12   -9    8  -16  -11  -14   -5   22  -19    6   20    9   12
    1    8    6    1    2    1    1    0      1985   -5   11    8  -10  -10   -1    8   -3   10   16   -6  -15   -2    2    9    9  -18    2
    1    8    7    1    2    5    3    0      1411   -4   11   11  -12   -7    4   16    3    3   22   -6  -12   -3    3    9   15  -10   -7
    1    8    8    1    1    1    1    1       845   -9  -10    8    3  -11   -7   14   -6    3  -10   11  -14    4   12    4    1   -4   -6
    1    8    9    1    3    5    2    0      2077   -3   -9    3  -16   -2   13   -3    9   -9   -2  -10  -10   14   -9    3   10    9   21
    1    8   10    1    3    2    3    1      1292   -2  -10    1  -15    0   11   -1    7  -15   -8  -14   -5   15  -10    7   10   12   11
    1    8   11    1    3    3    3    1      1113    1   -9    0  -14    1   12   -6    7  -12  -10   -8  -11   15  -10    2   20    5   15
    1    8   12    1    2    3    3    0      1071   -6   12    7  -10  -19    3   16   -4    7   14    5  -18    3    4   10   13  -10   -7
    1    8   13    1    1    4    2    0       726  -14   -5   -8   13  -12   -4   14   -4   10   -8    5  -13   13    8    1   -3   -3   -6
    1    8   14    1    2    2    2    1      2619   -4   12    9  -12  -12    0    4    0    8   17   -4  -14   -1    3   19   12  -19   -8
    1    8   15    1    1    2    1    1      1299   -9  -11   -2   -1  -13   -2   15   -4    9   -8   10  -13    5   13   -5  -14   -2   -8
    1    9    1    1    2    5    3    0      3729   -4   11   11  -12   -7    4   16    3    3   22   -6  -12   -3    3    9   15  -10   -7
    1    9    2    1    2    3    2    1       605   -6   12    7  -10  -19    3   16   -4    7   14    5  -18    3    4   10   13  -10   -7
    1    9    3    1    1    1    1    1      1127   -9  -10    8    3  -11   -7   14   -6    3  -10   11  -14    4   12    4    1   -4   -6
    1    9    4    1    3    1    2    0       828   -1  -12    2  -13   -2   13   -2    5  -13   -7  -10   -4   16   -5   -4    4    8   12
    1    9    5    1    1    4    2    0      1133  -14   -5   -8   13  -12   -4   14   -4   10   -8    5  -13   13    8    1   -3   -3   -6
    1    9    6    1    2    4    2    1       896   -5   13   10  -13  -10    1    5   -1    8   14  -11  -21    4   -5   11   12  -13  -11
    1    9    7    1    3    5    3    1      1631   -3   -9    3  -16   -2   13   -3    9   -9   -2  -10  -10   14   -9    3   10    9   21
    1    9    8    1    1    2    1    1      1231   -9  -11   -2   -1  -13   -2   15   -4    9   -8   10  -13    5   13   -5  -14   -2   -8
    1    9    9    1    3    2    2    0      1023   -2  -10    1  -15    0   11   -1    7  -15   -8  -14   -5   15  -10    7   10   12   11
    1    9   10    1    3    4    3    1       696   -2   -9    1   -8    0   12   -9    8  -16  -11  -14   -5   22  -19    6   20    9   12
    1    9   11    1    2    2    1    0      1998   -4   12    9  -12  -12    0    4    0    8   17   -4  -14   -1    3   19   12  -19   -8
    1    9   12    1    2    1    2    1       688   -5   11    8  -10  -10   -1    8   -3   10   16   -6  -15   -2    2    9    9  -18    2
    1    9   13    1    1    3    2    0       853   -9   -9    0    6  -15   -4   13  -14   18   -8    9  -14    3   17    0   -3    0  -10
    1    9   14    1    3    3    3    1      1061    1   -9    0  -14    1   12   -6    7  -12  -10   -8  -11   15  -10    2   20    5   15
    1    9   15    1    1    5    3    0      1084  -14   -6    8   15   -6    7   13   -3    9   -5   11  -14    3   10    1   -2   -4   -6
    1   10    1    1    1    3    1    1      1715   -9   -9    0    6  -15   -4   13  -14   18   -8    9  -14    3   17    0   -3    0  -10
    1   10    2    1    2    4    2    1      1295   -5   13   10  -13  -10    1    5   -1    8   14  -11  -21    4   -5   11   12  -13  -11
    1   10    3    1    3    4    3    1      1117   -2   -9    1   -8    0   12   -9    8  -16  -11  -14   -5   22  -19    6   20    9   12
    1   10    4    1    1    2    1    1      2146   -9  -11   -2   -1  -13   -2   15   -4    9   -8   10  -13    5   13   -5  -14   -2   -8
    1   10    5    1    2    1    2    1      2718   -5   11    8  -10  -10   -1    8   -3   10   16   -6  -15   -2    2    9    9  -18    2
    1   10    6    1    3    1    3    1      1555   -1  -12    2  -13   -2   13   -2    5  -13   -7  -10   -4   16   -5   -4    4    8   12
    1   10    7    1    2    3    2    1      1446   -6   12    7  -10  -19    3   16   -4    7   14    5  -18    3    4   10   13  -10   -7
    1   10    8    1    1    1    1    1      1006   -9  -10    8    3  -11   -7   14   -6    3  -10   11  -14    4   12    4    1   -4   -6
    1   10    9    1    3    3    3    1      1560    1   -9    0  -14    1   12   -6    7  -12  -10   -8  -11   15  -10    2   20    5   15
    1   10   10    1    2    5    3    0       987   -4   11   11  -12   -7    4   16    3    3   22   -6  -12   -3    3    9   15  -10   -7
    1   10   11    1    3    5    1    0      2117   -3   -9    3  -16   -2   13   -3    9   -9   -2  -10  -10   14   -9    3   10    9   21
    1   10   12    1    3    2    2    0      1842   -2  -10    1  -15    0   11   -1    7  -15   -8  -14   -5   15  -10    7   10   12   11
    1   10   13    1    1    4    1    1       986  -14   -5   -8   13  -12   -4   14   -4   10   -8    5  -13   13    8    1   -3   -3   -6
    1   10   14    1    1    5    1    1      1060  -14   -6    8   15   -6    7   13   -3    9   -5   11  -14    3   10    1   -2   -4   -6
    1   10   15    1    2    2    1    0       923   -4   12    9  -12  -12    0    4    0    8   17   -4  -14   -1    3   19   12  -19   -8
    1   11    1    1    2    4    2    1      1160   -5   13   10  -13  -10    1    5   -1    8   14  -11  -21    4   -5   11   12  -13  -11
    1   11    2    1    1    3    1    1      2300   -9   -9    0    6  -15   -4   13  -14   18   -8    9  -14    3   17    0   -3    0  -10
    1   11    3    1    1    2    1    1      2241   -9  -11   -2   -1  -13   -2   15   -4    9   -8   10  -13    5   13   -5  -14   -2   -8
    1   11    4    1    3    3    3    1      1001    1   -9    0  -14    1   12   -6    7  -12  -10   -8  -11   15  -10    2   20    5   15
    1   11    5    1    2    3    2    1       851   -6   12    7  -10  -19    3   16   -4    7   14    5  -18    3    4   10   13  -10   -7
    1   11    6    1    3    1    2    0      1586   -1  -12    2  -13   -2   13   -2    5  -13   -7  -10   -4   16   -5   -4    4    8   12
    1   11    7    1    1    5    3    0       820  -14   -6    8   15   -6    7   13   -3    9   -5   11  -14    3   10    1   -2   -4   -6
    1   11    8    1    2    5    1    0      4405   -4   11   11  -12   -7    4   16    3    3   22   -6  -12   -3    3    9   15  -10   -7
    1   11    9    1    1    1    1    1       758   -9  -10    8    3  -11   -7   14   -6    3  -10   11  -14    4   12    4    1   -4   -6
    1   11   10    1    3    2    3    1      3529   -2  -10    1  -15    0   11   -1    7  -15   -8  -14   -5   15  -10    7   10   12   11
    1   11   11    1    2    2    1    0       911   -4   12    9  -12  -12    0    4    0    8   17   -4  -14   -1    3   19   12  -19   -8
    1   11   12    1    2    1    3    0      1420   -5   11    8  -10  -10   -1    8   -3   10   16   -6  -15   -2    2    9    9  -18    2
    1   11   13    1    1    4    1    1      1028  -14   -5   -8   13  -12   -4   14   -4   10   -8    5  -13   13    8    1   -3   -3   -6
    1   11   14    1    3    4    3    1       925   -2   -9    1   -8    0   12   -9    8  -16  -11  -14   -5   22  -19    6   20    9   12
    1   11   15    1    3    5    2    0      1450   -3   -9    3  -16   -2   13   -3    9   -9   -2  -10  -10   14   -9    3   10    9   21
    1   12    1    1    2    1    3    0      1874   -5   11    8  -10  -10   -1    8   -3   10   16   -6  -15   -2    2    9    9  -18    2
    1   12    2    1    2    4    2    1      1384   -5   13   10  -13  -10    1    5   -1    8   14  -11  -21    4   -5   11   12  -13  -11
    1   12    3    1    3    4    3    1       738   -2   -9    1   -8    0   12   -9    8  -16  -11  -14   -5   22  -19    6   20    9   12
    1   12    4    1    3    1    2    0      3030   -1  -12    2  -13   -2   13   -2    5  -13   -7  -10   -4   16   -5   -4    4    8   12
    1   12    5    1    1    1    1    1       655   -9  -10    8    3  -11   -7   14   -6    3  -10   11  -14    4   12    4    1   -4   -6
    1   12    6    1    3    3    3    1      1047    1   -9    0  -14    1   12   -6    7  -12  -10   -8  -11   15  -10    2   20    5   15
    1   12    7    1    1    2    1    1       942   -9  -11   -2   -1  -13   -2   15   -4    9   -8   10  -13    5   13   -5  -14   -2   -8
    1   12    8    1    3    5    2    0      1946   -3   -9    3  -16   -2   13   -3    9   -9   -2  -10  -10   14   -9    3   10    9   21
    1   12    9    1    1    4    1    1       703  -14   -5   -8   13  -12   -4   14   -4   10   -8    5  -13   13    8    1   -3   -3   -6
    1   12   10    1    2    3    2    1      1396   -6   12    7  -10  -19    3   16   -4    7   14    5  -18    3    4   10   13  -10   -7
    1   12   11    1    1    5    3    0      2366  -14   -6    8   15   -6    7   13   -3    9   -5   11  -14    3   10    1   -2   -4   -6
    1   12   12    1    2    2    2    1      1009   -4   12    9  -12  -12    0    4    0    8   17   -4  -14   -1    3   19   12  -19   -8
    1   12   13    1    3    2    3    1      1386   -2  -10    1  -15    0   11   -1    7  -15   -8  -14   -5   15  -10    7   10   12   11
    1   12   14    1    2    5    2    1      1572   -4   11   11  -12   -7    4   16    3    3   22   -6  -12   -3    3    9   15  -10   -7
    1   12   15    1    1    3    1    1      1703   -9   -9    0    6  -15   -4   13  -14   18   -8    9  -14    3   17    0   -3    0  -10
    1   13    1    1    1    4    1    1       757  -14   -5   -8   13  -12   -4   14   -4   10   -8    5  -13   13    8    1   -3   -3   -6
    1   13    2    1    1    2    1    1       792   -9  -11   -2   -1  -13   -2   15   -4    9   -8   10  -13    5   13   -5  -14   -2   -8
    1   13    3    1    3    1    2    0      1754   -1  -12    2  -13   -2   13   -2    5  -13   -7  -10   -4   16   -5   -4    4    8   12
    1   13    4    1    2    2    2    1       870   -4   12    9  -12  -12    0    4    0    8   17   -4  -14   -1    3   19   12  -19   -8
    1   13    5    1    2    4    1    0      1220   -5   13   10  -13  -10    1    5   -1    8   14  -11  -21    4   -5   11   12  -13  -11
    1   13    6    1    3    4    3    1       677   -2   -9    1   -8    0   12   -9    8  -16  -11  -14   -5   22  -19    6   20    9   12
    1   13    7    1    3    2    3    1      3612   -2  -10    1  -15    0   11   -1    7  -15   -8  -14   -5   15  -10    7   10   12   11
    1   13    8    1    3    5    1    0      1805   -3   -9    3  -16   -2   13   -3    9   -9   -2  -10  -10   14   -9    3   10    9   21
    1   13    9    1    1    5    1    1       903  -14   -6    8   15   -6    7   13   -3    9   -5   11  -14    3   10    1   -2   -4   -6
    1   13   10    1    2    3    3    0      2052   -6   12    7  -10  -19    3   16   -4    7   14    5  -18    3    4   10   13  -10   -7
    1   13   11    1    2    5    3    0      1779   -4   11   11  -12   -7    4   16    3    3   22   -6  -12   -3    3    9   15  -10   -7
    1   13   12    1    1    3    1    1      1566   -9   -9    0    6  -15   -4   13  -14   18   -8    9  -14    3   17    0   -3    0  -10
    1   13   13    1    1    1    1    1       769   -9  -10    8    3  -11   -7   14   -6    3  -10   11  -14    4   12    4    1   -4   -6
    1   13   14    1    3    3    3    1       964    1   -9    0  -14    1   12   -6    7  -12  -10   -8  -11   15  -10    2   20    5   15
    1   13   15    1    2    1    3    0      1967   -5   11    8  -10  -10   -1    8   -3   10   16   -6  -15   -2    2    9    9  -18    2
    1   14    1    1    2    5    2    1      1730   -4   11   11  -12   -7    4   16    3    3   22   -6  -12   -3    3    9   15  -10   -7
    1   14    2    1    3    4    3    1      1663   -2   -9    1   -8    0   12   -9    8  -16  -11  -14   -5   22  -19    6   20    9   12
    1   14    3    1    1    5    1    1       862  -14   -6    8   15   -6    7   13   -3    9   -5   11  -14    3   10    1   -2   -4   -6
    1   14    4    1    2    4    2    1      1117   -5   13   10  -13  -10    1    5   -1    8   14  -11  -21    4   -5   11   12  -13  -11
    1   14    5    1    3    2    2    0      1026   -2  -10    1  -15    0   11   -1    7  -15   -8  -14   -5   15  -10    7   10   12   11
    1   14    6    1    3    5    3    1      1259   -3   -9    3  -16   -2   13   -3    9   -9   -2  -10  -10   14   -9    3   10    9   21
    1   14    7    1    3    3    3    1      1290    1   -9    0  -14    1   12   -6    7  -12  -10   -8  -11   15  -10    2   20    5   15
    1   14    8    1    1    1    1    1       568   -9  -10    8    3  -11   -7   14   -6    3  -10   11  -14    4   12    4    1   -4   -6
    1   14    9    1    2    3    2    1      1395   -6   12    7  -10  -19    3   16   -4    7   14    5  -18    3    4   10   13  -10   -7
    1   14   10    1    1    2    1    1       829   -9  -11   -2   -1  -13   -2   15   -4    9   -8   10  -13    5   13   -5  -14   -2   -8
    1   14   11    1    3    1    2    0      1470   -1  -12    2  -13   -2   13   -2    5  -13   -7  -10   -4   16   -5   -4    4    8   12
    1   14   12    1    2    2    2    1      1477   -4   12    9  -12  -12    0    4    0    8   17   -4  -14   -1    3   19   12  -19   -8
    1   14   13    1    2    1    2    1       779   -5   11    8  -10  -10   -1    8   -3   10   16   -6  -15   -2    2    9    9  -18    2
    1   14   14    1    1    4    1    1       718  -14   -5   -8   13  -12   -4   14   -4   10   -8    5  -13   13    8    1   -3   -3   -6
    1   14   15    1    1    3    3    0      1203   -9   -9    0    6  -15   -4   13  -14   18   -8    9  -14    3   17    0   -3    0  -10
    1   15    1    1    2    3    2    1       676   -6   12    7  -10  -19    3   16   -4    7   14    5  -18    3    4   10   13  -10   -7
    1   15    2    1    1    3    1    1      1259   -9   -9    0    6  -15   -4   13  -14   18   -8    9  -14    3   17    0   -3    0  -10
    1   15    3    1    1    1    1    1       874   -9  -10    8    3  -11   -7   14   -6    3  -10   11  -14    4   12    4    1   -4   -6
    1   15    4    1    2    1    2    1       841   -5   11    8  -10  -10   -1    8   -3   10   16   -6  -15   -2    2    9    9  -18    2
    1   15    5    1    1    5    1    1       841  -14   -6    8   15   -6    7   13   -3    9   -5   11  -14    3   10    1   -2   -4   -6
    1   15    6    1    3    4    3    1       857   -2   -9    1   -8    0   12   -9    8  -16  -11  -14   -5   22  -19    6   20    9   12
    1   15    7    1    3    3    3    1      1097    1   -9    0  -14    1   12   -6    7  -12  -10   -8  -11   15  -10    2   20    5   15
    1   15    8    1    2    4    2    1      2078   -5   13   10  -13  -10    1    5   -1    8   14  -11  -21    4   -5   11   12  -13  -11
    1   15    9    1    1    4    1    1       525  -14   -5   -8   13  -12   -4   14   -4   10   -8    5  -13   13    8    1   -3   -3   -6
    1   15   10    1    3    2    3    1      1578   -2  -10    1  -15    0   11   -1    7  -15   -8  -14   -5   15  -10    7   10   12   11
    1   15   11    1    2    5    2    1      3085   -4   11   11  -12   -7    4   16    3    3   22   -6  -12   -3    3    9   15  -10   -7
    1   15   12    1    2    2    2    1       931   -4   12    9  -12  -12    0    4    0    8   17   -4  -14   -1    3   19   12  -19   -8
    1   15   13    1    3    1    2    0      1072   -1  -12    2  -13   -2   13   -2    5  -13   -7  -10   -4   16   -5   -4    4    8   12
    1   15   14    1    1    2    1    1       742   -9  -11   -2   -1  -13   -2   15   -4    9   -8   10  -13    5   13   -5  -14   -2   -8
    1   15   15    1    3    5    3    1      1146   -3   -9    3  -16   -2   13   -3    9   -9   -2  -10  -10   14   -9    3   10    9   21
    2    1    1    4    1    1    2    1      2537  -10  -11    1    4  -13   -1   15    0   10   -6    9  -14    4   10   -3   -1   -3  -10
    2    1    2    6    0    0    2    1      2885    9  -15    5   -6    0   10   13  -12  -13    2    8    3   -9   16   -4  -24  -11    8
    2    1    3    4    1    3    2    1       947   -3   -9   -2    7  -12   -1   15   -5   11   -5   11  -14    3   11    0   -5   -5   -6
    2    1    4    4    1    5    1    0      2079   -9   -8    1    6  -12   -4   10   -9   12   -3    6  -20    5   11    1   -5   -4   -6
    2    1    5    1    3    4    1    1      2110   -2   -9    1   -8    0   12   -9    8  -16  -11  -14   -5   22  -19    6   20    9   12
    2    1    6    6    0    0    2    1      1388   14   -5   -8   10   -7  -10   -6   16    5  -14  -11   14   -8  -12    7    3   -9   21
    2    1    7    6    0    0    2    1      3798    9   -8   -8    9   -8  -10    1    8    5  -15  -12   14   -5  -10    6    2  -11   17
    2    1    8    4    3    5    1    0      1215   -3  -12    6  -16   -3   15   -2    8  -15   -7  -12   -6   14   -8    5   11    8   11
    2    1    9    4    2    5    1    0      2240   -6   10    8   -9  -12    0    4    1    9   15   -4  -12   -2    4   10   11   -9   -9
    2    1   10    1    2    4    1    1       808   -5   13   10  -13  -10    1    5   -1    8   14  -11  -21    4   -5   11   12  -13  -11
    2    1   11    1    3    3    1    1       809    1   -9    0  -14    1   12   -6    7  -12  -10   -8  -11   15  -10    2   20    5   15
    2    1   12    1    3    1    1    1       731   -1  -12    2  -13   -2   13   -2    5  -13   -7  -10   -4   16   -5   -4    4    8   12
    2    1   13    4    3    2    1    0      2096    3  -12    2  -14   -3   15   -4    8  -12  -10  -12   -6   10   -8    0    9    8   13
    2    1   14    6    0    0    1    0      1278   -1  -10   -6  -19    9   10   20  -19  -11   -7    2   -3   -9   17  -21  -17   -9    6
    2    1   15    2    1    0    2    1      1693  -10   -9    1    5  -12   -2   14   -5   11   -7   10  -14    3   12    0   -4   -4   -7
    2    1   16    4    3    3    1    0      2570    4   -9   -1  -13  -10   13   -3    7  -14   -7  -14   -4   14  -10    4   12    7   15
    2    1   17    4    2    2    1    0       949   -7   13    9  -12  -13    5    7    0   17   17   -6   -8   -2    2    9   14   -6   -2
    2    1   18    2    2    0    1    0       769   -5   12    9  -11  -10    0    6    0    8   15   -4  -13   -2    3    9   13  -10   -8
    2    1   19    1    2    2    1    1       628   -4   12    9  -12  -12    0    4    0    8   17   -4  -14   -1    3   19   12  -19   -8
    2    1   20    1    1    3    1    1      1036   -9   -9    0    6  -15   -4   13  -14   18   -8    9  -14    3   17    0   -3    0  -10
    2    1   21    1    1    1    1    1      1604   -9  -10    8    3  -11   -7   14   -6    3  -10   11  -14    4   12    4    1   -4   -6
    2    1   22    6    0    0    2    1       710    5   -7   13   -5    9    9    7    2    8   -1   -1   -8  -12   11  -22  -13   11  -10
    2    1   23    1    1    5    1    1      2475  -14   -6    8   15   -6    7   13   -3    9   -5   11  -14    3   10    1   -2   -4   -6
    2    1   24    4    2    1    2    1      1642   -8    4   11  -10   -9   -1    7    2   10   16   -8  -21    6    0    9   12   -9   -9
    2    1   25    1    3    5    1    1       986   -3   -9    3  -16   -2   13   -3    9   -9   -2  -10  -10   14   -9    3   10    9   21
    2    1   26    6    0    0    2    1      1092    4   -6    5  -16    4    7   10    4    7   -1    2  -10   -9    8  -15   -3   23  -15
    2    1   27    1    1    4    1    1      2074  -14   -5   -8   13  -12   -4   14   -4   10   -8    5  -13   13    8    1   -3   -3   -6
    2    1   28    4    2    3    2    1      1817   -4   12    8  -10  -10   -1    5    5   14   13    4  -21   -3    3    9   12   -5  -13
    2    1   29    2    3    0    1    0       882   -1  -11    1  -14   -1   13   -2    7  -14   -8  -13   -5   13   -9    5   12    7   13
    2    1   30    4    1    4    2    1      1327  -20   -2    2    7  -14   -5   14   -1    8   -8    9  -14    4   11    0   -5   -2   -7
    2    1   31    1    2    1    2    0      1708   -5   11    8  -10  -10   -1    8   -3   10   16   -6  -15   -2    2    9    9  -18    2
    2    1   32    1    2    3    2    0      1002   -6   12    7  -10  -19    3   16   -4    7   14    5  -18    3    4   10   13  -10   -7
    2    1   33    4    3    1    2    1      1107   -6   -8    1  -13   -6   15    8    3  -15   -9  -20    1   13   -8    5   11    9   14
    2    1   34    4    3    4    1    0       824   -3  -10    0  -13   -5   11   -4    5  -13   -9  -11   -7   14   -9    5   11    6   13
    2    1   35    4    1    2    2    1      1225   -9   -9    1    4  -13   -3   15   -5   12   -8    9  -16    4   11    1   -6   -5   -8
    2    1   36    1    2    5    2    0      1018   -4   11   11  -12   -7    4   16    3    3   22   -6  -12   -3    3    9   15  -10   -7
    2    1   37    4    2    4    2    1       739   -6   11    9   -8  -10    1    4    0   11    8   -4  -14   -2    4   10   12  -12   -6
    2    1   38    1    1    2    1    1      1127   -9  -11   -2   -1  -13   -2   15   -4    9   -8   10  -13    5   13   -5  -14   -2   -8
    2    1   39    1    3    2    1    1       763   -2  -10    1  -15    0   11   -1    7  -15   -8  -14   -5   15  -10    7   10   12   11
