    1    1    1    1    1    5    1    1      8011    7   22   10   13   -1  -11   11   15    3    6   12    3   -2   10   10    5   13   14
    1    1    2    1    3    3    2    0      1649   13   -4   13   13   -2  -12   -4   14    7    9   -3   -6    4   -9   -7  -12   10  -12
    1    1    3    1    2    1    3    0      2848   14    7  -15    3   13  -12    3   12    5   -8    1  -11  -10   -8   -3   -7   15   -8
    1    1    4    1    1    2    1    1      1328   -1   17   14   12   -5  -12   17   14    5   13   14    1   -1    9   10    4   14   17
    1    1    5    1    2    3    2    1      1740   10    7  -13    3   -4  -11    1   17    5   -8    2  -11   -2   -4   -3   -2   15   -8
    1    1    6    1    1    1    1    1      1416    0   16   11   12   -6  -10   17   11    9   13   13    1   -2   11   11    8   22    9
    1    1    7    1    1    3    1    1      1345   -1   15   14   10  -14   -1   17   10    3   11   14    2    1   12   11    2   14   14
    1    1    8    1    3    2    3    1       797   12   -2   13   14   -3   -8   -7   16   12    5   -8    5   10    0   -9   -8   14  -13
    1    1    9    1    3    4    3    1      1150   13    5   11   13   -3  -12   -9   13    5    8  -10    4    1   -6   -9   -9   11  -12
    1    1   10    1    2    4    2    1       961   11    7  -14    5   -2    5    7   11    7  -11    2  -13  -13    0   -2   -7   14   -7
    1    1   11    1    1    4    1    1       684   -2   16   12   11   -4  -10   17   12    4   11   14    2   -1   10   16    7    9   13
    1    1   12    1    3    1    3    1      1155   17   -4   11   17   -5  -10   -2   13    9   10   -7    4    2   -9   -6  -12   11  -15
    1    1   13    1    2    5    2    1       790   11   10  -12    4    6   -1    5   14    5   -5    3  -12  -10   -6   -5   -7   15   -9
    1    1   14    1    3    5    2    0       952   10   -7   14   13   -3  -11   -5   15    8   10   -7    4    0  -13   -9  -10   12  -15
    1    1   15    1    2    2    3    0      1139   16    3  -13    2    5   -2    5   12    6   -6   -3   -1   -8   -7   -3   -5   14   -8
    1    2    1    1    2    1    3    0      2295   14    7  -15    3   13  -12    3   12    5   -8    1  -11  -10   -8   -3   -7   15   -8
    1    2    2    1    3    4    3    1       797   13    5   11   13   -3  -12   -9   13    5    8  -10    4    1   -6   -9   -9   11  -12
    1    2    3    1    2    5    2    1       990   11   10  -12    4    6   -1    5   14    5   -5    3  -12  -10   -6   -5   -7   15   -9
    1    2    4    1    1    1    1    1      1064    0   16   11   12   -6  -10   17   11    9   13   13    1   -2   11   11    8   22    9
    1    2    5    1    1    5    1    1       751    7   22   10   13   -1  -11   11   15    3    6   12    3   -2   10   10    5   13   14
    1    2    6    1    1    3    1    1       626   -1   15   14   10  -14   -1   17   10    3   11   14    2    1   12   11    2   14   14
    1    2    7    1    2    3    3    0      1771   10    7  -13    3   -4  -11    1   17    5   -8    2  -11   -2   -4   -3   -2   15   -8
    1    2    8    1    3    5    3    1      1077   10   -7   14   13   -3  -11   -5   15    8   10   -7    4    0  -13   -9  -10   12  -15
    1    2    9    1    3    2    2    0      1356   12   -2   13   14   -3   -8   -7   16   12    5   -8    5   10    0   -9   -8   14  -13
    1    2   10    1    2    4    2    1      1575   11    7  -14    5   -2    5    7   11    7  -11    2  -13  -13    0   -2   -7   14   -7
    1    2   11    1    3    3    2    0      1274   13   -4   13   13   -2  -12   -4   14    7    9   -3   -6    4   -9   -7  -12   10  -12
    1    2   12    1    3    1    3    1      2313   17   -4   11   17   -5  -10   -2   13    9   10   -7    4    2   -9   -6  -12   11  -15
    1    2   13    1    1    4    1    1       733   -2   16   12   11   -4  -10   17   12    4   11   14    2   -1   10   16    7    9   13
    1    2   14    1    2    2    3    0      1889   16    3  -13    2    5   -2    5   12    6   -6   -3   -1   -8   -7   -3   -5   14   -8
    1    2   15    1    1    2    1    1       631   -1   17   14   12   -5  -12   17   14    5   13   14    1   -1    9   10    4   14   17
    1    3    1    1    1    5    1    1       639    7   22   10   13   -1  -11   11   15    3    6   12    3   -2   10   10    5   13   14
    1    3    2    1    3    1    2    0      1543   17   -4   11   17   -5  -10   -2   13    9   10   -7    4    2   -9   -6  -12   11  -15
    1    3    3    1    1    4    1    1       635   -2   16   12   11   -4  -10   17   12    4   11   14    2   -1   10   16    7    9   13
    1    3    4    1    3    3    3    1       915   13   -4   13   13   -2  -12   -4   14    7    9   -3   -6    4   -9   -7  -12   10  -12
    1    3    5    1    2    1    2    1       639   14    7  -15    3   13  -12    3   12    5   -8    1  -11  -10   -8   -3   -7   15   -8
    1    3    6    1    3    4    3    1      1383   13    5   11   13   -3  -12   -9   13    5    8  -10    4    1   -6   -9   -9   11  -12
    1    3    7    1    1    2    1    1       513   -1   17   14   12   -5  -12   17   14    5   13   14    1   -1    9   10    4   14   17
    1    3    8    1    1    1    1    1       622    0   16   11   12   -6  -10   17   11    9   13   13    1   -2   11   11    8   22    9
    1    3    9    1    2    2    2    1      2247   16    3  -13    2    5   -2    5   12    6   -6   -3   -1   -8   -7   -3   -5   14   -8
    1    3   10    1    2    4    2    1       894   11    7  -14    5   -2    5    7   11    7  -11    2  -13  -13    0   -2   -7   14   -7
    1    3   11    1    2    5    2    1      1500   11   10  -12    4    6   -1    5   14    5   -5    3  -12  -10   -6   -5   -7   15   -9
    1    3   12    1    2    3    3    0      1073   10    7  -13    3   -4  -11    1   17    5   -8    2  -11   -2   -4   -3   -2   15   -8
    1    3   13    1    1    3    1    1       616   -1   15   14   10  -14   -1   17   10    3   11   14    2    1   12   11    2   14   14
    1    3   14    1    3    5    3    1      1137   10   -7   14   13   -3  -11   -5   15    8   10   -7    4    0  -13   -9  -10   12  -15
    1    3   15    1    3    2    3    1      1284   12   -2   13   14   -3   -8   -7   16   12    5   -8    5   10    0   -9   -8   14  -13
    1    4    1    1    3    5    3    1       610   10   -7   14   13   -3  -11   -5   15    8   10   -7    4    0  -13   -9  -10   12  -15
    1    4    2    1    1    1    1    1       636    0   16   11   12   -6  -10   17   11    9   13   13    1   -2   11   11    8   22    9
    1    4    3    1    1    5    1    1       708    7   22   10   13   -1  -11   11   15    3    6   12    3   -2   10   10    5   13   14
    1    4    4    1    2    4    2    1       889   11    7  -14    5   -2    5    7   11    7  -11    2  -13  -13    0   -2   -7   14   -7
    1    4    5    1    1    3    1    1       743   -1   15   14   10  -14   -1   17   10    3   11   14    2    1   12   11    2   14   14
    1    4    6    1    2    3    2    1      1115   10    7  -13    3   -4  -11    1   17    5   -8    2  -11   -2   -4   -3   -2   15   -8
    1    4    7    1    3    3    3    1      1439   13   -4   13   13   -2  -12   -4   14    7    9   -3   -6    4   -9   -7  -12   10  -12
    1    4    8    1    1    2    1    1       615   -1   17   14   12   -5  -12   17   14    5   13   14    1   -1    9   10    4   14   17
    1    4    9    1    3    1    2    0      1104   17   -4   11   17   -5  -10   -2   13    9   10   -7    4    2   -9   -6  -12   11  -15
    1    4   10    1    2    2    2    1       885   16    3  -13    2    5   -2    5   12    6   -6   -3   -1   -8   -7   -3   -5   14   -8
    1    4   11    1    2    5    2    1       659   11   10  -12    4    6   -1    5   14    5   -5    3  -12  -10   -6   -5   -7   15   -9
    1    4   12    1    3    4    3    1      1163   13    5   11   13   -3  -12   -9   13    5    8  -10    4    1   -6   -9   -9   11  -12
    1    4   13    1    2    1    2    1       845   14    7  -15    3   13  -12    3   12    5   -8    1  -11  -10   -8   -3   -7   15   -8
    1    4   14    1    3    2    3    1      1117   12   -2   13   14   -3   -8   -7   16   12    5   -8    5   10    0   -9   -8   14  -13
    1    4   15    1    1    4    1    1       626   -2   16   12   11   -4  -10   17   12    4   11   14    2   -1   10   16    7    9   13
    1    5    1    1    3    5    3    1      1226   10   -7   14   13   -3  -11   -5   15    8   10   -7    4    0  -13   -9  -10   12  -15
    1    5    2    1    1    5    1    1       635    7   22   10   13   -1  -11   11   15    3    6   12    3   -2   10   10    5   13   14
    1    5    3    1    1    2    1    1       483   -1   17   14   12   -5  -12   17   14    5   13   14    1   -1    9   10    4   14   17
    1    5    4    1    1    1    1    1       497    0   16   11   12   -6  -10   17   11    9   13   13    1   -2   11   11    8   22    9
    1    5    5    1    2    4    2    1       702   11    7  -14    5   -2    5    7   11    7  -11    2  -13  -13    0   -2   -7   14   -7
    1    5    6    1    3    1    2    0      1715   17   -4   11   17   -5  -10   -2   13    9   10   -7    4    2   -9   -6  -12   11  -15
    1    5    7    1    2    3    2    1       800   10    7  -13    3   -4  -11    1   17    5   -8    2  -11   -2   -4   -3   -2   15   -8
    1    5    8    1    2    1    2    1      2593   14    7  -15    3   13  -12    3   12    5   -8    1  -11  -10   -8   -3   -7   15   -8
    1    5    9    1    1    4    1    1       539   -2   16   12   11   -4  -10   17   12    4   11   14    2   -1   10   16    7    9   13
    1    5   10    1    2    5    3    0      1111   11   10  -12    4    6   -1    5   14    5   -5    3  -12  -10   -6   -5   -7   15   -9
    1    5   11    1    1    3    1    1       557   -1   15   14   10  -14   -1   17   10    3   11   14    2    1   12   11    2   14   14
    1    5   12    1    3    2    3    1      1928   12   -2   13   14   -3   -8   -7   16   12    5   -8    5   10    0   -9   -8   14  -13
    1    5   13    1    3    4    3    1       925   13    5   11   13   -3  -12   -9   13    5    8  -10    4    1   -6   -9   -9   11  -12
    1    5   14    1    2    2    2    1      1241   16    3  -13    2    5   -2    5   12    6   -6   -3   -1   -8   -7   -3   -5   14   -8
    1    5   15    1    3    3    3    1      1241   13   -4   13   13   -2  -12   -4   14    7    9   -3   -6    4   -9   -7  -12   10  -12
    1    6    1    1    3    5    3    1      1337   10   -7   14   13   -3  -11   -5   15    8   10   -7    4    0  -13   -9  -10   12  -15
    1    6    2    1    2    1    2    1       949   14    7  -15    3   13  -12    3   12    5   -8    1  -11  -10   -8   -3   -7   15   -8
    1    6    3    1    1    3    1    1       640   -1   15   14   10  -14   -1   17   10    3   11   14    2    1   12   11    2   14   14
    1    6    4    1    3    1    2    0      1832   17   -4   11   17   -5  -10   -2   13    9   10   -7    4    2   -9   -6  -12   11  -15
    1    6    5    1    1    5    1    1       560    7   22   10   13   -1  -11   11   15    3    6   12    3   -2   10   10    5   13   14
    1    6    6    1    3    2    3    1      1435   12   -2   13   14   -3   -8   -7   16   12    5   -8    5   10    0   -9   -8   14  -13
    1    6    7    1    1    1    1    1       931    0   16   11   12   -6  -10   17   11    9   13   13    1   -2   11   11    8   22    9
    1    6    8    1    1    4    1    1       751   -2   16   12   11   -4  -10   17   12    4   11   14    2   -1   10   16    7    9   13
    1    6    9    1    3    3    3    1      1363   13   -4   13   13   -2  -12   -4   14    7    9   -3   -6    4   -9   -7  -12   10  -12
    1    6   10    1    2    3    2    1      1197   10    7  -13    3   -4  -11    1   17    5   -8    2  -11   -2   -4   -3   -2   15   -8
    1    6   11    1    2    2    2    1      1343   16    3  -13    2    5   -2    5   12    6   -6   -3   -1   -8   -7   -3   -5   14   -8
    1    6   12    1    1    2    1    1       571   -1   17   14   12   -5  -12   17   14    5   13   14    1   -1    9   10    4   14   17
    1    6   13    1    3    4    3    1      1269   13    5   11   13   -3  -12   -9   13    5    8  -10    4    1   -6   -9   -9   11  -12
    1    6   14    1    2    5    2    1      1188   11   10  -12    4    6   -1    5   14    5   -5    3  -12  -10   -6   -5   -7   15   -9
    1    6   15    1    2    4    2    1      1366   11    7  -14    5   -2    5    7   11    7  -11    2  -13  -13    0   -2   -7   14   -7
    1    7    1    1    3    2    3    1      3120   12   -2   13   14   -3   -8   -7   16   12    5   -8    5   10    0   -9   -8   14  -13
    1    7    2    1    2    4    2    1       837   11    7  -14    5   -2    5    7   11    7  -11    2  -13  -13    0   -2   -7   14   -7
    1    7    3    1    1    2    1    1       933   -1   17   14   12   -5  -12   17   14    5   13   14    1   -1    9   10    4   14   17
    1    7    4    1    1    3    1    1       705   -1   15   14   10  -14   -1   17   10    3   11   14    2    1   12   11    2   14   14
    1    7    5    1    1    5    1    1       918    7   22   10   13   -1  -11   11   15    3    6   12    3   -2   10   10    5   13   14
    1    7    6    1    2    3    2    1      1234   10    7  -13    3   -4  -11    1   17    5   -8    2  -11   -2   -4   -3   -2   15   -8
    1    7    7    1    1    4    1    1       547   -2   16   12   11   -4  -10   17   12    4   11   14    2   -1   10   16    7    9   13
    1    7    8    1    3    4    3    1      1950   13    5   11   13   -3  -12   -9   13    5    8  -10    4    1   -6   -9   -9   11  -12
    1    7    9    1    2    2    2    1       961   16    3  -13    2    5   -2    5   12    6   -6   -3   -1   -8   -7   -3   -5   14   -8
    1    7   10    1    3    5    3    1      1388   10   -7   14   13   -3  -11   -5   15    8   10   -7    4    0  -13   -9  -10   12  -15
    1    7   11    1    3    3    3    1       870   13   -4   13   13   -2  -12   -4   14    7    9   -3   -6    4   -9   -7  -12   10  -12
    1    7   12    1    1    1    1    1       725    0   16   11   12   -6  -10   17   11    9   13   13    1   -2   11   11    8   22    9
    1    7   13    1    2    5    2    1      1561   11   10  -12    4    6   -1    5   14    5   -5    3  -12  -10   -6   -5   -7   15   -9
    1    7   14    1    3    1    2    0      2797   17   -4   11   17   -5  -10   -2   13    9   10   -7    4    2   -9   -6  -12   11  -15
    1    7   15    1    2    1    2    1      1246   14    7  -15    3   13  -12    3   12    5   -8    1  -11  -10   -8   -3   -7   15   -8
    1    8    1    1    1    3    1    1       589   -1   15   14   10  -14   -1   17   10    3   11   14    2    1   12   11    2   14   14
    1    8    2    1    2    3    2    1       935   10    7  -13    3   -4  -11    1   17    5   -8    2  -11   -2   -4   -3   -2   15   -8
    1    8    3    1    3    2    3    1       755   12   -2   13   14   -3   -8   -7   16   12    5   -8    5   10    0   -9   -8   14  -13
    1    8    4    1    1    4    1    1       855   -2   16   12   11   -4  -10   17   12    4   11   14    2   -1   10   16    7    9   13
    1    8    5    1    2    2    2    1       678   16    3  -13    2    5   -2    5   12    6   -6   -3   -1   -8   -7   -3   -5   14   -8
    1    8    6    1    2    4    2    1       637   11    7  -14    5   -2    5    7   11    7  -11    2  -13  -13    0   -2   -7   14   -7
    1    8    7    1    3    5    3    1       741   10   -7   14   13   -3  -11   -5   15    8   10   -7    4    0  -13   -9  -10   12  -15
    1    8    8    1    3    1    3    1      1609   17   -4   11   17   -5  -10   -2   13    9   10   -7    4    2   -9   -6  -12   11  -15
    1    8    9    1    2    5    2    1       858   11   10  -12    4    6   -1    5   14    5   -5    3  -12  -10   -6   -5   -7   15   -9
    1    8   10    1    2    1    2    1       857   14    7  -15    3   13  -12    3   12    5   -8    1  -11  -10   -8   -3   -7   15   -8
    1    8   11    1    1    1    1    1       665    0   16   11   12   -6  -10   17   11    9   13   13    1   -2   11   11    8   22    9
    1    8   12    1    3    3    3    1       863   13   -4   13   13   -2  -12   -4   14    7    9   -3   -6    4   -9   -7  -12   10  -12
    1    8   13    1    1    5    1    1       622    7   22   10   13   -1  -11   11   15    3    6   12    3   -2   10   10    5   13   14
    1    8   14    1    1    2    1    1       598   -1   17   14   12   -5  -12   17   14    5   13   14    1   -1    9   10    4   14   17
    1    8   15    1    3    4    3    1      1583   13    5   11   13   -3  -12   -9   13    5    8  -10    4    1   -6   -9   -9   11  -12
    1    9    1    1    1    5    1    1      1089    7   22   10   13   -1  -11   11   15    3    6   12    3   -2   10   10    5   13   14
    1    9    2    1    1    1    1    1       599    0   16   11   12   -6  -10   17   11    9   13   13    1   -2   11   11    8   22    9
    1    9    3    1    3    3    3    1       897   13   -4   13   13   -2  -12   -4   14    7    9   -3   -6    4   -9   -7  -12   10  -12
    1    9    4    1    3    4    3    1      1086   13    5   11   13   -3  -12   -9   13    5    8  -10    4    1   -6   -9   -9   11  -12
    1    9    5    1    3    5    3    1       820   10   -7   14   13   -3  -11   -5   15    8   10   -7    4    0  -13   -9  -10   12  -15
    1    9    6    1    1    2    1    1       741   -1   17   14   12   -5  -12   17   14    5   13   14    1   -1    9   10    4   14   17
    1    9    7    1    2    5    2    1       953   11   10  -12    4    6   -1    5   14    5   -5    3  -12  -10   -6   -5   -7   15   -9
    1    9    8    1    2    3    2    1      1028   10    7  -13    3   -4  -11    1   17    5   -8    2  -11   -2   -4   -3   -2   15   -8
    1    9    9    1    3    1    3    1      1004   17   -4   11   17   -5  -10   -2   13    9   10   -7    4    2   -9   -6  -12   11  -15
    1    9   10    1    2    4    2    1       790   11    7  -14    5   -2    5    7   11    7  -11    2  -13  -13    0   -2   -7   14   -7
    1    9   11    1    1    4    1    1       648   -2   16   12   11   -4  -10   17   12    4   11   14    2   -1   10   16    7    9   13
    1    9   12    1    3    2    3    1      1023   12   -2   13   14   -3   -8   -7   16   12    5   -8    5   10    0   -9   -8   14  -13
    1    9   13    1    2    2    2    1       967   16    3  -13    2    5   -2    5   12    6   -6   -3   -1   -8   -7   -3   -5   14   -8
    1    9   14    1    1    3    1    1       770   -1   15   14   10  -14   -1   17   10    3   11   14    2    1   12   11    2   14   14
    1    9   15    1    2    1    2    1      1141   14    7  -15    3   13  -12    3   12    5   -8    1  -11  -10   -8   -3   -7   15   -8
    1   10    1    1    2    2    2    1       793   16    3  -13    2    5   -2    5   12    6   -6   -3   -1   -8   -7   -3   -5   14   -8
    1   10    2    1    1    3    1    1       619   -1   15   14   10  -14   -1   17   10    3   11   14    2    1   12   11    2   14   14
    1   10    3    1    2    5    2    1      1363   11   10  -12    4    6   -1    5   14    5   -5    3  -12  -10   -6   -5   -7   15   -9
    1   10    4    1    3    4    3    1       814   13    5   11   13   -3  -12   -9   13    5    8  -10    4    1   -6   -9   -9   11  -12
    1   10    5    1    1    4    1    1       591   -2   16   12   11   -4  -10   17   12    4   11   14    2   -1   10   16    7    9   13
    1   10    6    1    2    3    2    1      1065   10    7  -13    3   -4  -11    1   17    5   -8    2  -11   -2   -4   -3   -2   15   -8
    1   10    7    1    1    2    1    1       623   -1   17   14   12   -5  -12   17   14    5   13   14    1   -1    9   10    4   14   17
    1   10    8    1    2    1    2    1       808   14    7  -15    3   13  -12    3   12    5   -8    1  -11  -10   -8   -3   -7   15   -8
    1   10    9    1    3    1    3    1      1353   17   -4   11   17   -5  -10   -2   13    9   10   -7    4    2   -9   -6  -12   11  -15
    1   10   10    1    3    3    3    1      1076   13   -4   13   13   -2  -12   -4   14    7    9   -3   -6    4   -9   -7  -12   10  -12
    1   10   11    1    3    2    3    1       603   12   -2   13   14   -3   -8   -7   16   12    5   -8    5   10    0   -9   -8   14  -13
    1   10   12    1    1    1    1    1       612    0   16   11   12   -6  -10   17   11    9   13   13    1   -2   11   11    8   22    9
    1   10   13    1    2    4    2    1       782   11    7  -14    5   -2    5    7   11    7  -11    2  -13  -13    0   -2   -7   14   -7
    1   10   14    1    3    5    3    1       992   10   -7   14   13   -3  -11   -5   15    8   10   -7    4    0  -13   -9  -10   12  -15
    1   10   15    1    1    5    1    1       826    7   22   10   13   -1  -11   11   15    3    6   12    3   -2   10   10    5   13   14
    1   11    1    1    2    3    2    1       826   10    7  -13    3   -4  -11    1   17    5   -8    2  -11   -2   -4   -3   -2   15   -8
    1   11    2    1    2    2    2    1       571   16    3  -13    2    5   -2    5   12    6   -6   -3   -1   -8   -7   -3   -5   14   -8
    1   11    3    1    2    4    2    1       773   11    7  -14    5   -2    5    7   11    7  -11    2  -13  -13    0   -2   -7   14   -7
    1   11    4    1    3    1    3    1      1304   17   -4   11   17   -5  -10   -2   13    9   10   -7    4    2   -9   -6  -12   11  -15
    1   11    5    1    1    5    1    1       661    7   22   10   13   -1  -11   11   15    3    6   12    3   -2   10   10    5   13   14
    1   11    6    1    3    4    3    1       861   13    5   11   13   -3  -12   -9   13    5    8  -10    4    1   -6   -9   -9   11  -12
    1   11    7    1    1    4    1    1       668   -2   16   12   11   -4  -10   17   12    4   11   14    2   -1   10   16    7    9   13
    1   11    8    1    3    5    3    1       915   10   -7   14   13   -3  -11   -5   15    8   10   -7    4    0  -13   -9  -10   12  -15
    1   11    9    1    1    3    1    1       783   -1   15   14   10  -14   -1   17   10    3   11   14    2    1   12   11    2   14   14
    1   11   10    1    1    1    1    1       737    0   16   11   12   -6  -10   17   11    9   13   13    1   -2   11   11    8   22    9
    1   11   11    1    2    5    2    1       789   11   10  -12    4    6   -1    5   14    5   -5    3  -12  -10   -6   -5   -7   15   -9
    1   11   12    1    3    3    3    1       487   13   -4   13   13   -2  -12   -4   14    7    9   -3   -6    4   -9   -7  -12   10  -12
    1   11   13    1    2    1    2    1       709   14    7  -15    3   13  -12    3   12    5   -8    1  -11  -10   -8   -3   -7   15   -8
    1   11   14    1    3    2    3    1       826   12   -2   13   14   -3   -8   -7   16   12    5   -8    5   10    0   -9   -8   14  -13
    1   11   15    1    1    2    1    1       795   -1   17   14   12   -5  -12   17   14    5   13   14    1   -1    9   10    4   14   17
    1   12    1    1    1    2    1    1       573   -1   17   14   12   -5  -12   17   14    5   13   14    1   -1    9   10    4   14   17
    1   12    2    1    1    3    1    1       615   -1   15   14   10  -14   -1   17   10    3   11   14    2    1   12   11    2   14   14
    1   12    3    1    1    5    1    1       800    7   22   10   13   -1  -11   11   15    3    6   12    3   -2   10   10    5   13   14
    1   12    4    1    2    1    2    1       962   14    7  -15    3   13  -12    3   12    5   -8    1  -11  -10   -8   -3   -7   15   -8
    1   12    5    1    3    1    3    1       957   17   -4   11   17   -5  -10   -2   13    9   10   -7    4    2   -9   -6  -12   11  -15
    1   12    6    1    3    3    3    1       824   13   -4   13   13   -2  -12   -4   14    7    9   -3   -6    4   -9   -7  -12   10  -12
    1   12    7    1    1    1    1    1       729    0   16   11   12   -6  -10   17   11    9   13   13    1   -2   11   11    8   22    9
    1   12    8    1    2    3    2    1       893   10    7  -13    3   -4  -11    1   17    5   -8    2  -11   -2   -4   -3   -2   15   -8
    1   12    9    1    3    2    3    1      1083   12   -2   13   14   -3   -8   -7   16   12    5   -8    5   10    0   -9   -8   14  -13
    1   12   10    1    3    4    3    1      1121   13    5   11   13   -3  -12   -9   13    5    8  -10    4    1   -6   -9   -9   11  -12
    1   12   11    1    2    5    2    1       822   11   10  -12    4    6   -1    5   14    5   -5    3  -12  -10   -6   -5   -7   15   -9
    1   12   12    1    1    4    1    1       726   -2   16   12   11   -4  -10   17   12    4   11   14    2   -1   10   16    7    9   13
    1   12   13    1    2    2    2    1       667   16    3  -13    2    5   -2    5   12    6   -6   -3   -1   -8   -7   -3   -5   14   -8
    1   12   14    1    3    5    3    1       689   10   -7   14   13   -3  -11   -5   15    8   10   -7    4    0  -13   -9  -10   12  -15
    1   12   15    1    2    4    2    1       776   11    7  -14    5   -2    5    7   11    7  -11    2  -13  -13    0   -2   -7   14   -7
    1   13    1    1    2    5    2    1       762   11   10  -12    4    6   -1    5   14    5   -5    3  -12  -10   -6   -5   -7   15   -9
    1   13    2    1    2    3    2    1       718   10    7  -13    3   -4  -11    1   17    5   -8    2  -11   -2   -4   -3   -2   15   -8
    1   13    3    1    2    2    2    1       754   16    3  -13    2    5   -2    5   12    6   -6   -3   -1   -8   -7   -3   -5   14   -8
    1   13    4    1    3    2    3    1       837   12   -2   13   14   -3   -8   -7   16   12    5   -8    5   10    0   -9   -8   14  -13
    1   13    5    1    1    3    1    1       581   -1   15   14   10  -14   -1   17   10    3   11   14    2    1   12   11    2   14   14
    1   13    6    1    2    1    2    1       832   14    7  -15    3   13  -12    3   12    5   -8    1  -11  -10   -8   -3   -7   15   -8
    1   13    7    1    3    1    3    1       831   17   -4   11   17   -5  -10   -2   13    9   10   -7    4    2   -9   -6  -12   11  -15
    1   13    8    1    3    3    3    1       815   13   -4   13   13   -2  -12   -4   14    7    9   -3   -6    4   -9   -7  -12   10  -12
    1   13    9    1    1    4    1    1       624   -2   16   12   11   -4  -10   17   12    4   11   14    2   -1   10   16    7    9   13
    1   13   10    1    3    4    3    1       856   13    5   11   13   -3  -12   -9   13    5    8  -10    4    1   -6   -9   -9   11  -12
    1   13   11    1    2    4    2    1       808   11    7  -14    5   -2    5    7   11    7  -11    2  -13  -13    0   -2   -7   14   -7
    1   13   12    1    1    2    1    1       697   -1   17   14   12   -5  -12   17   14    5   13   14    1   -1    9   10    4   14   17
    1   13   13    1    1    5    1    1       990    7   22   10   13   -1  -11   11   15    3    6   12    3   -2   10   10    5   13   14
    1   13   14    1    3    5    3    1       713   10   -7   14   13   -3  -11   -5   15    8   10   -7    4    0  -13   -9  -10   12  -15
    1   13   15    1    1    1    1    1       686    0   16   11   12   -6  -10   17   11    9   13   13    1   -2   11   11    8   22    9
    1   14    1    1    3    5    3    1       739   10   -7   14   13   -3  -11   -5   15    8   10   -7    4    0  -13   -9  -10   12  -15
    1   14    2    1    1    2    1    1       615   -1   17   14   12   -5  -12   17   14    5   13   14    1   -1    9   10    4   14   17
    1   14    3    1    3    3    3    1      1136   13   -4   13   13   -2  -12   -4   14    7    9   -3   -6    4   -9   -7  -12   10  -12
    1   14    4    1    1    5    1    1       708    7   22   10   13   -1  -11   11   15    3    6   12    3   -2   10   10    5   13   14
    1   14    5    1    1    3    1    1       633   -1   15   14   10  -14   -1   17   10    3   11   14    2    1   12   11    2   14   14
    1   14    6    1    1    4    1    1       609   -2   16   12   11   -4  -10   17   12    4   11   14    2   -1   10   16    7    9   13
    1   14    7    1    2    3    2    1       875   10    7  -13    3   -4  -11    1   17    5   -8    2  -11   -2   -4   -3   -2   15   -8
    1   14    8    1    1    1    1    1      1337    0   16   11   12   -6  -10   17   11    9   13   13    1   -2   11   11    8   22    9
    1   14    9    1    2    2    2    1       725   16    3  -13    2    5   -2    5   12    6   -6   -3   -1   -8   -7   -3   -5   14   -8
    1   14   10    1    2    1    2    1      1226   14    7  -15    3   13  -12    3   12    5   -8    1  -11  -10   -8   -3   -7   15   -8
    1   14   11    1    3    4    3    1       682   13    5   11   13   -3  -12   -9   13    5    8  -10    4    1   -6   -9   -9   11  -12
    1   14   12    1    3    2    3    1      1424   12   -2   13   14   -3   -8   -7   16   12    5   -8    5   10    0   -9   -8   14  -13
    1   14   13    1    3    1    3    1      2841   17   -4   11   17   -5  -10   -2   13    9   10   -7    4    2   -9   -6  -12   11  -15
    1   14   14    1    2    4    2    1       825   11    7  -14    5   -2    5    7   11    7  -11    2  -13  -13    0   -2   -7   14   -7
    1   14   15    1    2    5    2    1      1210   11   10  -12    4    6   -1    5   14    5   -5    3  -12  -10   -6   -5   -7   15   -9
    1   15    1    1    1    4    1    1       603   -2   16   12   11   -4  -10   17   12    4   11   14    2   -1   10   16    7    9   13
    1   15    2    1    3    3    3    1       772   13   -4   13   13   -2  -12   -4   14    7    9   -3   -6    4   -9   -7  -12   10  -12
    1   15    3    1    3    4    3    1       887   13    5   11   13   -3  -12   -9   13    5    8  -10    4    1   -6   -9   -9   11  -12
    1   15    4    1    2    1    2    1       773   14    7  -15    3   13  -12    3   12    5   -8    1  -11  -10   -8   -3   -7   15   -8
    1   15    5    1    2    5    2    1       679   11   10  -12    4    6   -1    5   14    5   -5    3  -12  -10   -6   -5   -7   15   -9
    1   15    6    1    1    5    1    1       621    7   22   10   13   -1  -11   11   15    3    6   12    3   -2   10   10    5   13   14
    1   15    7    1    3    1    3    1      1654   17   -4   11   17   -5  -10   -2   13    9   10   -7    4    2   -9   -6  -12   11  -15
    1   15    8    1    2    2    2    1       837   16    3  -13    2    5   -2    5   12    6   -6   -3   -1   -8   -7   -3   -5   14   -8
    1   15    9    1    2    4    2    1       837   11    7  -14    5   -2    5    7   11    7  -11    2  -13  -13    0   -2   -7   14   -7
    1   15   10    1    3    2    3    1       965   12   -2   13   14   -3   -8   -7   16   12    5   -8    5   10    0   -9   -8   14  -13
    1   15   11    1    1    1    1    1       656    0   16   11   12   -6  -10   17   11    9   13   13    1   -2   11   11    8   22    9
    1   15   12    1    1    3    1    1       695   -1   15   14   10  -14   -1   17   10    3   11   14    2    1   12   11    2   14   14
    1   15   13    1    1    2    1    1       701   -1   17   14   12   -5  -12   17   14    5   13   14    1   -1    9   10    4   14   17
    1   15   14    1    2    3    2    1      1058   10    7  -13    3   -4  -11    1   17    5   -8    2  -11   -2   -4   -3   -2   15   -8
    1   15   15    1    3    5    3    1       842   10   -7   14   13   -3  -11   -5   15    8   10   -7    4    0  -13   -9  -10   12  -15
    2    1    1    4    2    4    2    1      4976   13    7  -13    5    6   -3    5   12   15   -4    5  -12   -9   -6   -3   -4   13   -7
    2    1    2    4    3    3    2    1      1579   13   -7   14   17  -10   -6   -9   15   11   11   -7    5    2   -7   -8  -11   11  -14
    2    1    3    1    1    2    1    1      1470   -1   17   14   12   -5  -12   17   14    5   13   14    1   -1    9   10    4   14   17
    2    1    4    4    2    1    1    0      1940   10    7  -17    3   11    4    4   13    5   -2    5  -10   -8   -7  -14    0   13  -11
    2    1    5    6    0    0    2    1      1832    2  -11   -9  -12   20    2  -14   -4   -7   12    5   -8   -7  -15   12   10    6   13
    2    1    6    1    1    3    1    1      1856   -1   15   14   10  -14   -1   17   10    3   11   14    2    1   12   11    2   14   14
    2    1    7    4    2    2    1    0      1463   10    8  -11    2    4    0    2   11    4   -7    3  -10   -8   -8   -5   -7   12   -9
    2    1    8    2    1    0    1    0      1150    0   15   12   12   -6   -8   15   13    2   13   13    2   -2    9   11    4   14   15
    2    1    9    1    2    4    1    1       801   11    7  -14    5   -2    5    7   11    7  -11    2  -13  -13    0   -2   -7   14   -7
    2    1   10    1    1    5    1    1       866    7   22   10   13   -1  -11   11   15    3    6   12    3   -2   10   10    5   13   14
    2    1   11    4    3    1    1    0      1329   16   -4   21   21   -6  -10   -6   17    3    3   -8    2    1   -8   -8   -8   13  -17
    2    1   12    4    1    5    2    1      2046   -2    6   13   11   -5   -8   17   17    1   14   14    1   -1    9   11    3   15   14
    2    1   13    6    0    0    2    1      1262   13  -16    4    7   -2   -9   -5  -12  -21    7    5    3    4   10   12   -2    3   16
    2    1   14    1    1    4    1    1      1533   -2   16   12   11   -4  -10   17   12    4   11   14    2   -1   10   16    7    9   13
    2    1   15    4    3    4    1    0      2193   16   -6   11   17   -2  -11   -6   13    6   12   -7    4    9   -8  -10  -12   14  -15
    2    1   16    1    1    1    1    1       843    0   16   11   12   -6  -10   17   11    9   13   13    1   -2   11   11    8   22    9
    2    1   17    4    1    4    2    1      1931    5   19   13   11   -5   -8   15   12    0   14   13    1   -3    9   13    4   14   14
    2    1   18    1    2    3    1    1       991   10    7  -13    3   -4  -11    1   17    5   -8    2  -11   -2   -4   -3   -2   15   -8
    2    1   19    1    3    3    1    1      1145   13   -4   13   13   -2  -12   -4   14    7    9   -3   -6    4   -9   -7  -12   10  -12
    2    1   20    4    1    3    1    0      1885   -2   17   13   14   -9   -8   15   11    4   18   13    3   -1    6   15    4   19   12
    2    1   21    2    2    0    1    0      1475   12    8  -13    4    6   -2    5   13    5   -7    3  -11   -9   -7   -4   -6   13   -8
    2    1   22    1    3    4    1    1      1145   13    5   11   13   -3  -12   -9   13    5    8  -10    4    1   -6   -9   -9   11  -12
    2    1   23    4    2    5    2    1      1949   11    8  -14   -4   10   -1    6   11    6   -8    3  -12   -9   -6   -5   -4   11   -8
    2    1   24    4    1    2    1    0      1904    2   14   12   11   -5   -9   13   13   -7   20   14    3   -7   11   10    4   15   16
    2    1   25    4    1    1    2    1      2182    5   15   10   16   -7   -7   17   14    3   11    6   -1   -4   10   16    7   13   16
    2    1   26    1    2    5    1    1      1120   11   10  -12    4    6   -1    5   14    5   -5    3  -12  -10   -6   -5   -7   15   -9
    2    1   27    2    3    0    1    0       692   15   -5   13   15   -4  -11   -7   15    7   10   -8    4    3   -8   -8  -10   11  -13
    2    1   28    6    0    0    2    1      1626    3   -7   -3   -4   -8   -1    5    3   10   17  -11    8    1   -6   -3   14    1    0
    2    1   29    1    2    1    1    1      1659   14    7  -15    3   13  -12    3   12    5   -8    1  -11  -10   -8   -3   -7   15   -8
    2    1   30    6    0    0    2    1      1034    1   -9  -12  -11   18    4  -16   -6   -6    9    7   -6   -7  -15    9    5    2   18
    2    1   31    4    2    3    1    0      1058   14    8  -12    3    5   -2    4   13    3   -9   -5   -2   -6  -10   -2   -7   12   -6
    2    1   32    4    3    2    2    1      1337   16   -5    8   21   -1   -9   -9   14    6    8  -17    4    1   -7  -16  -12   10  -14
    2    1   33    1    3    1    1    1      3893   17   -4   11   17   -5  -10   -2   13    9   10   -7    4    2   -9   -6  -12   11  -15
    2    1   34    6    0    0    2    1      1387   12  -19    5    8   -5   -5   -6  -13  -13    1    6   -1    7    7   13   -4    1   12
    2    1   35    1    2    2    1    1       917   16    3  -13    2    5   -2    5   12    6   -6   -3   -1   -8   -7   -3   -5   14   -8
    2    1   36    1    3    5    1    1      1122   10   -7   14   13   -3  -11   -5   15    8   10   -7    4    0  -13   -9  -10   12  -15
    2    1   37    6    0    0    2    1       950    4   -9   -5   -5    1   -9    5    3    4   11    4   -5    2   -4   -3   14    1    1
    2    1   38    1    3    2    2    0      1746   12   -2   13   14   -3   -8   -7   16   12    5   -8    5   10    0   -9   -8   14  -13
    2    1   39    4    3    5    1    0       781   16   -6   15   20   -3  -13   -5   13    5   11   -9    2    3   -6   -8   -9    9  -12
