    1    1    1    1    3    1    1    0      6097   -6   -7   -9    5   13    7   -6    4    5   17  -14   -6   -3    0  -14    4   -2   -7
    1    1    2    1    2    4    1    0      2099   22    9    7  -15   -9   14    8   15    8   12    5  -10  -11    6    5   18   -9  -13
    1    1    3    1    1    1    2    0      2559   18    2   -7  -13  -12  -13   -5   -4   13  -14   11   -6   -5  -15    2   -1   -6    5
    1    1    4    1    3    5    3    1      3898   -4   -7   -9    6   15    6   -8    3    8   18  -15   -6   -1   -2  -14    7   -4   -3
    1    1    5    1    3    4    1    0      1823   -5  -10  -10    9   16   11   -4   -1    6   11  -16   -3   -1   -2  -10    6   -3   -4
    1    1    6    1    1    4    2    0      4696    6    8   -8  -16  -11  -14   -7   -2   12  -12   10   -4  -10  -11   -1   -2   -6    2
    1    1    7    1    1    5    1    1      1629    8    4   -9  -13  -13   -9   -7   -3   13  -13   14   -2   -8  -16   -5    3   -8    4
    1    1    8    1    2    2    3    0      2141   16   -6    4  -14  -17   11    7   14   -1   15    3   -9  -16    2   -4   14   -6  -11
    1    1    9    1    2    3    3    0      1560   15    2    8  -16   -5   11   11   14   -3   15   -4   -8   -9    1   -1   13   -6  -13
    1    1   10    1    3    3    2    0      3243   -5   -9  -19   -3   14    5  -12    0    8   12  -13   -4    9   -3   -9    3   -4   -6
    1    1   11    1    2    5    1    0      5130   15    2    6  -15   -6    8    8   13    0   15    3  -14   -8    1   -4   12   -6  -13
    1    1   12    1    1    2    2    0      3102    7    3   -7  -15  -12  -14   -4   -6   11  -15   16    1   -8  -10    6   -6   -8    4
    1    1   13    1    1    3    3    0      1395   10    2   -9  -14  -12  -14   -7   -4   12  -12    9   -5   -6   -9    4   -1   -6    6
    1    1   14    1    2    1    1    0       988   16    0   15  -12   -9    9    9   12   -3   10    9  -14   -8    1   -3   14   -7  -11
    1    1   15    1    3    2    2    0       967   -6  -10  -13   10   17   13   -5    4   10   12  -16   -5   -1    3  -15   -2   -4   -6
    1    2    1    1    3    1    1    0       833   -6   -7   -9    5   13    7   -6    4    5   17  -14   -6   -3    0  -14    4   -2   -7
    1    2    2    1    3    4    1    0       785   -5  -10  -10    9   16   11   -4   -1    6   11  -16   -3   -1   -2  -10    6   -3   -4
    1    2    3    1    2    2    3    0       835   16   -6    4  -14  -17   11    7   14   -1   15    3   -9  -16    2   -4   14   -6  -11
    1    2    4    1    1    2    2    0       659    7    3   -7  -15  -12  -14   -4   -6   11  -15   16    1   -8  -10    6   -6   -8    4
    1    2    5    1    1    3    3    0      3049   10    2   -9  -14  -12  -14   -7   -4   12  -12    9   -5   -6   -9    4   -1   -6    6
    1    2    6    1    2    5    3    0      2848   15    2    6  -15   -6    8    8   13    0   15    3  -14   -8    1   -4   12   -6  -13
    1    2    7    1    2    1    1    0      1712   16    0   15  -12   -9    9    9   12   -3   10    9  -14   -8    1   -3   14   -7  -11
    1    2    8    1    3    2    2    0      3037   -6  -10  -13   10   17   13   -5    4   10   12  -16   -5   -1    3  -15   -2   -4   -6
    1    2    9    1    2    4    2    1      1604   22    9    7  -15   -9   14    8   15    8   12    5  -10  -11    6    5   18   -9  -13
    1    2   10    1    3    3    1    0       678   -5   -9  -19   -3   14    5  -12    0    8   12  -13   -4    9   -3   -9    3   -4   -6
    1    2   11    1    2    3    2    1      1452   15    2    8  -16   -5   11   11   14   -3   15   -4   -8   -9    1   -1   13   -6  -13
    1    2   12    1    3    5    1    0       803   -4   -7   -9    6   15    6   -8    3    8   18  -15   -6   -1   -2  -14    7   -4   -3
    1    2   13    1    1    5    3    0      1860    8    4   -9  -13  -13   -9   -7   -3   13  -13   14   -2   -8  -16   -5    3   -8    4
    1    2   14    1    1    1    1    1       859   18    2   -7  -13  -12  -13   -5   -4   13  -14   11   -6   -5  -15    2   -1   -6    5
    1    2   15    1    1    4    1    1       666    6    8   -8  -16  -11  -14   -7   -2   12  -12   10   -4  -10  -11   -1   -2   -6    2
    1    3    1    1    2    5    1    0      2416   15    2    6  -15   -6    8    8   13    0   15    3  -14   -8    1   -4   12   -6  -13
    1    3    2    1    1    2    3    0      1921    7    3   -7  -15  -12  -14   -4   -6   11  -15   16    1   -8  -10    6   -6   -8    4
    1    3    3    1    3    2    1    0      2662   -6  -10  -13   10   17   13   -5    4   10   12  -16   -5   -1    3  -15   -2   -4   -6
    1    3    4    1    3    4    3    1      1356   -5  -10  -10    9   16   11   -4   -1    6   11  -16   -3   -1   -2  -10    6   -3   -4
    1    3    5    1    3    3    3    1       792   -5   -9  -19   -3   14    5  -12    0    8   12  -13   -4    9   -3   -9    3   -4   -6
    1    3    6    1    2    3    2    1       905   15    2    8  -16   -5   11   11   14   -3   15   -4   -8   -9    1   -1   13   -6  -13
    1    3    7    1    2    4    1    0       871   22    9    7  -15   -9   14    8   15    8   12    5  -10  -11    6    5   18   -9  -13
    1    3    8    1    1    1    1    1      1445   18    2   -7  -13  -12  -13   -5   -4   13  -14   11   -6   -5  -15    2   -1   -6    5
    1    3    9    1    1    3    2    0      1964   10    2   -9  -14  -12  -14   -7   -4   12  -12    9   -5   -6   -9    4   -1   -6    6
    1    3   10    1    1    5    1    1      1103    8    4   -9  -13  -13   -9   -7   -3   13  -13   14   -2   -8  -16   -5    3   -8    4
    1    3   11    1    2    2    2    1      1844   16   -6    4  -14  -17   11    7   14   -1   15    3   -9  -16    2   -4   14   -6  -11
    1    3   12    1    3    1    3    1      2140   -6   -7   -9    5   13    7   -6    4    5   17  -14   -6   -3    0  -14    4   -2   -7
    1    3   13    1    1    4    1    1      2391    6    8   -8  -16  -11  -14   -7   -2   12  -12   10   -4  -10  -11   -1   -2   -6    2
    1    3   14    1    3    5    3    1       857   -4   -7   -9    6   15    6   -8    3    8   18  -15   -6   -1   -2  -14    7   -4   -3
    1    3   15    1    2    1    2    1       969   16    0   15  -12   -9    9    9   12   -3   10    9  -14   -8    1   -3   14   -7  -11
    1    4    1    1    1    2    2    0      2435    7    3   -7  -15  -12  -14   -4   -6   11  -15   16    1   -8  -10    6   -6   -8    4
    1    4    2    1    1    5    1    1       611    8    4   -9  -13  -13   -9   -7   -3   13  -13   14   -2   -8  -16   -5    3   -8    4
    1    4    3    1    2    5    2    1       844   15    2    6  -15   -6    8    8   13    0   15    3  -14   -8    1   -4   12   -6  -13
    1    4    4    1    1    4    2    0       779    6    8   -8  -16  -11  -14   -7   -2   12  -12   10   -4  -10  -11   -1   -2   -6    2
    1    4    5    1    3    2    3    1       781   -6  -10  -13   10   17   13   -5    4   10   12  -16   -5   -1    3  -15   -2   -4   -6
    1    4    6    1    2    3    2    1      1119   15    2    8  -16   -5   11   11   14   -3   15   -4   -8   -9    1   -1   13   -6  -13
    1    4    7    1    3    1    3    1      3972   -6   -7   -9    5   13    7   -6    4    5   17  -14   -6   -3    0  -14    4   -2   -7
    1    4    8    1    3    5    3    1      1030   -4   -7   -9    6   15    6   -8    3    8   18  -15   -6   -1   -2  -14    7   -4   -3
    1    4    9    1    3    4    3    1      2878   -5  -10  -10    9   16   11   -4   -1    6   11  -16   -3   -1   -2  -10    6   -3   -4
    1    4   10    1    1    3    2    0      2860   10    2   -9  -14  -12  -14   -7   -4   12  -12    9   -5   -6   -9    4   -1   -6    6
    1    4   11    1    2    2    2    1       650   16   -6    4  -14  -17   11    7   14   -1   15    3   -9  -16    2   -4   14   -6  -11
    1    4   12    1    3    3    3    1      1042   -5   -9  -19   -3   14    5  -12    0    8   12  -13   -4    9   -3   -9    3   -4   -6
    1    4   13    1    1    1    2    0      1001   18    2   -7  -13  -12  -13   -5   -4   13  -14   11   -6   -5  -15    2   -1   -6    5
    1    4   14    1    2    1    2    1      2307   16    0   15  -12   -9    9    9   12   -3   10    9  -14   -8    1   -3   14   -7  -11
    1    4   15    1    2    4    2    1       952   22    9    7  -15   -9   14    8   15    8   12    5  -10  -11    6    5   18   -9  -13
    1    5    1    1    3    3    3    1       803   -5   -9  -19   -3   14    5  -12    0    8   12  -13   -4    9   -3   -9    3   -4   -6
    1    5    2    1    2    3    1    0      1252   15    2    8  -16   -5   11   11   14   -3   15   -4   -8   -9    1   -1   13   -6  -13
    1    5    3    1    2    5    2    1      2372   15    2    6  -15   -6    8    8   13    0   15    3  -14   -8    1   -4   12   -6  -13
    1    5    4    1    2    2    2    1      1526   16   -6    4  -14  -17   11    7   14   -1   15    3   -9  -16    2   -4   14   -6  -11
    1    5    5    1    2    4    3    0       986   22    9    7  -15   -9   14    8   15    8   12    5  -10  -11    6    5   18   -9  -13
    1    5    6    1    3    5    3    1      1252   -4   -7   -9    6   15    6   -8    3    8   18  -15   -6   -1   -2  -14    7   -4   -3
    1    5    7    1    1    4    2    0      1507    6    8   -8  -16  -11  -14   -7   -2   12  -12   10   -4  -10  -11   -1   -2   -6    2
    1    5    8    1    1    2    1    1      1017    7    3   -7  -15  -12  -14   -4   -6   11  -15   16    1   -8  -10    6   -6   -8    4
    1    5    9    1    1    5    1    1       833    8    4   -9  -13  -13   -9   -7   -3   13  -13   14   -2   -8  -16   -5    3   -8    4
    1    5   10    1    3    1    3    1       753   -6   -7   -9    5   13    7   -6    4    5   17  -14   -6   -3    0  -14    4   -2   -7
    1    5   11    1    1    1    2    0       740   18    2   -7  -13  -12  -13   -5   -4   13  -14   11   -6   -5  -15    2   -1   -6    5
    1    5   12    1    3    4    1    0      2840   -5  -10  -10    9   16   11   -4   -1    6   11  -16   -3   -1   -2  -10    6   -3   -4
    1    5   13    1    2    1    2    1      1032   16    0   15  -12   -9    9    9   12   -3   10    9  -14   -8    1   -3   14   -7  -11
    1    5   14    1    3    2    3    1       784   -6  -10  -13   10   17   13   -5    4   10   12  -16   -5   -1    3  -15   -2   -4   -6
    1    5   15    1    1    3    1    1      1042   10    2   -9  -14  -12  -14   -7   -4   12  -12    9   -5   -6   -9    4   -1   -6    6
    1    6    1    1    3    2    3    1      2314   -6  -10  -13   10   17   13   -5    4   10   12  -16   -5   -1    3  -15   -2   -4   -6
    1    6    2    1    1    3    1    1      1183   10    2   -9  -14  -12  -14   -7   -4   12  -12    9   -5   -6   -9    4   -1   -6    6
    1    6    3    1    2    5    2    1       721   15    2    6  -15   -6    8    8   13    0   15    3  -14   -8    1   -4   12   -6  -13
    1    6    4    1    2    1    2    1       949   16    0   15  -12   -9    9    9   12   -3   10    9  -14   -8    1   -3   14   -7  -11
    1    6    5    1    3    4    3    1      1168   -5  -10  -10    9   16   11   -4   -1    6   11  -16   -3   -1   -2  -10    6   -3   -4
    1    6    6    1    1    4    1    1       739    6    8   -8  -16  -11  -14   -7   -2   12  -12   10   -4  -10  -11   -1   -2   -6    2
    1    6    7    1    2    2    2    1      1687   16   -6    4  -14  -17   11    7   14   -1   15    3   -9  -16    2   -4   14   -6  -11
    1    6    8    1    3    1    3    1      1045   -6   -7   -9    5   13    7   -6    4    5   17  -14   -6   -3    0  -14    4   -2   -7
    1    6    9    1    2    3    2    1      2492   15    2    8  -16   -5   11   11   14   -3   15   -4   -8   -9    1   -1   13   -6  -13
    1    6   10    1    1    2    2    0      1322    7    3   -7  -15  -12  -14   -4   -6   11  -15   16    1   -8  -10    6   -6   -8    4
    1    6   11    1    2    4    2    1      1143   22    9    7  -15   -9   14    8   15    8   12    5  -10  -11    6    5   18   -9  -13
    1    6   12    1    1    5    1    1      1658    8    4   -9  -13  -13   -9   -7   -3   13  -13   14   -2   -8  -16   -5    3   -8    4
    1    6   13    1    3    5    3    1       665   -4   -7   -9    6   15    6   -8    3    8   18  -15   -6   -1   -2  -14    7   -4   -3
    1    6   14    1    3    3    3    1       608   -5   -9  -19   -3   14    5  -12    0    8   12  -13   -4    9   -3   -9    3   -4   -6
    1    6   15    1    1    1    1    1      1097   18    2   -7  -13  -12  -13   -5   -4   13  -14   11   -6   -5  -15    2   -1   -6    5
    1    7    1    1    3    3    3    1      1774   -5   -9  -19   -3   14    5  -12    0    8   12  -13   -4    9   -3   -9    3   -4   -6
    1    7    2    1    1    3    1    1      2953   10    2   -9  -14  -12  -14   -7   -4   12  -12    9   -5   -6   -9    4   -1   -6    6
    1    7    3    1    1    4    2    0      1044    6    8   -8  -16  -11  -14   -7   -2   12  -12   10   -4  -10  -11   -1   -2   -6    2
    1    7    4    1    2    1    2    1       747   16    0   15  -12   -9    9    9   12   -3   10    9  -14   -8    1   -3   14   -7  -11
    1    7    5    1    2    3    1    0      1247   15    2    8  -16   -5   11   11   14   -3   15   -4   -8   -9    1   -1   13   -6  -13
    1    7    6    1    3    1    3    1       750   -6   -7   -9    5   13    7   -6    4    5   17  -14   -6   -3    0  -14    4   -2   -7
    1    7    7    1    1    2    1    1      1681    7    3   -7  -15  -12  -14   -4   -6   11  -15   16    1   -8  -10    6   -6   -8    4
    1    7    8    1    3    4    2    0      1503   -5  -10  -10    9   16   11   -4   -1    6   11  -16   -3   -1   -2  -10    6   -3   -4
    1    7    9    1    1    1    1    1       996   18    2   -7  -13  -12  -13   -5   -4   13  -14   11   -6   -5  -15    2   -1   -6    5
    1    7   10    1    3    2    3    1       686   -6  -10  -13   10   17   13   -5    4   10   12  -16   -5   -1    3  -15   -2   -4   -6
    1    7   11    1    2    2    2    1       883   16   -6    4  -14  -17   11    7   14   -1   15    3   -9  -16    2   -4   14   -6  -11
    1    7   12    1    3    5    3    1       785   -4   -7   -9    6   15    6   -8    3    8   18  -15   -6   -1   -2  -14    7   -4   -3
    1    7   13    1    2    5    2    1      1235   15    2    6  -15   -6    8    8   13    0   15    3  -14   -8    1   -4   12   -6  -13
    1    7   14    1    2    4    2    1      1107   22    9    7  -15   -9   14    8   15    8   12    5  -10  -11    6    5   18   -9  -13
    1    7   15    1    1    5    1    1       761    8    4   -9  -13  -13   -9   -7   -3   13  -13   14   -2   -8  -16   -5    3   -8    4
    1    8    1    1    1    2    2    0      3771    7    3   -7  -15  -12  -14   -4   -6   11  -15   16    1   -8  -10    6   -6   -8    4
    1    8    2    1    3    3    3    1       614   -5   -9  -19   -3   14    5  -12    0    8   12  -13   -4    9   -3   -9    3   -4   -6
    1    8    3    1    1    3    1    1      1246   10    2   -9  -14  -12  -14   -7   -4   12  -12    9   -5   -6   -9    4   -1   -6    6
    1    8    4    1    3    4    3    1       701   -5  -10  -10    9   16   11   -4   -1    6   11  -16   -3   -1   -2  -10    6   -3   -4
    1    8    5    1    2    4    2    1       899   22    9    7  -15   -9   14    8   15    8   12    5  -10  -11    6    5   18   -9  -13
    1    8    6    1    3    1    3    1       960   -6   -7   -9    5   13    7   -6    4    5   17  -14   -6   -3    0  -14    4   -2   -7
    1    8    7    1    2    5    2    1      1035   15    2    6  -15   -6    8    8   13    0   15    3  -14   -8    1   -4   12   -6  -13
    1    8    8    1    3    2    3    1       659   -6  -10  -13   10   17   13   -5    4   10   12  -16   -5   -1    3  -15   -2   -4   -6
    1    8    9    1    2    1    2    1       778   16    0   15  -12   -9    9    9   12   -3   10    9  -14   -8    1   -3   14   -7  -11
    1    8   10    1    2    3    1    0      1196   15    2    8  -16   -5   11   11   14   -3   15   -4   -8   -9    1   -1   13   -6  -13
    1    8   11    1    3    5    3    1       669   -4   -7   -9    6   15    6   -8    3    8   18  -15   -6   -1   -2  -14    7   -4   -3
    1    8   12    1    1    5    1    1       675    8    4   -9  -13  -13   -9   -7   -3   13  -13   14   -2   -8  -16   -5    3   -8    4
    1    8   13    1    2    2    2    1       602   16   -6    4  -14  -17   11    7   14   -1   15    3   -9  -16    2   -4   14   -6  -11
    1    8   14    1    1    4    1    1      1155    6    8   -8  -16  -11  -14   -7   -2   12  -12   10   -4  -10  -11   -1   -2   -6    2
    1    8   15    1    1    1    1    1      2742   18    2   -7  -13  -12  -13   -5   -4   13  -14   11   -6   -5  -15    2   -1   -6    5
    1    9    1    1    3    5    3    1       554   -4   -7   -9    6   15    6   -8    3    8   18  -15   -6   -1   -2  -14    7   -4   -3
    1    9    2    1    1    4    2    0      1797    6    8   -8  -16  -11  -14   -7   -2   12  -12   10   -4  -10  -11   -1   -2   -6    2
    1    9    3    1    2    1    2    1       671   16    0   15  -12   -9    9    9   12   -3   10    9  -14   -8    1   -3   14   -7  -11
    1    9    4    1    3    4    3    1       853   -5  -10  -10    9   16   11   -4   -1    6   11  -16   -3   -1   -2  -10    6   -3   -4
    1    9    5    1    2    5    2    1       965   15    2    6  -15   -6    8    8   13    0   15    3  -14   -8    1   -4   12   -6  -13
    1    9    6    1    3    1    3    1       783   -6   -7   -9    5   13    7   -6    4    5   17  -14   -6   -3    0  -14    4   -2   -7
    1    9    7    1    3    3    3    1       657   -5   -9  -19   -3   14    5  -12    0    8   12  -13   -4    9   -3   -9    3   -4   -6
    1    9    8    1    1    2    1    1       952    7    3   -7  -15  -12  -14   -4   -6   11  -15   16    1   -8  -10    6   -6   -8    4
    1    9    9    1    1    5    1    1      1235    8    4   -9  -13  -13   -9   -7   -3   13  -13   14   -2   -8  -16   -5    3   -8    4
    1    9   10    1    2    4    2    1       707   22    9    7  -15   -9   14    8   15    8   12    5  -10  -11    6    5   18   -9  -13
    1    9   11    1    1    1    1    1       921   18    2   -7  -13  -12  -13   -5   -4   13  -14   11   -6   -5  -15    2   -1   -6    5
    1    9   12    1    2    3    1    0      1093   15    2    8  -16   -5   11   11   14   -3   15   -4   -8   -9    1   -1   13   -6  -13
    1    9   13    1    1    3    1    1      2778   10    2   -9  -14  -12  -14   -7   -4   12  -12    9   -5   -6   -9    4   -1   -6    6
    1    9   14    1    3    2    3    1       604   -6  -10  -13   10   17   13   -5    4   10   12  -16   -5   -1    3  -15   -2   -4   -6
    1    9   15    1    2    2    2    1       742   16   -6    4  -14  -17   11    7   14   -1   15    3   -9  -16    2   -4   14   -6  -11
    1   10    1    1    1    1    1    1       762   18    2   -7  -13  -12  -13   -5   -4   13  -14   11   -6   -5  -15    2   -1   -6    5
    1   10    2    1    3    1    3    1       748   -6   -7   -9    5   13    7   -6    4    5   17  -14   -6   -3    0  -14    4   -2   -7
    1   10    3    1    1    2    1    1      2031    7    3   -7  -15  -12  -14   -4   -6   11  -15   16    1   -8  -10    6   -6   -8    4
    1   10    4    1    2    3    2    1      1519   15    2    8  -16   -5   11   11   14   -3   15   -4   -8   -9    1   -1   13   -6  -13
    1   10    5    1    3    3    3    1       804   -5   -9  -19   -3   14    5  -12    0    8   12  -13   -4    9   -3   -9    3   -4   -6
    1   10    6    1    1    5    1    1      1173    8    4   -9  -13  -13   -9   -7   -3   13  -13   14   -2   -8  -16   -5    3   -8    4
    1   10    7    1    3    4    3    1      1368   -5  -10  -10    9   16   11   -4   -1    6   11  -16   -3   -1   -2  -10    6   -3   -4
    1   10    8    1    2    4    2    1       722   22    9    7  -15   -9   14    8   15    8   12    5  -10  -11    6    5   18   -9  -13
    1   10    9    1    2    5    2    1      1015   15    2    6  -15   -6    8    8   13    0   15    3  -14   -8    1   -4   12   -6  -13
    1   10   10    1    3    2    3    1       640   -6  -10  -13   10   17   13   -5    4   10   12  -16   -5   -1    3  -15   -2   -4   -6
    1   10   11    1    3    5    3    1       824   -4   -7   -9    6   15    6   -8    3    8   18  -15   -6   -1   -2  -14    7   -4   -3
    1   10   12    1    2    2    2    1       728   16   -6    4  -14  -17   11    7   14   -1   15    3   -9  -16    2   -4   14   -6  -11
    1   10   13    1    1    3    1    1      2092   10    2   -9  -14  -12  -14   -7   -4   12  -12    9   -5   -6   -9    4   -1   -6    6
    1   10   14    1    1    4    1    1      5034    6    8   -8  -16  -11  -14   -7   -2   12  -12   10   -4  -10  -11   -1   -2   -6    2
    1   10   15    1    2    1    2    1       514   16    0   15  -12   -9    9    9   12   -3   10    9  -14   -8    1   -3   14   -7  -11
    1   11    1    1    1    5    1    1      1006    8    4   -9  -13  -13   -9   -7   -3   13  -13   14   -2   -8  -16   -5    3   -8    4
    1   11    2    1    2    3    2    1       600   15    2    8  -16   -5   11   11   14   -3   15   -4   -8   -9    1   -1   13   -6  -13
    1   11    3    1    2    5    2    1       481   15    2    6  -15   -6    8    8   13    0   15    3  -14   -8    1   -4   12   -6  -13
    1   11    4    1    3    3    3    1       575   -5   -9  -19   -3   14    5  -12    0    8   12  -13   -4    9   -3   -9    3   -4   -6
    1   11    5    1    1    2    1    1      2297    7    3   -7  -15  -12  -14   -4   -6   11  -15   16    1   -8  -10    6   -6   -8    4
    1   11    6    1    3    1    3    1       623   -6   -7   -9    5   13    7   -6    4    5   17  -14   -6   -3    0  -14    4   -2   -7
    1   11    7    1    3    5    3    1       503   -4   -7   -9    6   15    6   -8    3    8   18  -15   -6   -1   -2  -14    7   -4   -3
    1   11    8    1    2    1    2    1       661   16    0   15  -12   -9    9    9   12   -3   10    9  -14   -8    1   -3   14   -7  -11
    1   11    9    1    1    1    1    1      1003   18    2   -7  -13  -12  -13   -5   -4   13  -14   11   -6   -5  -15    2   -1   -6    5
    1   11   10    1    2    4    2    1       596   22    9    7  -15   -9   14    8   15    8   12    5  -10  -11    6    5   18   -9  -13
    1   11   11    1    3    2    3    1       894   -6  -10  -13   10   17   13   -5    4   10   12  -16   -5   -1    3  -15   -2   -4   -6
    1   11   12    1    3    4    3    1       539   -5  -10  -10    9   16   11   -4   -1    6   11  -16   -3   -1   -2  -10    6   -3   -4
    1   11   13    1    1    3    1    1      1303   10    2   -9  -14  -12  -14   -7   -4   12  -12    9   -5   -6   -9    4   -1   -6    6
    1   11   14    1    1    4    1    1      1540    6    8   -8  -16  -11  -14   -7   -2   12  -12   10   -4  -10  -11   -1   -2   -6    2
    1   11   15    1    2    2    2    1       632   16   -6    4  -14  -17   11    7   14   -1   15    3   -9  -16    2   -4   14   -6  -11
    1   12    1    1    1    5    1    1       832    8    4   -9  -13  -13   -9   -7   -3   13  -13   14   -2   -8  -16   -5    3   -8    4
    1   12    2    1    3    5    3    1       704   -4   -7   -9    6   15    6   -8    3    8   18  -15   -6   -1   -2  -14    7   -4   -3
    1   12    3    1    1    1    1    1       853   18    2   -7  -13  -12  -13   -5   -4   13  -14   11   -6   -5  -15    2   -1   -6    5
    1   12    4    1    2    4    2    1       693   22    9    7  -15   -9   14    8   15    8   12    5  -10  -11    6    5   18   -9  -13
    1   12    5    1    1    4    1    1       890    6    8   -8  -16  -11  -14   -7   -2   12  -12   10   -4  -10  -11   -1   -2   -6    2
    1   12    6    1    2    3    2    1       856   15    2    8  -16   -5   11   11   14   -3   15   -4   -8   -9    1   -1   13   -6  -13
    1   12    7    1    2    1    2    1       791   16    0   15  -12   -9    9    9   12   -3   10    9  -14   -8    1   -3   14   -7  -11
    1   12    8    1    2    2    2    1       761   16   -6    4  -14  -17   11    7   14   -1   15    3   -9  -16    2   -4   14   -6  -11
    1   12    9    1    2    5    2    1       508   15    2    6  -15   -6    8    8   13    0   15    3  -14   -8    1   -4   12   -6  -13
    1   12   10    1    3    2    3    1       585   -6  -10  -13   10   17   13   -5    4   10   12  -16   -5   -1    3  -15   -2   -4   -6
    1   12   11    1    3    1    3    1       659   -6   -7   -9    5   13    7   -6    4    5   17  -14   -6   -3    0  -14    4   -2   -7
    1   12   12    1    1    3    1    1       986   10    2   -9  -14  -12  -14   -7   -4   12  -12    9   -5   -6   -9    4   -1   -6    6
    1   12   13    1    3    4    3    1      1924   -5  -10  -10    9   16   11   -4   -1    6   11  -16   -3   -1   -2  -10    6   -3   -4
    1   12   14    1    1    2    1    1      1208    7    3   -7  -15  -12  -14   -4   -6   11  -15   16    1   -8  -10    6   -6   -8    4
    1   12   15    1    3    3    3    1       506   -5   -9  -19   -3   14    5  -12    0    8   12  -13   -4    9   -3   -9    3   -4   -6
    1   13    1    1    2    3    2    1      1047   15    2    8  -16   -5   11   11   14   -3   15   -4   -8   -9    1   -1   13   -6  -13
    1   13    2    1    1    1    1    1      1022   18    2   -7  -13  -12  -13   -5   -4   13  -14   11   -6   -5  -15    2   -1   -6    5
    1   13    3    1    3    1    3    1       663   -6   -7   -9    5   13    7   -6    4    5   17  -14   -6   -3    0  -14    4   -2   -7
    1   13    4    1    2    2    2    1      1021   16   -6    4  -14  -17   11    7   14   -1   15    3   -9  -16    2   -4   14   -6  -11
    1   13    5    1    3    3    3    1       646   -5   -9  -19   -3   14    5  -12    0    8   12  -13   -4    9   -3   -9    3   -4   -6
    1   13    6    1    1    5    1    1       781    8    4   -9  -13  -13   -9   -7   -3   13  -13   14   -2   -8  -16   -5    3   -8    4
    1   13    7    1    1    2    2    0      1135    7    3   -7  -15  -12  -14   -4   -6   11  -15   16    1   -8  -10    6   -6   -8    4
    1   13    8    1    1    3    1    1       947   10    2   -9  -14  -12  -14   -7   -4   12  -12    9   -5   -6   -9    4   -1   -6    6
    1   13    9    1    2    5    2    1       574   15    2    6  -15   -6    8    8   13    0   15    3  -14   -8    1   -4   12   -6  -13
    1   13   10    1    3    4    3    1       713   -5  -10  -10    9   16   11   -4   -1    6   11  -16   -3   -1   -2  -10    6   -3   -4
    1   13   11    1    3    5    3    1       654   -4   -7   -9    6   15    6   -8    3    8   18  -15   -6   -1   -2  -14    7   -4   -3
    1   13   12    1    1    4    1    1      1045    6    8   -8  -16  -11  -14   -7   -2   12  -12   10   -4  -10  -11   -1   -2   -6    2
    1   13   13    1    2    1    2    1       604   16    0   15  -12   -9    9    9   12   -3   10    9  -14   -8    1   -3   14   -7  -11
    1   13   14    1    3    2    3    1       549   -6  -10  -13   10   17   13   -5    4   10   12  -16   -5   -1    3  -15   -2   -4   -6
    1   13   15    1    2    4    2    1       625   22    9    7  -15   -9   14    8   15    8   12    5  -10  -11    6    5   18   -9  -13
    1   14    1    1    1    4    1    1      1641    6    8   -8  -16  -11  -14   -7   -2   12  -12   10   -4  -10  -11   -1   -2   -6    2
    1   14    2    1    1    3    1    1      1145   10    2   -9  -14  -12  -14   -7   -4   12  -12    9   -5   -6   -9    4   -1   -6    6
    1   14    3    1    3    2    3    1       605   -6  -10  -13   10   17   13   -5    4   10   12  -16   -5   -1    3  -15   -2   -4   -6
    1   14    4    1    1    5    1    1       998    8    4   -9  -13  -13   -9   -7   -3   13  -13   14   -2   -8  -16   -5    3   -8    4
    1   14    5    1    2    3    1    0      1423   15    2    8  -16   -5   11   11   14   -3   15   -4   -8   -9    1   -1   13   -6  -13
    1   14    6    1    3    3    3    1       664   -5   -9  -19   -3   14    5  -12    0    8   12  -13   -4    9   -3   -9    3   -4   -6
    1   14    7    1    2    5    2    1       718   15    2    6  -15   -6    8    8   13    0   15    3  -14   -8    1   -4   12   -6  -13
    1   14    8    1    1    1    1    1       691   18    2   -7  -13  -12  -13   -5   -4   13  -14   11   -6   -5  -15    2   -1   -6    5
    1   14    9    1    2    1    2    1       537   16    0   15  -12   -9    9    9   12   -3   10    9  -14   -8    1   -3   14   -7  -11
    1   14   10    1    2    2    2    1       885   16   -6    4  -14  -17   11    7   14   -1   15    3   -9  -16    2   -4   14   -6  -11
    1   14   11    1    1    2    1    1      2595    7    3   -7  -15  -12  -14   -4   -6   11  -15   16    1   -8  -10    6   -6   -8    4
    1   14   12    1    3    4    3    1       876   -5  -10  -10    9   16   11   -4   -1    6   11  -16   -3   -1   -2  -10    6   -3   -4
    1   14   13    1    3    1    3    1       618   -6   -7   -9    5   13    7   -6    4    5   17  -14   -6   -3    0  -14    4   -2   -7
    1   14   14    1    2    4    2    1       642   22    9    7  -15   -9   14    8   15    8   12    5  -10  -11    6    5   18   -9  -13
    1   14   15    1    3    5    3    1       698   -4   -7   -9    6   15    6   -8    3    8   18  -15   -6   -1   -2  -14    7   -4   -3
    1   15    1    1    2    3    2    1       815   15    2    8  -16   -5   11   11   14   -3   15   -4   -8   -9    1   -1   13   -6  -13
    1   15    2    1    2    1    2    1       783   16    0   15  -12   -9    9    9   12   -3   10    9  -14   -8    1   -3   14   -7  -11
    1   15    3    1    3    1    3    1       658   -6   -7   -9    5   13    7   -6    4    5   17  -14   -6   -3    0  -14    4   -2   -7
    1   15    4    1    2    4    2    1       809   22    9    7  -15   -9   14    8   15    8   12    5  -10  -11    6    5   18   -9  -13
    1   15    5    1    1    3    1    1       810   10    2   -9  -14  -12  -14   -7   -4   12  -12    9   -5   -6   -9    4   -1   -6    6
    1   15    6    1    2    2    2    1       682   16   -6    4  -14  -17   11    7   14   -1   15    3   -9  -16    2   -4   14   -6  -11
    1   15    7    1    1    4    1    1       848    6    8   -8  -16  -11  -14   -7   -2   12  -12   10   -4  -10  -11   -1   -2   -6    2
    1   15    8    1    3    5    3    1       768   -4   -7   -9    6   15    6   -8    3    8   18  -15   -6   -1   -2  -14    7   -4   -3
    1   15    9    1    3    3    3    1       722   -5   -9  -19   -3   14    5  -12    0    8   12  -13   -4    9   -3   -9    3   -4   -6
    1   15   10    1    1    5    1    1       727    8    4   -9  -13  -13   -9   -7   -3   13  -13   14   -2   -8  -16   -5    3   -8    4
    1   15   11    1    1    1    1    1      1371   18    2   -7  -13  -12  -13   -5   -4   13  -14   11   -6   -5  -15    2   -1   -6    5
    1   15   12    1    3    2    3    1       614   -6  -10  -13   10   17   13   -5    4   10   12  -16   -5   -1    3  -15   -2   -4   -6
    1   15   13    1    2    5    2    1      1518   15    2    6  -15   -6    8    8   13    0   15    3  -14   -8    1   -4   12   -6  -13
    1   15   14    1    1    2    1    1      2099    7    3   -7  -15  -12  -14   -4   -6   11  -15   16    1   -8  -10    6   -6   -8    4
    1   15   15    1    3    4    3    1       592   -5  -10  -10    9   16   11   -4   -1    6   11  -16   -3   -1   -2  -10    6   -3   -4
    2    1    1    4    2    1    2    1      2881   17    1    4  -12   -7    8    8    9   -1   17    5   -8   -7    2   -1   14   -8  -12
    2    1    2    2    3    0    2    1      2014   -4   -8   -9    7   15    5   -7    3    8   11  -15   -5   -1   -1  -12    5   -4   -5
    2    1    3    4    3    2    2    1      1039   -6   -7  -12   15   11   10  -16    1    7   11  -16   -4   -1    0  -11    4   -3   -3
    2    1    4    4    1    4    2    1      2007    5    1   -2  -22  -13  -11   -8   -4   11  -11   12   -6   -8  -10    3   -1   -8    3
    2    1    5    4    2    4    1    0      5704   14    2    7  -14   -8   10   10   15   -3   15    7  -10   -3   -7   -3   10   -8  -14
    2    1    6    1    2    3    1    1      1541   15    2    8  -16   -5   11   11   14   -3   15   -4   -8   -9    1   -1   13   -6  -13
    2    1    7    6    0    0    2    1       985   16  -10    2  -10  -15  -12    0   -8  -10  -13   -2  -11  -13  -10   14    1  -10    1
    2    1    8    1    3    2    1    1      1331   -6  -10  -13   10   17   13   -5    4   10   12  -16   -5   -1    3  -15   -2   -4   -6
    2    1    9    4    3    3    2    1      2111   -5   -8  -10    7   15    4   -7    5    7   12  -10   -2    3    7  -14    7   -2   -7
    2    1   10    2    2    0    1    0      1228   15    1    6  -14   -8    9    9   13   -2   15    5   -9   -9    2   -3   13   -8  -13
    2    1   11    1    1    1    1    1      2715   18    2   -7  -13  -12  -13   -5   -4   13  -14   11   -6   -5  -15    2   -1   -6    5
    2    1   12    1    1    3    1    1      3184   10    2   -9  -14  -12  -14   -7   -4   12  -12    9   -5   -6   -9    4   -1   -6    6
    2    1   13    4    1    2    2    1      1026    7    5   -9  -14  -14  -12  -11    4    5  -16    9   -6   -8  -10    5   -1   -7    5
    2    1   14    4    3    4    2    1      1194   -4   -7  -11    7   12    4   -9    3    6   10  -14   -5    0   -3  -13    6   -3   -4
    2    1   15    4    3    1    2    1       971   -4   -9  -10    5   16    9   -6    1    6   10   -8   -1   -2   -1  -12    4    3   -2
    2    1   16    6    0    0    2    1      1222   12   -7   -6  -14    5   10  -16    9    0   -4  -12   -2   -8   14  -15    2   21   22
    2    1   17    4    3    5    2    1       982    3   -9  -11    7   16    6   -8    3    6   10  -13   -6   -1   -2  -12    4   -3   -4
    2    1   18    6    0    0    2    1       704   18  -10    2   -8  -14  -11   -1   -9   -6  -16   -5  -14   -8  -12   14   -3   -8   -2
    2    1   19    4    2    3    1    0      2741   14    1    4  -13   -9    8   18    8   -1   14    4   -9   -9    4   -3   11   -9  -14
    2    1   20    1    3    1    1    1      4249   -6   -7   -9    5   13    7   -6    4    5   17  -14   -6   -3    0  -14    4   -2   -7
    2    1   21    1    2    1    1    1      1632   16    0   15  -12   -9    9    9   12   -3   10    9  -14   -8    1   -3   14   -7  -11
    2    1   22    1    2    4    1    1      3152   22    9    7  -15   -9   14    8   15    8   12    5  -10  -11    6    5   18   -9  -13
    2    1   23    1    3    5    1    1      1060   -4   -7   -9    6   15    6   -8    3    8   18  -15   -6   -1   -2  -14    7   -4   -3
    2    1   24    4    2    2    2    1      1162    5    3   13  -18  -10   11   16   14   -1   15    6   -9   -8    6   -3   12   -8  -14
    2    1   25    6    0    0    2    1      1741    7   13   15    5    0    7  -11  -10   -7   15    8  -13   13  -14   -1  -13   -8   -4
    2    1   26    1    1    5    1    1      1561    8    4   -9  -13  -13   -9   -7   -3   13  -13   14   -2   -8  -16   -5    3   -8    4
    2    1   27    4    2    5    1    0      5499   18   -3    8  -14   -8    8   10   15   -7   22    6  -10  -16   10   -2   11   -9  -12
    2    1   28    2    1    0    2    1      2497    9    4   -8  -14  -13  -13   -6   -4   12  -13   11   -5   -7  -10    4   -3   -7    4
    2    1   29    6    0    0    1    0      2302    9   17   13    5    1    7  -13  -10   -7   15    8  -15   14  -16   -3  -14  -11   -4
    2    1   30    1    1    2    2    0      3923    7    3   -7  -15  -12  -14   -4   -6   11  -15   16    1   -8  -10    6   -6   -8    4
    2    1   31    1    3    3    1    1      4215   -5   -9  -19   -3   14    5  -12    0    8   12  -13   -4    9   -3   -9    3   -4   -6
    2    1   32    4    1    3    2    1      2176   14   11   -4  -18  -14  -13   -6   -5   11  -15   12   -7  -10   -1    4   -4   -7    3
    2    1   33    4    1    1    1    0      4218   14    4   -7  -15  -14  -12   -6   -3   15  -18   13   -3   -6  -11    3   -3   -8    4
    2    1   34    4    1    5    2    1      4706    9    5   -7  -15  -19   -8   -7   -4   11  -12   11   -4   -7  -11   10  -10   -9    6
    2    1   35    6    0    0    2    1      3992   13   -9   -7   -4    3   11  -15   10    0   -6  -13    2   -9   17  -14    4   14   10
    2    1   36    1    2    5    1    1      3449   15    2    6  -15   -6    8    8   13    0   15    3  -14   -8    1   -4   12   -6  -13
    2    1   37    1    1    4    1    1      2897    6    8   -8  -16  -11  -14   -7   -2   12  -12   10   -4  -10  -11   -1   -2   -6    2
    2    1   38    1    3    4    1    1      1710   -5  -10  -10    9   16   11   -4   -1    6   11  -16   -3   -1   -2  -10    6   -3   -4
    2    1   39    1    2    2    1    1      1690   16   -6    4  -14  -17   11    7   14   -1   15    3   -9  -16    2   -4   14   -6  -11
