    1    1    1    1    2    1    1    0     11945  -16    0   14    8    5  -11    0  -16    4    4   -8   -9   -5    3   14  -13    5    8
    1    1    2    1    1    5    3    0      2469   13  -13   11   -7    0   -3  -10   -6  -14    1    8   12   11   -2  -11  -14  -12   13
    1    1    3    1    3    5    3    1      1156    8   -4   11    7  -18    6   -8    0  -15    5    3   12   -3  -10   -8   -6    7   -8
    1    1    4    1    2    5    2    1      2591  -14   -3   16    7   16  -14    1  -16    7    4   -8   -8   -5    3   19  -17   -3    6
    1    1    5    1    1    3    3    0      1978   13  -13    8   -8    1    7  -11   -6   -6    4    5   10   11  -14  -12  -12  -15   10
    1    1    6    1    1    4    3    0      1053   14  -13    8   -7   -4   -4   -2  -14   -5    5    8    6    8  -12  -11  -11  -12   13
    1    1    7    1    2    3    2    1      1133  -11   -8   16   10    5  -12    0  -15    2    4   -8  -11   -3   -1   16  -15    3    8
    1    1    8    1    3    2    3    1      1185    5   -4   12    6  -16    5   -8    0  -13    2    6    9   -2  -10   -6   -3    5   -8
    1    1    9    1    3    4    3    1      1139    2   -2   13    8  -14    7  -10   -1  -13    1    4   10   -5  -13   -7   -8    6   -8
    1    1   10    1    2    4    2    1      1256  -16   -2   13    6    8  -14    2  -16    7    5  -11   -7   -2   11   14  -15    0    5
    1    1   11    1    1    1    1    1       903   11  -14   10   -5   -1   -3  -20  -11   -4    7   10   14    9  -11  -10  -11  -13   14
    1    1   12    1    2    2    2    1       997  -14   -4   13   10    5  -11    3  -15    7    7   -7  -11   -3    0   19  -11    3    6
    1    1   13    1    1    2    3    0       791   12  -11    8   -7   -1   -6  -10   -5   -6    0    7   10    8  -12  -12  -21   -8    8
    1    1   14    1    3    1    3    1      1361    4   -1   13    5  -10    3   -9   -3  -13    5    4   10    1  -11   -6   -7    5  -11
    1    1   15    1    3    3    1    0      2005    8   -6    7    7   -8   -4   -9   -7  -14    4    5   10   -2  -11    1   -8    5   -4
    1    2    1    1    2    3    2    1       935  -11   -8   16   10    5  -12    0  -15    2    4   -8  -11   -3   -1   16  -15    3    8
    1    2    2    1    2    5    1    0      1363  -14   -3   16    7   16  -14    1  -16    7    4   -8   -8   -5    3   19  -17   -3    6
    1    2    3    1    1    4    1    1       934   14  -13    8   -7   -4   -4   -2  -14   -5    5    8    6    8  -12  -11  -11  -12   13
    1    2    4    1    1    1    3    0      1370   11  -14   10   -5   -1   -3  -20  -11   -4    7   10   14    9  -11  -10  -11  -13   14
    1    2    5    1    2    2    2    1       878  -14   -4   13   10    5  -11    3  -15    7    7   -7  -11   -3    0   19  -11    3    6
    1    2    6    1    2    1    2    1       908  -16    0   14    8    5  -11    0  -16    4    4   -8   -9   -5    3   14  -13    5    8
    1    2    7    1    3    1    3    1       882    4   -1   13    5  -10    3   -9   -3  -13    5    4   10    1  -11   -6   -7    5  -11
    1    2    8    1    3    3    1    0      1537    8   -6    7    7   -8   -4   -9   -7  -14    4    5   10   -2  -11    1   -8    5   -4
    1    2    9    1    1    5    2    0      1229   13  -13   11   -7    0   -3  -10   -6  -14    1    8   12   11   -2  -11  -14  -12   13
    1    2   10    1    2    4    2    1       598  -16   -2   13    6    8  -14    2  -16    7    5  -11   -7   -2   11   14  -15    0    5
    1    2   11    1    3    5    1    0      1088    8   -4   11    7  -18    6   -8    0  -15    5    3   12   -3  -10   -8   -6    7   -8
    1    2   12    1    1    3    1    1      1358   13  -13    8   -8    1    7  -11   -6   -6    4    5   10   11  -14  -12  -12  -15   10
    1    2   13    1    3    2    3    1      1521    5   -4   12    6  -16    5   -8    0  -13    2    6    9   -2  -10   -6   -3    5   -8
    1    2   14    1    1    2    1    1      1167   12  -11    8   -7   -1   -6  -10   -5   -6    0    7   10    8  -12  -12  -21   -8    8
    1    2   15    1    3    4    3    1       866    2   -2   13    8  -14    7  -10   -1  -13    1    4   10   -5  -13   -7   -8    6   -8
    1    3    1    1    3    2    3    1       977    5   -4   12    6  -16    5   -8    0  -13    2    6    9   -2  -10   -6   -3    5   -8
    1    3    2    1    2    1    2    1       708  -16    0   14    8    5  -11    0  -16    4    4   -8   -9   -5    3   14  -13    5    8
    1    3    3    1    2    5    2    1       857  -14   -3   16    7   16  -14    1  -16    7    4   -8   -8   -5    3   19  -17   -3    6
    1    3    4    1    1    2    1    1      1153   12  -11    8   -7   -1   -6  -10   -5   -6    0    7   10    8  -12  -12  -21   -8    8
    1    3    5    1    3    1    3    1       765    4   -1   13    5  -10    3   -9   -3  -13    5    4   10    1  -11   -6   -7    5  -11
    1    3    6    1    1    1    2    0      1655   11  -14   10   -5   -1   -3  -20  -11   -4    7   10   14    9  -11  -10  -11  -13   14
    1    3    7    1    3    5    3    1       759    8   -4   11    7  -18    6   -8    0  -15    5    3   12   -3  -10   -8   -6    7   -8
    1    3    8    1    1    4    1    1      1475   14  -13    8   -7   -4   -4   -2  -14   -5    5    8    6    8  -12  -11  -11  -12   13
    1    3    9    1    2    3    2    1       506  -11   -8   16   10    5  -12    0  -15    2    4   -8  -11   -3   -1   16  -15    3    8
    1    3   10    1    2    2    2    1      1543  -14   -4   13   10    5  -11    3  -15    7    7   -7  -11   -3    0   19  -11    3    6
    1    3   11    1    2    4    2    1       780  -16   -2   13    6    8  -14    2  -16    7    5  -11   -7   -2   11   14  -15    0    5
    1    3   12    1    1    3    1    1      2374   13  -13    8   -8    1    7  -11   -6   -6    4    5   10   11  -14  -12  -12  -15   10
    1    3   13    1    3    4    3    1      1025    2   -2   13    8  -14    7  -10   -1  -13    1    4   10   -5  -13   -7   -8    6   -8
    1    3   14    1    3    3    3    1       882    8   -6    7    7   -8   -4   -9   -7  -14    4    5   10   -2  -11    1   -8    5   -4
    1    3   15    1    1    5    1    1      1241   13  -13   11   -7    0   -3  -10   -6  -14    1    8   12   11   -2  -11  -14  -12   13
    1    4    1    1    1    1    1    1      1097   11  -14   10   -5   -1   -3  -20  -11   -4    7   10   14    9  -11  -10  -11  -13   14
    1    4    2    1    3    3    3    1       903    8   -6    7    7   -8   -4   -9   -7  -14    4    5   10   -2  -11    1   -8    5   -4
    1    4    3    1    1    3    1    1      1732   13  -13    8   -8    1    7  -11   -6   -6    4    5   10   11  -14  -12  -12  -15   10
    1    4    4    1    2    4    2    1       585  -16   -2   13    6    8  -14    2  -16    7    5  -11   -7   -2   11   14  -15    0    5
    1    4    5    1    1    4    1    1      1179   14  -13    8   -7   -4   -4   -2  -14   -5    5    8    6    8  -12  -11  -11  -12   13
    1    4    6    1    2    3    2    1      1182  -11   -8   16   10    5  -12    0  -15    2    4   -8  -11   -3   -1   16  -15    3    8
    1    4    7    1    2    5    2    1       937  -14   -3   16    7   16  -14    1  -16    7    4   -8   -8   -5    3   19  -17   -3    6
    1    4    8    1    3    1    3    1      1053    4   -1   13    5  -10    3   -9   -3  -13    5    4   10    1  -11   -6   -7    5  -11
    1    4    9    1    3    5    3    1      1316    8   -4   11    7  -18    6   -8    0  -15    5    3   12   -3  -10   -8   -6    7   -8
    1    4   10    1    1    2    1    1      4113   12  -11    8   -7   -1   -6  -10   -5   -6    0    7   10    8  -12  -12  -21   -8    8
    1    4   11    1    1    5    1    1       895   13  -13   11   -7    0   -3  -10   -6  -14    1    8   12   11   -2  -11  -14  -12   13
    1    4   12    1    2    1    2    1       605  -16    0   14    8    5  -11    0  -16    4    4   -8   -9   -5    3   14  -13    5    8
    1    4   13    1    3    2    3    1       583    5   -4   12    6  -16    5   -8    0  -13    2    6    9   -2  -10   -6   -3    5   -8
    1    4   14    1    3    4    3    1       601    2   -2   13    8  -14    7  -10   -1  -13    1    4   10   -5  -13   -7   -8    6   -8
    1    4   15    1    2    2    2    1       771  -14   -4   13   10    5  -11    3  -15    7    7   -7  -11   -3    0   19  -11    3    6
    1    5    1    1    2    1    2    1       838  -16    0   14    8    5  -11    0  -16    4    4   -8   -9   -5    3   14  -13    5    8
    1    5    2    1    2    3    2    1       822  -11   -8   16   10    5  -12    0  -15    2    4   -8  -11   -3   -1   16  -15    3    8
    1    5    3    1    3    2    3    1       871    5   -4   12    6  -16    5   -8    0  -13    2    6    9   -2  -10   -6   -3    5   -8
    1    5    4    1    1    1    1    1       878   11  -14   10   -5   -1   -3  -20  -11   -4    7   10   14    9  -11  -10  -11  -13   14
    1    5    5    1    1    5    1    1       845   13  -13   11   -7    0   -3  -10   -6  -14    1    8   12   11   -2  -11  -14  -12   13
    1    5    6    1    3    1    3    1       909    4   -1   13    5  -10    3   -9   -3  -13    5    4   10    1  -11   -6   -7    5  -11
    1    5    7    1    1    4    2    0      1235   14  -13    8   -7   -4   -4   -2  -14   -5    5    8    6    8  -12  -11  -11  -12   13
    1    5    8    1    2    4    2    1       667  -16   -2   13    6    8  -14    2  -16    7    5  -11   -7   -2   11   14  -15    0    5
    1    5    9    1    3    4    3    1       778    2   -2   13    8  -14    7  -10   -1  -13    1    4   10   -5  -13   -7   -8    6   -8
    1    5   10    1    3    3    3    1       717    8   -6    7    7   -8   -4   -9   -7  -14    4    5   10   -2  -11    1   -8    5   -4
    1    5   11    1    1    2    2    0       858   12  -11    8   -7   -1   -6  -10   -5   -6    0    7   10    8  -12  -12  -21   -8    8
    1    5   12    1    2    5    2    1       450  -14   -3   16    7   16  -14    1  -16    7    4   -8   -8   -5    3   19  -17   -3    6
    1    5   13    1    3    5    3    1      1089    8   -4   11    7  -18    6   -8    0  -15    5    3   12   -3  -10   -8   -6    7   -8
    1    5   14    1    1    3    1    1      2744   13  -13    8   -8    1    7  -11   -6   -6    4    5   10   11  -14  -12  -12  -15   10
    1    5   15    1    2    2    2    1       924  -14   -4   13   10    5  -11    3  -15    7    7   -7  -11   -3    0   19  -11    3    6
    1    6    1    1    3    4    3    1       689    2   -2   13    8  -14    7  -10   -1  -13    1    4   10   -5  -13   -7   -8    6   -8
    1    6    2    1    2    4    2    1      1280  -16   -2   13    6    8  -14    2  -16    7    5  -11   -7   -2   11   14  -15    0    5
    1    6    3    1    3    5    3    1      1614    8   -4   11    7  -18    6   -8    0  -15    5    3   12   -3  -10   -8   -6    7   -8
    1    6    4    1    1    4    2    0      2591   14  -13    8   -7   -4   -4   -2  -14   -5    5    8    6    8  -12  -11  -11  -12   13
    1    6    5    1    3    2    3    1      2434    5   -4   12    6  -16    5   -8    0  -13    2    6    9   -2  -10   -6   -3    5   -8
    1    6    6    1    1    3    1    1      7250   13  -13    8   -8    1    7  -11   -6   -6    4    5   10   11  -14  -12  -12  -15   10
    1    6    7    1    3    1    3    1      4427    4   -1   13    5  -10    3   -9   -3  -13    5    4   10    1  -11   -6   -7    5  -11
    1    6    8    1    1    2    2    0      1284   12  -11    8   -7   -1   -6  -10   -5   -6    0    7   10    8  -12  -12  -21   -8    8
    1    6    9    1    2    2    2    1       763  -14   -4   13   10    5  -11    3  -15    7    7   -7  -11   -3    0   19  -11    3    6
    1    6   10    1    1    1    1    1      1038   11  -14   10   -5   -1   -3  -20  -11   -4    7   10   14    9  -11  -10  -11  -13   14
    1    6   11    1    3    3    3    1       646    8   -6    7    7   -8   -4   -9   -7  -14    4    5   10   -2  -11    1   -8    5   -4
    1    6   12    1    2    3    2    1      2743  -11   -8   16   10    5  -12    0  -15    2    4   -8  -11   -3   -1   16  -15    3    8
    1    6   13    1    2    1    2    1       596  -16    0   14    8    5  -11    0  -16    4    4   -8   -9   -5    3   14  -13    5    8
    1    6   14    1    2    5    2    1       614  -14   -3   16    7   16  -14    1  -16    7    4   -8   -8   -5    3   19  -17   -3    6
    1    6   15    1    1    5    2    0      5294   13  -13   11   -7    0   -3  -10   -6  -14    1    8   12   11   -2  -11  -14  -12   13
    1    7    1    1    1    2    2    0       909   12  -11    8   -7   -1   -6  -10   -5   -6    0    7   10    8  -12  -12  -21   -8    8
    1    7    2    1    1    5    2    0       507   13  -13   11   -7    0   -3  -10   -6  -14    1    8   12   11   -2  -11  -14  -12   13
    1    7    3    1    2    5    2    1       496  -14   -3   16    7   16  -14    1  -16    7    4   -8   -8   -5    3   19  -17   -3    6
    1    7    4    1    3    3    3    1       502    8   -6    7    7   -8   -4   -9   -7  -14    4    5   10   -2  -11    1   -8    5   -4
    1    7    5    1    1    4    1    1      1268   14  -13    8   -7   -4   -4   -2  -14   -5    5    8    6    8  -12  -11  -11  -12   13
    1    7    6    1    2    4    1    0       699  -16   -2   13    6    8  -14    2  -16    7    5  -11   -7   -2   11   14  -15    0    5
    1    7    7    1    1    1    1    1       849   11  -14   10   -5   -1   -3  -20  -11   -4    7   10   14    9  -11  -10  -11  -13   14
    1    7    8    1    1    3    2    0       376   13  -13    8   -8    1    7  -11   -6   -6    4    5   10   11  -14  -12  -12  -15   10
    1    7    9    1    3    2    3    1       523    5   -4   12    6  -16    5   -8    0  -13    2    6    9   -2  -10   -6   -3    5   -8
    1    7   10    1    3    5    3    1       752    8   -4   11    7  -18    6   -8    0  -15    5    3   12   -3  -10   -8   -6    7   -8
    1    7   11    1    2    2    2    1       684  -14   -4   13   10    5  -11    3  -15    7    7   -7  -11   -3    0   19  -11    3    6
    1    7   12    1    3    1    3    1       714    4   -1   13    5  -10    3   -9   -3  -13    5    4   10    1  -11   -6   -7    5  -11
    1    7   13    1    2    3    2    1       767  -11   -8   16   10    5  -12    0  -15    2    4   -8  -11   -3   -1   16  -15    3    8
    1    7   14    1    2    1    2    1       834  -16    0   14    8    5  -11    0  -16    4    4   -8   -9   -5    3   14  -13    5    8
    1    7   15    1    3    4    3    1       834    2   -2   13    8  -14    7  -10   -1  -13    1    4   10   -5  -13   -7   -8    6   -8
    1    8    1    1    3    1    3    1       907    4   -1   13    5  -10    3   -9   -3  -13    5    4   10    1  -11   -6   -7    5  -11
    1    8    2    1    2    2    2    1      1360  -14   -4   13   10    5  -11    3  -15    7    7   -7  -11   -3    0   19  -11    3    6
    1    8    3    1    2    4    2    1      1484  -16   -2   13    6    8  -14    2  -16    7    5  -11   -7   -2   11   14  -15    0    5
    1    8    4    1    2    1    2    1       482  -16    0   14    8    5  -11    0  -16    4    4   -8   -9   -5    3   14  -13    5    8
    1    8    5    1    1    5    1    1      1225   13  -13   11   -7    0   -3  -10   -6  -14    1    8   12   11   -2  -11  -14  -12   13
    1    8    6    1    3    5    2    0       545    8   -4   11    7  -18    6   -8    0  -15    5    3   12   -3  -10   -8   -6    7   -8
    1    8    7    1    2    3    2    1       654  -11   -8   16   10    5  -12    0  -15    2    4   -8  -11   -3   -1   16  -15    3    8
    1    8    8    1    1    1    1    1       861   11  -14   10   -5   -1   -3  -20  -11   -4    7   10   14    9  -11  -10  -11  -13   14
    1    8    9    1    1    2    1    1       797   12  -11    8   -7   -1   -6  -10   -5   -6    0    7   10    8  -12  -12  -21   -8    8
    1    8   10    1    3    3    3    1       767    8   -6    7    7   -8   -4   -9   -7  -14    4    5   10   -2  -11    1   -8    5   -4
    1    8   11    1    2    5    2    1      1210  -14   -3   16    7   16  -14    1  -16    7    4   -8   -8   -5    3   19  -17   -3    6
    1    8   12    1    3    4    1    0       459    2   -2   13    8  -14    7  -10   -1  -13    1    4   10   -5  -13   -7   -8    6   -8
    1    8   13    1    1    3    1    1       875   13  -13    8   -8    1    7  -11   -6   -6    4    5   10   11  -14  -12  -12  -15   10
    1    8   14    1    3    2    3    1       746    5   -4   12    6  -16    5   -8    0  -13    2    6    9   -2  -10   -6   -3    5   -8
    1    8   15    1    1    4    1    1       974   14  -13    8   -7   -4   -4   -2  -14   -5    5    8    6    8  -12  -11  -11  -12   13
    1    9    1    1    1    3    2    0       657   13  -13    8   -8    1    7  -11   -6   -6    4    5   10   11  -14  -12  -12  -15   10
    1    9    2    1    2    3    2    1       449  -11   -8   16   10    5  -12    0  -15    2    4   -8  -11   -3   -1   16  -15    3    8
    1    9    3    1    1    4    1    1       664   14  -13    8   -7   -4   -4   -2  -14   -5    5    8    6    8  -12  -11  -11  -12   13
    1    9    4    1    3    5    3    1       816    8   -4   11    7  -18    6   -8    0  -15    5    3   12   -3  -10   -8   -6    7   -8
    1    9    5    1    2    4    2    1      1264  -16   -2   13    6    8  -14    2  -16    7    5  -11   -7   -2   11   14  -15    0    5
    1    9    6    1    1    2    1    1      1072   12  -11    8   -7   -1   -6  -10   -5   -6    0    7   10    8  -12  -12  -21   -8    8
    1    9    7    1    2    5    2    1       703  -14   -3   16    7   16  -14    1  -16    7    4   -8   -8   -5    3   19  -17   -3    6
    1    9    8    1    3    4    3    1      3364    2   -2   13    8  -14    7  -10   -1  -13    1    4   10   -5  -13   -7   -8    6   -8
    1    9    9    1    3    1    3    1      5351    4   -1   13    5  -10    3   -9   -3  -13    5    4   10    1  -11   -6   -7    5  -11
    1    9   10    1    2    2    2    1       652  -14   -4   13   10    5  -11    3  -15    7    7   -7  -11   -3    0   19  -11    3    6
    1    9   11    1    2    1    2    1       907  -16    0   14    8    5  -11    0  -16    4    4   -8   -9   -5    3   14  -13    5    8
    1    9   12    1    1    5    1    1      3985   13  -13   11   -7    0   -3  -10   -6  -14    1    8   12   11   -2  -11  -14  -12   13
    1    9   13    1    3    3    3    1       820    8   -6    7    7   -8   -4   -9   -7  -14    4    5   10   -2  -11    1   -8    5   -4
    1    9   14    1    3    2    3    1       837    5   -4   12    6  -16    5   -8    0  -13    2    6    9   -2  -10   -6   -3    5   -8
    1    9   15    1    1    1    1    1       997   11  -14   10   -5   -1   -3  -20  -11   -4    7   10   14    9  -11  -10  -11  -13   14
    1   10    1    1    2    5    2    1      2631  -14   -3   16    7   16  -14    1  -16    7    4   -8   -8   -5    3   19  -17   -3    6
    1   10    2    1    2    4    2    1      1031  -16   -2   13    6    8  -14    2  -16    7    5  -11   -7   -2   11   14  -15    0    5
    1   10    3    1    3    3    3    1      1456    8   -6    7    7   -8   -4   -9   -7  -14    4    5   10   -2  -11    1   -8    5   -4
    1   10    4    1    1    1    1    1       783   11  -14   10   -5   -1   -3  -20  -11   -4    7   10   14    9  -11  -10  -11  -13   14
    1   10    5    1    2    1    1    0      2385  -16    0   14    8    5  -11    0  -16    4    4   -8   -9   -5    3   14  -13    5    8
    1   10    6    1    3    2    3    1       796    5   -4   12    6  -16    5   -8    0  -13    2    6    9   -2  -10   -6   -3    5   -8
    1   10    7    1    2    2    1    0      1534  -14   -4   13   10    5  -11    3  -15    7    7   -7  -11   -3    0   19  -11    3    6
    1   10    8    1    3    4    3    1       979    2   -2   13    8  -14    7  -10   -1  -13    1    4   10   -5  -13   -7   -8    6   -8
    1   10    9    1    1    3    1    1      1318   13  -13    8   -8    1    7  -11   -6   -6    4    5   10   11  -14  -12  -12  -15   10
    1   10   10    1    3    1    3    1       867    4   -1   13    5  -10    3   -9   -3  -13    5    4   10    1  -11   -6   -7    5  -11
    1   10   11    1    1    5    1    1      1554   13  -13   11   -7    0   -3  -10   -6  -14    1    8   12   11   -2  -11  -14  -12   13
    1   10   12    1    1    4    1    1       814   14  -13    8   -7   -4   -4   -2  -14   -5    5    8    6    8  -12  -11  -11  -12   13
    1   10   13    1    1    2    1    1      2695   12  -11    8   -7   -1   -6  -10   -5   -6    0    7   10    8  -12  -12  -21   -8    8
    1   10   14    1    3    5    3    1       981    8   -4   11    7  -18    6   -8    0  -15    5    3   12   -3  -10   -8   -6    7   -8
    1   10   15    1    2    3    1    0      1631  -11   -8   16   10    5  -12    0  -15    2    4   -8  -11   -3   -1   16  -15    3    8
    1   11    1    1    1    3    1    1       920   13  -13    8   -8    1    7  -11   -6   -6    4    5   10   11  -14  -12  -12  -15   10
    1   11    2    1    3    5    3    1      1005    8   -4   11    7  -18    6   -8    0  -15    5    3   12   -3  -10   -8   -6    7   -8
    1   11    3    1    1    1    1    1      1750   11  -14   10   -5   -1   -3  -20  -11   -4    7   10   14    9  -11  -10  -11  -13   14
    1   11    4    1    2    3    2    1      1106  -11   -8   16   10    5  -12    0  -15    2    4   -8  -11   -3   -1   16  -15    3    8
    1   11    5    1    1    5    1    1       840   13  -13   11   -7    0   -3  -10   -6  -14    1    8   12   11   -2  -11  -14  -12   13
    1   11    6    1    2    2    2    1      1008  -14   -4   13   10    5  -11    3  -15    7    7   -7  -11   -3    0   19  -11    3    6
    1   11    7    1    1    2    1    1      1634   12  -11    8   -7   -1   -6  -10   -5   -6    0    7   10    8  -12  -12  -21   -8    8
    1   11    8    1    3    2    3    1       626    5   -4   12    6  -16    5   -8    0  -13    2    6    9   -2  -10   -6   -3    5   -8
    1   11    9    1    2    4    2    1      2300  -16   -2   13    6    8  -14    2  -16    7    5  -11   -7   -2   11   14  -15    0    5
    1   11   10    1    3    4    3    1       753    2   -2   13    8  -14    7  -10   -1  -13    1    4   10   -5  -13   -7   -8    6   -8
    1   11   11    1    2    5    1    0      1133  -14   -3   16    7   16  -14    1  -16    7    4   -8   -8   -5    3   19  -17   -3    6
    1   11   12    1    1    4    1    1       801   14  -13    8   -7   -4   -4   -2  -14   -5    5    8    6    8  -12  -11  -11  -12   13
    1   11   13    1    3    1    3    1       875    4   -1   13    5  -10    3   -9   -3  -13    5    4   10    1  -11   -6   -7    5  -11
    1   11   14    1    3    3    3    1      1138    8   -6    7    7   -8   -4   -9   -7  -14    4    5   10   -2  -11    1   -8    5   -4
    1   11   15    1    2    1    2    1      1550  -16    0   14    8    5  -11    0  -16    4    4   -8   -9   -5    3   14  -13    5    8
    1   12    1    1    3    4    3    1       706    2   -2   13    8  -14    7  -10   -1  -13    1    4   10   -5  -13   -7   -8    6   -8
    1   12    2    1    2    2    2    1      1111  -14   -4   13   10    5  -11    3  -15    7    7   -7  -11   -3    0   19  -11    3    6
    1   12    3    1    1    3    1    1       453   13  -13    8   -8    1    7  -11   -6   -6    4    5   10   11  -14  -12  -12  -15   10
    1   12    4    1    2    4    2    1       597  -16   -2   13    6    8  -14    2  -16    7    5  -11   -7   -2   11   14  -15    0    5
    1   12    5    1    3    2    3    1       678    5   -4   12    6  -16    5   -8    0  -13    2    6    9   -2  -10   -6   -3    5   -8
    1   12    6    1    3    3    3    1       717    8   -6    7    7   -8   -4   -9   -7  -14    4    5   10   -2  -11    1   -8    5   -4
    1   12    7    1    1    4    1    1       802   14  -13    8   -7   -4   -4   -2  -14   -5    5    8    6    8  -12  -11  -11  -12   13
    1   12    8    1    1    5    1    1       884   13  -13   11   -7    0   -3  -10   -6  -14    1    8   12   11   -2  -11  -14  -12   13
    1   12    9    1    3    5    3    1       778    8   -4   11    7  -18    6   -8    0  -15    5    3   12   -3  -10   -8   -6    7   -8
    1   12   10    1    2    5    2    1       533  -14   -3   16    7   16  -14    1  -16    7    4   -8   -8   -5    3   19  -17   -3    6
    1   12   11    1    1    2    1    1       682   12  -11    8   -7   -1   -6  -10   -5   -6    0    7   10    8  -12  -12  -21   -8    8
    1   12   12    1    2    3    2    1       496  -11   -8   16   10    5  -12    0  -15    2    4   -8  -11   -3   -1   16  -15    3    8
    1   12   13    1    3    1    3    1       566    4   -1   13    5  -10    3   -9   -3  -13    5    4   10    1  -11   -6   -7    5  -11
    1   12   14    1    2    1    2    1      1889  -16    0   14    8    5  -11    0  -16    4    4   -8   -9   -5    3   14  -13    5    8
    1   12   15    1    1    1    1    1       847   11  -14   10   -5   -1   -3  -20  -11   -4    7   10   14    9  -11  -10  -11  -13   14
    1   13    1    1    1    4    1    1      2343   14  -13    8   -7   -4   -4   -2  -14   -5    5    8    6    8  -12  -11  -11  -12   13
    1   13    2    1    2    1    2    1       892  -16    0   14    8    5  -11    0  -16    4    4   -8   -9   -5    3   14  -13    5    8
    1   13    3    1    1    3    3    0       458   13  -13    8   -8    1    7  -11   -6   -6    4    5   10   11  -14  -12  -12  -15   10
    1   13    4    1    2    5    3    0       842  -14   -3   16    7   16  -14    1  -16    7    4   -8   -8   -5    3   19  -17   -3    6
    1   13    5    1    2    3    2    1      1066  -11   -8   16   10    5  -12    0  -15    2    4   -8  -11   -3   -1   16  -15    3    8
    1   13    6    1    3    5    3    1       849    8   -4   11    7  -18    6   -8    0  -15    5    3   12   -3  -10   -8   -6    7   -8
    1   13    7    1    2    4    2    1      1032  -16   -2   13    6    8  -14    2  -16    7    5  -11   -7   -2   11   14  -15    0    5
    1   13    8    1    1    5    1    1      1129   13  -13   11   -7    0   -3  -10   -6  -14    1    8   12   11   -2  -11  -14  -12   13
    1   13    9    1    3    2    3    1       766    5   -4   12    6  -16    5   -8    0  -13    2    6    9   -2  -10   -6   -3    5   -8
    1   13   10    1    1    2    1    1      1017   12  -11    8   -7   -1   -6  -10   -5   -6    0    7   10    8  -12  -12  -21   -8    8
    1   13   11    1    1    1    1    1      1090   11  -14   10   -5   -1   -3  -20  -11   -4    7   10   14    9  -11  -10  -11  -13   14
    1   13   12    1    3    3    3    1       880    8   -6    7    7   -8   -4   -9   -7  -14    4    5   10   -2  -11    1   -8    5   -4
    1   13   13    1    3    1    2    0       766    4   -1   13    5  -10    3   -9   -3  -13    5    4   10    1  -11   -6   -7    5  -11
    1   13   14    1    3    4    3    1       626    2   -2   13    8  -14    7  -10   -1  -13    1    4   10   -5  -13   -7   -8    6   -8
    1   13   15    1    2    2    2    1       794  -14   -4   13   10    5  -11    3  -15    7    7   -7  -11   -3    0   19  -11    3    6
    1   14    1    1    2    2    2    1       653  -14   -4   13   10    5  -11    3  -15    7    7   -7  -11   -3    0   19  -11    3    6
    1   14    2    1    1    5    1    1       796   13  -13   11   -7    0   -3  -10   -6  -14    1    8   12   11   -2  -11  -14  -12   13
    1   14    3    1    1    4    1    1      3071   14  -13    8   -7   -4   -4   -2  -14   -5    5    8    6    8  -12  -11  -11  -12   13
    1   14    4    1    1    1    1    1      1518   11  -14   10   -5   -1   -3  -20  -11   -4    7   10   14    9  -11  -10  -11  -13   14
    1   14    5    1    2    5    3    0      1267  -14   -3   16    7   16  -14    1  -16    7    4   -8   -8   -5    3   19  -17   -3    6
    1   14    6    1    2    3    2    1       914  -11   -8   16   10    5  -12    0  -15    2    4   -8  -11   -3   -1   16  -15    3    8
    1   14    7    1    1    2    1    1       743   12  -11    8   -7   -1   -6  -10   -5   -6    0    7   10    8  -12  -12  -21   -8    8
    1   14    8    1    3    1    3    1       691    4   -1   13    5  -10    3   -9   -3  -13    5    4   10    1  -11   -6   -7    5  -11
    1   14    9    1    2    1    2    1      1249  -16    0   14    8    5  -11    0  -16    4    4   -8   -9   -5    3   14  -13    5    8
    1   14   10    1    3    3    3    1       633    8   -6    7    7   -8   -4   -9   -7  -14    4    5   10   -2  -11    1   -8    5   -4
    1   14   11    1    3    2    3    1       841    5   -4   12    6  -16    5   -8    0  -13    2    6    9   -2  -10   -6   -3    5   -8
    1   14   12    1    2    4    3    0       394  -16   -2   13    6    8  -14    2  -16    7    5  -11   -7   -2   11   14  -15    0    5
    1   14   13    1    3    4    3    1       780    2   -2   13    8  -14    7  -10   -1  -13    1    4   10   -5  -13   -7   -8    6   -8
    1   14   14    1    1    3    1    1      2319   13  -13    8   -8    1    7  -11   -6   -6    4    5   10   11  -14  -12  -12  -15   10
    1   14   15    1    3    5    3    1       732    8   -4   11    7  -18    6   -8    0  -15    5    3   12   -3  -10   -8   -6    7   -8
    1   15    1    1    3    3    3    1       944    8   -6    7    7   -8   -4   -9   -7  -14    4    5   10   -2  -11    1   -8    5   -4
    1   15    2    1    3    5    3    1       692    8   -4   11    7  -18    6   -8    0  -15    5    3   12   -3  -10   -8   -6    7   -8
    1   15    3    1    1    1    1    1      2859   11  -14   10   -5   -1   -3  -20  -11   -4    7   10   14    9  -11  -10  -11  -13   14
    1   15    4    1    2    2    2    1       818  -14   -4   13   10    5  -11    3  -15    7    7   -7  -11   -3    0   19  -11    3    6
    1   15    5    1    2    4    2    1       883  -16   -2   13    6    8  -14    2  -16    7    5  -11   -7   -2   11   14  -15    0    5
    1   15    6    1    1    2    1    1      1682   12  -11    8   -7   -1   -6  -10   -5   -6    0    7   10    8  -12  -12  -21   -8    8
    1   15    7    1    1    3    1    1       832   13  -13    8   -8    1    7  -11   -6   -6    4    5   10   11  -14  -12  -12  -15   10
    1   15    8    1    3    1    3    1      1248    4   -1   13    5  -10    3   -9   -3  -13    5    4   10    1  -11   -6   -7    5  -11
    1   15    9    1    2    5    2    1     10072  -14   -3   16    7   16  -14    1  -16    7    4   -8   -8   -5    3   19  -17   -3    6
    1   15   10    1    3    4    3    1      1017    2   -2   13    8  -14    7  -10   -1  -13    1    4   10   -5  -13   -7   -8    6   -8
    1   15   11    1    2    3    2    1       658  -11   -8   16   10    5  -12    0  -15    2    4   -8  -11   -3   -1   16  -15    3    8
    1   15   12    1    1    5    1    1      1057   13  -13   11   -7    0   -3  -10   -6  -14    1    8   12   11   -2  -11  -14  -12   13
    1   15   13    1    1    4    2    0       985   14  -13    8   -7   -4   -4   -2  -14   -5    5    8    6    8  -12  -11  -11  -12   13
    1   15   14    1    3    2    2    0      1091    5   -4   12    6  -16    5   -8    0  -13    2    6    9   -2  -10   -6   -3    5   -8
    1   15   15    1    2    1    2    1       713  -16    0   14    8    5  -11    0  -16    4    4   -8   -9   -5    3   14  -13    5    8
    2    1    1    6    0    0    2    1      3875   -7   -1   -5    1  -14   -8   12  -20    2    8   11  -11  -11  -13    2  -12   -8   -7
    2    1    2    1    2    1    1    1      2098  -16    0   14    8    5  -11    0  -16    4    4   -8   -9   -5    3   14  -13    5    8
    2    1    3    1    1    2    1    1      1472   12  -11    8   -7   -1   -6  -10   -5   -6    0    7   10    8  -12  -12  -21   -8    8
    2    1    4    6    0    0    2    1      1127   17   11    9    5  -10  -12    8   19   -3    0   -9   -6    8   11    5    8    3  -12
    2    1    5    4    2    3    2    1      3260  -14    1   16    4    7  -13    1  -16    6    4  -11  -10  -12   -1   15  -14   -7    4
    2    1    6    4    1    5    2    1      1092   11  -13    7   -7   -1   -8   -9   -5   -7    6    7   13   11   -9   -9   -8  -14   14
    2    1    7    4    3    3    1    0      1274    5   -6   12    6  -15    3   -7   -2  -12    2    5   10  -10  -16   -8   -6    8   -9
    2    1    8    1    3    3    1    1      1009    8   -6    7    7   -8   -4   -9   -7  -14    4    5   10   -2  -11    1   -8    5   -4
    2    1    9    1    1    4    2    0      1771   14  -13    8   -7   -4   -4   -2  -14   -5    5    8    6    8  -12  -11  -11  -12   13
    2    1   10    1    3    4    1    1       710    2   -2   13    8  -14    7  -10   -1  -13    1    4   10   -5  -13   -7   -8    6   -8
    2    1   11    2    3    0    1    0       612    6   -4   12    7  -14    5   -8   -1  -13    3    4   11   -1  -11   -8   -7    7   -9
    2    1   12    1    3    5    1    1       613    8   -4   11    7  -18    6   -8    0  -15    5    3   12   -3  -10   -8   -6    7   -8
    2    1   13    4    2    1    2    1      1454  -13   -7   13   10    8  -12    3  -15    8    6   -8   -8  -14   -5   22  -12    4    6
    2    1   14    4    3    1    1    0       694    5   -4   14    6  -16    6  -12    1  -14    5    8   21   -1  -12   -3    1    6   -9
    2    1   15    4    1    2    1    0      3252   12  -11    9   -8   -3   -2  -13  -15   -8    3    6   12    9  -12   -7  -17  -13   11
    2    1   16    1    2    3    1    1       660  -11   -8   16   10    5  -12    0  -15    2    4   -8  -11   -3   -1   16  -15    3    8
    2    1   17    1    3    1    1    1      1156    4   -1   13    5  -10    3   -9   -3  -13    5    4   10    1  -11   -6   -7    5  -11
    2    1   18    6    0    0    2    1       672   13    0    0   10    4   16    6   12   14   15    2    2   11   16  -13   -6    7    5
    2    1   19    4    2    4    1    0       582  -12   -1   12   10   11   -5   -2   -6    7    7  -10   -7   -3    2   15  -13    8    4
    2    1   20    4    3    5    1    0       913    8    6   12    6  -15    5   -9    0  -12    3    4    9    0  -11   -9   -6    6   -8
    2    1   21    4    3    2    1    0       438    4   -9   14    7  -14    6   -9    0  -15    4    1   14   -1   -9   -7   -8    9  -10
    2    1   22    4    1    4    1    0       750   12  -11    8   -7   -4   -4  -10   -9   -5    5    5   11   10  -15   -9  -12  -11   11
    2    1   23    2    2    0    1    0       754  -15   -4   14    9    6  -12    1  -15    6    5   -9   -9   -5    2   14  -14    3    7
    2    1   24    1    3    2    1    1       902    5   -4   12    6  -16    5   -8    0  -13    2    6    9   -2  -10   -6   -3    5   -8
    2    1   25    4    3    4    2    1      3011    6   -5   16   11  -14    4   -7   -2  -13    2    6   13    3   -9   -9   -9    7  -11
    2    1   26    1    2    2    1    1       654  -14   -4   13   10    5  -11    3  -15    7    7   -7  -11   -3    0   19  -11    3    6
    2    1   27    1    2    5    1    1       421  -14   -3   16    7   16  -14    1  -16    7    4   -8   -8   -5    3   19  -17   -3    6
    2    1   28    6    0    0    2    1       686   14    0    0   11    1   15    8    9   15   17    5    2   19   14  -14    2    2    1
    2    1   29    1    1    3    2    0       644   13  -13    8   -8    1    7  -11   -6   -6    4    5   10   11  -14  -12  -12  -15   10
    2    1   30    6    0    0    2    1       413   -5   -1   -1  -10   -7  -19    7  -11    2    7   20  -15  -12  -14    3  -15   -4   -5
    2    1   31    1    2    4    1    1       622  -16   -2   13    6    8  -14    2  -16    7    5  -11   -7   -2   11   14  -15    0    5
    2    1   32    4    2    5    1    0       407  -17   -1   12    9   -1  -16    2  -12    5    6   -9   -8   -6    3   13  -12    3    8
    2    1   33    2    1    0    1    0       369   13  -12    9   -7   -2   -3  -10   -7   -6    5    6   11    9  -10  -10  -12  -12   12
    2    1   34    4    1    1    1    0       492   15  -13    8   -5   -4   -3  -10   -8   -4    6    7   13   10  -12  -11  -12  -11   12
    2    1   35    4    2    2    2    1       434  -17   -2   10   11    6  -14    1  -17    4    0    0    0   -7    2   10  -22    1    9
    2    1   36    1    1    1    2    0       546   11  -14   10   -5   -1   -3  -20  -11   -4    7   10   14    9  -11  -10  -11  -13   14
    2    1   37    1    1    5    2    0       534   13  -13   11   -7    0   -3  -10   -6  -14    1    8   12   11   -2  -11  -14  -12   13
    2    1   38    6    0    0    2    1       547   13   14    7    6   -7  -10    1   21   -2   -3  -11   -9    5   11    3    5    7  -11
    2    1   39    4    1    3    2    1       766   13  -11    8   -9    0   -1  -10   -8   -2    5   -3    3   12   -4  -14  -11  -11   12
