    1    1    1    1    2    4    1    0     10893    5  -11   -7    5   13  -18   -9   10   14    7   13  -12    4   14    0    3   12    6
    1    1    2    1    1    5    1    1      2640   12    3   -9   11  -12   10   -9    1    1    8    8   -1   -4    2    7   16   16   -9
    1    1    3    1    3    5    3    1      1496    6    3   -9   11   10   14   13  -11   14   -2   13    0   -1   -4   -2   18   10   -7
    1    1    4    1    3    2    2    0      1854    5    2  -10   11    8   17   17  -13   18    7   13    2   -2   -7    1   13    6   -1
    1    1    5    1    1    3    1    1      6517   12    4  -17    5  -10    9  -10    0    2    9   16   -8   -9    5   -1   10   13  -11
    1    1    6    1    1    1    2    0      1986   15    3   -8   11  -12    8   -9    2   -2    5    9   -4   -9   -1   11   14   16  -15
    1    1    7    1    2    5    3    0      5251    7   -6   -6    5   16  -14   -7   10   13    5   12  -12    7   16    1    4    9    6
    1    1    8    1    3    4    1    0      1667   13   -7  -20   14   15   15   16  -15   20    4   13    2    0   -8    1   13    8   -8
    1    1    9    1    1    2    1    1      3761   13    4  -10   10  -19   15   -5   -9    4   12   12   -2   -3    2    6   16   14  -10
    1    1   10    1    3    3    2    0      1500    3   -4   -6   15   11   14   15  -15   15   -3   14    0    4  -12    2   12   10   -6
    1    1   11    1    1    4    1    1      1010   13    5  -10   13   -9   10   -5   -6   10    4   11   -2   -1    1    8   16   11   -9
    1    1   12    1    2    3    3    0       811    9   -6  -10    3   14  -12   -6   11   16    7   11  -15    7   15   -1    3    8    7
    1    1   13    1    2    1    1    0       540   11    3  -12   11   15  -13   -9    9   13    8   10  -14    5   16    0    3    9    5
    1    1   14    1    2    2    1    0       936    8   -8   -8    8   14  -10   -5    7   12    7   12  -12    8   19    1    5    2    7
    1    1   15    1    3    1    1    0       724   -2    9  -11    8   12   15   17  -15   19   -3   15    3    0  -10    2   13    1    2
    1    2    1    1    2    4    1    0       537    5  -11   -7    5   13  -18   -9   10   14    7   13  -12    4   14    0    3   12    6
    1    2    2    1    3    3    3    1      1029    3   -4   -6   15   11   14   15  -15   15   -3   14    0    4  -12    2   12   10   -6
    1    2    3    1    1    4    1    1      3101   13    5  -10   13   -9   10   -5   -6   10    4   11   -2   -1    1    8   16   11   -9
    1    2    4    1    1    3    2    0      1395   12    4  -17    5  -10    9  -10    0    2    9   16   -8   -9    5   -1   10   13  -11
    1    2    5    1    1    2    1    1      7293   13    4  -10   10  -19   15   -5   -9    4   12   12   -2   -3    2    6   16   14  -10
    1    2    6    1    3    4    3    1      1163   13   -7  -20   14   15   15   16  -15   20    4   13    2    0   -8    1   13    8   -8
    1    2    7    1    2    2    1    0      1534    8   -8   -8    8   14  -10   -5    7   12    7   12  -12    8   19    1    5    2    7
    1    2    8    1    3    2    3    1      1154    5    2  -10   11    8   17   17  -13   18    7   13    2   -2   -7    1   13    6   -1
    1    2    9    1    1    5    1    1       709   12    3   -9   11  -12   10   -9    1    1    8    8   -1   -4    2    7   16   16   -9
    1    2   10    1    2    1    2    1       570   11    3  -12   11   15  -13   -9    9   13    8   10  -14    5   16    0    3    9    5
    1    2   11    1    2    5    2    1      1253    7   -6   -6    5   16  -14   -7   10   13    5   12  -12    7   16    1    4    9    6
    1    2   12    1    2    3    1    0      1412    9   -6  -10    3   14  -12   -6   11   16    7   11  -15    7   15   -1    3    8    7
    1    2   13    1    1    1    3    0      1085   15    3   -8   11  -12    8   -9    2   -2    5    9   -4   -9   -1   11   14   16  -15
    1    2   14    1    3    5    1    0      3443    6    3   -9   11   10   14   13  -11   14   -2   13    0   -1   -4   -2   18   10   -7
    1    2   15    1    3    1    1    0      1499   -2    9  -11    8   12   15   17  -15   19   -3   15    3    0  -10    2   13    1    2
    1    3    1    1    1    4    2    0      4432   13    5  -10   13   -9   10   -5   -6   10    4   11   -2   -1    1    8   16   11   -9
    1    3    2    1    2    1    1    0      1408   11    3  -12   11   15  -13   -9    9   13    8   10  -14    5   16    0    3    9    5
    1    3    3    1    2    3    2    1      1034    9   -6  -10    3   14  -12   -6   11   16    7   11  -15    7   15   -1    3    8    7
    1    3    4    1    2    2    2    1       962    8   -8   -8    8   14  -10   -5    7   12    7   12  -12    8   19    1    5    2    7
    1    3    5    1    3    4    3    1      3709   13   -7  -20   14   15   15   16  -15   20    4   13    2    0   -8    1   13    8   -8
    1    3    6    1    1    2    1    1       810   13    4  -10   10  -19   15   -5   -9    4   12   12   -2   -3    2    6   16   14  -10
    1    3    7    1    3    5    2    0      2508    6    3   -9   11   10   14   13  -11   14   -2   13    0   -1   -4   -2   18   10   -7
    1    3    8    1    1    3    2    0      1833   12    4  -17    5  -10    9  -10    0    2    9   16   -8   -9    5   -1   10   13  -11
    1    3    9    1    3    1    1    0     11120   -2    9  -11    8   12   15   17  -15   19   -3   15    3    0  -10    2   13    1    2
    1    3   10    1    2    5    1    0      1717    7   -6   -6    5   16  -14   -7   10   13    5   12  -12    7   16    1    4    9    6
    1    3   11    1    2    4    1    0       386    5  -11   -7    5   13  -18   -9   10   14    7   13  -12    4   14    0    3   12    6
    1    3   12    1    3    3    3    1      1060    3   -4   -6   15   11   14   15  -15   15   -3   14    0    4  -12    2   12   10   -6
    1    3   13    1    1    1    1    1      1867   15    3   -8   11  -12    8   -9    2   -2    5    9   -4   -9   -1   11   14   16  -15
    1    3   14    1    3    2    2    0      1281    5    2  -10   11    8   17   17  -13   18    7   13    2   -2   -7    1   13    6   -1
    1    3   15    1    1    5    1    1       847   12    3   -9   11  -12   10   -9    1    1    8    8   -1   -4    2    7   16   16   -9
    1    4    1    1    2    1    3    0      1247   11    3  -12   11   15  -13   -9    9   13    8   10  -14    5   16    0    3    9    5
    1    4    2    1    3    1    3    1      1390   -2    9  -11    8   12   15   17  -15   19   -3   15    3    0  -10    2   13    1    2
    1    4    3    1    2    5    2    1       888    7   -6   -6    5   16  -14   -7   10   13    5   12  -12    7   16    1    4    9    6
    1    4    4    1    3    3    1    0       614    3   -4   -6   15   11   14   15  -15   15   -3   14    0    4  -12    2   12   10   -6
    1    4    5    1    1    1    1    1      2319   15    3   -8   11  -12    8   -9    2   -2    5    9   -4   -9   -1   11   14   16  -15
    1    4    6    1    1    4    3    0      2563   13    5  -10   13   -9   10   -5   -6   10    4   11   -2   -1    1    8   16   11   -9
    1    4    7    1    3    4    3    1      1886   13   -7  -20   14   15   15   16  -15   20    4   13    2    0   -8    1   13    8   -8
    1    4    8    1    1    2    1    1      6420   13    4  -10   10  -19   15   -5   -9    4   12   12   -2   -3    2    6   16   14  -10
    1    4    9    1    3    2    1    0      4101    5    2  -10   11    8   17   17  -13   18    7   13    2   -2   -7    1   13    6   -1
    1    4   10    1    1    5    1    1      7617   12    3   -9   11  -12   10   -9    1    1    8    8   -1   -4    2    7   16   16   -9
    1    4   11    1    2    2    3    0      1022    8   -8   -8    8   14  -10   -5    7   12    7   12  -12    8   19    1    5    2    7
    1    4   12    1    2    3    1    0       731    9   -6  -10    3   14  -12   -6   11   16    7   11  -15    7   15   -1    3    8    7
    1    4   13    1    2    4    1    0      1823    5  -11   -7    5   13  -18   -9   10   14    7   13  -12    4   14    0    3   12    6
    1    4   14    1    1    3    3    0       743   12    4  -17    5  -10    9  -10    0    2    9   16   -8   -9    5   -1   10   13  -11
    1    4   15    1    3    5    1    0       987    6    3   -9   11   10   14   13  -11   14   -2   13    0   -1   -4   -2   18   10   -7
    1    5    1    1    3    3    2    0       533    3   -4   -6   15   11   14   15  -15   15   -3   14    0    4  -12    2   12   10   -6
    1    5    2    1    2    4    3    0       369    5  -11   -7    5   13  -18   -9   10   14    7   13  -12    4   14    0    3   12    6
    1    5    3    1    3    5    1    0       676    6    3   -9   11   10   14   13  -11   14   -2   13    0   -1   -4   -2   18   10   -7
    1    5    4    1    2    2    1    0      2282    8   -8   -8    8   14  -10   -5    7   12    7   12  -12    8   19    1    5    2    7
    1    5    5    1    1    5    1    1      1168   12    3   -9   11  -12   10   -9    1    1    8    8   -1   -4    2    7   16   16   -9
    1    5    6    1    1    1    1    1      1347   15    3   -8   11  -12    8   -9    2   -2    5    9   -4   -9   -1   11   14   16  -15
    1    5    7    1    3    2    1    0      9198    5    2  -10   11    8   17   17  -13   18    7   13    2   -2   -7    1   13    6   -1
    1    5    8    1    3    4    1    0       735   13   -7  -20   14   15   15   16  -15   20    4   13    2    0   -8    1   13    8   -8
    1    5    9    1    2    1    1    0      1668   11    3  -12   11   15  -13   -9    9   13    8   10  -14    5   16    0    3    9    5
    1    5   10    1    1    2    1    1      1394   13    4  -10   10  -19   15   -5   -9    4   12   12   -2   -3    2    6   16   14  -10
    1    5   11    1    1    3    2    0      7084   12    4  -17    5  -10    9  -10    0    2    9   16   -8   -9    5   -1   10   13  -11
    1    5   12    1    2    5    2    1      1378    7   -6   -6    5   16  -14   -7   10   13    5   12  -12    7   16    1    4    9    6
    1    5   13    1    3    1    1    0      1420   -2    9  -11    8   12   15   17  -15   19   -3   15    3    0  -10    2   13    1    2
    1    5   14    1    2    3    1    0       565    9   -6  -10    3   14  -12   -6   11   16    7   11  -15    7   15   -1    3    8    7
    1    5   15    1    1    4    2    0       352   13    5  -10   13   -9   10   -5   -6   10    4   11   -2   -1    1    8   16   11   -9
    1    6    1    1    2    4    1    0       163    5  -11   -7    5   13  -18   -9   10   14    7   13  -12    4   14    0    3   12    6
    1    6    2    1    1    3    1    1       382   12    4  -17    5  -10    9  -10    0    2    9   16   -8   -9    5   -1   10   13  -11
    1    6    3    1    2    2    1    0         0    8   -8   -8    8   14  -10   -5    7   12    7   12  -12    8   19    1    5    2    7
    1    6    4    1    2    3    1    0         0    9   -6  -10    3   14  -12   -6   11   16    7   11  -15    7   15   -1    3    8    7
    1    6    5    1    3    5    1    0         0    6    3   -9   11   10   14   13  -11   14   -2   13    0   -1   -4   -2   18   10   -7
    1    6    6    1    2    1    1    0      1011   11    3  -12   11   15  -13   -9    9   13    8   10  -14    5   16    0    3    9    5
    1    6    7    1    1    4    1    1       333   13    5  -10   13   -9   10   -5   -6   10    4   11   -2   -1    1    8   16   11   -9
    1    6    8    1    3    3    1    0       753    3   -4   -6   15   11   14   15  -15   15   -3   14    0    4  -12    2   12   10   -6
    1    6    9    1    1    1    1    1       324   15    3   -8   11  -12    8   -9    2   -2    5    9   -4   -9   -1   11   14   16  -15
    1    6   10    1    1    2    2    0       265   13    4  -10   10  -19   15   -5   -9    4   12   12   -2   -3    2    6   16   14  -10
    1    6   11    1    2    5    1    0         0    7   -6   -6    5   16  -14   -7   10   13    5   12  -12    7   16    1    4    9    6
    1    6   12    1    3    2    1    0       225    5    2  -10   11    8   17   17  -13   18    7   13    2   -2   -7    1   13    6   -1
    1    6   13    1    3    1    1    0      1017   -2    9  -11    8   12   15   17  -15   19   -3   15    3    0  -10    2   13    1    2
    1    6   14    1    3    4    3    1      1586   13   -7  -20   14   15   15   16  -15   20    4   13    2    0   -8    1   13    8   -8
    1    6   15    1    1    5    2    0      3220   12    3   -9   11  -12   10   -9    1    1    8    8   -1   -4    2    7   16   16   -9
    1    7    1    1    3    1    3    1       932   -2    9  -11    8   12   15   17  -15   19   -3   15    3    0  -10    2   13    1    2
    1    7    2    1    2    1    1    0       880   11    3  -12   11   15  -13   -9    9   13    8   10  -14    5   16    0    3    9    5
    1    7    3    1    2    5    2    1       814    7   -6   -6    5   16  -14   -7   10   13    5   12  -12    7   16    1    4    9    6
    1    7    4    1    2    4    2    1      1247    5  -11   -7    5   13  -18   -9   10   14    7   13  -12    4   14    0    3   12    6
    1    7    5    1    1    5    1    1       990   12    3   -9   11  -12   10   -9    1    1    8    8   -1   -4    2    7   16   16   -9
    1    7    6    1    1    3    2    0      1064   12    4  -17    5  -10    9  -10    0    2    9   16   -8   -9    5   -1   10   13  -11
    1    7    7    1    1    2    1    1      1183   13    4  -10   10  -19   15   -5   -9    4   12   12   -2   -3    2    6   16   14  -10
    1    7    8    1    3    4    3    1      3841   13   -7  -20   14   15   15   16  -15   20    4   13    2    0   -8    1   13    8   -8
    1    7    9    1    3    5    2    0      3545    6    3   -9   11   10   14   13  -11   14   -2   13    0   -1   -4   -2   18   10   -7
    1    7   10    1    1    4    1    1       909   13    5  -10   13   -9   10   -5   -6   10    4   11   -2   -1    1    8   16   11   -9
    1    7   11    1    2    2    2    1      1674    8   -8   -8    8   14  -10   -5    7   12    7   12  -12    8   19    1    5    2    7
    1    7   12    1    2    3    2    1      1208    9   -6  -10    3   14  -12   -6   11   16    7   11  -15    7   15   -1    3    8    7
    1    7   13    1    1    1    3    0      2026   15    3   -8   11  -12    8   -9    2   -2    5    9   -4   -9   -1   11   14   16  -15
    1    7   14    1    3    3    3    1       666    3   -4   -6   15   11   14   15  -15   15   -3   14    0    4  -12    2   12   10   -6
    1    7   15    1    3    2    1    0      2625    5    2  -10   11    8   17   17  -13   18    7   13    2   -2   -7    1   13    6   -1
    1    8    1    1    3    3    3    1       730    3   -4   -6   15   11   14   15  -15   15   -3   14    0    4  -12    2   12   10   -6
    1    8    2    1    1    4    1    1      1790   13    5  -10   13   -9   10   -5   -6   10    4   11   -2   -1    1    8   16   11   -9
    1    8    3    1    2    4    2    1      1352    5  -11   -7    5   13  -18   -9   10   14    7   13  -12    4   14    0    3   12    6
    1    8    4    1    1    2    1    1      1907   13    4  -10   10  -19   15   -5   -9    4   12   12   -2   -3    2    6   16   14  -10
    1    8    5    1    3    5    2    0      6296    6    3   -9   11   10   14   13  -11   14   -2   13    0   -1   -4   -2   18   10   -7
    1    8    6    1    3    4    3    1      1805   13   -7  -20   14   15   15   16  -15   20    4   13    2    0   -8    1   13    8   -8
    1    8    7    1    3    2    1    0     11382    5    2  -10   11    8   17   17  -13   18    7   13    2   -2   -7    1   13    6   -1
    1    8    8    1    2    2    2    1       960    8   -8   -8    8   14  -10   -5    7   12    7   12  -12    8   19    1    5    2    7
    1    8    9    1    2    5    2    1      1148    7   -6   -6    5   16  -14   -7   10   13    5   12  -12    7   16    1    4    9    6
    1    8   10    1    2    1    2    1       479   11    3  -12   11   15  -13   -9    9   13    8   10  -14    5   16    0    3    9    5
    1    8   11    1    1    3    1    1      1790   12    4  -17    5  -10    9  -10    0    2    9   16   -8   -9    5   -1   10   13  -11
    1    8   12    1    3    1    3    1      1992   -2    9  -11    8   12   15   17  -15   19   -3   15    3    0  -10    2   13    1    2
    1    8   13    1    2    3    2    1      1465    9   -6  -10    3   14  -12   -6   11   16    7   11  -15    7   15   -1    3    8    7
    1    8   14    1    1    1    1    1      1759   15    3   -8   11  -12    8   -9    2   -2    5    9   -4   -9   -1   11   14   16  -15
    1    8   15    1    1    5    1    1      1291   12    3   -9   11  -12   10   -9    1    1    8    8   -1   -4    2    7   16   16   -9
    1    9    1    1    2    4    2    1       888    5  -11   -7    5   13  -18   -9   10   14    7   13  -12    4   14    0    3   12    6
    1    9    2    1    1    3    3    0      3270   12    4  -17    5  -10    9  -10    0    2    9   16   -8   -9    5   -1   10   13  -11
    1    9    3    1    2    3    2    1       805    9   -6  -10    3   14  -12   -6   11   16    7   11  -15    7   15   -1    3    8    7
    1    9    4    1    1    5    3    0      1718   12    3   -9   11  -12   10   -9    1    1    8    8   -1   -4    2    7   16   16   -9
    1    9    5    1    1    2    1    1       947   13    4  -10   10  -19   15   -5   -9    4   12   12   -2   -3    2    6   16   14  -10
    1    9    6    1    3    2    3    1      1198    5    2  -10   11    8   17   17  -13   18    7   13    2   -2   -7    1   13    6   -1
    1    9    7    1    3    3    3    1      1007    3   -4   -6   15   11   14   15  -15   15   -3   14    0    4  -12    2   12   10   -6
    1    9    8    1    2    1    2    1      1337   11    3  -12   11   15  -13   -9    9   13    8   10  -14    5   16    0    3    9    5
    1    9    9    1    3    4    1    0      1445   13   -7  -20   14   15   15   16  -15   20    4   13    2    0   -8    1   13    8   -8
    1    9   10    1    1    1    3    0      1325   15    3   -8   11  -12    8   -9    2   -2    5    9   -4   -9   -1   11   14   16  -15
    1    9   11    1    2    2    2    1       873    8   -8   -8    8   14  -10   -5    7   12    7   12  -12    8   19    1    5    2    7
    1    9   12    1    3    5    3    1      1416    6    3   -9   11   10   14   13  -11   14   -2   13    0   -1   -4   -2   18   10   -7
    1    9   13    1    2    5    2    1      1281    7   -6   -6    5   16  -14   -7   10   13    5   12  -12    7   16    1    4    9    6
    1    9   14    1    3    1    1    0      1310   -2    9  -11    8   12   15   17  -15   19   -3   15    3    0  -10    2   13    1    2
    1    9   15    1    1    4    1    1       844   13    5  -10   13   -9   10   -5   -6   10    4   11   -2   -1    1    8   16   11   -9
    1   10    1    1    2    5    2    1       731    7   -6   -6    5   16  -14   -7   10   13    5   12  -12    7   16    1    4    9    6
    1   10    2    1    3    3    1    0      4015    3   -4   -6   15   11   14   15  -15   15   -3   14    0    4  -12    2   12   10   -6
    1   10    3    1    1    1    1    1      1007   15    3   -8   11  -12    8   -9    2   -2    5    9   -4   -9   -1   11   14   16  -15
    1   10    4    1    3    1    3    1      1721   -2    9  -11    8   12   15   17  -15   19   -3   15    3    0  -10    2   13    1    2
    1   10    5    1    1    2    1    1       950   13    4  -10   10  -19   15   -5   -9    4   12   12   -2   -3    2    6   16   14  -10
    1   10    6    1    2    1    2    1       625   11    3  -12   11   15  -13   -9    9   13    8   10  -14    5   16    0    3    9    5
    1   10    7    1    1    3    2    0      4825   12    4  -17    5  -10    9  -10    0    2    9   16   -8   -9    5   -1   10   13  -11
    1   10    8    1    2    2    3    0      1770    8   -8   -8    8   14  -10   -5    7   12    7   12  -12    8   19    1    5    2    7
    1   10    9    1    3    4    3    1      1941   13   -7  -20   14   15   15   16  -15   20    4   13    2    0   -8    1   13    8   -8
    1   10   10    1    3    5    3    1      7625    6    3   -9   11   10   14   13  -11   14   -2   13    0   -1   -4   -2   18   10   -7
    1   10   11    1    3    2    1    0      2505    5    2  -10   11    8   17   17  -13   18    7   13    2   -2   -7    1   13    6   -1
    1   10   12    1    1    5    2    0      1526   12    3   -9   11  -12   10   -9    1    1    8    8   -1   -4    2    7   16   16   -9
    1   10   13    1    2    4    2    1       843    5  -11   -7    5   13  -18   -9   10   14    7   13  -12    4   14    0    3   12    6
    1   10   14    1    1    4    1    1      1355   13    5  -10   13   -9   10   -5   -6   10    4   11   -2   -1    1    8   16   11   -9
    1   10   15    1    2    3    2    1       726    9   -6  -10    3   14  -12   -6   11   16    7   11  -15    7   15   -1    3    8    7
    1   11    1    1    3    1    1    0      7243   -2    9  -11    8   12   15   17  -15   19   -3   15    3    0  -10    2   13    1    2
    1   11    2    1    1    1    2    0       698   15    3   -8   11  -12    8   -9    2   -2    5    9   -4   -9   -1   11   14   16  -15
    1   11    3    1    3    2    3    1       960    5    2  -10   11    8   17   17  -13   18    7   13    2   -2   -7    1   13    6   -1
    1   11    4    1    1    5    1    1      1163   12    3   -9   11  -12   10   -9    1    1    8    8   -1   -4    2    7   16   16   -9
    1   11    5    1    3    5    1    0      1358    6    3   -9   11   10   14   13  -11   14   -2   13    0   -1   -4   -2   18   10   -7
    1   11    6    1    2    2    2    1      1097    8   -8   -8    8   14  -10   -5    7   12    7   12  -12    8   19    1    5    2    7
    1   11    7    1    3    3    3    1      1390    3   -4   -6   15   11   14   15  -15   15   -3   14    0    4  -12    2   12   10   -6
    1   11    8    1    2    3    2    1       968    9   -6  -10    3   14  -12   -6   11   16    7   11  -15    7   15   -1    3    8    7
    1   11    9    1    1    3    1    1      1203   12    4  -17    5  -10    9  -10    0    2    9   16   -8   -9    5   -1   10   13  -11
    1   11   10    1    1    2    1    1      1028   13    4  -10   10  -19   15   -5   -9    4   12   12   -2   -3    2    6   16   14  -10
    1   11   11    1    2    4    2    1      1053    5  -11   -7    5   13  -18   -9   10   14    7   13  -12    4   14    0    3   12    6
    1   11   12    1    2    5    2    1       948    7   -6   -6    5   16  -14   -7   10   13    5   12  -12    7   16    1    4    9    6
    1   11   13    1    1    4    1    1      1135   13    5  -10   13   -9   10   -5   -6   10    4   11   -2   -1    1    8   16   11   -9
    1   11   14    1    2    1    2    1       675   11    3  -12   11   15  -13   -9    9   13    8   10  -14    5   16    0    3    9    5
    1   11   15    1    3    4    1    0      2154   13   -7  -20   14   15   15   16  -15   20    4   13    2    0   -8    1   13    8   -8
    1   12    1    1    2    1    2    1       693   11    3  -12   11   15  -13   -9    9   13    8   10  -14    5   16    0    3    9    5
    1   12    2    1    3    2    3    1      4091    5    2  -10   11    8   17   17  -13   18    7   13    2   -2   -7    1   13    6   -1
    1   12    3    1    2    5    2    1      2825    7   -6   -6    5   16  -14   -7   10   13    5   12  -12    7   16    1    4    9    6
    1   12    4    1    1    2    1    1      1098   13    4  -10   10  -19   15   -5   -9    4   12   12   -2   -3    2    6   16   14  -10
    1   12    5    1    1    4    1    1      5423   13    5  -10   13   -9   10   -5   -6   10    4   11   -2   -1    1    8   16   11   -9
    1   12    6    1    3    3    3    1      1655    3   -4   -6   15   11   14   15  -15   15   -3   14    0    4  -12    2   12   10   -6
    1   12    7    1    3    5    2    0      1463    6    3   -9   11   10   14   13  -11   14   -2   13    0   -1   -4   -2   18   10   -7
    1   12    8    1    2    2    1    0      1245    8   -8   -8    8   14  -10   -5    7   12    7   12  -12    8   19    1    5    2    7
    1   12    9    1    1    5    1    1      1406   12    3   -9   11  -12   10   -9    1    1    8    8   -1   -4    2    7   16   16   -9
    1   12   10    1    1    1    2    0      3127   15    3   -8   11  -12    8   -9    2   -2    5    9   -4   -9   -1   11   14   16  -15
    1   12   11    1    2    3    2    1      1851    9   -6  -10    3   14  -12   -6   11   16    7   11  -15    7   15   -1    3    8    7
    1   12   12    1    2    4    2    1      1459    5  -11   -7    5   13  -18   -9   10   14    7   13  -12    4   14    0    3   12    6
    1   12   13    1    1    3    1    1      1226   12    4  -17    5  -10    9  -10    0    2    9   16   -8   -9    5   -1   10   13  -11
    1   12   14    1    3    1    3    1      1210   -2    9  -11    8   12   15   17  -15   19   -3   15    3    0  -10    2   13    1    2
    1   12   15    1    3    4    1    0      9276   13   -7  -20   14   15   15   16  -15   20    4   13    2    0   -8    1   13    8   -8
    1   13    1    1    3    2    3    1      1386    5    2  -10   11    8   17   17  -13   18    7   13    2   -2   -7    1   13    6   -1
    1   13    2    1    2    2    2    1      1796    8   -8   -8    8   14  -10   -5    7   12    7   12  -12    8   19    1    5    2    7
    1   13    3    1    1    5    1    1       829   12    3   -9   11  -12   10   -9    1    1    8    8   -1   -4    2    7   16   16   -9
    1   13    4    1    2    3    2    1       861    9   -6  -10    3   14  -12   -6   11   16    7   11  -15    7   15   -1    3    8    7
    1   13    5    1    3    5    1    0      3645    6    3   -9   11   10   14   13  -11   14   -2   13    0   -1   -4   -2   18   10   -7
    1   13    6    1    2    1    2    1       572   11    3  -12   11   15  -13   -9    9   13    8   10  -14    5   16    0    3    9    5
    1   13    7    1    1    1    1    1       759   15    3   -8   11  -12    8   -9    2   -2    5    9   -4   -9   -1   11   14   16  -15
    1   13    8    1    3    1    3    1      2282   -2    9  -11    8   12   15   17  -15   19   -3   15    3    0  -10    2   13    1    2
    1   13    9    1    1    4    1    1      3681   13    5  -10   13   -9   10   -5   -6   10    4   11   -2   -1    1    8   16   11   -9
    1   13   10    1    3    3    3    1      3086    3   -4   -6   15   11   14   15  -15   15   -3   14    0    4  -12    2   12   10   -6
    1   13   11    1    1    2    1    1       708   13    4  -10   10  -19   15   -5   -9    4   12   12   -2   -3    2    6   16   14  -10
    1   13   12    1    1    3    1    1      3786   12    4  -17    5  -10    9  -10    0    2    9   16   -8   -9    5   -1   10   13  -11
    1   13   13    1    2    5    2    1       963    7   -6   -6    5   16  -14   -7   10   13    5   12  -12    7   16    1    4    9    6
    1   13   14    1    2    4    2    1       718    5  -11   -7    5   13  -18   -9   10   14    7   13  -12    4   14    0    3   12    6
    1   13   15    1    3    4    3    1      2419   13   -7  -20   14   15   15   16  -15   20    4   13    2    0   -8    1   13    8   -8
    1   14    1    1    2    5    2    1       659    7   -6   -6    5   16  -14   -7   10   13    5   12  -12    7   16    1    4    9    6
    1   14    2    1    3    2    3    1      1851    5    2  -10   11    8   17   17  -13   18    7   13    2   -2   -7    1   13    6   -1
    1   14    3    1    3    4    3    1       786   13   -7  -20   14   15   15   16  -15   20    4   13    2    0   -8    1   13    8   -8
    1   14    4    1    1    5    1    1      1204   12    3   -9   11  -12   10   -9    1    1    8    8   -1   -4    2    7   16   16   -9
    1   14    5    1    2    3    2    1       565    9   -6  -10    3   14  -12   -6   11   16    7   11  -15    7   15   -1    3    8    7
    1   14    6    1    1    1    1    1      1296   15    3   -8   11  -12    8   -9    2   -2    5    9   -4   -9   -1   11   14   16  -15
    1   14    7    1    3    3    3    1      1293    3   -4   -6   15   11   14   15  -15   15   -3   14    0    4  -12    2   12   10   -6
    1   14    8    1    3    5    3    1       971    6    3   -9   11   10   14   13  -11   14   -2   13    0   -1   -4   -2   18   10   -7
    1   14    9    1    2    1    2    1       902   11    3  -12   11   15  -13   -9    9   13    8   10  -14    5   16    0    3    9    5
    1   14   10    1    2    4    2    1       467    5  -11   -7    5   13  -18   -9   10   14    7   13  -12    4   14    0    3   12    6
    1   14   11    1    1    4    1    1      1298   13    5  -10   13   -9   10   -5   -6   10    4   11   -2   -1    1    8   16   11   -9
    1   14   12    1    2    2    2    1      1119    8   -8   -8    8   14  -10   -5    7   12    7   12  -12    8   19    1    5    2    7
    1   14   13    1    1    3    1    1      1236   12    4  -17    5  -10    9  -10    0    2    9   16   -8   -9    5   -1   10   13  -11
    1   14   14    1    3    1    3    1      1587   -2    9  -11    8   12   15   17  -15   19   -3   15    3    0  -10    2   13    1    2
    1   14   15    1    1    2    1    1      1061   13    4  -10   10  -19   15   -5   -9    4   12   12   -2   -3    2    6   16   14  -10
    1   15    1    1    2    2    2    1       813    8   -8   -8    8   14  -10   -5    7   12    7   12  -12    8   19    1    5    2    7
    1   15    2    1    3    4    3    1      1182   13   -7  -20   14   15   15   16  -15   20    4   13    2    0   -8    1   13    8   -8
    1   15    3    1    1    3    1    1      1696   12    4  -17    5  -10    9  -10    0    2    9   16   -8   -9    5   -1   10   13  -11
    1   15    4    1    1    5    1    1      5102   12    3   -9   11  -12   10   -9    1    1    8    8   -1   -4    2    7   16   16   -9
    1   15    5    1    1    4    1    1      8755   13    5  -10   13   -9   10   -5   -6   10    4   11   -2   -1    1    8   16   11   -9
    1   15    6    1    3    2    1    0      4086    5    2  -10   11    8   17   17  -13   18    7   13    2   -2   -7    1   13    6   -1
    1   15    7    1    2    4    2    1      3556    5  -11   -7    5   13  -18   -9   10   14    7   13  -12    4   14    0    3   12    6
    1   15    8    1    1    2    1    1      1223   13    4  -10   10  -19   15   -5   -9    4   12   12   -2   -3    2    6   16   14  -10
    1   15    9    1    3    3    3    1      6552    3   -4   -6   15   11   14   15  -15   15   -3   14    0    4  -12    2   12   10   -6
    1   15   10    1    3    5    3    1       707    6    3   -9   11   10   14   13  -11   14   -2   13    0   -1   -4   -2   18   10   -7
    1   15   11    1    2    3    2    1      6792    9   -6  -10    3   14  -12   -6   11   16    7   11  -15    7   15   -1    3    8    7
    1   15   12    1    2    5    2    1      1194    7   -6   -6    5   16  -14   -7   10   13    5   12  -12    7   16    1    4    9    6
    1   15   13    1    3    1    3    1      1404   -2    9  -11    8   12   15   17  -15   19   -3   15    3    0  -10    2   13    1    2
    1   15   14    1    2    1    2    1       645   11    3  -12   11   15  -13   -9    9   13    8   10  -14    5   16    0    3    9    5
    1   15   15    1    1    1    1    1      3229   15    3   -8   11  -12    8   -9    2   -2    5    9   -4   -9   -1   11   14   16  -15
    2    1    1    1    1    4    1    1      2409   13    5  -10   13   -9   10   -5   -6   10    4   11   -2   -1    1    8   16   11   -9
    2    1    2    4    1    1    2    1      1882   14    4  -11   12  -12    8   -8    0    0    7   11   -2   -3    2   10   17   16  -12
    2    1    3    4    3    2    2    1      1488    5    3  -14   11   10   12   18  -10   16   -1   17    1    1  -10    1   15   10  -10
    2    1    4    1    2    3    1    1      1174    9   -6  -10    3   14  -12   -6   11   16    7   11  -15    7   15   -1    3    8    7
    2    1    5    1    1    2    1    1      1304   13    4  -10   10  -19   15   -5   -9    4   12   12   -2   -3    2    6   16   14  -10
    2    1    6    2    1    0    2    1      2022   14    3   -9   12  -11    9   -8    1    1    9   12   -3   -2    2    9   16   13  -10
    2    1    7    4    3    1    2    1      2310    6   -1  -11    8    3   20   14  -14   17   -2   17   -6   -1   -9   -2   15   12   -3
    2    1    8    1    3    3    1    1      2140    3   -4   -6   15   11   14   15  -15   15   -3   14    0    4  -12    2   12   10   -6
    2    1    9    1    2    2    1    1      1752    8   -8   -8    8   14  -10   -5    7   12    7   12  -12    8   19    1    5    2    7
    2    1   10    1    2    4    1    1      1427    5  -11   -7    5   13  -18   -9   10   14    7   13  -12    4   14    0    3   12    6
    2    1   11    4    2    3    2    1       956    7   -6  -16   10   15  -19   -6   11   12    8   14  -15    7   15    1    5    4    9
    2    1   12    4    1    4    2    1      1527   12    1   -3   16   -9    7    0   -7    4    5   11   -4   -2    3    8   17   12  -10
    2    1   13    4    2    5    2    1      1164    8   -6   -6    5   15  -13   -5   11   13   10   10  -16    5   16   -1    3    7   10
    2    1   14    4    1    5    1    0      3054   12    3  -11   13  -10    9  -12   -2    2    7   10    2   -3    2   11   15   19   -6
    2    1   15    6    0    0    2    1       725   -1  -11   -9    6  -16    5    8    9    6    3    4    4  -12   -5   -9  -11   -1   15
    2    1   16    4    1    3    1    0      1370   15    2  -12   17  -13    8   -7    1    2   10   11   -3   -5    0   10   15   13  -12
    2    1   17    4    3    3    2    1      1444   11    3  -12   13   10   12   13  -15   14   -4   13    0    1   -4    2   12    9   -9
    2    1   18    1    1    1    1    1      1484   15    3   -8   11  -12    8   -9    2   -2    5    9   -4   -9   -1   11   14   16  -15
    2    1   19    6    0    0    2    1       930   -5   15   15    8  -15    8   11   14  -16  -11    6  -15   -9   -7   -1   -4    1   -9
    2    1   20    1    1    3    1    1      1966   12    4  -17    5  -10    9  -10    0    2    9   16   -8   -9    5   -1   10   13  -11
    2    1   21    4    2    2    2    1      2385    6   -4  -10    9   16  -13    1    0   16    9   10  -12    2    9   -3    3    9   15
    2    1   22    1    2    1    1    1       915   11    3  -12   11   15  -13   -9    9   13    8   10  -14    5   16    0    3    9    5
    2    1   23    1    3    1    1    1      1548   -2    9  -11    8   12   15   17  -15   19   -3   15    3    0  -10    2   13    1    2
    2    1   24    2    3    0    1    0       691    6    1  -11   12   11   13   15  -13   15   -2   13    1    0   -9    0   14    9   -8
    2    1   25    6    0    0    2    1       921    2   -9  -12    6  -16    1    9    6    8   -1   14   -7  -10   -8   -8  -12    6   18
    2    1   26    4    3    4    2    1       981    8    0   -9    7   12   15    5   -8   16   -3   12    0   -3  -12    0   12   11   -7
    2    1   27    1    2    5    1    1       719    7   -6   -6    5   16  -14   -7   10   13    5   12  -12    7   16    1    4    9    6
    2    1   28    1    1    5    1    1      1460   12    3   -9   11  -12   10   -9    1    1    8    8   -1   -4    2    7   16   16   -9
    2    1   29    2    2    0    1    0       635    8   -7   -8    7   15  -12   -7    9   14    6   11  -14    6   15   -1    4   10    5
    2    1   30    6    0    0    2    1      1059   -7   15    7   11  -19    6   14   17  -12  -13   11  -14  -15  -16   -2   -7   -1  -15
    2    1   31    1    3    5    1    1       906    6    3   -9   11   10   14   13  -11   14   -2   13    0   -1   -4   -2   18   10   -7
    2    1   32    4    2    1    1    0       568   10   -6   -6    5   15  -14   -5    8   12    5   12  -13    6   16    0    4   11    8
    2    1   33    4    2    4    2    1      1234   10   -5   -6    7   15   -4  -12    8   14    7   10  -14    5   16   -1    3   11    4
    2    1   34    6    0    0    2    1      1250    8   -2   -3   -4   -7    5   -2   11   15  -17    5   10   -8   -6    1  -11    3   11
    2    1   35    1    3    4    1    1       785   13   -7  -20   14   15   15   16  -15   20    4   13    2    0   -8    1   13    8   -8
    2    1   36    4    1    2    1    0       723   13    3   -8   13   -9    8   -7    1    0   11   16   -6   -3   -1    7   12   12  -10
    2    1   37    1    3    2    1    1       786    5    2  -10   11    8   17   17  -13   18    7   13    2   -2   -7    1   13    6   -1
    2    1   38    4    3    5    1    0      2298    6    2  -11   13   10   13   17  -15   15   -3   14    1   -1   -8   -2   14   11  -10
    2    1   39    6    0    0    2    1      1759    7   -3   -8   -5   -8    2   -4    8    5  -13   -4   12  -10   -4    2  -13    6   12
