    1    1    1    1    2    4    1    0      9441    8    9    4    8   -5   -7  -11   -2    1   -9  -14  -14   -3   -1   -9    7    8   -2
    1    1    2    1    1    2    3    0      2270   16   11   16   -9  -13  -10    4   -8    1   -6   -2   -3    9    0   13   -6   -7    1
    1    1    3    1    3    1    3    1      1125   -7    3  -12   -3    2    4   13   12    7    5   -1    7   -9    8   13    3  -12    8
    1    1    4    1    1    3    2    0      1722   11   11   13  -10  -12  -12    3   -3    2  -14   -2   -9    9    8   13   -6   -2    0
    1    1    5    1    3    3    3    1      1958  -10    2  -20    7    4    6   16   11    9    4    0    1   -6    7   14    4   -9   12
    1    1    6    1    1    1    2    0      1866    1    3   16   -8  -11   -8    1   -5   -1   -4   -2  -17    6    0    9   -7  -10    5
    1    1    7    1    1    4    1    1      1360   11   12   16   -9  -14   -9    1   -1   -1   -3   -2   -9    2    2   11   -5   -9    4
    1    1    8    1    2    2    2    1      1740    9    8    9   11  -12    1    1   -2    1   -6  -16  -14   -7    1   -4   13    5    2
    1    1    9    1    3    2    2    0      3944  -10    1  -11    6   11   10   11    2    5    9    1    5   -7   10    4    0  -11   12
    1    1   10    1    2    3    1    0      1324   10   10   11    7  -17   10   -7   -3   -1   -9   -9  -17   -3    0   -9    9    7   -2
    1    1   11    1    2    1    3    0      2776    9    8   13    8   -8    2   -9   -2   -2   -9  -12  -15   -2    5  -10    9   14    3
    1    1   12    1    3    5    3    1      1275   -5    0  -10   -1    1    2   15   13   11    3    0    6  -12   14   15    6  -10   13
    1    1   13    1    2    5    2    1      1530   11   10    9    8  -11    3   -9   -2    0   -9  -16  -15   -5   -2   -9    9    8   -2
    1    1   14    1    3    4    1    0      1022    4   -7  -14   -2    3    4    5    5    9    9    0    7   -6    9   13    5  -11   12
    1    1   15    1    1    5    3    0      4214   11   12   13  -10  -10  -11    4  -10   -2   -5   -2   -8   11    1   12   -5   -9    4
    1    2    1    1    2    3    1    0      2943   10   10   11    7  -17   10   -7   -3   -1   -9   -9  -17   -3    0   -9    9    7   -2
    1    2    2    1    2    4    1    0      1675    8    9    4    8   -5   -7  -11   -2    1   -9  -14  -14   -3   -1   -9    7    8   -2
    1    2    3    1    1    2    3    0      4713   16   11   16   -9  -13  -10    4   -8    1   -6   -2   -3    9    0   13   -6   -7    1
    1    2    4    1    2    1    2    1      3806    9    8   13    8   -8    2   -9   -2   -2   -9  -12  -15   -2    5  -10    9   14    3
    1    2    5    1    3    3    3    1       984  -10    2  -20    7    4    6   16   11    9    4    0    1   -6    7   14    4   -9   12
    1    2    6    1    2    5    2    1      1506   11   10    9    8  -11    3   -9   -2    0   -9  -16  -15   -5   -2   -9    9    8   -2
    1    2    7    1    1    4    3    0       967   11   12   16   -9  -14   -9    1   -1   -1   -3   -2   -9    2    2   11   -5   -9    4
    1    2    8    1    3    5    3    1      1074   -5    0  -10   -1    1    2   15   13   11    3    0    6  -12   14   15    6  -10   13
    1    2    9    1    3    4    1    0      1208    4   -7  -14   -2    3    4    5    5    9    9    0    7   -6    9   13    5  -11   12
    1    2   10    1    3    2    3    1      1258  -10    1  -11    6   11   10   11    2    5    9    1    5   -7   10    4    0  -11   12
    1    2   11    1    1    1    2    0      4761    1    3   16   -8  -11   -8    1   -5   -1   -4   -2  -17    6    0    9   -7  -10    5
    1    2   12    1    1    5    1    1      7132   11   12   13  -10  -10  -11    4  -10   -2   -5   -2   -8   11    1   12   -5   -9    4
    1    2   13    1    2    2    1    0      5808    9    8    9   11  -12    1    1   -2    1   -6  -16  -14   -7    1   -4   13    5    2
    1    2   14    1    3    1    2    0      4057   -7    3  -12   -3    2    4   13   12    7    5   -1    7   -9    8   13    3  -12    8
    1    2   15    1    1    3    2    0      5545   11   11   13  -10  -12  -12    3   -3    2  -14   -2   -9    9    8   13   -6   -2    0
    1    3    1    1    3    1    3    1      1837   -7    3  -12   -3    2    4   13   12    7    5   -1    7   -9    8   13    3  -12    8
    1    3    2    1    2    4    1    0      1157    8    9    4    8   -5   -7  -11   -2    1   -9  -14  -14   -3   -1   -9    7    8   -2
    1    3    3    1    3    2    3    1      2664  -10    1  -11    6   11   10   11    2    5    9    1    5   -7   10    4    0  -11   12
    1    3    4    1    3    5    2    0      1647   -5    0  -10   -1    1    2   15   13   11    3    0    6  -12   14   15    6  -10   13
    1    3    5    1    1    1    2    0      1326    1    3   16   -8  -11   -8    1   -5   -1   -4   -2  -17    6    0    9   -7  -10    5
    1    3    6    1    2    1    1    0      1163    9    8   13    8   -8    2   -9   -2   -2   -9  -12  -15   -2    5  -10    9   14    3
    1    3    7    1    1    2    3    0      1614   16   11   16   -9  -13  -10    4   -8    1   -6   -2   -3    9    0   13   -6   -7    1
    1    3    8    1    2    2    2    1      1471    9    8    9   11  -12    1    1   -2    1   -6  -16  -14   -7    1   -4   13    5    2
    1    3    9    1    1    5    1    1      2517   11   12   13  -10  -10  -11    4  -10   -2   -5   -2   -8   11    1   12   -5   -9    4
    1    3   10    1    1    4    1    1      2338   11   12   16   -9  -14   -9    1   -1   -1   -3   -2   -9    2    2   11   -5   -9    4
    1    3   11    1    3    4    2    0      3494    4   -7  -14   -2    3    4    5    5    9    9    0    7   -6    9   13    5  -11   12
    1    3   12    1    3    3    3    1       844  -10    2  -20    7    4    6   16   11    9    4    0    1   -6    7   14    4   -9   12
    1    3   13    1    2    3    1    0      2764   10   10   11    7  -17   10   -7   -3   -1   -9   -9  -17   -3    0   -9    9    7   -2
    1    3   14    1    1    3    1    1      2495   11   11   13  -10  -12  -12    3   -3    2  -14   -2   -9    9    8   13   -6   -2    0
    1    3   15    1    2    5    2    1      1229   11   10    9    8  -11    3   -9   -2    0   -9  -16  -15   -5   -2   -9    9    8   -2
    1    4    1    1    1    3    1    1      1149   11   11   13  -10  -12  -12    3   -3    2  -14   -2   -9    9    8   13   -6   -2    0
    1    4    2    1    1    5    1    1      1121   11   12   13  -10  -10  -11    4  -10   -2   -5   -2   -8   11    1   12   -5   -9    4
    1    4    3    1    2    2    2    1       981    9    8    9   11  -12    1    1   -2    1   -6  -16  -14   -7    1   -4   13    5    2
    1    4    4    1    2    3    1    0      1055   10   10   11    7  -17   10   -7   -3   -1   -9   -9  -17   -3    0   -9    9    7   -2
    1    4    5    1    2    4    1    0       951    8    9    4    8   -5   -7  -11   -2    1   -9  -14  -14   -3   -1   -9    7    8   -2
    1    4    6    1    3    4    2    0      1698    4   -7  -14   -2    3    4    5    5    9    9    0    7   -6    9   13    5  -11   12
    1    4    7    1    3    1    3    1       543   -7    3  -12   -3    2    4   13   12    7    5   -1    7   -9    8   13    3  -12    8
    1    4    8    1    3    3    3    1       779  -10    2  -20    7    4    6   16   11    9    4    0    1   -6    7   14    4   -9   12
    1    4    9    1    1    1    2    0      2318    1    3   16   -8  -11   -8    1   -5   -1   -4   -2  -17    6    0    9   -7  -10    5
    1    4   10    1    2    5    1    0      1874   11   10    9    8  -11    3   -9   -2    0   -9  -16  -15   -5   -2   -9    9    8   -2
    1    4   11    1    2    1    1    0      1529    9    8   13    8   -8    2   -9   -2   -2   -9  -12  -15   -2    5  -10    9   14    3
    1    4   12    1    1    4    1    1      2830   11   12   16   -9  -14   -9    1   -1   -1   -3   -2   -9    2    2   11   -5   -9    4
    1    4   13    1    3    5    3    1       830   -5    0  -10   -1    1    2   15   13   11    3    0    6  -12   14   15    6  -10   13
    1    4   14    1    3    2    2    0      2414  -10    1  -11    6   11   10   11    2    5    9    1    5   -7   10    4    0  -11   12
    1    4   15    1    1    2    1    1      1743   16   11   16   -9  -13  -10    4   -8    1   -6   -2   -3    9    0   13   -6   -7    1
    1    5    1    1    2    5    2    1       954   11   10    9    8  -11    3   -9   -2    0   -9  -16  -15   -5   -2   -9    9    8   -2
    1    5    2    1    3    1    3    1       678   -7    3  -12   -3    2    4   13   12    7    5   -1    7   -9    8   13    3  -12    8
    1    5    3    1    3    5    2    0      1660   -5    0  -10   -1    1    2   15   13   11    3    0    6  -12   14   15    6  -10   13
    1    5    4    1    3    2    3    1       892  -10    1  -11    6   11   10   11    2    5    9    1    5   -7   10    4    0  -11   12
    1    5    5    1    2    1    2    1      1354    9    8   13    8   -8    2   -9   -2   -2   -9  -12  -15   -2    5  -10    9   14    3
    1    5    6    1    1    1    2    0      2245    1    3   16   -8  -11   -8    1   -5   -1   -4   -2  -17    6    0    9   -7  -10    5
    1    5    7    1    1    5    1    1      1661   11   12   13  -10  -10  -11    4  -10   -2   -5   -2   -8   11    1   12   -5   -9    4
    1    5    8    1    1    2    1    1      1596   16   11   16   -9  -13  -10    4   -8    1   -6   -2   -3    9    0   13   -6   -7    1
    1    5    9    1    1    3    1    1       909   11   11   13  -10  -12  -12    3   -3    2  -14   -2   -9    9    8   13   -6   -2    0
    1    5   10    1    2    3    2    1       859   10   10   11    7  -17   10   -7   -3   -1   -9   -9  -17   -3    0   -9    9    7   -2
    1    5   11    1    3    3    3    1       730  -10    2  -20    7    4    6   16   11    9    4    0    1   -6    7   14    4   -9   12
    1    5   12    1    2    2    2    1      1966    9    8    9   11  -12    1    1   -2    1   -6  -16  -14   -7    1   -4   13    5    2
    1    5   13    1    1    4    1    1      1153   11   12   16   -9  -14   -9    1   -1   -1   -3   -2   -9    2    2   11   -5   -9    4
    1    5   14    1    3    4    2    0      8516    4   -7  -14   -2    3    4    5    5    9    9    0    7   -6    9   13    5  -11   12
    1    5   15    1    2    4    2    1      2097    8    9    4    8   -5   -7  -11   -2    1   -9  -14  -14   -3   -1   -9    7    8   -2
    1    6    1    1    2    4    2    1       687    8    9    4    8   -5   -7  -11   -2    1   -9  -14  -14   -3   -1   -9    7    8   -2
    1    6    2    1    1    1    1    1      1348    1    3   16   -8  -11   -8    1   -5   -1   -4   -2  -17    6    0    9   -7  -10    5
    1    6    3    1    1    4    1    1      1312   11   12   16   -9  -14   -9    1   -1   -1   -3   -2   -9    2    2   11   -5   -9    4
    1    6    4    1    1    5    1    1       765   11   12   13  -10  -10  -11    4  -10   -2   -5   -2   -8   11    1   12   -5   -9    4
    1    6    5    1    3    4    3    1      1568    4   -7  -14   -2    3    4    5    5    9    9    0    7   -6    9   13    5  -11   12
    1    6    6    1    3    2    3    1       722  -10    1  -11    6   11   10   11    2    5    9    1    5   -7   10    4    0  -11   12
    1    6    7    1    3    5    3    1      1271   -5    0  -10   -1    1    2   15   13   11    3    0    6  -12   14   15    6  -10   13
    1    6    8    1    2    1    2    1      2534    9    8   13    8   -8    2   -9   -2   -2   -9  -12  -15   -2    5  -10    9   14    3
    1    6    9    1    1    2    1    1      1122   16   11   16   -9  -13  -10    4   -8    1   -6   -2   -3    9    0   13   -6   -7    1
    1    6   10    1    2    3    2    1      1030   10   10   11    7  -17   10   -7   -3   -1   -9   -9  -17   -3    0   -9    9    7   -2
    1    6   11    1    3    1    3    1       702   -7    3  -12   -3    2    4   13   12    7    5   -1    7   -9    8   13    3  -12    8
    1    6   12    1    2    2    2    1      1571    9    8    9   11  -12    1    1   -2    1   -6  -16  -14   -7    1   -4   13    5    2
    1    6   13    1    3    3    3    1       806  -10    2  -20    7    4    6   16   11    9    4    0    1   -6    7   14    4   -9   12
    1    6   14    1    2    5    2    1       967   11   10    9    8  -11    3   -9   -2    0   -9  -16  -15   -5   -2   -9    9    8   -2
    1    6   15    1    1    3    1    1       898   11   11   13  -10  -12  -12    3   -3    2  -14   -2   -9    9    8   13   -6   -2    0
    1    7    1    1    3    2    3    1       719  -10    1  -11    6   11   10   11    2    5    9    1    5   -7   10    4    0  -11   12
    1    7    2    1    3    4    3    1      1620    4   -7  -14   -2    3    4    5    5    9    9    0    7   -6    9   13    5  -11   12
    1    7    3    1    3    5    3    1       820   -5    0  -10   -1    1    2   15   13   11    3    0    6  -12   14   15    6  -10   13
    1    7    4    1    1    3    1    1      2069   11   11   13  -10  -12  -12    3   -3    2  -14   -2   -9    9    8   13   -6   -2    0
    1    7    5    1    2    4    2    1      1123    8    9    4    8   -5   -7  -11   -2    1   -9  -14  -14   -3   -1   -9    7    8   -2
    1    7    6    1    1    4    1    1       760   11   12   16   -9  -14   -9    1   -1   -1   -3   -2   -9    2    2   11   -5   -9    4
    1    7    7    1    2    2    2    1      1371    9    8    9   11  -12    1    1   -2    1   -6  -16  -14   -7    1   -4   13    5    2
    1    7    8    1    3    1    3    1       710   -7    3  -12   -3    2    4   13   12    7    5   -1    7   -9    8   13    3  -12    8
    1    7    9    1    2    5    2    1      1244   11   10    9    8  -11    3   -9   -2    0   -9  -16  -15   -5   -2   -9    9    8   -2
    1    7   10    1    2    3    2    1      1091   10   10   11    7  -17   10   -7   -3   -1   -9   -9  -17   -3    0   -9    9    7   -2
    1    7   11    1    3    3    3    1       721  -10    2  -20    7    4    6   16   11    9    4    0    1   -6    7   14    4   -9   12
    1    7   12    1    1    2    1    1       949   16   11   16   -9  -13  -10    4   -8    1   -6   -2   -3    9    0   13   -6   -7    1
    1    7   13    1    1    1    1    1      2593    1    3   16   -8  -11   -8    1   -5   -1   -4   -2  -17    6    0    9   -7  -10    5
    1    7   14    1    2    1    2    1      1003    9    8   13    8   -8    2   -9   -2   -2   -9  -12  -15   -2    5  -10    9   14    3
    1    7   15    1    1    5    1    1       820   11   12   13  -10  -10  -11    4  -10   -2   -5   -2   -8   11    1   12   -5   -9    4
    1    8    1    1    1    3    1    1      1845   11   11   13  -10  -12  -12    3   -3    2  -14   -2   -9    9    8   13   -6   -2    0
    1    8    2    1    3    4    3    1      1101    4   -7  -14   -2    3    4    5    5    9    9    0    7   -6    9   13    5  -11   12
    1    8    3    1    1    4    1    1      1570   11   12   16   -9  -14   -9    1   -1   -1   -3   -2   -9    2    2   11   -5   -9    4
    1    8    4    1    1    2    1    1      1157   16   11   16   -9  -13  -10    4   -8    1   -6   -2   -3    9    0   13   -6   -7    1
    1    8    5    1    3    5    3    1      1240   -5    0  -10   -1    1    2   15   13   11    3    0    6  -12   14   15    6  -10   13
    1    8    6    1    2    1    2    1       968    9    8   13    8   -8    2   -9   -2   -2   -9  -12  -15   -2    5  -10    9   14    3
    1    8    7    1    2    5    2    1       899   11   10    9    8  -11    3   -9   -2    0   -9  -16  -15   -5   -2   -9    9    8   -2
    1    8    8    1    3    1    3    1       640   -7    3  -12   -3    2    4   13   12    7    5   -1    7   -9    8   13    3  -12    8
    1    8    9    1    2    2    2    1      1032    9    8    9   11  -12    1    1   -2    1   -6  -16  -14   -7    1   -4   13    5    2
    1    8   10    1    3    2    3    1       816  -10    1  -11    6   11   10   11    2    5    9    1    5   -7   10    4    0  -11   12
    1    8   11    1    2    4    2    1      1025    8    9    4    8   -5   -7  -11   -2    1   -9  -14  -14   -3   -1   -9    7    8   -2
    1    8   12    1    3    3    3    1       681  -10    2  -20    7    4    6   16   11    9    4    0    1   -6    7   14    4   -9   12
    1    8   13    1    2    3    2    1       975   10   10   11    7  -17   10   -7   -3   -1   -9   -9  -17   -3    0   -9    9    7   -2
    1    8   14    1    1    1    1    1      1241    1    3   16   -8  -11   -8    1   -5   -1   -4   -2  -17    6    0    9   -7  -10    5
    1    8   15    1    1    5    1    1       584   11   12   13  -10  -10  -11    4  -10   -2   -5   -2   -8   11    1   12   -5   -9    4
    1    9    1    1    2    5    2    1      1059   11   10    9    8  -11    3   -9   -2    0   -9  -16  -15   -5   -2   -9    9    8   -2
    1    9    2    1    3    4    3    1      1531    4   -7  -14   -2    3    4    5    5    9    9    0    7   -6    9   13    5  -11   12
    1    9    3    1    3    2    3    1       782  -10    1  -11    6   11   10   11    2    5    9    1    5   -7   10    4    0  -11   12
    1    9    4    1    2    1    2    1      1632    9    8   13    8   -8    2   -9   -2   -2   -9  -12  -15   -2    5  -10    9   14    3
    1    9    5    1    2    4    2    1       656    8    9    4    8   -5   -7  -11   -2    1   -9  -14  -14   -3   -1   -9    7    8   -2
    1    9    6    1    3    5    3    1      1415   -5    0  -10   -1    1    2   15   13   11    3    0    6  -12   14   15    6  -10   13
    1    9    7    1    1    2    1    1       976   16   11   16   -9  -13  -10    4   -8    1   -6   -2   -3    9    0   13   -6   -7    1
    1    9    8    1    3    3    3    1       667  -10    2  -20    7    4    6   16   11    9    4    0    1   -6    7   14    4   -9   12
    1    9    9    1    2    3    2    1       865   10   10   11    7  -17   10   -7   -3   -1   -9   -9  -17   -3    0   -9    9    7   -2
    1    9   10    1    2    2    2    1      1008    9    8    9   11  -12    1    1   -2    1   -6  -16  -14   -7    1   -4   13    5    2
    1    9   11    1    1    5    1    1       729   11   12   13  -10  -10  -11    4  -10   -2   -5   -2   -8   11    1   12   -5   -9    4
    1    9   12    1    1    1    1    1      1358    1    3   16   -8  -11   -8    1   -5   -1   -4   -2  -17    6    0    9   -7  -10    5
    1    9   13    1    1    3    1    1      1033   11   11   13  -10  -12  -12    3   -3    2  -14   -2   -9    9    8   13   -6   -2    0
    1    9   14    1    3    1    3    1      1041   -7    3  -12   -3    2    4   13   12    7    5   -1    7   -9    8   13    3  -12    8
    1    9   15    1    1    4    1    1      1513   11   12   16   -9  -14   -9    1   -1   -1   -3   -2   -9    2    2   11   -5   -9    4
    1   10    1    1    3    2    3    1      1070  -10    1  -11    6   11   10   11    2    5    9    1    5   -7   10    4    0  -11   12
    1   10    2    1    1    5    1    1       869   11   12   13  -10  -10  -11    4  -10   -2   -5   -2   -8   11    1   12   -5   -9    4
    1   10    3    1    3    4    3    1      2755    4   -7  -14   -2    3    4    5    5    9    9    0    7   -6    9   13    5  -11   12
    1   10    4    1    2    2    2    1       967    9    8    9   11  -12    1    1   -2    1   -6  -16  -14   -7    1   -4   13    5    2
    1   10    5    1    2    1    2    1       993    9    8   13    8   -8    2   -9   -2   -2   -9  -12  -15   -2    5  -10    9   14    3
    1   10    6    1    3    5    3    1       859   -5    0  -10   -1    1    2   15   13   11    3    0    6  -12   14   15    6  -10   13
    1   10    7    1    1    1    1    1      1259    1    3   16   -8  -11   -8    1   -5   -1   -4   -2  -17    6    0    9   -7  -10    5
    1   10    8    1    1    4    1    1       714   11   12   16   -9  -14   -9    1   -1   -1   -3   -2   -9    2    2   11   -5   -9    4
    1   10    9    1    2    4    2    1      1038    8    9    4    8   -5   -7  -11   -2    1   -9  -14  -14   -3   -1   -9    7    8   -2
    1   10   10    1    1    2    1    1       775   16   11   16   -9  -13  -10    4   -8    1   -6   -2   -3    9    0   13   -6   -7    1
    1   10   11    1    2    3    2    1      1033   10   10   11    7  -17   10   -7   -3   -1   -9   -9  -17   -3    0   -9    9    7   -2
    1   10   12    1    2    5    2    1       849   11   10    9    8  -11    3   -9   -2    0   -9  -16  -15   -5   -2   -9    9    8   -2
    1   10   13    1    1    3    1    1      1472   11   11   13  -10  -12  -12    3   -3    2  -14   -2   -9    9    8   13   -6   -2    0
    1   10   14    1    3    1    3    1      1383   -7    3  -12   -3    2    4   13   12    7    5   -1    7   -9    8   13    3  -12    8
    1   10   15    1    3    3    3    1       615  -10    2  -20    7    4    6   16   11    9    4    0    1   -6    7   14    4   -9   12
    1   11    1    1    3    1    3    1       570   -7    3  -12   -3    2    4   13   12    7    5   -1    7   -9    8   13    3  -12    8
    1   11    2    1    2    3    2    1      2149   10   10   11    7  -17   10   -7   -3   -1   -9   -9  -17   -3    0   -9    9    7   -2
    1   11    3    1    2    1    2    1       736    9    8   13    8   -8    2   -9   -2   -2   -9  -12  -15   -2    5  -10    9   14    3
    1   11    4    1    1    1    1    1      1044    1    3   16   -8  -11   -8    1   -5   -1   -4   -2  -17    6    0    9   -7  -10    5
    1   11    5    1    2    2    2    1       972    9    8    9   11  -12    1    1   -2    1   -6  -16  -14   -7    1   -4   13    5    2
    1   11    6    1    1    4    1    1       774   11   12   16   -9  -14   -9    1   -1   -1   -3   -2   -9    2    2   11   -5   -9    4
    1   11    7    1    3    4    3    1       937    4   -7  -14   -2    3    4    5    5    9    9    0    7   -6    9   13    5  -11   12
    1   11    8    1    3    3    3    1       709  -10    2  -20    7    4    6   16   11    9    4    0    1   -6    7   14    4   -9   12
    1   11    9    1    2    4    2    1      1273    8    9    4    8   -5   -7  -11   -2    1   -9  -14  -14   -3   -1   -9    7    8   -2
    1   11   10    1    1    5    1    1       825   11   12   13  -10  -10  -11    4  -10   -2   -5   -2   -8   11    1   12   -5   -9    4
    1   11   11    1    3    2    3    1       693  -10    1  -11    6   11   10   11    2    5    9    1    5   -7   10    4    0  -11   12
    1   11   12    1    3    5    3    1       975   -5    0  -10   -1    1    2   15   13   11    3    0    6  -12   14   15    6  -10   13
    1   11   13    1    1    2    1    1       970   16   11   16   -9  -13  -10    4   -8    1   -6   -2   -3    9    0   13   -6   -7    1
    1   11   14    1    1    3    1    1       804   11   11   13  -10  -12  -12    3   -3    2  -14   -2   -9    9    8   13   -6   -2    0
    1   11   15    1    2    5    2    1      1030   11   10    9    8  -11    3   -9   -2    0   -9  -16  -15   -5   -2   -9    9    8   -2
    1   12    1    1    1    2    1    1      2254   16   11   16   -9  -13  -10    4   -8    1   -6   -2   -3    9    0   13   -6   -7    1
    1   12    2    1    2    1    2    1       933    9    8   13    8   -8    2   -9   -2   -2   -9  -12  -15   -2    5  -10    9   14    3
    1   12    3    1    1    1    1    1      1425    1    3   16   -8  -11   -8    1   -5   -1   -4   -2  -17    6    0    9   -7  -10    5
    1   12    4    1    3    4    3    1      1498    4   -7  -14   -2    3    4    5    5    9    9    0    7   -6    9   13    5  -11   12
    1   12    5    1    2    5    2    1       943   11   10    9    8  -11    3   -9   -2    0   -9  -16  -15   -5   -2   -9    9    8   -2
    1   12    6    1    2    4    2    1       859    8    9    4    8   -5   -7  -11   -2    1   -9  -14  -14   -3   -1   -9    7    8   -2
    1   12    7    1    1    3    1    1       698   11   11   13  -10  -12  -12    3   -3    2  -14   -2   -9    9    8   13   -6   -2    0
    1   12    8    1    2    3    2    1       768   10   10   11    7  -17   10   -7   -3   -1   -9   -9  -17   -3    0   -9    9    7   -2
    1   12    9    1    3    5    3    1       770   -5    0  -10   -1    1    2   15   13   11    3    0    6  -12   14   15    6  -10   13
    1   12   10    1    3    1    3    1      1045   -7    3  -12   -3    2    4   13   12    7    5   -1    7   -9    8   13    3  -12    8
    1   12   11    1    2    2    2    1       813    9    8    9   11  -12    1    1   -2    1   -6  -16  -14   -7    1   -4   13    5    2
    1   12   12    1    3    3    3    1      1966  -10    2  -20    7    4    6   16   11    9    4    0    1   -6    7   14    4   -9   12
    1   12   13    1    1    5    1    1      1840   11   12   13  -10  -10  -11    4  -10   -2   -5   -2   -8   11    1   12   -5   -9    4
    1   12   14    1    3    2    3    1       728  -10    1  -11    6   11   10   11    2    5    9    1    5   -7   10    4    0  -11   12
    1   12   15    1    1    4    1    1       797   11   12   16   -9  -14   -9    1   -1   -1   -3   -2   -9    2    2   11   -5   -9    4
    1   13    1    1    3    3    3    1      3038  -10    2  -20    7    4    6   16   11    9    4    0    1   -6    7   14    4   -9   12
    1   13    2    1    2    3    2    1       822   10   10   11    7  -17   10   -7   -3   -1   -9   -9  -17   -3    0   -9    9    7   -2
    1   13    3    1    1    2    1    1       775   16   11   16   -9  -13  -10    4   -8    1   -6   -2   -3    9    0   13   -6   -7    1
    1   13    4    1    3    4    3    1       826    4   -7  -14   -2    3    4    5    5    9    9    0    7   -6    9   13    5  -11   12
    1   13    5    1    2    5    2    1       805   11   10    9    8  -11    3   -9   -2    0   -9  -16  -15   -5   -2   -9    9    8   -2
    1   13    6    1    3    2    3    1       795  -10    1  -11    6   11   10   11    2    5    9    1    5   -7   10    4    0  -11   12
    1   13    7    1    2    1    2    1       941    9    8   13    8   -8    2   -9   -2   -2   -9  -12  -15   -2    5  -10    9   14    3
    1   13    8    1    2    4    2    1       746    8    9    4    8   -5   -7  -11   -2    1   -9  -14  -14   -3   -1   -9    7    8   -2
    1   13    9    1    2    2    2    1       925    9    8    9   11  -12    1    1   -2    1   -6  -16  -14   -7    1   -4   13    5    2
    1   13   10    1    3    1    3    1       948   -7    3  -12   -3    2    4   13   12    7    5   -1    7   -9    8   13    3  -12    8
    1   13   11    1    1    5    1    1       806   11   12   13  -10  -10  -11    4  -10   -2   -5   -2   -8   11    1   12   -5   -9    4
    1   13   12    1    3    5    3    1      1319   -5    0  -10   -1    1    2   15   13   11    3    0    6  -12   14   15    6  -10   13
    1   13   13    1    1    1    1    1       836    1    3   16   -8  -11   -8    1   -5   -1   -4   -2  -17    6    0    9   -7  -10    5
    1   13   14    1    1    4    1    1      1171   11   12   16   -9  -14   -9    1   -1   -1   -3   -2   -9    2    2   11   -5   -9    4
    1   13   15    1    1    3    1    1      3270   11   11   13  -10  -12  -12    3   -3    2  -14   -2   -9    9    8   13   -6   -2    0
    1   14    1    1    3    4    3    1       901    4   -7  -14   -2    3    4    5    5    9    9    0    7   -6    9   13    5  -11   12
    1   14    2    1    1    5    1    1      1042   11   12   13  -10  -10  -11    4  -10   -2   -5   -2   -8   11    1   12   -5   -9    4
    1   14    3    1    2    3    2    1       762   10   10   11    7  -17   10   -7   -3   -1   -9   -9  -17   -3    0   -9    9    7   -2
    1   14    4    1    1    3    1    1       893   11   11   13  -10  -12  -12    3   -3    2  -14   -2   -9    9    8   13   -6   -2    0
    1   14    5    1    3    5    3    1      1051   -5    0  -10   -1    1    2   15   13   11    3    0    6  -12   14   15    6  -10   13
    1   14    6    1    1    4    1    1       963   11   12   16   -9  -14   -9    1   -1   -1   -3   -2   -9    2    2   11   -5   -9    4
    1   14    7    1    1    1    1    1      1054    1    3   16   -8  -11   -8    1   -5   -1   -4   -2  -17    6    0    9   -7  -10    5
    1   14    8    1    2    4    2    1       981    8    9    4    8   -5   -7  -11   -2    1   -9  -14  -14   -3   -1   -9    7    8   -2
    1   14    9    1    2    5    2    1       799   11   10    9    8  -11    3   -9   -2    0   -9  -16  -15   -5   -2   -9    9    8   -2
    1   14   10    1    2    2    2    1       625    9    8    9   11  -12    1    1   -2    1   -6  -16  -14   -7    1   -4   13    5    2
    1   14   11    1    3    1    3    1       793   -7    3  -12   -3    2    4   13   12    7    5   -1    7   -9    8   13    3  -12    8
    1   14   12    1    1    2    1    1       715   16   11   16   -9  -13  -10    4   -8    1   -6   -2   -3    9    0   13   -6   -7    1
    1   14   13    1    3    2    3    1       896  -10    1  -11    6   11   10   11    2    5    9    1    5   -7   10    4    0  -11   12
    1   14   14    1    3    3    3    1       574  -10    2  -20    7    4    6   16   11    9    4    0    1   -6    7   14    4   -9   12
    1   14   15    1    2    1    2    1       921    9    8   13    8   -8    2   -9   -2   -2   -9  -12  -15   -2    5  -10    9   14    3
    1   15    1    1    2    4    2    1       805    8    9    4    8   -5   -7  -11   -2    1   -9  -14  -14   -3   -1   -9    7    8   -2
    1   15    2    1    1    1    1    1       967    1    3   16   -8  -11   -8    1   -5   -1   -4   -2  -17    6    0    9   -7  -10    5
    1   15    3    1    1    2    1    1       769   16   11   16   -9  -13  -10    4   -8    1   -6   -2   -3    9    0   13   -6   -7    1
    1   15    4    1    3    2    3    1       601  -10    1  -11    6   11   10   11    2    5    9    1    5   -7   10    4    0  -11   12
    1   15    5    1    2    2    2    1      1005    9    8    9   11  -12    1    1   -2    1   -6  -16  -14   -7    1   -4   13    5    2
    1   15    6    1    3    5    3    1      1029   -5    0  -10   -1    1    2   15   13   11    3    0    6  -12   14   15    6  -10   13
    1   15    7    1    1    4    1    1      1198   11   12   16   -9  -14   -9    1   -1   -1   -3   -2   -9    2    2   11   -5   -9    4
    1   15    8    1    2    5    2    1       863   11   10    9    8  -11    3   -9   -2    0   -9  -16  -15   -5   -2   -9    9    8   -2
    1   15    9    1    3    1    3    1       574   -7    3  -12   -3    2    4   13   12    7    5   -1    7   -9    8   13    3  -12    8
    1   15   10    1    1    5    1    1       761   11   12   13  -10  -10  -11    4  -10   -2   -5   -2   -8   11    1   12   -5   -9    4
    1   15   11    1    3    4    3    1      1788    4   -7  -14   -2    3    4    5    5    9    9    0    7   -6    9   13    5  -11   12
    1   15   12    1    2    1    2    1       726    9    8   13    8   -8    2   -9   -2   -2   -9  -12  -15   -2    5  -10    9   14    3
    1   15   13    1    3    3    3    1       762  -10    2  -20    7    4    6   16   11    9    4    0    1   -6    7   14    4   -9   12
    1   15   14    1    2    3    2    1       814   10   10   11    7  -17   10   -7   -3   -1   -9   -9  -17   -3    0   -9    9    7   -2
    1   15   15    1    1    3    1    1       895   11   11   13  -10  -12  -12    3   -3    2  -14   -2   -9    9    8   13   -6   -2    0
    2    1    1    4    2    4    2    1     10048    9    8    8    6  -18   -8   -8    0    0   -9  -13  -16   -5    2   -9    6    7   -2
    2    1    2    2    3    0    2    1      4176   -6    2  -12   -2    3    6   15   12    9    5    0    5   -7    9   13    4  -10   11
    2    1    3    1    3    4    1    1      1338    4   -7  -14   -2    3    4    5    5    9    9    0    7   -6    9   13    5  -11   12
    2    1    4    4    3    5    2    1      2150   -4    0  -13   -3    2    6   13   19    7    6    7   -2   -6   11   14    3  -14   16
    2    1    5    1    3    1    1    1      2226   -7    3  -12   -3    2    4   13   12    7    5   -1    7   -9    8   13    3  -12    8
    2    1    6    2    2    0    1    0      1114    9    9   10    7  -10    1   -9   -1    0   -8  -13  -15   -4    0   -8    8    8   -3
    2    1    7    4    1    3    1    0      1999    9   12   12   -8  -14  -10    1   -5   -1   -4   -3   -6    9   -2   10   -7  -10    3
    2    1    8    2    1    0    1    0      2320   10   12   14   -9  -12  -10    2   -3   -1   -5   -3   -8    7    0   12   -6   -9    3
    2    1    9    1    3    3    1    1       996  -10    2  -20    7    4    6   16   11    9    4    0    1   -6    7   14    4   -9   12
    2    1   10    1    3    2    1    1       686  -10    1  -11    6   11   10   11    2    5    9    1    5   -7   10    4    0  -11   12
    2    1   11    4    2    2    2    1      3859    8    9   11    7  -20   -4   -6   -4    0   -9  -14  -14   -6    0   -6    9   10   -5
    2    1   12    1    2    4    1    1      1019    8    9    4    8   -5   -7  -11   -2    1   -9  -14  -14   -3   -1   -9    7    8   -2
    2    1   13    4    3    1    2    1      4099  -16    0  -22   -6    5    7   16   13   11    6   -2    3   -6   12   15    2  -11   12
    2    1   14    4    3    4    2    1      1489   -6    1  -12   -1    3    8   13   14    7    7    0   10  -12   10   12    5   -8    6
    2    1   15    1    1    2    1    1      1175   16   11   16   -9  -13  -10    4   -8    1   -6   -2   -3    9    0   13   -6   -7    1
    2    1   16    1    1    4    1    1      8106   11   12   16   -9  -14   -9    1   -1   -1   -3   -2   -9    2    2   11   -5   -9    4
    2    1   17    4    2    3    2    1      1447    9    8   11    7  -12    0   -9   -2   -6    2  -12  -16   -5   -4  -13   10   10   -5
    2    1   18    4    3    2    2    1      2126   -5    3  -10    0    4    7   13   12   10    5    1    3   -8   11   12    3  -10   12
    2    1   19    1    2    3    2    0      2651   10   10   11    7  -17   10   -7   -3   -1   -9   -9  -17   -3    0   -9    9    7   -2
    2    1   20    4    1    1    2    1       914    8   12   13   -8  -11   -9    4   -1   -2   -5   -1   -7    9    0   10  -16   -9    4
    2    1   21    1    1    1    2    0      3183    1    3   16   -8  -11   -8    1   -5   -1   -4   -2  -17    6    0    9   -7  -10    5
    2    1   22    4    2    5    2    1      2561    8   11    8    8   -9   -1   -8   -3    1   -9   -3  -16   -2   -2   -9    8    6   -4
    2    1   23    1    2    2    1    1      2550    9    8    9   11  -12    1    1   -2    1   -6  -16  -14   -7    1   -4   13    5    2
    2    1   24    6    0    0    2    1       936    3  -24   -2   19   10  -19   13   -9   -1   -4  -20    9   16   -3    7  -12    3   12
    2    1   25    4    3    3    2    1      1283   -7    2  -15    1    2    7   15   10   18    8   -1    6   -8    7   14    3  -10   15
    2    1   26    4    2    1    1    0      5617   11    9   11    6  -12    3  -10    1    0   -6  -12  -15   -2    3   -3    1    6   -2
    2    1   27    1    1    3    2    0      2322   11   11   13  -10  -12  -12    3   -3    2  -14   -2   -9    9    8   13   -6   -2    0
    2    1   28    6    0    0    2    1       807   13   -3    2    8    3  -13    9  -13   12    9   -2    9    5    7   13   14   -6   -3
    2    1   29    6    0    0    2    1       632    2  -13  -10   12   16  -13   11  -10    1   -3  -17   12   18  -12    8  -11    2   11
    2    1   30    6    0    0    2    1       640   -7    8  -12  -14   16   20    5   -7   -7    1   -6    5  -16   16    0   -4  -13    0
    2    1   31    1    2    1    2    0      2056    9    8   13    8   -8    2   -9   -2   -2   -9  -12  -15   -2    5  -10    9   14    3
    2    1   32    1    3    5    2    0       631   -5    0  -10   -1    1    2   15   13   11    3    0    6  -12   14   15    6  -10   13
    2    1   33    6    0    0    2    1       592   10    3   -8   11    1  -13   12  -13   13    6    4    2    3   11   16    6   -2   -2
    2    1   34    1    2    5    2    0      1881   11   10    9    8  -11    3   -9   -2    0   -9  -16  -15   -5   -2   -9    9    8   -2
    2    1   35    6    0    0    2    1       751   -1   14   -6  -11    8   10    9    0   -5    3   -9    4   -8   13    2   -6  -15   -2
    2    1   36    1    1    5    2    0       931   11   12   13  -10  -10  -11    4  -10   -2   -5   -2   -8   11    1   12   -5   -9    4
    2    1   37    4    1    2    2    1       783   10   13   15   -7  -22  -12    0   -2   -2   -4   -4   -7    5    2    2  -12  -11    3
    2    1   38    4    1    5    2    1      3889    9   10   14   -6  -12  -13    1   -1    1   -7   -2   -9    8    3   21  -12   -9    5
    2    1   39    4    1    4    2    1       743   11   14   23  -19  -14   -9    2   -4    5   -6   -2   -9    8    1   11   -7   -9    4
