    1    1    1    1    3    1    1    0      7449   -6    2    6   18    3  -13  -10   11   11  -15   16   -3  -13    2    0   -5    5    0
    1    1    2    1    2    2    2    1      1013  -13  -12   -6    1    7    8   -2   12   -8    7   -2    1   -6   14    2  -11    7    0
    1    1    3    1    3    3    3    1       829  -10    6    7    8   -1  -11    0   16   11  -11   15   -4  -12    3    6   -1    7    5
    1    1    4    1    1    1    3    0       926    2   -6    9    5   -5  -12  -13   -1    6  -15   -3    1  -10  -10   14   -2  -11   10
    1    1    5    1    2    3    3    0       523  -14  -14   -7    3    6    9   -3    4  -15    4    0    2   -1   10    2  -11    4    0
    1    1    6    1    2    1    2    1       791  -14  -14   -9    4   11   10    1   13  -10    7    5   10   -2   10    0  -11    6   -9
    1    1    7    1    1    4    3    0       601    3   -5   11    5   -6  -14  -16    0    1  -13   -5   -2   -9   -7   15   -1   -2    4
    1    1    8    1    3    4    3    1       418   -7    3    5    8   -2   -9  -12    9   13  -15   13   -3   -9    4    2   -1    9    2
    1    1    9    1    3    2    3    1       915   -6    6    7    8   -2   -8   -8    7   11  -14   12   -2  -11    3    0    0    4    6
    1    1   10    1    1    2    1    1       704    2   -6   13    1   -6  -12  -16    2  -13  -17    3   -1   -7   -9   18    0  -12    8
    1    1   11    1    1    5    3    0       725    1   -4   16    2    1   -9  -12   -2   -5   -8   -4    1   -5   -5   12    0   -8   10
    1    1   12    1    1    3    3    0       538    1   -4   10    7   -6  -13  -13   -1   -5   -8   -2   -1  -13   -6   18   -9   -8   11
    1    1   13    1    2    4    3    0      1510  -14  -13   -7    3   13    8    1   13  -12    8    1    2    1   10    1  -12    5    2
    1    1   14    1    3    5    3    1       779   -7    3    6   11   -1   -9   -8   10   12  -13   13   -4  -10    1    0   -2    5    4
    1    1   15    1    2    5    2    1       893  -13  -14   -9    4    6    9    1    2   -9    8   -3    4    1    9   -4  -20   -2   -5
    1    2    1    1    1    4    1    1       908    3   -5   11    5   -6  -14  -16    0    1  -13   -5   -2   -9   -7   15   -1   -2    4
    1    2    2    1    2    3    2    1      1407  -14  -14   -7    3    6    9   -3    4  -15    4    0    2   -1   10    2  -11    4    0
    1    2    3    1    3    1    3    1      1665   -6    2    6   18    3  -13  -10   11   11  -15   16   -3  -13    2    0   -5    5    0
    1    2    4    1    1    2    1    1      1040    2   -6   13    1   -6  -12  -16    2  -13  -17    3   -1   -7   -9   18    0  -12    8
    1    2    5    1    2    1    2    1       632  -14  -14   -9    4   11   10    1   13  -10    7    5   10   -2   10    0  -11    6   -9
    1    2    6    1    3    4    1    0      2432   -7    3    5    8   -2   -9  -12    9   13  -15   13   -3   -9    4    2   -1    9    2
    1    2    7    1    1    3    1    1       768    1   -4   10    7   -6  -13  -13   -1   -5   -8   -2   -1  -13   -6   18   -9   -8   11
    1    2    8    1    3    5    1    0      1170   -7    3    6   11   -1   -9   -8   10   12  -13   13   -4  -10    1    0   -2    5    4
    1    2    9    1    3    3    3    1       917  -10    6    7    8   -1  -11    0   16   11  -11   15   -4  -12    3    6   -1    7    5
    1    2   10    1    1    5    2    0       994    1   -4   16    2    1   -9  -12   -2   -5   -8   -4    1   -5   -5   12    0   -8   10
    1    2   11    1    2    4    2    1       940  -14  -13   -7    3   13    8    1   13  -12    8    1    2    1   10    1  -12    5    2
    1    2   12    1    2    2    2    1       807  -13  -12   -6    1    7    8   -2   12   -8    7   -2    1   -6   14    2  -11    7    0
    1    2   13    1    3    2    1    0      1465   -6    6    7    8   -2   -8   -8    7   11  -14   12   -2  -11    3    0    0    4    6
    1    2   14    1    1    1    1    1       943    2   -6    9    5   -5  -12  -13   -1    6  -15   -3    1  -10  -10   14   -2  -11   10
    1    2   15    1    2    5    2    1      1051  -13  -14   -9    4    6    9    1    2   -9    8   -3    4    1    9   -4  -20   -2   -5
    1    3    1    1    1    2    1    1       787    2   -6   13    1   -6  -12  -16    2  -13  -17    3   -1   -7   -9   18    0  -12    8
    1    3    2    1    1    3    3    0       804    1   -4   10    7   -6  -13  -13   -1   -5   -8   -2   -1  -13   -6   18   -9   -8   11
    1    3    3    1    2    5    2    1       678  -13  -14   -9    4    6    9    1    2   -9    8   -3    4    1    9   -4  -20   -2   -5
    1    3    4    1    1    5    1    1       764    1   -4   16    2    1   -9  -12   -2   -5   -8   -4    1   -5   -5   12    0   -8   10
    1    3    5    1    3    2    3    1      1311   -6    6    7    8   -2   -8   -8    7   11  -14   12   -2  -11    3    0    0    4    6
    1    3    6    1    2    1    2    1       428  -14  -14   -9    4   11   10    1   13  -10    7    5   10   -2   10    0  -11    6   -9
    1    3    7    1    3    4    3    1      1005   -7    3    5    8   -2   -9  -12    9   13  -15   13   -3   -9    4    2   -1    9    2
    1    3    8    1    2    2    2    1       806  -13  -12   -6    1    7    8   -2   12   -8    7   -2    1   -6   14    2  -11    7    0
    1    3    9    1    1    4    1    1       856    3   -5   11    5   -6  -14  -16    0    1  -13   -5   -2   -9   -7   15   -1   -2    4
    1    3   10    1    3    3    3    1       599  -10    6    7    8   -1  -11    0   16   11  -11   15   -4  -12    3    6   -1    7    5
    1    3   11    1    3    5    3    1       576   -7    3    6   11   -1   -9   -8   10   12  -13   13   -4  -10    1    0   -2    5    4
    1    3   12    1    3    1    3    1       538   -6    2    6   18    3  -13  -10   11   11  -15   16   -3  -13    2    0   -5    5    0
    1    3   13    1    2    3    2    1       759  -14  -14   -7    3    6    9   -3    4  -15    4    0    2   -1   10    2  -11    4    0
    1    3   14    1    1    1    1    1      1066    2   -6    9    5   -5  -12  -13   -1    6  -15   -3    1  -10  -10   14   -2  -11   10
    1    3   15    1    2    4    2    1       736  -14  -13   -7    3   13    8    1   13  -12    8    1    2    1   10    1  -12    5    2
    1    4    1    1    3    1    3    1       692   -6    2    6   18    3  -13  -10   11   11  -15   16   -3  -13    2    0   -5    5    0
    1    4    2    1    1    5    1    1       490    1   -4   16    2    1   -9  -12   -2   -5   -8   -4    1   -5   -5   12    0   -8   10
    1    4    3    1    2    4    2    1       360  -14  -13   -7    3   13    8    1   13  -12    8    1    2    1   10    1  -12    5    2
    1    4    4    1    2    1    2    1       635  -14  -14   -9    4   11   10    1   13  -10    7    5   10   -2   10    0  -11    6   -9
    1    4    5    1    3    2    1    0      1811   -6    6    7    8   -2   -8   -8    7   11  -14   12   -2  -11    3    0    0    4    6
    1    4    6    1    1    3    1    1       861    1   -4   10    7   -6  -13  -13   -1   -5   -8   -2   -1  -13   -6   18   -9   -8   11
    1    4    7    1    2    5    2    1       460  -13  -14   -9    4    6    9    1    2   -9    8   -3    4    1    9   -4  -20   -2   -5
    1    4    8    1    1    4    3    0      1227    3   -5   11    5   -6  -14  -16    0    1  -13   -5   -2   -9   -7   15   -1   -2    4
    1    4    9    1    2    3    2    1       620  -14  -14   -7    3    6    9   -3    4  -15    4    0    2   -1   10    2  -11    4    0
    1    4   10    1    1    2    1    1       868    2   -6   13    1   -6  -12  -16    2  -13  -17    3   -1   -7   -9   18    0  -12    8
    1    4   11    1    3    3    3    1       931  -10    6    7    8   -1  -11    0   16   11  -11   15   -4  -12    3    6   -1    7    5
    1    4   12    1    1    1    1    1       719    2   -6    9    5   -5  -12  -13   -1    6  -15   -3    1  -10  -10   14   -2  -11   10
    1    4   13    1    3    5    1    0      1107   -7    3    6   11   -1   -9   -8   10   12  -13   13   -4  -10    1    0   -2    5    4
    1    4   14    1    2    2    2    1       409  -13  -12   -6    1    7    8   -2   12   -8    7   -2    1   -6   14    2  -11    7    0
    1    4   15    1    3    4    1    0      1402   -7    3    5    8   -2   -9  -12    9   13  -15   13   -3   -9    4    2   -1    9    2
    1    5    1    1    1    2    1    1       979    2   -6   13    1   -6  -12  -16    2  -13  -17    3   -1   -7   -9   18    0  -12    8
    1    5    2    1    3    5    3    1      1597   -7    3    6   11   -1   -9   -8   10   12  -13   13   -4  -10    1    0   -2    5    4
    1    5    3    1    3    3    3    1       895  -10    6    7    8   -1  -11    0   16   11  -11   15   -4  -12    3    6   -1    7    5
    1    5    4    1    1    3    1    1       829    1   -4   10    7   -6  -13  -13   -1   -5   -8   -2   -1  -13   -6   18   -9   -8   11
    1    5    5    1    2    1    2    1       349  -14  -14   -9    4   11   10    1   13  -10    7    5   10   -2   10    0  -11    6   -9
    1    5    6    1    3    1    3    1      1152   -6    2    6   18    3  -13  -10   11   11  -15   16   -3  -13    2    0   -5    5    0
    1    5    7    1    2    5    2    1       852  -13  -14   -9    4    6    9    1    2   -9    8   -3    4    1    9   -4  -20   -2   -5
    1    5    8    1    3    2    1    0      1107   -6    6    7    8   -2   -8   -8    7   11  -14   12   -2  -11    3    0    0    4    6
    1    5    9    1    2    3    1    0       600  -14  -14   -7    3    6    9   -3    4  -15    4    0    2   -1   10    2  -11    4    0
    1    5   10    1    1    4    1    1       594    3   -5   11    5   -6  -14  -16    0    1  -13   -5   -2   -9   -7   15   -1   -2    4
    1    5   11    1    1    5    3    0       828    1   -4   16    2    1   -9  -12   -2   -5   -8   -4    1   -5   -5   12    0   -8   10
    1    5   12    1    1    1    1    1       700    2   -6    9    5   -5  -12  -13   -1    6  -15   -3    1  -10  -10   14   -2  -11   10
    1    5   13    1    2    2    2    1       738  -13  -12   -6    1    7    8   -2   12   -8    7   -2    1   -6   14    2  -11    7    0
    1    5   14    1    2    4    2    1       622  -14  -13   -7    3   13    8    1   13  -12    8    1    2    1   10    1  -12    5    2
    1    5   15    1    3    4    1    0      1597   -7    3    5    8   -2   -9  -12    9   13  -15   13   -3   -9    4    2   -1    9    2
    1    6    1    1    3    1    1    0       655   -6    2    6   18    3  -13  -10   11   11  -15   16   -3  -13    2    0   -5    5    0
    1    6    2    1    3    3    3    1       630  -10    6    7    8   -1  -11    0   16   11  -11   15   -4  -12    3    6   -1    7    5
    1    6    3    1    2    2    2    1       478  -13  -12   -6    1    7    8   -2   12   -8    7   -2    1   -6   14    2  -11    7    0
    1    6    4    1    1    1    3    0       908    2   -6    9    5   -5  -12  -13   -1    6  -15   -3    1  -10  -10   14   -2  -11   10
    1    6    5    1    3    2    3    1       858   -6    6    7    8   -2   -8   -8    7   11  -14   12   -2  -11    3    0    0    4    6
    1    6    6    1    2    1    2    1       441  -14  -14   -9    4   11   10    1   13  -10    7    5   10   -2   10    0  -11    6   -9
    1    6    7    1    1    4    1    1       857    3   -5   11    5   -6  -14  -16    0    1  -13   -5   -2   -9   -7   15   -1   -2    4
    1    6    8    1    3    5    1    0       824   -7    3    6   11   -1   -9   -8   10   12  -13   13   -4  -10    1    0   -2    5    4
    1    6    9    1    2    3    3    0       777  -14  -14   -7    3    6    9   -3    4  -15    4    0    2   -1   10    2  -11    4    0
    1    6   10    1    2    4    2    1       492  -14  -13   -7    3   13    8    1   13  -12    8    1    2    1   10    1  -12    5    2
    1    6   11    1    1    5    1    1       858    1   -4   16    2    1   -9  -12   -2   -5   -8   -4    1   -5   -5   12    0   -8   10
    1    6   12    1    1    2    3    0      2068    2   -6   13    1   -6  -12  -16    2  -13  -17    3   -1   -7   -9   18    0  -12    8
    1    6   13    1    2    5    2    1      1335  -13  -14   -9    4    6    9    1    2   -9    8   -3    4    1    9   -4  -20   -2   -5
    1    6   14    1    1    3    3    0      1107    1   -4   10    7   -6  -13  -13   -1   -5   -8   -2   -1  -13   -6   18   -9   -8   11
    1    6   15    1    3    4    3    1      3321   -7    3    5    8   -2   -9  -12    9   13  -15   13   -3   -9    4    2   -1    9    2
    1    7    1    1    2    3    2    1       549  -14  -14   -7    3    6    9   -3    4  -15    4    0    2   -1   10    2  -11    4    0
    1    7    2    1    3    3    1    0      1137  -10    6    7    8   -1  -11    0   16   11  -11   15   -4  -12    3    6   -1    7    5
    1    7    3    1    1    3    1    1       869    1   -4   10    7   -6  -13  -13   -1   -5   -8   -2   -1  -13   -6   18   -9   -8   11
    1    7    4    1    3    1    1    0      1139   -6    2    6   18    3  -13  -10   11   11  -15   16   -3  -13    2    0   -5    5    0
    1    7    5    1    3    4    1    0      1175   -7    3    5    8   -2   -9  -12    9   13  -15   13   -3   -9    4    2   -1    9    2
    1    7    6    1    2    4    2    1       714  -14  -13   -7    3   13    8    1   13  -12    8    1    2    1   10    1  -12    5    2
    1    7    7    1    3    2    3    1      1294   -6    6    7    8   -2   -8   -8    7   11  -14   12   -2  -11    3    0    0    4    6
    1    7    8    1    2    1    2    1       777  -14  -14   -9    4   11   10    1   13  -10    7    5   10   -2   10    0  -11    6   -9
    1    7    9    1    2    2    2    1       670  -13  -12   -6    1    7    8   -2   12   -8    7   -2    1   -6   14    2  -11    7    0
    1    7   10    1    1    5    1    1      1061    1   -4   16    2    1   -9  -12   -2   -5   -8   -4    1   -5   -5   12    0   -8   10
    1    7   11    1    2    5    2    1       572  -13  -14   -9    4    6    9    1    2   -9    8   -3    4    1    9   -4  -20   -2   -5
    1    7   12    1    1    1    3    0      1191    2   -6    9    5   -5  -12  -13   -1    6  -15   -3    1  -10  -10   14   -2  -11   10
    1    7   13    1    3    5    1    0       649   -7    3    6   11   -1   -9   -8   10   12  -13   13   -4  -10    1    0   -2    5    4
    1    7   14    1    1    2    1    1       560    2   -6   13    1   -6  -12  -16    2  -13  -17    3   -1   -7   -9   18    0  -12    8
    1    7   15    1    1    4    1    1       875    3   -5   11    5   -6  -14  -16    0    1  -13   -5   -2   -9   -7   15   -1   -2    4
    1    8    1    1    2    3    2    1       826  -14  -14   -7    3    6    9   -3    4  -15    4    0    2   -1   10    2  -11    4    0
    1    8    2    1    1    4    3    0       651    3   -5   11    5   -6  -14  -16    0    1  -13   -5   -2   -9   -7   15   -1   -2    4
    1    8    3    1    2    1    2    1       610  -14  -14   -9    4   11   10    1   13  -10    7    5   10   -2   10    0  -11    6   -9
    1    8    4    1    2    5    2    1       555  -13  -14   -9    4    6    9    1    2   -9    8   -3    4    1    9   -4  -20   -2   -5
    1    8    5    1    3    4    3    1       902   -7    3    5    8   -2   -9  -12    9   13  -15   13   -3   -9    4    2   -1    9    2
    1    8    6    1    1    1    1    1       692    2   -6    9    5   -5  -12  -13   -1    6  -15   -3    1  -10  -10   14   -2  -11   10
    1    8    7    1    3    2    3    1      2042   -6    6    7    8   -2   -8   -8    7   11  -14   12   -2  -11    3    0    0    4    6
    1    8    8    1    1    3    1    1       922    1   -4   10    7   -6  -13  -13   -1   -5   -8   -2   -1  -13   -6   18   -9   -8   11
    1    8    9    1    3    3    3    1       982  -10    6    7    8   -1  -11    0   16   11  -11   15   -4  -12    3    6   -1    7    5
    1    8   10    1    3    1    1    0       768   -6    2    6   18    3  -13  -10   11   11  -15   16   -3  -13    2    0   -5    5    0
    1    8   11    1    1    5    1    1       702    1   -4   16    2    1   -9  -12   -2   -5   -8   -4    1   -5   -5   12    0   -8   10
    1    8   12    1    2    4    2    1       616  -14  -13   -7    3   13    8    1   13  -12    8    1    2    1   10    1  -12    5    2
    1    8   13    1    3    5    2    0      1201   -7    3    6   11   -1   -9   -8   10   12  -13   13   -4  -10    1    0   -2    5    4
    1    8   14    1    2    2    2    1      2994  -13  -12   -6    1    7    8   -2   12   -8    7   -2    1   -6   14    2  -11    7    0
    1    8   15    1    1    2    3    0      1148    2   -6   13    1   -6  -12  -16    2  -13  -17    3   -1   -7   -9   18    0  -12    8
    1    9    1    1    2    2    2    1       639  -13  -12   -6    1    7    8   -2   12   -8    7   -2    1   -6   14    2  -11    7    0
    1    9    2    1    1    5    2    0       582    1   -4   16    2    1   -9  -12   -2   -5   -8   -4    1   -5   -5   12    0   -8   10
    1    9    3    1    3    3    3    1       753  -10    6    7    8   -1  -11    0   16   11  -11   15   -4  -12    3    6   -1    7    5
    1    9    4    1    3    4    1    0       597   -7    3    5    8   -2   -9  -12    9   13  -15   13   -3   -9    4    2   -1    9    2
    1    9    5    1    1    3    1    1      1181    1   -4   10    7   -6  -13  -13   -1   -5   -8   -2   -1  -13   -6   18   -9   -8   11
    1    9    6    1    2    3    2    1       447  -14  -14   -7    3    6    9   -3    4  -15    4    0    2   -1   10    2  -11    4    0
    1    9    7    1    2    5    2    1       510  -13  -14   -9    4    6    9    1    2   -9    8   -3    4    1    9   -4  -20   -2   -5
    1    9    8    1    1    1    3    0       908    2   -6    9    5   -5  -12  -13   -1    6  -15   -3    1  -10  -10   14   -2  -11   10
    1    9    9    1    3    2    3    1       405   -6    6    7    8   -2   -8   -8    7   11  -14   12   -2  -11    3    0    0    4    6
    1    9   10    1    2    1    2    1       601  -14  -14   -9    4   11   10    1   13  -10    7    5   10   -2   10    0  -11    6   -9
    1    9   11    1    1    2    3    0       659    2   -6   13    1   -6  -12  -16    2  -13  -17    3   -1   -7   -9   18    0  -12    8
    1    9   12    1    3    1    1    0       746   -6    2    6   18    3  -13  -10   11   11  -15   16   -3  -13    2    0   -5    5    0
    1    9   13    1    2    4    2    1       829  -14  -13   -7    3   13    8    1   13  -12    8    1    2    1   10    1  -12    5    2
    1    9   14    1    3    5    1    0      1022   -7    3    6   11   -1   -9   -8   10   12  -13   13   -4  -10    1    0   -2    5    4
    1    9   15    1    1    4    2    0       854    3   -5   11    5   -6  -14  -16    0    1  -13   -5   -2   -9   -7   15   -1   -2    4
    1   10    1    1    2    3    2    1       389  -14  -14   -7    3    6    9   -3    4  -15    4    0    2   -1   10    2  -11    4    0
    1   10    2    1    3    2    3    1       599   -6    6    7    8   -2   -8   -8    7   11  -14   12   -2  -11    3    0    0    4    6
    1   10    3    1    1    1    1    1       560    2   -6    9    5   -5  -12  -13   -1    6  -15   -3    1  -10  -10   14   -2  -11   10
    1   10    4    1    3    4    2    0       764   -7    3    5    8   -2   -9  -12    9   13  -15   13   -3   -9    4    2   -1    9    2
    1   10    5    1    1    5    3    0       894    1   -4   16    2    1   -9  -12   -2   -5   -8   -4    1   -5   -5   12    0   -8   10
    1   10    6    1    1    4    3    0       589    3   -5   11    5   -6  -14  -16    0    1  -13   -5   -2   -9   -7   15   -1   -2    4
    1   10    7    1    2    2    2    1      1031  -13  -12   -6    1    7    8   -2   12   -8    7   -2    1   -6   14    2  -11    7    0
    1   10    8    1    3    3    3    1      1166  -10    6    7    8   -1  -11    0   16   11  -11   15   -4  -12    3    6   -1    7    5
    1   10    9    1    2    5    2    1       609  -13  -14   -9    4    6    9    1    2   -9    8   -3    4    1    9   -4  -20   -2   -5
    1   10   10    1    3    5    1    0       954   -7    3    6   11   -1   -9   -8   10   12  -13   13   -4  -10    1    0   -2    5    4
    1   10   11    1    1    2    3    0       806    2   -6   13    1   -6  -12  -16    2  -13  -17    3   -1   -7   -9   18    0  -12    8
    1   10   12    1    3    1    3    1       983   -6    2    6   18    3  -13  -10   11   11  -15   16   -3  -13    2    0   -5    5    0
    1   10   13    1    2    4    2    1       593  -14  -13   -7    3   13    8    1   13  -12    8    1    2    1   10    1  -12    5    2
    1   10   14    1    2    1    2    1       410  -14  -14   -9    4   11   10    1   13  -10    7    5   10   -2   10    0  -11    6   -9
    1   10   15    1    1    3    1    1       812    1   -4   10    7   -6  -13  -13   -1   -5   -8   -2   -1  -13   -6   18   -9   -8   11
    1   11    1    1    2    3    2    1       606  -14  -14   -7    3    6    9   -3    4  -15    4    0    2   -1   10    2  -11    4    0
    1   11    2    1    1    5    3    0      1239    1   -4   16    2    1   -9  -12   -2   -5   -8   -4    1   -5   -5   12    0   -8   10
    1   11    3    1    2    1    2    1       438  -14  -14   -9    4   11   10    1   13  -10    7    5   10   -2   10    0  -11    6   -9
    1   11    4    1    2    5    2    1       567  -13  -14   -9    4    6    9    1    2   -9    8   -3    4    1    9   -4  -20   -2   -5
    1   11    5    1    2    4    2    1       593  -14  -13   -7    3   13    8    1   13  -12    8    1    2    1   10    1  -12    5    2
    1   11    6    1    1    2    3    0       875    2   -6   13    1   -6  -12  -16    2  -13  -17    3   -1   -7   -9   18    0  -12    8
    1   11    7    1    3    1    3    1       410   -6    2    6   18    3  -13  -10   11   11  -15   16   -3  -13    2    0   -5    5    0
    1   11    8    1    1    4    1    1       555    3   -5   11    5   -6  -14  -16    0    1  -13   -5   -2   -9   -7   15   -1   -2    4
    1   11    9    1    3    4    1    0       774   -7    3    5    8   -2   -9  -12    9   13  -15   13   -3   -9    4    2   -1    9    2
    1   11   10    1    3    5    1    0       761   -7    3    6   11   -1   -9   -8   10   12  -13   13   -4  -10    1    0   -2    5    4
    1   11   11    1    3    2    1    0       427   -6    6    7    8   -2   -8   -8    7   11  -14   12   -2  -11    3    0    0    4    6
    1   11   12    1    3    3    1    0       573  -10    6    7    8   -1  -11    0   16   11  -11   15   -4  -12    3    6   -1    7    5
    1   11   13    1    1    1    1    1       616    2   -6    9    5   -5  -12  -13   -1    6  -15   -3    1  -10  -10   14   -2  -11   10
    1   11   14    1    2    2    2    1       768  -13  -12   -6    1    7    8   -2   12   -8    7   -2    1   -6   14    2  -11    7    0
    1   11   15    1    1    3    3    0       963    1   -4   10    7   -6  -13  -13   -1   -5   -8   -2   -1  -13   -6   18   -9   -8   11
    1   12    1    1    3    3    1    0       606  -10    6    7    8   -1  -11    0   16   11  -11   15   -4  -12    3    6   -1    7    5
    1   12    2    1    1    4    3    0       519    3   -5   11    5   -6  -14  -16    0    1  -13   -5   -2   -9   -7   15   -1   -2    4
    1   12    3    1    2    2    2    1       547  -13  -12   -6    1    7    8   -2   12   -8    7   -2    1   -6   14    2  -11    7    0
    1   12    4    1    3    1    3    1       926   -6    2    6   18    3  -13  -10   11   11  -15   16   -3  -13    2    0   -5    5    0
    1   12    5    1    3    4    1    0       658   -7    3    5    8   -2   -9  -12    9   13  -15   13   -3   -9    4    2   -1    9    2
    1   12    6    1    1    1    3    0       482    2   -6    9    5   -5  -12  -13   -1    6  -15   -3    1  -10  -10   14   -2  -11   10
    1   12    7    1    1    3    1    1       592    1   -4   10    7   -6  -13  -13   -1   -5   -8   -2   -1  -13   -6   18   -9   -8   11
    1   12    8    1    3    5    3    1       586   -7    3    6   11   -1   -9   -8   10   12  -13   13   -4  -10    1    0   -2    5    4
    1   12    9    1    1    5    1    1       740    1   -4   16    2    1   -9  -12   -2   -5   -8   -4    1   -5   -5   12    0   -8   10
    1   12   10    1    2    1    2    1       488  -14  -14   -9    4   11   10    1   13  -10    7    5   10   -2   10    0  -11    6   -9
    1   12   11    1    1    2    1    1       918    2   -6   13    1   -6  -12  -16    2  -13  -17    3   -1   -7   -9   18    0  -12    8
    1   12   12    1    2    4    2    1       610  -14  -13   -7    3   13    8    1   13  -12    8    1    2    1   10    1  -12    5    2
    1   12   13    1    2    5    2    1       572  -13  -14   -9    4    6    9    1    2   -9    8   -3    4    1    9   -4  -20   -2   -5
    1   12   14    1    3    2    3    1       694   -6    6    7    8   -2   -8   -8    7   11  -14   12   -2  -11    3    0    0    4    6
    1   12   15    1    2    3    2    1       588  -14  -14   -7    3    6    9   -3    4  -15    4    0    2   -1   10    2  -11    4    0
    1   13    1    1    2    2    2    1       949  -13  -12   -6    1    7    8   -2   12   -8    7   -2    1   -6   14    2  -11    7    0
    1   13    2    1    3    2    1    0       770   -6    6    7    8   -2   -8   -8    7   11  -14   12   -2  -11    3    0    0    4    6
    1   13    3    1    3    5    3    1       708   -7    3    6   11   -1   -9   -8   10   12  -13   13   -4  -10    1    0   -2    5    4
    1   13    4    1    1    3    1    1       601    1   -4   10    7   -6  -13  -13   -1   -5   -8   -2   -1  -13   -6   18   -9   -8   11
    1   13    5    1    3    4    3    1       739   -7    3    5    8   -2   -9  -12    9   13  -15   13   -3   -9    4    2   -1    9    2
    1   13    6    1    1    1    1    1       887    2   -6    9    5   -5  -12  -13   -1    6  -15   -3    1  -10  -10   14   -2  -11   10
    1   13    7    1    1    4    1    1       613    3   -5   11    5   -6  -14  -16    0    1  -13   -5   -2   -9   -7   15   -1   -2    4
    1   13    8    1    3    3    1    0       845  -10    6    7    8   -1  -11    0   16   11  -11   15   -4  -12    3    6   -1    7    5
    1   13    9    1    2    3    2    1       765  -14  -14   -7    3    6    9   -3    4  -15    4    0    2   -1   10    2  -11    4    0
    1   13   10    1    3    1    3    1      1088   -6    2    6   18    3  -13  -10   11   11  -15   16   -3  -13    2    0   -5    5    0
    1   13   11    1    2    1    2    1       582  -14  -14   -9    4   11   10    1   13  -10    7    5   10   -2   10    0  -11    6   -9
    1   13   12    1    2    4    2    1       480  -14  -13   -7    3   13    8    1   13  -12    8    1    2    1   10    1  -12    5    2
    1   13   13    1    1    5    1    1       894    1   -4   16    2    1   -9  -12   -2   -5   -8   -4    1   -5   -5   12    0   -8   10
    1   13   14    1    1    2    1    1       732    2   -6   13    1   -6  -12  -16    2  -13  -17    3   -1   -7   -9   18    0  -12    8
    1   13   15    1    2    5    2    1       652  -13  -14   -9    4    6    9    1    2   -9    8   -3    4    1    9   -4  -20   -2   -5
    1   14    1    1    2    5    2    1       391  -13  -14   -9    4    6    9    1    2   -9    8   -3    4    1    9   -4  -20   -2   -5
    1   14    2    1    1    4    1    1       953    3   -5   11    5   -6  -14  -16    0    1  -13   -5   -2   -9   -7   15   -1   -2    4
    1   14    3    1    3    4    3    1      1220   -7    3    5    8   -2   -9  -12    9   13  -15   13   -3   -9    4    2   -1    9    2
    1   14    4    1    1    3    3    0      1477    1   -4   10    7   -6  -13  -13   -1   -5   -8   -2   -1  -13   -6   18   -9   -8   11
    1   14    5    1    3    5    3    1       523   -7    3    6   11   -1   -9   -8   10   12  -13   13   -4  -10    1    0   -2    5    4
    1   14    6    1    3    1    1    0       760   -6    2    6   18    3  -13  -10   11   11  -15   16   -3  -13    2    0   -5    5    0
    1   14    7    1    3    2    1    0       523   -6    6    7    8   -2   -8   -8    7   11  -14   12   -2  -11    3    0    0    4    6
    1   14    8    1    2    3    2    1       552  -14  -14   -7    3    6    9   -3    4  -15    4    0    2   -1   10    2  -11    4    0
    1   14    9    1    1    2    1    1       643    2   -6   13    1   -6  -12  -16    2  -13  -17    3   -1   -7   -9   18    0  -12    8
    1   14   10    1    2    2    3    0       587  -13  -12   -6    1    7    8   -2   12   -8    7   -2    1   -6   14    2  -11    7    0
    1   14   11    1    1    5    3    0       613    1   -4   16    2    1   -9  -12   -2   -5   -8   -4    1   -5   -5   12    0   -8   10
    1   14   12    1    2    1    2    1       542  -14  -14   -9    4   11   10    1   13  -10    7    5   10   -2   10    0  -11    6   -9
    1   14   13    1    2    4    2    1       634  -14  -13   -7    3   13    8    1   13  -12    8    1    2    1   10    1  -12    5    2
    1   14   14    1    3    3    1    0       738  -10    6    7    8   -1  -11    0   16   11  -11   15   -4  -12    3    6   -1    7    5
    1   14   15    1    1    1    1    1       486    2   -6    9    5   -5  -12  -13   -1    6  -15   -3    1  -10  -10   14   -2  -11   10
    1   15    1    1    1    1    3    0       612    2   -6    9    5   -5  -12  -13   -1    6  -15   -3    1  -10  -10   14   -2  -11   10
    1   15    2    1    1    5    2    0       653    1   -4   16    2    1   -9  -12   -2   -5   -8   -4    1   -5   -5   12    0   -8   10
    1   15    3    1    1    4    1    1       324    3   -5   11    5   -6  -14  -16    0    1  -13   -5   -2   -9   -7   15   -1   -2    4
    1   15    4    1    2    3    2    1       489  -14  -14   -7    3    6    9   -3    4  -15    4    0    2   -1   10    2  -11    4    0
    1   15    5    1    1    3    1    1       631    1   -4   10    7   -6  -13  -13   -1   -5   -8   -2   -1  -13   -6   18   -9   -8   11
    1   15    6    1    2    2    2    1       575  -13  -12   -6    1    7    8   -2   12   -8    7   -2    1   -6   14    2  -11    7    0
    1   15    7    1    3    4    3    1       938   -7    3    5    8   -2   -9  -12    9   13  -15   13   -3   -9    4    2   -1    9    2
    1   15    8    1    2    5    2    1       581  -13  -14   -9    4    6    9    1    2   -9    8   -3    4    1    9   -4  -20   -2   -5
    1   15    9    1    3    5    3    1      1167   -7    3    6   11   -1   -9   -8   10   12  -13   13   -4  -10    1    0   -2    5    4
    1   15   10    1    3    1    1    0      1186   -6    2    6   18    3  -13  -10   11   11  -15   16   -3  -13    2    0   -5    5    0
    1   15   11    1    2    4    2    1       692  -14  -13   -7    3   13    8    1   13  -12    8    1    2    1   10    1  -12    5    2
    1   15   12    1    1    2    1    1       698    2   -6   13    1   -6  -12  -16    2  -13  -17    3   -1   -7   -9   18    0  -12    8
    1   15   13    1    2    1    2    1       639  -14  -14   -9    4   11   10    1   13  -10    7    5   10   -2   10    0  -11    6   -9
    1   15   14    1    3    2    3    1       919   -6    6    7    8   -2   -8   -8    7   11  -14   12   -2  -11    3    0    0    4    6
    1   15   15    1    3    3    1    0       596  -10    6    7    8   -1  -11    0   16   11  -11   15   -4  -12    3    6   -1    7    5
    2    1    1    1    2    4    1    1      2247  -14  -13   -7    3   13    8    1   13  -12    8    1    2    1   10    1  -12    5    2
    2    1    2    4    3    3    2    1      1439   -8    5    8    6    0   -8   -6   -1   11  -14   14   -4  -11    3   -2   -4    3    5
    2    1    3    4    3    1    2    1      6359   -7    3    9   13   -3  -10  -11    7   11  -14   13   -3  -12    9   -2   -4    7    3
    2    1    4    4    3    5    2    1      1365   -9    4    6    7   -6  -19   -8    7   13  -12   14    5  -13    0    0   -3    7    5
    2    1    5    1    1    5    1    1      1028    1   -4   16    2    1   -9  -12   -2   -5   -8   -4    1   -5   -5   12    0   -8   10
    2    1    6    2    1    0    1    0       828    2   -5   12    7   -4  -14  -14    0   -4   -8   -3   -1   -8   -7   14   -1  -10    9
    2    1    7    1    1    1    2    0       985    2   -6    9    5   -5  -12  -13   -1    6  -15   -3    1  -10  -10   14   -2  -11   10
    2    1    8    1    3    4    1    1      1255   -7    3    5    8   -2   -9  -12    9   13  -15   13   -3   -9    4    2   -1    9    2
    2    1    9    4    2    5    2    1      1446  -10  -20  -16    7    4    6   -2   13   -8    9    2    8   -2    9    2   -8   12   -3
    2    1   10    6    0    0    2    1       797   -2  -10   18  -15   -4   -6   -6   -9   16  -14    8   14   -9    0  -17    3   -3  -19
    2    1   11    1    1    3    1    1      1311    1   -4   10    7   -6  -13  -13   -1   -5   -8   -2   -1  -13   -6   18   -9   -8   11
    2    1   12    1    2    3    1    1      1164  -14  -14   -7    3    6    9   -3    4  -15    4    0    2   -1   10    2  -11    4    0
    2    1   13    1    2    5    1    1      1727  -13  -14   -9    4    6    9    1    2   -9    8   -3    4    1    9   -4  -20   -2   -5
    2    1   14    4    2    2    2    1      1019  -20   -4   -6    1    5    6   -4    8  -18   11    4    2   -2    9    0  -11    5   -1
    2    1   15    1    1    4    1    1      1012    3   -5   11    5   -6  -14  -16    0    1  -13   -5   -2   -9   -7   15   -1   -2    4
    2    1   16    1    3    2    1    1       893   -6    6    7    8   -2   -8   -8    7   11  -14   12   -2  -11    3    0    0    4    6
    2    1   17    4    1    1    1    0      1131    1   -5   11    5   -4  -13  -15    0   -3   -9   -3   -2  -10   -5   16    0  -11    9
    2    1   18    1    3    1    2    0       911   -6    2    6   18    3  -13  -10   11   11  -15   16   -3  -13    2    0   -5    5    0
    2    1   19    4    1    2    2    1       828    2   -6   13    9   -6  -16  -13    0    6   -5   -3   -3  -14   -3   15   -4   -9    8
    2    1   20    4    1    3    2    1       925    1   -8   10    8    1  -18  -15    2   -6   -6   -2   -1  -11   -7   13    9   -9    8
    2    1   21    1    2    1    1    1      1050  -14  -14   -9    4   11   10    1   13  -10    7    5   10   -2   10    0  -11    6   -9
    2    1   22    4    3    4    2    1       977   -9    5    7    8   -3  -14  -10   10    7  -10   13  -13  -12    1   -8  -10    6    3
    2    1   23    1    1    2    1    1      1467    2   -6   13    1   -6  -12  -16    2  -13  -17    3   -1   -7   -9   18    0  -12    8
    2    1   24    6    0    0    2    1      1122    7    2    2   14   -2  -13   -5    6   -2   -1   11   -1  -10   10  -13  -14    2    9
    2    1   25    2    3    0    1    0      1255   -8    4    6    9   -2  -10  -10    9   11  -13   14   -3  -11    2   -1   -4    6    5
    2    1   26    4    1    4    1    0      2181    4    0   12    3   -5  -15  -14    2   -2  -10   -1    1   -7   -7   12   -2   -9    8
    2    1   27    2    2    0    1    0      1519  -13  -13   -7    2    6    8   -1   12  -10    8   -1    2    0   10    0  -10    5    0
    2    1   28    4    2    3    1    0      1460  -14  -12  -16    2   11    4    0   14  -12    9   -3    0    1    9   -1   -9    6   -1
    2    1   29    1    2    2    1    1       731  -13  -12   -6    1    7    8   -2   12   -8    7   -2    1   -6   14    2  -11    7    0
    2    1   30    6    0    0    2    1       927   -1  -11   17  -14   -1    2   -7   -9   12  -10   10   21   -5    5  -10   -5   -6  -15
    2    1   31    4    2    4    2    1       987  -11  -14   -4   -3   16   15   -3   12   -9    7    0    1   -1   11    1  -10    6    2
    2    1   32    1    3    3    1    1      1125  -10    6    7    8   -1  -11    0   16   11  -11   15   -4  -12    3    6   -1    7    5
    2    1   33    4    3    2    2    1      1129  -10    6    6    8  -11  -18   -9   11   12  -15   12   -4   -3   -3    2   -3   13   -2
    2    1   34    4    1    5    2    1      1245   -3   -5    9    3   -2  -13  -14    2   -6   -7   -3    0   -1   -4   13    0  -11    9
    2    1   35    6    0    0    2    1       605  -14   13  -11  -11    4   15    0  -15   15   -7  -23    8   -6    0    2   -1   12   11
    2    1   36    6    0    0    2    1       983   -2    6    5    3   -6  -17   -6    6   -3   -2    6  -11   -7   11  -13  -12    1   11
    2    1   37    1    3    5    1    1      1009   -7    3    6   11   -1   -9   -8   10   12  -13   13   -4  -10    1    0   -2    5    4
    2    1   38    6    0    0    2    1      1194  -13   12  -11  -11    3   14   -2   -9   15   -7  -10    8   -9    1    2    1   13   10
    2    1   39    4    2    1    1    0      1708  -13  -12   -9    4    5    7    0   12  -11    9   -9   11    1    3    2   -7    6    2
