    1    1    1    1    3    4    1    0     31512   -1   16  -12  -16  -10   14    2  -13    9  -14   -5    7    6    7    4   14   13   -7
    1    1    2    1    3    5    2    0      1506   -1   13  -22  -16   -9   13    3  -12   14  -10   -5    5    8    4    3   16    4  -15
    1    1    3    1    3    3    3    1       728   -2   14  -12  -15  -10   16    6   -9   13  -11   -4    5   -1    4    2   16   12    2
    1    1    4    1    3    1    3    1       588   -1   13  -12  -13  -12   14    4  -14   12  -15   -5    1    7    5    5   17   12   -6
    1    1    5    1    1    3    2    0       902   -3   -1    9   -2    0   -1    8   17   10   11   15   20   16   -8  -12  -12   -7   12
    1    1    6    1    1    2    1    1       724    8    6   17    2   10  -10   12   12    9   12   13   14   16   -8  -12  -13  -16    9
    1    1    7    1    2    1    3    0       696    8    6  -10   -9   -5    6   -5    0    7    0   -2    6    7  -12   10  -14    6   -4
    1    1    8    1    1    1    1    1       845    6    7    2    5    1   -1   14   11    6   11    9   18   16   -7   -4  -18   -9    9
    1    1    9    1    2    5    2    1       797    8    0  -12   -5   -6    7  -11    0   16    7    0    4    8  -13   10   -7   12   -1
    1    1   10    1    2    3    3    0       479    6    1  -10   -4   -4    4   -3    1   24   -2    4    0    7  -11    9  -10   14   -1
    1    1   11    1    2    2    3    0      1053    6   10  -10   -2   -8    2   -3    0   13    7   -1    6    8  -10    4   -7   15   -1
    1    1   12    1    1    4    2    0      1300    8    9    9   -5   -1    0   11   13    6   14   11   16   16   -8  -21  -21   -5   12
    1    1   13    1    3    2    1    0       930   -1   15  -13  -16   -9   14    1  -16   12  -10    0   11    6    6    2   14   11   -6
    1    1   14    1    2    4    3    0      2110    9    0   -9   -3   -4    4   -2   -2   12    7   -1    6    8   -7    6  -10   14   -2
    1    1   15    1    1    5    1    1      1115    6    8   10   -1   -3   -2   14   13    7   10    9   14   16  -13   -5  -12   -6   13
    1    2    1    1    2    4    2    1      2944    9    0   -9   -3   -4    4   -2   -2   12    7   -1    6    8   -7    6  -10   14   -2
    1    2    2    1    1    2    1    1       716    8    6   17    2   10  -10   12   12    9   12   13   14   16   -8  -12  -13  -16    9
    1    2    3    1    1    5    1    1      1584    6    8   10   -1   -3   -2   14   13    7   10    9   14   16  -13   -5  -12   -6   13
    1    2    4    1    2    1    2    1       978    8    6  -10   -9   -5    6   -5    0    7    0   -2    6    7  -12   10  -14    6   -4
    1    2    5    1    1    1    1    1       973    6    7    2    5    1   -1   14   11    6   11    9   18   16   -7   -4  -18   -9    9
    1    2    6    1    3    3    2    0       840   -2   14  -12  -15  -10   16    6   -9   13  -11   -4    5   -1    4    2   16   12    2
    1    2    7    1    1    4    1    1       615    8    9    9   -5   -1    0   11   13    6   14   11   16   16   -8  -21  -21   -5   12
    1    2    8    1    2    3    2    1       896    6    1  -10   -4   -4    4   -3    1   24   -2    4    0    7  -11    9  -10   14   -1
    1    2    9    1    3    2    2    0      1070   -1   15  -13  -16   -9   14    1  -16   12  -10    0   11    6    6    2   14   11   -6
    1    2   10    1    2    5    1    0      1701    8    0  -12   -5   -6    7  -11    0   16    7    0    4    8  -13   10   -7   12   -1
    1    2   11    1    1    3    1    1       674   -3   -1    9   -2    0   -1    8   17   10   11   15   20   16   -8  -12  -12   -7   12
    1    2   12    1    3    4    3    1      1128   -1   16  -12  -16  -10   14    2  -13    9  -14   -5    7    6    7    4   14   13   -7
    1    2   13    1    3    5    3    1       781   -1   13  -22  -16   -9   13    3  -12   14  -10   -5    5    8    4    3   16    4  -15
    1    2   14    1    2    2    2    1       911    6   10  -10   -2   -8    2   -3    0   13    7   -1    6    8  -10    4   -7   15   -1
    1    2   15    1    3    1    3    1      1116   -1   13  -12  -13  -12   14    4  -14   12  -15   -5    1    7    5    5   17   12   -6
    1    3    1    1    2    2    2    1      1505    6   10  -10   -2   -8    2   -3    0   13    7   -1    6    8  -10    4   -7   15   -1
    1    3    2    1    3    3    3    1      1430   -2   14  -12  -15  -10   16    6   -9   13  -11   -4    5   -1    4    2   16   12    2
    1    3    3    1    1    1    1    1       654    6    7    2    5    1   -1   14   11    6   11    9   18   16   -7   -4  -18   -9    9
    1    3    4    1    3    4    3    1      1941   -1   16  -12  -16  -10   14    2  -13    9  -14   -5    7    6    7    4   14   13   -7
    1    3    5    1    1    4    1    1       601    8    9    9   -5   -1    0   11   13    6   14   11   16   16   -8  -21  -21   -5   12
    1    3    6    1    3    1    3    1       707   -1   13  -12  -13  -12   14    4  -14   12  -15   -5    1    7    5    5   17   12   -6
    1    3    7    1    2    4    2    1       872    9    0   -9   -3   -4    4   -2   -2   12    7   -1    6    8   -7    6  -10   14   -2
    1    3    8    1    2    3    2    1       807    6    1  -10   -4   -4    4   -3    1   24   -2    4    0    7  -11    9  -10   14   -1
    1    3    9    1    1    3    1    1       696   -3   -1    9   -2    0   -1    8   17   10   11   15   20   16   -8  -12  -12   -7   12
    1    3   10    1    2    5    2    1       717    8    0  -12   -5   -6    7  -11    0   16    7    0    4    8  -13   10   -7   12   -1
    1    3   11    1    3    5    1    0       786   -1   13  -22  -16   -9   13    3  -12   14  -10   -5    5    8    4    3   16    4  -15
    1    3   12    1    3    2    2    0      1012   -1   15  -13  -16   -9   14    1  -16   12  -10    0   11    6    6    2   14   11   -6
    1    3   13    1    2    1    2    1      1101    8    6  -10   -9   -5    6   -5    0    7    0   -2    6    7  -12   10  -14    6   -4
    1    3   14    1    1    5    1    1       962    6    8   10   -1   -3   -2   14   13    7   10    9   14   16  -13   -5  -12   -6   13
    1    3   15    1    1    2    1    1       606    8    6   17    2   10  -10   12   12    9   12   13   14   16   -8  -12  -13  -16    9
    1    4    1    1    2    4    2    1       759    9    0   -9   -3   -4    4   -2   -2   12    7   -1    6    8   -7    6  -10   14   -2
    1    4    2    1    2    3    2    1       938    6    1  -10   -4   -4    4   -3    1   24   -2    4    0    7  -11    9  -10   14   -1
    1    4    3    1    1    2    1    1      1878    8    6   17    2   10  -10   12   12    9   12   13   14   16   -8  -12  -13  -16    9
    1    4    4    1    1    5    1    1      2381    6    8   10   -1   -3   -2   14   13    7   10    9   14   16  -13   -5  -12   -6   13
    1    4    5    1    3    2    1    0      1471   -1   15  -13  -16   -9   14    1  -16   12  -10    0   11    6    6    2   14   11   -6
    1    4    6    1    3    1    2    0      1221   -1   13  -12  -13  -12   14    4  -14   12  -15   -5    1    7    5    5   17   12   -6
    1    4    7    1    2    1    2    1       918    8    6  -10   -9   -5    6   -5    0    7    0   -2    6    7  -12   10  -14    6   -4
    1    4    8    1    3    3    1    0       611   -2   14  -12  -15  -10   16    6   -9   13  -11   -4    5   -1    4    2   16   12    2
    1    4    9    1    2    2    1    0      2284    6   10  -10   -2   -8    2   -3    0   13    7   -1    6    8  -10    4   -7   15   -1
    1    4   10    1    3    5    3    1      2562   -1   13  -22  -16   -9   13    3  -12   14  -10   -5    5    8    4    3   16    4  -15
    1    4   11    1    1    1    1    1      1021    6    7    2    5    1   -1   14   11    6   11    9   18   16   -7   -4  -18   -9    9
    1    4   12    1    1    4    1    1       710    8    9    9   -5   -1    0   11   13    6   14   11   16   16   -8  -21  -21   -5   12
    1    4   13    1    3    4    2    0       651   -1   16  -12  -16  -10   14    2  -13    9  -14   -5    7    6    7    4   14   13   -7
    1    4   14    1    1    3    1    1       754   -3   -1    9   -2    0   -1    8   17   10   11   15   20   16   -8  -12  -12   -7   12
    1    4   15    1    2    5    2    1      1894    8    0  -12   -5   -6    7  -11    0   16    7    0    4    8  -13   10   -7   12   -1
    1    5    1    1    2    2    1    0      1019    6   10  -10   -2   -8    2   -3    0   13    7   -1    6    8  -10    4   -7   15   -1
    1    5    2    1    2    3    2    1      2372    6    1  -10   -4   -4    4   -3    1   24   -2    4    0    7  -11    9  -10   14   -1
    1    5    3    1    1    3    1    1       519   -3   -1    9   -2    0   -1    8   17   10   11   15   20   16   -8  -12  -12   -7   12
    1    5    4    1    3    4    3    1      1011   -1   16  -12  -16  -10   14    2  -13    9  -14   -5    7    6    7    4   14   13   -7
    1    5    5    1    2    4    2    1       941    9    0   -9   -3   -4    4   -2   -2   12    7   -1    6    8   -7    6  -10   14   -2
    1    5    6    1    1    5    1    1       713    6    8   10   -1   -3   -2   14   13    7   10    9   14   16  -13   -5  -12   -6   13
    1    5    7    1    2    1    2    1      1054    8    6  -10   -9   -5    6   -5    0    7    0   -2    6    7  -12   10  -14    6   -4
    1    5    8    1    3    3    3    1       869   -2   14  -12  -15  -10   16    6   -9   13  -11   -4    5   -1    4    2   16   12    2
    1    5    9    1    1    1    1    1       436    6    7    2    5    1   -1   14   11    6   11    9   18   16   -7   -4  -18   -9    9
    1    5   10    1    3    2    2    0       820   -1   15  -13  -16   -9   14    1  -16   12  -10    0   11    6    6    2   14   11   -6
    1    5   11    1    1    2    1    1       724    8    6   17    2   10  -10   12   12    9   12   13   14   16   -8  -12  -13  -16    9
    1    5   12    1    3    1    3    1      1705   -1   13  -12  -13  -12   14    4  -14   12  -15   -5    1    7    5    5   17   12   -6
    1    5   13    1    1    4    1    1       662    8    9    9   -5   -1    0   11   13    6   14   11   16   16   -8  -21  -21   -5   12
    1    5   14    1    3    5    3    1       894   -1   13  -22  -16   -9   13    3  -12   14  -10   -5    5    8    4    3   16    4  -15
    1    5   15    1    2    5    3    0       684    8    0  -12   -5   -6    7  -11    0   16    7    0    4    8  -13   10   -7   12   -1
    1    6    1    1    3    2    2    0       978   -1   15  -13  -16   -9   14    1  -16   12  -10    0   11    6    6    2   14   11   -6
    1    6    2    1    1    3    1    1       668   -3   -1    9   -2    0   -1    8   17   10   11   15   20   16   -8  -12  -12   -7   12
    1    6    3    1    3    3    3    1      1219   -2   14  -12  -15  -10   16    6   -9   13  -11   -4    5   -1    4    2   16   12    2
    1    6    4    1    2    4    2    1       723    9    0   -9   -3   -4    4   -2   -2   12    7   -1    6    8   -7    6  -10   14   -2
    1    6    5    1    3    4    3    1      1544   -1   16  -12  -16  -10   14    2  -13    9  -14   -5    7    6    7    4   14   13   -7
    1    6    6    1    1    4    1    1       540    8    9    9   -5   -1    0   11   13    6   14   11   16   16   -8  -21  -21   -5   12
    1    6    7    1    2    3    2    1       824    6    1  -10   -4   -4    4   -3    1   24   -2    4    0    7  -11    9  -10   14   -1
    1    6    8    1    1    2    1    1       520    8    6   17    2   10  -10   12   12    9   12   13   14   16   -8  -12  -13  -16    9
    1    6    9    1    1    5    2    0      1765    6    8   10   -1   -3   -2   14   13    7   10    9   14   16  -13   -5  -12   -6   13
    1    6   10    1    2    1    2    1       672    8    6  -10   -9   -5    6   -5    0    7    0   -2    6    7  -12   10  -14    6   -4
    1    6   11    1    3    5    3    1      1030   -1   13  -22  -16   -9   13    3  -12   14  -10   -5    5    8    4    3   16    4  -15
    1    6   12    1    2    5    2    1      1182    8    0  -12   -5   -6    7  -11    0   16    7    0    4    8  -13   10   -7   12   -1
    1    6   13    1    1    1    1    1       576    6    7    2    5    1   -1   14   11    6   11    9   18   16   -7   -4  -18   -9    9
    1    6   14    1    3    1    3    1      1595   -1   13  -12  -13  -12   14    4  -14   12  -15   -5    1    7    5    5   17   12   -6
    1    6   15    1    2    2    2    1      1645    6   10  -10   -2   -8    2   -3    0   13    7   -1    6    8  -10    4   -7   15   -1
    1    7    1    1    3    3    3    1       909   -2   14  -12  -15  -10   16    6   -9   13  -11   -4    5   -1    4    2   16   12    2
    1    7    2    1    2    5    2    1       602    8    0  -12   -5   -6    7  -11    0   16    7    0    4    8  -13   10   -7   12   -1
    1    7    3    1    3    5    3    1       468   -1   13  -22  -16   -9   13    3  -12   14  -10   -5    5    8    4    3   16    4  -15
    1    7    4    1    2    3    2    1       786    6    1  -10   -4   -4    4   -3    1   24   -2    4    0    7  -11    9  -10   14   -1
    1    7    5    1    1    1    1    1       564    6    7    2    5    1   -1   14   11    6   11    9   18   16   -7   -4  -18   -9    9
    1    7    6    1    1    5    1    1       895    6    8   10   -1   -3   -2   14   13    7   10    9   14   16  -13   -5  -12   -6   13
    1    7    7    1    2    1    2    1      2365    8    6  -10   -9   -5    6   -5    0    7    0   -2    6    7  -12   10  -14    6   -4
    1    7    8    1    3    2    3    1      1519   -1   15  -13  -16   -9   14    1  -16   12  -10    0   11    6    6    2   14   11   -6
    1    7    9    1    2    2    2    1      1012    6   10  -10   -2   -8    2   -3    0   13    7   -1    6    8  -10    4   -7   15   -1
    1    7   10    1    2    4    2    1       893    9    0   -9   -3   -4    4   -2   -2   12    7   -1    6    8   -7    6  -10   14   -2
    1    7   11    1    1    3    1    1       571   -3   -1    9   -2    0   -1    8   17   10   11   15   20   16   -8  -12  -12   -7   12
    1    7   12    1    3    1    3    1      2757   -1   13  -12  -13  -12   14    4  -14   12  -15   -5    1    7    5    5   17   12   -6
    1    7   13    1    1    4    1    1       713    8    9    9   -5   -1    0   11   13    6   14   11   16   16   -8  -21  -21   -5   12
    1    7   14    1    3    4    2    0       557   -1   16  -12  -16  -10   14    2  -13    9  -14   -5    7    6    7    4   14   13   -7
    1    7   15    1    1    2    1    1       585    8    6   17    2   10  -10   12   12    9   12   13   14   16   -8  -12  -13  -16    9
    1    8    1    1    2    5    2    1      1443    8    0  -12   -5   -6    7  -11    0   16    7    0    4    8  -13   10   -7   12   -1
    1    8    2    1    2    3    2    1      1451    6    1  -10   -4   -4    4   -3    1   24   -2    4    0    7  -11    9  -10   14   -1
    1    8    3    1    2    2    2    1      1330    6   10  -10   -2   -8    2   -3    0   13    7   -1    6    8  -10    4   -7   15   -1
    1    8    4    1    3    2    3    1      2286   -1   15  -13  -16   -9   14    1  -16   12  -10    0   11    6    6    2   14   11   -6
    1    8    5    1    1    1    1    1       628    6    7    2    5    1   -1   14   11    6   11    9   18   16   -7   -4  -18   -9    9
    1    8    6    1    3    4    3    1      1613   -1   16  -12  -16  -10   14    2  -13    9  -14   -5    7    6    7    4   14   13   -7
    1    8    7    1    1    2    1    1       590    8    6   17    2   10  -10   12   12    9   12   13   14   16   -8  -12  -13  -16    9
    1    8    8    1    1    3    1    1       792   -3   -1    9   -2    0   -1    8   17   10   11   15   20   16   -8  -12  -12   -7   12
    1    8    9    1    2    1    2    1       874    8    6  -10   -9   -5    6   -5    0    7    0   -2    6    7  -12   10  -14    6   -4
    1    8   10    1    2    4    2    1       888    9    0   -9   -3   -4    4   -2   -2   12    7   -1    6    8   -7    6  -10   14   -2
    1    8   11    1    3    1    2    0       598   -1   13  -12  -13  -12   14    4  -14   12  -15   -5    1    7    5    5   17   12   -6
    1    8   12    1    1    5    1    1       752    6    8   10   -1   -3   -2   14   13    7   10    9   14   16  -13   -5  -12   -6   13
    1    8   13    1    1    4    1    1       691    8    9    9   -5   -1    0   11   13    6   14   11   16   16   -8  -21  -21   -5   12
    1    8   14    1    3    3    3    1      1049   -2   14  -12  -15  -10   16    6   -9   13  -11   -4    5   -1    4    2   16   12    2
    1    8   15    1    3    5    3    1      1200   -1   13  -22  -16   -9   13    3  -12   14  -10   -5    5    8    4    3   16    4  -15
    1    9    1    1    1    4    1    1       513    8    9    9   -5   -1    0   11   13    6   14   11   16   16   -8  -21  -21   -5   12
    1    9    2    1    3    3    3    1      1678   -2   14  -12  -15  -10   16    6   -9   13  -11   -4    5   -1    4    2   16   12    2
    1    9    3    1    3    5    2    0      1037   -1   13  -22  -16   -9   13    3  -12   14  -10   -5    5    8    4    3   16    4  -15
    1    9    4    1    1    3    1    1       581   -3   -1    9   -2    0   -1    8   17   10   11   15   20   16   -8  -12  -12   -7   12
    1    9    5    1    1    2    1    1       543    8    6   17    2   10  -10   12   12    9   12   13   14   16   -8  -12  -13  -16    9
    1    9    6    1    2    5    2    1       858    8    0  -12   -5   -6    7  -11    0   16    7    0    4    8  -13   10   -7   12   -1
    1    9    7    1    2    4    2    1       634    9    0   -9   -3   -4    4   -2   -2   12    7   -1    6    8   -7    6  -10   14   -2
    1    9    8    1    1    5    1    1       946    6    8   10   -1   -3   -2   14   13    7   10    9   14   16  -13   -5  -12   -6   13
    1    9    9    1    3    1    3    1      1133   -1   13  -12  -13  -12   14    4  -14   12  -15   -5    1    7    5    5   17   12   -6
    1    9   10    1    2    1    2    1       850    8    6  -10   -9   -5    6   -5    0    7    0   -2    6    7  -12   10  -14    6   -4
    1    9   11    1    2    3    2    1      1169    6    1  -10   -4   -4    4   -3    1   24   -2    4    0    7  -11    9  -10   14   -1
    1    9   12    1    3    4    3    1       739   -1   16  -12  -16  -10   14    2  -13    9  -14   -5    7    6    7    4   14   13   -7
    1    9   13    1    3    2    3    1      1191   -1   15  -13  -16   -9   14    1  -16   12  -10    0   11    6    6    2   14   11   -6
    1    9   14    1    1    1    1    1       585    6    7    2    5    1   -1   14   11    6   11    9   18   16   -7   -4  -18   -9    9
    1    9   15    1    2    2    2    1      1876    6   10  -10   -2   -8    2   -3    0   13    7   -1    6    8  -10    4   -7   15   -1
    1   10    1    1    3    2    3    1      1994   -1   15  -13  -16   -9   14    1  -16   12  -10    0   11    6    6    2   14   11   -6
    1   10    2    1    2    1    2    1       748    8    6  -10   -9   -5    6   -5    0    7    0   -2    6    7  -12   10  -14    6   -4
    1   10    3    1    3    1    3    1       687   -1   13  -12  -13  -12   14    4  -14   12  -15   -5    1    7    5    5   17   12   -6
    1   10    4    1    1    4    1    1       853    8    9    9   -5   -1    0   11   13    6   14   11   16   16   -8  -21  -21   -5   12
    1   10    5    1    2    2    2    1       756    6   10  -10   -2   -8    2   -3    0   13    7   -1    6    8  -10    4   -7   15   -1
    1   10    6    1    3    4    3    1      1288   -1   16  -12  -16  -10   14    2  -13    9  -14   -5    7    6    7    4   14   13   -7
    1   10    7    1    3    5    3    1       630   -1   13  -22  -16   -9   13    3  -12   14  -10   -5    5    8    4    3   16    4  -15
    1   10    8    1    2    5    2    1       718    8    0  -12   -5   -6    7  -11    0   16    7    0    4    8  -13   10   -7   12   -1
    1   10    9    1    3    3    3    1      1090   -2   14  -12  -15  -10   16    6   -9   13  -11   -4    5   -1    4    2   16   12    2
    1   10   10    1    1    2    1    1       600    8    6   17    2   10  -10   12   12    9   12   13   14   16   -8  -12  -13  -16    9
    1   10   11    1    2    4    2    1      1170    9    0   -9   -3   -4    4   -2   -2   12    7   -1    6    8   -7    6  -10   14   -2
    1   10   12    1    2    3    2    1       676    6    1  -10   -4   -4    4   -3    1   24   -2    4    0    7  -11    9  -10   14   -1
    1   10   13    1    1    1    1    1       539    6    7    2    5    1   -1   14   11    6   11    9   18   16   -7   -4  -18   -9    9
    1   10   14    1    1    3    1    1       775   -3   -1    9   -2    0   -1    8   17   10   11   15   20   16   -8  -12  -12   -7   12
    1   10   15    1    1    5    1    1       905    6    8   10   -1   -3   -2   14   13    7   10    9   14   16  -13   -5  -12   -6   13
    1   11    1    1    3    2    3    1      1015   -1   15  -13  -16   -9   14    1  -16   12  -10    0   11    6    6    2   14   11   -6
    1   11    2    1    1    5    1    1       911    6    8   10   -1   -3   -2   14   13    7   10    9   14   16  -13   -5  -12   -6   13
    1   11    3    1    2    4    2    1       845    9    0   -9   -3   -4    4   -2   -2   12    7   -1    6    8   -7    6  -10   14   -2
    1   11    4    1    1    1    1    1       525    6    7    2    5    1   -1   14   11    6   11    9   18   16   -7   -4  -18   -9    9
    1   11    5    1    3    3    3    1       665   -2   14  -12  -15  -10   16    6   -9   13  -11   -4    5   -1    4    2   16   12    2
    1   11    6    1    3    1    3    1       640   -1   13  -12  -13  -12   14    4  -14   12  -15   -5    1    7    5    5   17   12   -6
    1   11    7    1    1    4    1    1       616    8    9    9   -5   -1    0   11   13    6   14   11   16   16   -8  -21  -21   -5   12
    1   11    8    1    2    2    2    1       736    6   10  -10   -2   -8    2   -3    0   13    7   -1    6    8  -10    4   -7   15   -1
    1   11    9    1    2    1    2    1       468    8    6  -10   -9   -5    6   -5    0    7    0   -2    6    7  -12   10  -14    6   -4
    1   11   10    1    1    3    1    1       643   -3   -1    9   -2    0   -1    8   17   10   11   15   20   16   -8  -12  -12   -7   12
    1   11   11    1    2    3    2    1      1195    6    1  -10   -4   -4    4   -3    1   24   -2    4    0    7  -11    9  -10   14   -1
    1   11   12    1    3    4    3    1       893   -1   16  -12  -16  -10   14    2  -13    9  -14   -5    7    6    7    4   14   13   -7
    1   11   13    1    1    2    1    1       619    8    6   17    2   10  -10   12   12    9   12   13   14   16   -8  -12  -13  -16    9
    1   11   14    1    3    5    3    1       708   -1   13  -22  -16   -9   13    3  -12   14  -10   -5    5    8    4    3   16    4  -15
    1   11   15    1    2    5    2    1       985    8    0  -12   -5   -6    7  -11    0   16    7    0    4    8  -13   10   -7   12   -1
    1   12    1    1    3    2    3    1       915   -1   15  -13  -16   -9   14    1  -16   12  -10    0   11    6    6    2   14   11   -6
    1   12    2    1    2    5    2    1      1168    8    0  -12   -5   -6    7  -11    0   16    7    0    4    8  -13   10   -7   12   -1
    1   12    3    1    1    5    1    1       658    6    8   10   -1   -3   -2   14   13    7   10    9   14   16  -13   -5  -12   -6   13
    1   12    4    1    1    2    1    1       395    8    6   17    2   10  -10   12   12    9   12   13   14   16   -8  -12  -13  -16    9
    1   12    5    1    1    1    1    1       459    6    7    2    5    1   -1   14   11    6   11    9   18   16   -7   -4  -18   -9    9
    1   12    6    1    3    4    3    1       667   -1   16  -12  -16  -10   14    2  -13    9  -14   -5    7    6    7    4   14   13   -7
    1   12    7    1    2    3    2    1       657    6    1  -10   -4   -4    4   -3    1   24   -2    4    0    7  -11    9  -10   14   -1
    1   12    8    1    2    2    2    1       584    6   10  -10   -2   -8    2   -3    0   13    7   -1    6    8  -10    4   -7   15   -1
    1   12    9    1    2    4    2    1       547    9    0   -9   -3   -4    4   -2   -2   12    7   -1    6    8   -7    6  -10   14   -2
    1   12   10    1    3    1    3    1       686   -1   13  -12  -13  -12   14    4  -14   12  -15   -5    1    7    5    5   17   12   -6
    1   12   11    1    1    4    1    1       884    8    9    9   -5   -1    0   11   13    6   14   11   16   16   -8  -21  -21   -5   12
    1   12   12    1    1    3    1    1       498   -3   -1    9   -2    0   -1    8   17   10   11   15   20   16   -8  -12  -12   -7   12
    1   12   13    1    3    5    3    1      1535   -1   13  -22  -16   -9   13    3  -12   14  -10   -5    5    8    4    3   16    4  -15
    1   12   14    1    3    3    3    1       691   -2   14  -12  -15  -10   16    6   -9   13  -11   -4    5   -1    4    2   16   12    2
    1   12   15    1    2    1    2    1       489    8    6  -10   -9   -5    6   -5    0    7    0   -2    6    7  -12   10  -14    6   -4
    1   13    1    1    3    3    3    1       791   -2   14  -12  -15  -10   16    6   -9   13  -11   -4    5   -1    4    2   16   12    2
    1   13    2    1    2    4    2    1      1257    9    0   -9   -3   -4    4   -2   -2   12    7   -1    6    8   -7    6  -10   14   -2
    1   13    3    1    3    2    3    1       840   -1   15  -13  -16   -9   14    1  -16   12  -10    0   11    6    6    2   14   11   -6
    1   13    4    1    2    1    2    1       744    8    6  -10   -9   -5    6   -5    0    7    0   -2    6    7  -12   10  -14    6   -4
    1   13    5    1    3    4    3    1       636   -1   16  -12  -16  -10   14    2  -13    9  -14   -5    7    6    7    4   14   13   -7
    1   13    6    1    2    3    2    1       548    6    1  -10   -4   -4    4   -3    1   24   -2    4    0    7  -11    9  -10   14   -1
    1   13    7    1    3    5    3    1       607   -1   13  -22  -16   -9   13    3  -12   14  -10   -5    5    8    4    3   16    4  -15
    1   13    8    1    1    3    1    1       584   -3   -1    9   -2    0   -1    8   17   10   11   15   20   16   -8  -12  -12   -7   12
    1   13    9    1    1    2    1    1       546    8    6   17    2   10  -10   12   12    9   12   13   14   16   -8  -12  -13  -16    9
    1   13   10    1    2    2    2    1      2334    6   10  -10   -2   -8    2   -3    0   13    7   -1    6    8  -10    4   -7   15   -1
    1   13   11    1    1    5    1    1      1298    6    8   10   -1   -3   -2   14   13    7   10    9   14   16  -13   -5  -12   -6   13
    1   13   12    1    1    1    1    1       895    6    7    2    5    1   -1   14   11    6   11    9   18   16   -7   -4  -18   -9    9
    1   13   13    1    2    5    2    1       621    8    0  -12   -5   -6    7  -11    0   16    7    0    4    8  -13   10   -7   12   -1
    1   13   14    1    1    4    1    1       534    8    9    9   -5   -1    0   11   13    6   14   11   16   16   -8  -21  -21   -5   12
    1   13   15    1    3    1    3    1      1042   -1   13  -12  -13  -12   14    4  -14   12  -15   -5    1    7    5    5   17   12   -6
    1   14    1    1    2    4    2    1       569    9    0   -9   -3   -4    4   -2   -2   12    7   -1    6    8   -7    6  -10   14   -2
    1   14    2    1    2    2    2    1       596    6   10  -10   -2   -8    2   -3    0   13    7   -1    6    8  -10    4   -7   15   -1
    1   14    3    1    1    3    1    1       638   -3   -1    9   -2    0   -1    8   17   10   11   15   20   16   -8  -12  -12   -7   12
    1   14    4    1    2    3    2    1       597    6    1  -10   -4   -4    4   -3    1   24   -2    4    0    7  -11    9  -10   14   -1
    1   14    5    1    1    2    1    1       575    8    6   17    2   10  -10   12   12    9   12   13   14   16   -8  -12  -13  -16    9
    1   14    6    1    3    4    3    1       601   -1   16  -12  -16  -10   14    2  -13    9  -14   -5    7    6    7    4   14   13   -7
    1   14    7    1    1    4    1    1       706    8    9    9   -5   -1    0   11   13    6   14   11   16   16   -8  -21  -21   -5   12
    1   14    8    1    1    1    1    1      1176    6    7    2    5    1   -1   14   11    6   11    9   18   16   -7   -4  -18   -9    9
    1   14    9    1    2    5    3    0      2763    8    0  -12   -5   -6    7  -11    0   16    7    0    4    8  -13   10   -7   12   -1
    1   14   10    1    1    5    1    1       622    6    8   10   -1   -3   -2   14   13    7   10    9   14   16  -13   -5  -12   -6   13
    1   14   11    1    3    3    3    1       966   -2   14  -12  -15  -10   16    6   -9   13  -11   -4    5   -1    4    2   16   12    2
    1   14   12    1    3    1    3    1      3361   -1   13  -12  -13  -12   14    4  -14   12  -15   -5    1    7    5    5   17   12   -6
    1   14   13    1    3    2    3    1       588   -1   15  -13  -16   -9   14    1  -16   12  -10    0   11    6    6    2   14   11   -6
    1   14   14    1    3    5    3    1       470   -1   13  -22  -16   -9   13    3  -12   14  -10   -5    5    8    4    3   16    4  -15
    1   14   15    1    2    1    2    1       805    8    6  -10   -9   -5    6   -5    0    7    0   -2    6    7  -12   10  -14    6   -4
    1   15    1    1    1    3    1    1       390   -3   -1    9   -2    0   -1    8   17   10   11   15   20   16   -8  -12  -12   -7   12
    1   15    2    1    1    5    1    1       840    6    8   10   -1   -3   -2   14   13    7   10    9   14   16  -13   -5  -12   -6   13
    1   15    3    1    2    4    2    1       840    9    0   -9   -3   -4    4   -2   -2   12    7   -1    6    8   -7    6  -10   14   -2
    1   15    4    1    1    4    1    1       680    8    9    9   -5   -1    0   11   13    6   14   11   16   16   -8  -21  -21   -5   12
    1   15    5    1    1    2    1    1       366    8    6   17    2   10  -10   12   12    9   12   13   14   16   -8  -12  -13  -16    9
    1   15    6    1    2    3    2    1      1233    6    1  -10   -4   -4    4   -3    1   24   -2    4    0    7  -11    9  -10   14   -1
    1   15    7    1    3    3    3    1       737   -2   14  -12  -15  -10   16    6   -9   13  -11   -4    5   -1    4    2   16   12    2
    1   15    8    1    1    1    1    1       629    6    7    2    5    1   -1   14   11    6   11    9   18   16   -7   -4  -18   -9    9
    1   15    9    1    2    2    2    1       845    6   10  -10   -2   -8    2   -3    0   13    7   -1    6    8  -10    4   -7   15   -1
    1   15   10    1    3    2    3    1       365   -1   15  -13  -16   -9   14    1  -16   12  -10    0   11    6    6    2   14   11   -6
    1   15   11    1    3    1    3    1      1648   -1   13  -12  -13  -12   14    4  -14   12  -15   -5    1    7    5    5   17   12   -6
    1   15   12    1    2    1    2    1       575    8    6  -10   -9   -5    6   -5    0    7    0   -2    6    7  -12   10  -14    6   -4
    1   15   13    1    3    4    3    1       650   -1   16  -12  -16  -10   14    2  -13    9  -14   -5    7    6    7    4   14   13   -7
    1   15   14    1    3    5    3    1       497   -1   13  -22  -16   -9   13    3  -12   14  -10   -5    5    8    4    3   16    4  -15
    1   15   15    1    2    5    2    1       926    8    0  -12   -5   -6    7  -11    0   16    7    0    4    8  -13   10   -7   12   -1
    2    1    1    6    0    0    2    1      2188  -13    7    0  -24   -6   13   -8  -11   -9   15  -11   -2    1   16   -6    2    2   12
    2    1    2    2    1    0    1    0       678    7    7   11   -1    0    0   12   13    8   12   11   15   15   -7  -13  -12   -7   11
    2    1    3    1    2    3    1    1       845    6    1  -10   -4   -4    4   -3    1   24   -2    4    0    7  -11    9  -10   14   -1
    2    1    4    6    0    0    2    1      1981  -10   -6    2   -1    4   -8   17  -13   -3    5  -11    5   13  -10   12    0   -5    0
    2    1    5    4    1    2    1    0      1118    5    6   12   -2   -1    0   12   12    7   12   13   17   20  -12  -15  -13   -7   10
    2    1    6    1    3    2    1    1       931   -1   15  -13  -16   -9   14    1  -16   12  -10    0   11    6    6    2   14   11   -6
    2    1    7    6    0    0    1    0       703   -5   -1   -2    2   -9   15    9   -6   10    5   -1    5   10   10   -6    5  -14  -11
    2    1    8    4    3    2    1    0       629   -3   16  -11  -20  -11   15   11  -24   10   -9   -5    5    6    7    2   20   12   -5
    2    1    9    4    1    3    1    0      1021    6   -1   13   -3    0   -1   11   13    6   10    1   11   14   -8  -13  -11   -9   12
    2    1   10    4    2    3    2    1      1270    8    2  -16   -7   -6   10   -3    0    4   10    0    7    5  -11   19  -13   14   -2
    2    1   11    4    1    5    1    0      2532    9    5    9   -1    6    2   12   12    9   10   10   13   13   -7  -12   -6   -9    9
    2    1   12    1    2    2    1    1       800    6   10  -10   -2   -8    2   -3    0   13    7   -1    6    8  -10    4   -7   15   -1
    2    1   13    1    3    5    1    1       817   -1   13  -22  -16   -9   13    3  -12   14  -10   -5    5    8    4    3   16    4  -15
    2    1   14    2    3    0    1    0       578   -1   14  -13  -15  -10   15    3  -14   14  -11   -4    6    6    5    3   15   13   -6
    2    1   15    4    1    1    2    1      1277    7    8   15   -5    0   -4   14   15    8   14   12   17   12  -12  -11  -11  -14   11
    2    1   16    1    1    3    2    0       732   -3   -1    9   -2    0   -1    8   17   10   11   15   20   16   -8  -12  -12   -7   12
    2    1   17    1    3    1    1    1       911   -1   13  -12  -13  -12   14    4  -14   12  -15   -5    1    7    5    5   17   12   -6
    2    1   18    1    1    4    1    1      1309    8    9    9   -5   -1    0   11   13    6   14   11   16   16   -8  -21  -21   -5   12
    2    1   19    1    2    5    1    1      1018    8    0  -12   -5   -6    7  -11    0   16    7    0    4    8  -13   10   -7   12   -1
    2    1   20    4    3    5    1    0      1042    0   15  -11  -16   -8   18    3  -16   15   -9   -3    4    3   -3    1   17   13   -7
    2    1   21    1    2    1    1    1       634    8    6  -10   -9   -5    6   -5    0    7    0   -2    6    7  -12   10  -14    6   -4
    2    1   22    2    2    0    2    1      1378    7    1  -11   -4   -6    6   -3   -1   14    8    0    5    6  -11    9   -9   13   -2
    2    1   23    1    3    3    1    1       845   -2   14  -12  -15  -10   16    6   -9   13  -11   -4    5   -1    4    2   16   12    2
    2    1   24    1    1    1    1    1      1069    6    7    2    5    1   -1   14   11    6   11    9   18   16   -7   -4  -18   -9    9
    2    1   25    1    1    5    1    1       740    6    8   10   -1   -3   -2   14   13    7   10    9   14   16  -13   -5  -12   -6   13
    2    1   26    4    3    1    1    0       887   -3   15  -14  -16   -8   13    1  -17   13  -11   -3    5    7    5    3   18   14   -7
    2    1   27    4    2    5    2    1       918    5    2  -12   -1   -4    4   -2   -2   13    9    0    4   12   -8    8  -10    5   -1
    2    1   28    6    0    0    2    1       658   -8   -7    6    2    7   -2   16  -16   -6   10  -11    4    5   -6    9   -3   -6    1
    2    1   29    4    3    4    2    1      1017   -3   16  -14  -17   -3   23    0  -17   12  -12   -2    7    7    6    1   15   14   -4
    2    1   30    1    1    2    1    1       850    8    6   17    2   10  -10   12   12    9   12   13   14   16   -8  -12  -13  -16    9
    2    1   31    1    3    4    1    1      1201   -1   16  -12  -16  -10   14    2  -13    9  -14   -5    7    6    7    4   14   13   -7
    2    1   32    6    0    0    2    1       931  -14    3   -5   12  -10   16    9   -5    7    6   14   12    9   15   -3    2   -7  -12
    2    1   33    4    1    4    2    1      1103    6    5   10   -6   -5   -4   12   12    8   11    6   17   15   -5  -15  -13   -7   10
    2    1   34    4    3    3    2    1       932  -11   11  -12  -15  -11   15    5  -12   10  -21   -2    4    6    6    5   13   12   -7
    2    1   35    6    0    0    2    1      1008  -14    9   -2  -12   -4   20  -10   -9  -11   13  -12   -3    4   14   -8    8   -3    7
    2    1   36    4    2    4    1    0       793    5    3   -7   -5   -5    5   -2   -3    9   12    1    5    1   -4    5  -11   15   -3
    2    1   37    4    2    2    1    0      1659    5    1  -10   -2   -7    7   -1   -2   13    7    2    6    7  -12    9   -8   14   -3
    2    1   38    4    2    1    2    1      1498    6    1  -12   -4    4    9   -3   -2   14    7    0   15    8  -12    5   -4   15   -4
    2    1   39    1    2    4    2    0      1856    9    0   -9   -3   -4    4   -2   -2   12    7   -1    6    8   -7    6  -10   14   -2
