    1    1    1    1    2    2    1    0      7314   19    5   13    5  -13  -10   18   19   -3  -15    4   -6  -14    3  -11    7    9    0
    1    1    2    1    2    1    2    1      2225   15    8   10    5  -13  -16   14   11   -2  -16    3   -7  -11    0  -10    6    7   -3
    1    1    3    1    3    1    3    1      1570   13  -14   -8  -12   16   -4   -9   -1   -7    8   11   -4    9   11    4   -6   14    4
    1    1    4    1    3    4    3    1      1893   12  -14  -12  -13   12  -10   -7   -7   -5   -2   12   -4   12   10    0   -6    3    5
    1    1    5    1    3    5    3    1       978    2  -20  -12  -15   13   -9  -12   -5    1    1   11   -5   11    8    1   -4   15    5
    1    1    6    1    1    4    3    0       645   17   -6  -11    4   14    3   11  -11   16   12   -7   -4    6   -1   14  -22   -3    7
    1    1    7    1    1    3    2    0      1397   17   -6  -10    3   13    6    1   -7    9   13   -9   -7    7   -3    7  -15   -4    8
    1    1    8    1    2    5    1    0      2439   13   10   12    6  -14   -8   10   12   -3  -15    5   -5  -15    3   -9    7   10   -2
    1    1    9    1    1    2    2    0      1015   16   -6   -7    7   21   11    3   -6   17   13   -8   -5    4    0   14   -4   -4    5
    1    1   10    1    3    3    3    1       887   13  -16  -11  -14   16   -8  -12   -5   -6   -2   12   -6    3   14    3   -8   14    6
    1    1   11    1    1    1    3    0       853   17   -9  -10    5   12    5    1   -6   17   10   -3  -13    6   -3    4  -14   -6    6
    1    1   12    1    1    5    2    0       589   22  -14  -12    5   22   -5    1   -7   17   10   -6   -7    6   -3    6  -12   -6    7
    1    1   13    1    3    2    1    0       999   12  -15  -19   -5   12   -8   -9   -3   -7   -4   12   -5    5    9   -2  -11   13    6
    1    1   14    1    2    3    2    1      2168   10    9   12    5  -16   -6   10   15   -4  -14    4   -8  -15    1  -10    7    8    1
    1    1   15    1    2    4    2    1       971   15   10   12    5  -13   -9    5   22   -2  -16    4   -7  -19   12   -9    8   10   -1
    1    2    1    1    3    2    3    1      1637   12  -15  -19   -5   12   -8   -9   -3   -7   -4   12   -5    5    9   -2  -11   13    6
    1    2    2    1    1    1    1    1      1294   17   -9  -10    5   12    5    1   -6   17   10   -3  -13    6   -3    4  -14   -6    6
    1    2    3    1    3    3    3    1       988   13  -16  -11  -14   16   -8  -12   -5   -6   -2   12   -6    3   14    3   -8   14    6
    1    2    4    1    2    3    2    1       718   10    9   12    5  -16   -6   10   15   -4  -14    4   -8  -15    1  -10    7    8    1
    1    2    5    1    2    4    3    0       978   15   10   12    5  -13   -9    5   22   -2  -16    4   -7  -19   12   -9    8   10   -1
    1    2    6    1    1    4    3    0      1109   17   -6  -11    4   14    3   11  -11   16   12   -7   -4    6   -1   14  -22   -3    7
    1    2    7    1    3    5    2    0       722    2  -20  -12  -15   13   -9  -12   -5    1    1   11   -5   11    8    1   -4   15    5
    1    2    8    1    3    1    3    1      1607   13  -14   -8  -12   16   -4   -9   -1   -7    8   11   -4    9   11    4   -6   14    4
    1    2    9    1    1    2    2    0       824   16   -6   -7    7   21   11    3   -6   17   13   -8   -5    4    0   14   -4   -4    5
    1    2   10    1    2    5    2    1       945   13   10   12    6  -14   -8   10   12   -3  -15    5   -5  -15    3   -9    7   10   -2
    1    2   11    1    3    4    1    0      2717   12  -14  -12  -13   12  -10   -7   -7   -5   -2   12   -4   12   10    0   -6    3    5
    1    2   12    1    2    1    2    1      1450   15    8   10    5  -13  -16   14   11   -2  -16    3   -7  -11    0  -10    6    7   -3
    1    2   13    1    2    2    3    0      1145   19    5   13    5  -13  -10   18   19   -3  -15    4   -6  -14    3  -11    7    9    0
    1    2   14    1    1    5    2    0       269   22  -14  -12    5   22   -5    1   -7   17   10   -6   -7    6   -3    6  -12   -6    7
    1    2   15    1    1    3    2    0       748   17   -6  -10    3   13    6    1   -7    9   13   -9   -7    7   -3    7  -15   -4    8
    1    3    1    1    3    3    3    1      3551   13  -16  -11  -14   16   -8  -12   -5   -6   -2   12   -6    3   14    3   -8   14    6
    1    3    2    1    3    5    1    0      1170    2  -20  -12  -15   13   -9  -12   -5    1    1   11   -5   11    8    1   -4   15    5
    1    3    3    1    2    2    3    0       797   19    5   13    5  -13  -10   18   19   -3  -15    4   -6  -14    3  -11    7    9    0
    1    3    4    1    1    2    2    0      1015   16   -6   -7    7   21   11    3   -6   17   13   -8   -5    4    0   14   -4   -4    5
    1    3    5    1    3    2    1    0       400   12  -15  -19   -5   12   -8   -9   -3   -7   -4   12   -5    5    9   -2  -11   13    6
    1    3    6    1    1    5    2    0       145   22  -14  -12    5   22   -5    1   -7   17   10   -6   -7    6   -3    6  -12   -6    7
    1    3    7    1    3    4    2    0       221   12  -14  -12  -13   12  -10   -7   -7   -5   -2   12   -4   12   10    0   -6    3    5
    1    3    8    1    1    1    3    0       374   17   -9  -10    5   12    5    1   -6   17   10   -3  -13    6   -3    4  -14   -6    6
    1    3    9    1    2    4    3    0       873   15   10   12    5  -13   -9    5   22   -2  -16    4   -7  -19   12   -9    8   10   -1
    1    3   10    1    2    3    1    0      1119   10    9   12    5  -16   -6   10   15   -4  -14    4   -8  -15    1  -10    7    8    1
    1    3   11    1    1    3    3    0       868   17   -6  -10    3   13    6    1   -7    9   13   -9   -7    7   -3    7  -15   -4    8
    1    3   12    1    3    1    2    0       699   13  -14   -8  -12   16   -4   -9   -1   -7    8   11   -4    9   11    4   -6   14    4
    1    3   13    1    2    5    1    0      1032   13   10   12    6  -14   -8   10   12   -3  -15    5   -5  -15    3   -9    7   10   -2
    1    3   14    1    2    1    3    0      1968   15    8   10    5  -13  -16   14   11   -2  -16    3   -7  -11    0  -10    6    7   -3
    1    3   15    1    1    4    2    0       802   17   -6  -11    4   14    3   11  -11   16   12   -7   -4    6   -1   14  -22   -3    7
    1    4    1    1    1    3    2    0      1028   17   -6  -10    3   13    6    1   -7    9   13   -9   -7    7   -3    7  -15   -4    8
    1    4    2    1    1    1    3    0      1357   17   -9  -10    5   12    5    1   -6   17   10   -3  -13    6   -3    4  -14   -6    6
    1    4    3    1    1    2    2    0       752   16   -6   -7    7   21   11    3   -6   17   13   -8   -5    4    0   14   -4   -4    5
    1    4    4    1    3    3    1    0       323   13  -16  -11  -14   16   -8  -12   -5   -6   -2   12   -6    3   14    3   -8   14    6
    1    4    5    1    2    3    1    0       280   10    9   12    5  -16   -6   10   15   -4  -14    4   -8  -15    1  -10    7    8    1
    1    4    6    1    2    1    2    1         0   15    8   10    5  -13  -16   14   11   -2  -16    3   -7  -11    0  -10    6    7   -3
    1    4    7    1    1    4    3    0       504   17   -6  -11    4   14    3   11  -11   16   12   -7   -4    6   -1   14  -22   -3    7
    1    4    8    1    3    2    1    0       229   12  -15  -19   -5   12   -8   -9   -3   -7   -4   12   -5    5    9   -2  -11   13    6
    1    4    9    1    2    5    2    1       174   13   10   12    6  -14   -8   10   12   -3  -15    5   -5  -15    3   -9    7   10   -2
    1    4   10    1    3    5    3    1       969    2  -20  -12  -15   13   -9  -12   -5    1    1   11   -5   11    8    1   -4   15    5
    1    4   11    1    2    2    2    1       819   19    5   13    5  -13  -10   18   19   -3  -15    4   -6  -14    3  -11    7    9    0
    1    4   12    1    3    1    3    1       836   13  -14   -8  -12   16   -4   -9   -1   -7    8   11   -4    9   11    4   -6   14    4
    1    4   13    1    2    4    2    1       636   15   10   12    5  -13   -9    5   22   -2  -16    4   -7  -19   12   -9    8   10   -1
    1    4   14    1    3    4    3    1       588   12  -14  -12  -13   12  -10   -7   -7   -5   -2   12   -4   12   10    0   -6    3    5
    1    4   15    1    1    5    2    0      1046   22  -14  -12    5   22   -5    1   -7   17   10   -6   -7    6   -3    6  -12   -6    7
    1    5    1    1    1    3    1    1      1278   17   -6  -10    3   13    6    1   -7    9   13   -9   -7    7   -3    7  -15   -4    8
    1    5    2    1    3    4    2    0       933   12  -14  -12  -13   12  -10   -7   -7   -5   -2   12   -4   12   10    0   -6    3    5
    1    5    3    1    1    2    2    0       817   16   -6   -7    7   21   11    3   -6   17   13   -8   -5    4    0   14   -4   -4    5
    1    5    4    1    3    3    3    1       873   13  -16  -11  -14   16   -8  -12   -5   -6   -2   12   -6    3   14    3   -8   14    6
    1    5    5    1    2    3    2    1       712   10    9   12    5  -16   -6   10   15   -4  -14    4   -8  -15    1  -10    7    8    1
    1    5    6    1    3    1    3    1       750   13  -14   -8  -12   16   -4   -9   -1   -7    8   11   -4    9   11    4   -6   14    4
    1    5    7    1    2    2    2    1       473   19    5   13    5  -13  -10   18   19   -3  -15    4   -6  -14    3  -11    7    9    0
    1    5    8    1    2    5    2    1      1024   13   10   12    6  -14   -8   10   12   -3  -15    5   -5  -15    3   -9    7   10   -2
    1    5    9    1    1    5    3    0      1096   22  -14  -12    5   22   -5    1   -7   17   10   -6   -7    6   -3    6  -12   -6    7
    1    5   10    1    2    1    2    1       654   15    8   10    5  -13  -16   14   11   -2  -16    3   -7  -11    0  -10    6    7   -3
    1    5   11    1    1    4    1    1       973   17   -6  -11    4   14    3   11  -11   16   12   -7   -4    6   -1   14  -22   -3    7
    1    5   12    1    3    5    2    0      1744    2  -20  -12  -15   13   -9  -12   -5    1    1   11   -5   11    8    1   -4   15    5
    1    5   13    1    2    4    1    0      1100   15   10   12    5  -13   -9    5   22   -2  -16    4   -7  -19   12   -9    8   10   -1
    1    5   14    1    1    1    3    0      1146   17   -9  -10    5   12    5    1   -6   17   10   -3  -13    6   -3    4  -14   -6    6
    1    5   15    1    3    2    3    1       894   12  -15  -19   -5   12   -8   -9   -3   -7   -4   12   -5    5    9   -2  -11   13    6
    1    6    1    1    2    3    2    1       867   10    9   12    5  -16   -6   10   15   -4  -14    4   -8  -15    1  -10    7    8    1
    1    6    2    1    3    2    1    0      2754   12  -15  -19   -5   12   -8   -9   -3   -7   -4   12   -5    5    9   -2  -11   13    6
    1    6    3    1    1    5    1    1      1750   22  -14  -12    5   22   -5    1   -7   17   10   -6   -7    6   -3    6  -12   -6    7
    1    6    4    1    2    1    2    1      1241   15    8   10    5  -13  -16   14   11   -2  -16    3   -7  -11    0  -10    6    7   -3
    1    6    5    1    3    5    2    0       873    2  -20  -12  -15   13   -9  -12   -5    1    1   11   -5   11    8    1   -4   15    5
    1    6    6    1    1    1    1    1      1480   17   -9  -10    5   12    5    1   -6   17   10   -3  -13    6   -3    4  -14   -6    6
    1    6    7    1    1    4    3    0      3102   17   -6  -11    4   14    3   11  -11   16   12   -7   -4    6   -1   14  -22   -3    7
    1    6    8    1    3    4    2    0      1220   12  -14  -12  -13   12  -10   -7   -7   -5   -2   12   -4   12   10    0   -6    3    5
    1    6    9    1    3    1    3    1      1485   13  -14   -8  -12   16   -4   -9   -1   -7    8   11   -4    9   11    4   -6   14    4
    1    6   10    1    1    2    3    0      1203   16   -6   -7    7   21   11    3   -6   17   13   -8   -5    4    0   14   -4   -4    5
    1    6   11    1    3    3    3    1       756   13  -16  -11  -14   16   -8  -12   -5   -6   -2   12   -6    3   14    3   -8   14    6
    1    6   12    1    2    2    2    1       927   19    5   13    5  -13  -10   18   19   -3  -15    4   -6  -14    3  -11    7    9    0
    1    6   13    1    1    3    1    1       924   17   -6  -10    3   13    6    1   -7    9   13   -9   -7    7   -3    7  -15   -4    8
    1    6   14    1    2    4    1    0      2536   15   10   12    5  -13   -9    5   22   -2  -16    4   -7  -19   12   -9    8   10   -1
    1    6   15    1    2    5    2    1       893   13   10   12    6  -14   -8   10   12   -3  -15    5   -5  -15    3   -9    7   10   -2
    1    7    1    1    2    1    2    1       595   15    8   10    5  -13  -16   14   11   -2  -16    3   -7  -11    0  -10    6    7   -3
    1    7    2    1    2    4    1    0      1021   15   10   12    5  -13   -9    5   22   -2  -16    4   -7  -19   12   -9    8   10   -1
    1    7    3    1    1    3    1    1       949   17   -6  -10    3   13    6    1   -7    9   13   -9   -7    7   -3    7  -15   -4    8
    1    7    4    1    2    3    2    1      1761   10    9   12    5  -16   -6   10   15   -4  -14    4   -8  -15    1  -10    7    8    1
    1    7    5    1    3    2    3    1       876   12  -15  -19   -5   12   -8   -9   -3   -7   -4   12   -5    5    9   -2  -11   13    6
    1    7    6    1    2    2    2    1       467   19    5   13    5  -13  -10   18   19   -3  -15    4   -6  -14    3  -11    7    9    0
    1    7    7    1    3    5    2    0       809    2  -20  -12  -15   13   -9  -12   -5    1    1   11   -5   11    8    1   -4   15    5
    1    7    8    1    2    5    2    1       635   13   10   12    6  -14   -8   10   12   -3  -15    5   -5  -15    3   -9    7   10   -2
    1    7    9    1    1    4    1    1      1027   17   -6  -11    4   14    3   11  -11   16   12   -7   -4    6   -1   14  -22   -3    7
    1    7   10    1    3    1    3    1      5027   13  -14   -8  -12   16   -4   -9   -1   -7    8   11   -4    9   11    4   -6   14    4
    1    7   11    1    1    5    1    1       964   22  -14  -12    5   22   -5    1   -7   17   10   -6   -7    6   -3    6  -12   -6    7
    1    7   12    1    1    1    1    1      3935   17   -9  -10    5   12    5    1   -6   17   10   -3  -13    6   -3    4  -14   -6    6
    1    7   13    1    1    2    1    1       691   16   -6   -7    7   21   11    3   -6   17   13   -8   -5    4    0   14   -4   -4    5
    1    7   14    1    3    4    3    1      1977   12  -14  -12  -13   12  -10   -7   -7   -5   -2   12   -4   12   10    0   -6    3    5
    1    7   15    1    3    3    3    1      1403   13  -16  -11  -14   16   -8  -12   -5   -6   -2   12   -6    3   14    3   -8   14    6
    1    8    1    1    1    4    2    0      1117   17   -6  -11    4   14    3   11  -11   16   12   -7   -4    6   -1   14  -22   -3    7
    1    8    2    1    3    5    2    0       881    2  -20  -12  -15   13   -9  -12   -5    1    1   11   -5   11    8    1   -4   15    5
    1    8    3    1    2    3    3    0      1031   10    9   12    5  -16   -6   10   15   -4  -14    4   -8  -15    1  -10    7    8    1
    1    8    4    1    3    4    3    1      1031   12  -14  -12  -13   12  -10   -7   -7   -5   -2   12   -4   12   10    0   -6    3    5
    1    8    5    1    1    5    1    1      1560   22  -14  -12    5   22   -5    1   -7   17   10   -6   -7    6   -3    6  -12   -6    7
    1    8    6    1    1    1    1    1      1547   17   -9  -10    5   12    5    1   -6   17   10   -3  -13    6   -3    4  -14   -6    6
    1    8    7    1    1    2    3    0      1591   16   -6   -7    7   21   11    3   -6   17   13   -8   -5    4    0   14   -4   -4    5
    1    8    8    1    2    1    2    1      1057   15    8   10    5  -13  -16   14   11   -2  -16    3   -7  -11    0  -10    6    7   -3
    1    8    9    1    2    4    3    0      1080   15   10   12    5  -13   -9    5   22   -2  -16    4   -7  -19   12   -9    8   10   -1
    1    8   10    1    1    3    1    1      1663   17   -6  -10    3   13    6    1   -7    9   13   -9   -7    7   -3    7  -15   -4    8
    1    8   11    1    3    1    3    1      2518   13  -14   -8  -12   16   -4   -9   -1   -7    8   11   -4    9   11    4   -6   14    4
    1    8   12    1    2    2    2    1      1243   19    5   13    5  -13  -10   18   19   -3  -15    4   -6  -14    3  -11    7    9    0
    1    8   13    1    3    3    3    1       971   13  -16  -11  -14   16   -8  -12   -5   -6   -2   12   -6    3   14    3   -8   14    6
    1    8   14    1    2    5    3    0       702   13   10   12    6  -14   -8   10   12   -3  -15    5   -5  -15    3   -9    7   10   -2
    1    8   15    1    3    2    3    1      1011   12  -15  -19   -5   12   -8   -9   -3   -7   -4   12   -5    5    9   -2  -11   13    6
    1    9    1    1    2    1    2    1      1020   15    8   10    5  -13  -16   14   11   -2  -16    3   -7  -11    0  -10    6    7   -3
    1    9    2    1    2    4    2    1      1949   15   10   12    5  -13   -9    5   22   -2  -16    4   -7  -19   12   -9    8   10   -1
    1    9    3    1    1    1    1    1      1209   17   -9  -10    5   12    5    1   -6   17   10   -3  -13    6   -3    4  -14   -6    6
    1    9    4    1    1    5    3    0      5074   22  -14  -12    5   22   -5    1   -7   17   10   -6   -7    6   -3    6  -12   -6    7
    1    9    5    1    3    5    3    1      1560    2  -20  -12  -15   13   -9  -12   -5    1    1   11   -5   11    8    1   -4   15    5
    1    9    6    1    2    5    2    1      1228   13   10   12    6  -14   -8   10   12   -3  -15    5   -5  -15    3   -9    7   10   -2
    1    9    7    1    1    3    1    1      1293   17   -6  -10    3   13    6    1   -7    9   13   -9   -7    7   -3    7  -15   -4    8
    1    9    8    1    1    4    2    0      1978   17   -6  -11    4   14    3   11  -11   16   12   -7   -4    6   -1   14  -22   -3    7
    1    9    9    1    3    3    3    1      1101   13  -16  -11  -14   16   -8  -12   -5   -6   -2   12   -6    3   14    3   -8   14    6
    1    9   10    1    2    2    2    1      1066   19    5   13    5  -13  -10   18   19   -3  -15    4   -6  -14    3  -11    7    9    0
    1    9   11    1    3    2    2    0      2473   12  -15  -19   -5   12   -8   -9   -3   -7   -4   12   -5    5    9   -2  -11   13    6
    1    9   12    1    2    3    2    1       736   10    9   12    5  -16   -6   10   15   -4  -14    4   -8  -15    1  -10    7    8    1
    1    9   13    1    3    4    3    1       540   12  -14  -12  -13   12  -10   -7   -7   -5   -2   12   -4   12   10    0   -6    3    5
    1    9   14    1    1    2    2    0      1904   16   -6   -7    7   21   11    3   -6   17   13   -8   -5    4    0   14   -4   -4    5
    1    9   15    1    3    1    3    1      1517   13  -14   -8  -12   16   -4   -9   -1   -7    8   11   -4    9   11    4   -6   14    4
    1   10    1    1    1    2    1    1      1370   16   -6   -7    7   21   11    3   -6   17   13   -8   -5    4    0   14   -4   -4    5
    1   10    2    1    1    4    3    0      2124   17   -6  -11    4   14    3   11  -11   16   12   -7   -4    6   -1   14  -22   -3    7
    1   10    3    1    3    5    3    1      1296    2  -20  -12  -15   13   -9  -12   -5    1    1   11   -5   11    8    1   -4   15    5
    1   10    4    1    1    5    1    1      1415   22  -14  -12    5   22   -5    1   -7   17   10   -6   -7    6   -3    6  -12   -6    7
    1   10    5    1    3    1    3    1      1559   13  -14   -8  -12   16   -4   -9   -1   -7    8   11   -4    9   11    4   -6   14    4
    1   10    6    1    3    3    3    1       755   13  -16  -11  -14   16   -8  -12   -5   -6   -2   12   -6    3   14    3   -8   14    6
    1   10    7    1    2    2    2    1       958   19    5   13    5  -13  -10   18   19   -3  -15    4   -6  -14    3  -11    7    9    0
    1   10    8    1    2    3    2    1       705   10    9   12    5  -16   -6   10   15   -4  -14    4   -8  -15    1  -10    7    8    1
    1   10    9    1    3    4    1    0      1247   12  -14  -12  -13   12  -10   -7   -7   -5   -2   12   -4   12   10    0   -6    3    5
    1   10   10    1    2    5    2    1       807   13   10   12    6  -14   -8   10   12   -3  -15    5   -5  -15    3   -9    7   10   -2
    1   10   11    1    1    3    1    1       664   17   -6  -10    3   13    6    1   -7    9   13   -9   -7    7   -3    7  -15   -4    8
    1   10   12    1    3    2    2    0      1215   12  -15  -19   -5   12   -8   -9   -3   -7   -4   12   -5    5    9   -2  -11   13    6
    1   10   13    1    1    1    1    1       784   17   -9  -10    5   12    5    1   -6   17   10   -3  -13    6   -3    4  -14   -6    6
    1   10   14    1    2    4    2    1      1641   15   10   12    5  -13   -9    5   22   -2  -16    4   -7  -19   12   -9    8   10   -1
    1   10   15    1    2    1    3    0      1490   15    8   10    5  -13  -16   14   11   -2  -16    3   -7  -11    0  -10    6    7   -3
    1   11    1    1    1    2    2    0      1055   16   -6   -7    7   21   11    3   -6   17   13   -8   -5    4    0   14   -4   -4    5
    1   11    2    1    3    1    3    1      1295   13  -14   -8  -12   16   -4   -9   -1   -7    8   11   -4    9   11    4   -6   14    4
    1   11    3    1    3    3    2    0      5885   13  -16  -11  -14   16   -8  -12   -5   -6   -2   12   -6    3   14    3   -8   14    6
    1   11    4    1    2    3    2    1       683   10    9   12    5  -16   -6   10   15   -4  -14    4   -8  -15    1  -10    7    8    1
    1   11    5    1    3    2    3    1      2081   12  -15  -19   -5   12   -8   -9   -3   -7   -4   12   -5    5    9   -2  -11   13    6
    1   11    6    1    2    1    2    1      1159   15    8   10    5  -13  -16   14   11   -2  -16    3   -7  -11    0  -10    6    7   -3
    1   11    7    1    2    4    1    0      2378   15   10   12    5  -13   -9    5   22   -2  -16    4   -7  -19   12   -9    8   10   -1
    1   11    8    1    1    1    1    1       885   17   -9  -10    5   12    5    1   -6   17   10   -3  -13    6   -3    4  -14   -6    6
    1   11    9    1    2    2    2    1      1291   19    5   13    5  -13  -10   18   19   -3  -15    4   -6  -14    3  -11    7    9    0
    1   11   10    1    1    3    1    1      1081   17   -6  -10    3   13    6    1   -7    9   13   -9   -7    7   -3    7  -15   -4    8
    1   11   11    1    3    4    3    1      2639   12  -14  -12  -13   12  -10   -7   -7   -5   -2   12   -4   12   10    0   -6    3    5
    1   11   12    1    2    5    2    1      1055   13   10   12    6  -14   -8   10   12   -3  -15    5   -5  -15    3   -9    7   10   -2
    1   11   13    1    3    5    3    1      4838    2  -20  -12  -15   13   -9  -12   -5    1    1   11   -5   11    8    1   -4   15    5
    1   11   14    1    1    5    1    1      1310   22  -14  -12    5   22   -5    1   -7   17   10   -6   -7    6   -3    6  -12   -6    7
    1   11   15    1    1    4    1    1      1468   17   -6  -11    4   14    3   11  -11   16   12   -7   -4    6   -1   14  -22   -3    7
    1   12    1    1    2    4    2    1      1754   15   10   12    5  -13   -9    5   22   -2  -16    4   -7  -19   12   -9    8   10   -1
    1   12    2    1    2    3    2    1      1726   10    9   12    5  -16   -6   10   15   -4  -14    4   -8  -15    1  -10    7    8    1
    1   12    3    1    1    4    1    1      1226   17   -6  -11    4   14    3   11  -11   16   12   -7   -4    6   -1   14  -22   -3    7
    1   12    4    1    1    5    1    1       763   22  -14  -12    5   22   -5    1   -7   17   10   -6   -7    6   -3    6  -12   -6    7
    1   12    5    1    3    5    3    1      4086    2  -20  -12  -15   13   -9  -12   -5    1    1   11   -5   11    8    1   -4   15    5
    1   12    6    1    2    1    2    1      1029   15    8   10    5  -13  -16   14   11   -2  -16    3   -7  -11    0  -10    6    7   -3
    1   12    7    1    2    2    2    1      1037   19    5   13    5  -13  -10   18   19   -3  -15    4   -6  -14    3  -11    7    9    0
    1   12    8    1    3    3    3    1      1118   13  -16  -11  -14   16   -8  -12   -5   -6   -2   12   -6    3   14    3   -8   14    6
    1   12    9    1    3    1    3    1      1226   13  -14   -8  -12   16   -4   -9   -1   -7    8   11   -4    9   11    4   -6   14    4
    1   12   10    1    1    1    1    1      1203   17   -9  -10    5   12    5    1   -6   17   10   -3  -13    6   -3    4  -14   -6    6
    1   12   11    1    1    2    2    0       876   16   -6   -7    7   21   11    3   -6   17   13   -8   -5    4    0   14   -4   -4    5
    1   12   12    1    3    4    3    1      1587   12  -14  -12  -13   12  -10   -7   -7   -5   -2   12   -4   12   10    0   -6    3    5
    1   12   13    1    1    3    1    1       917   17   -6  -10    3   13    6    1   -7    9   13   -9   -7    7   -3    7  -15   -4    8
    1   12   14    1    3    2    3    1      2930   12  -15  -19   -5   12   -8   -9   -3   -7   -4   12   -5    5    9   -2  -11   13    6
    1   12   15    1    2    5    2    1      3550   13   10   12    6  -14   -8   10   12   -3  -15    5   -5  -15    3   -9    7   10   -2
    1   13    1    1    1    2    2    0      2113   16   -6   -7    7   21   11    3   -6   17   13   -8   -5    4    0   14   -4   -4    5
    1   13    2    1    2    1    2    1      1567   15    8   10    5  -13  -16   14   11   -2  -16    3   -7  -11    0  -10    6    7   -3
    1   13    3    1    1    1    1    1      1073   17   -9  -10    5   12    5    1   -6   17   10   -3  -13    6   -3    4  -14   -6    6
    1   13    4    1    2    4    2    1      1424   15   10   12    5  -13   -9    5   22   -2  -16    4   -7  -19   12   -9    8   10   -1
    1   13    5    1    2    3    2    1      1353   10    9   12    5  -16   -6   10   15   -4  -14    4   -8  -15    1  -10    7    8    1
    1   13    6    1    3    3    3    1      1475   13  -16  -11  -14   16   -8  -12   -5   -6   -2   12   -6    3   14    3   -8   14    6
    1   13    7    1    3    5    2    0      2427    2  -20  -12  -15   13   -9  -12   -5    1    1   11   -5   11    8    1   -4   15    5
    1   13    8    1    2    5    3    0      1363   13   10   12    6  -14   -8   10   12   -3  -15    5   -5  -15    3   -9    7   10   -2
    1   13    9    1    1    5    1    1       679   22  -14  -12    5   22   -5    1   -7   17   10   -6   -7    6   -3    6  -12   -6    7
    1   13   10    1    1    4    2    0       758   17   -6  -11    4   14    3   11  -11   16   12   -7   -4    6   -1   14  -22   -3    7
    1   13   11    1    3    1    3    1       865   13  -14   -8  -12   16   -4   -9   -1   -7    8   11   -4    9   11    4   -6   14    4
    1   13   12    1    3    2    3    1      1887   12  -15  -19   -5   12   -8   -9   -3   -7   -4   12   -5    5    9   -2  -11   13    6
    1   13   13    1    3    4    3    1      1173   12  -14  -12  -13   12  -10   -7   -7   -5   -2   12   -4   12   10    0   -6    3    5
    1   13   14    1    1    3    1    1       808   17   -6  -10    3   13    6    1   -7    9   13   -9   -7    7   -3    7  -15   -4    8
    1   13   15    1    2    2    2    1      1946   19    5   13    5  -13  -10   18   19   -3  -15    4   -6  -14    3  -11    7    9    0
    1   14    1    1    3    2    3    1      2317   12  -15  -19   -5   12   -8   -9   -3   -7   -4   12   -5    5    9   -2  -11   13    6
    1   14    2    1    2    4    2    1      2610   15   10   12    5  -13   -9    5   22   -2  -16    4   -7  -19   12   -9    8   10   -1
    1   14    3    1    1    4    1    1      2300   17   -6  -11    4   14    3   11  -11   16   12   -7   -4    6   -1   14  -22   -3    7
    1   14    4    1    1    1    1    1       801   17   -9  -10    5   12    5    1   -6   17   10   -3  -13    6   -3    4  -14   -6    6
    1   14    5    1    1    5    1    1       954   22  -14  -12    5   22   -5    1   -7   17   10   -6   -7    6   -3    6  -12   -6    7
    1   14    6    1    2    5    2    1      1622   13   10   12    6  -14   -8   10   12   -3  -15    5   -5  -15    3   -9    7   10   -2
    1   14    7    1    3    3    3    1      1110   13  -16  -11  -14   16   -8  -12   -5   -6   -2   12   -6    3   14    3   -8   14    6
    1   14    8    1    2    2    2    1      1220   19    5   13    5  -13  -10   18   19   -3  -15    4   -6  -14    3  -11    7    9    0
    1   14    9    1    1    2    1    1      2237   16   -6   -7    7   21   11    3   -6   17   13   -8   -5    4    0   14   -4   -4    5
    1   14   10    1    1    3    1    1      1084   17   -6  -10    3   13    6    1   -7    9   13   -9   -7    7   -3    7  -15   -4    8
    1   14   11    1    3    4    3    1      2354   12  -14  -12  -13   12  -10   -7   -7   -5   -2   12   -4   12   10    0   -6    3    5
    1   14   12    1    3    5    3    1      1174    2  -20  -12  -15   13   -9  -12   -5    1    1   11   -5   11    8    1   -4   15    5
    1   14   13    1    2    1    2    1      1625   15    8   10    5  -13  -16   14   11   -2  -16    3   -7  -11    0  -10    6    7   -3
    1   14   14    1    2    3    1    0      1281   10    9   12    5  -16   -6   10   15   -4  -14    4   -8  -15    1  -10    7    8    1
    1   14   15    1    3    1    3    1       895   13  -14   -8  -12   16   -4   -9   -1   -7    8   11   -4    9   11    4   -6   14    4
    1   15    1    1    2    3    2    1      3925   10    9   12    5  -16   -6   10   15   -4  -14    4   -8  -15    1  -10    7    8    1
    1   15    2    1    3    2    3    1      1090   12  -15  -19   -5   12   -8   -9   -3   -7   -4   12   -5    5    9   -2  -11   13    6
    1   15    3    1    2    5    2    1       960   13   10   12    6  -14   -8   10   12   -3  -15    5   -5  -15    3   -9    7   10   -2
    1   15    4    1    3    5    3    1      1459    2  -20  -12  -15   13   -9  -12   -5    1    1   11   -5   11    8    1   -4   15    5
    1   15    5    1    2    2    2    1      1515   19    5   13    5  -13  -10   18   19   -3  -15    4   -6  -14    3  -11    7    9    0
    1   15    6    1    3    3    3    1       935   13  -16  -11  -14   16   -8  -12   -5   -6   -2   12   -6    3   14    3   -8   14    6
    1   15    7    1    1    5    1    1      1035   22  -14  -12    5   22   -5    1   -7   17   10   -6   -7    6   -3    6  -12   -6    7
    1   15    8    1    2    4    2    1      1419   15   10   12    5  -13   -9    5   22   -2  -16    4   -7  -19   12   -9    8   10   -1
    1   15    9    1    2    1    2    1      1716   15    8   10    5  -13  -16   14   11   -2  -16    3   -7  -11    0  -10    6    7   -3
    1   15   10    1    1    3    1    1       825   17   -6  -10    3   13    6    1   -7    9   13   -9   -7    7   -3    7  -15   -4    8
    1   15   11    1    1    1    1    1      1009   17   -9  -10    5   12    5    1   -6   17   10   -3  -13    6   -3    4  -14   -6    6
    1   15   12    1    3    1    3    1      1235   13  -14   -8  -12   16   -4   -9   -1   -7    8   11   -4    9   11    4   -6   14    4
    1   15   13    1    1    4    1    1      2603   17   -6  -11    4   14    3   11  -11   16   12   -7   -4    6   -1   14  -22   -3    7
    1   15   14    1    3    4    3    1      1028   12  -14  -12  -13   12  -10   -7   -7   -5   -2   12   -4   12   10    0   -6    3    5
    1   15   15    1    1    2    1    1      1501   16   -6   -7    7   21   11    3   -6   17   13   -8   -5    4    0   14   -4   -4    5
    2    1    1    6    0    0    1    0      1144    5  -22    8   -6   -4  -13   15    4    4  -13   12   10    5   -5   -7    9   -2   12
    2    1    2    2    1    0    1    0      1580   16   -5  -10    4   13    4    3   -7   16   11   -8   -7    6   -2    5  -14   -4    7
    2    1    3    1    2    2    1    1      1527   19    5   13    5  -13  -10   18   19   -3  -15    4   -6  -14    3  -11    7    9    0
    2    1    4    2    3    0    1    0      2451   11  -14  -10  -14   14   -8  -10   -3   -5   -1   13   -6   11    9    2   -6   13    4
    2    1    5    1    1    1    1    1      1131   17   -9  -10    5   12    5    1   -6   17   10   -3  -13    6   -3    4  -14   -6    6
    2    1    6    1    3    3    1    1      1063   13  -16  -11  -14   16   -8  -12   -5   -6   -2   12   -6    3   14    3   -8   14    6
    2    1    7    4    1    3    2    1      2502   16   -4  -11    5    8    3    1   -6   17   11   -9   -2   11   -6    4  -14   -6    6
    2    1    8    6    0    0    2    1       716   -6    4   -9   21    1   10   -3    2   10    7   -6   17    0   -9    2    0   11   -4
    2    1    9    4    1    2    2    1      1112   15   -6  -11    4   14    4   13    2   17   12   -7   -6    5    0    6  -15   -5    7
    2    1   10    4    3    3    1    0      1102   10  -14   -9   -9   15   -9   -9   -4  -10    0   12   -7   12   13   -3   -8   15    4
    2    1   11    1    2    5    2    0      2339   13   10   12    6  -14   -8   10   12   -3  -15    5   -5  -15    3   -9    7   10   -2
    2    1   12    4    3    2    2    1      1855   10  -15  -11  -14   15   -7  -11   -3   -5    0   15  -10   18    2    1   -6   14    9
    2    1   13    1    1    4    1    1      1510   17   -6  -11    4   14    3   11  -11   16   12   -7   -4    6   -1   14  -22   -3    7
    2    1   14    4    1    1    1    0      3220   12    5   -4   -2   14    4    4   -8   13   12   -7   -7    5   -2    4  -15   -5    8
    2    1   15    1    1    5    1    1      2076   22  -14  -12    5   22   -5    1   -7   17   10   -6   -7    6   -3    6  -12   -6    7
    2    1   16    4    2    5    2    1      1219   14    9    7   12  -11  -11   14    4   -7  -14    2   -4  -16    3   -1    0    9   -3
    2    1   17    1    2    4    2    0      2052   15   10   12    5  -13   -9    5   22   -2  -16    4   -7  -19   12   -9    8   10   -1
    2    1   18    2    2    0    1    0      2539   14   10   11    5  -12  -10   12   13   -2  -15    3   -6  -15    2  -11    6    8   -1
    2    1   19    4    2    3    1    0      1151   16    9   10    6  -21   -9   11   11   -2  -17    4   -7  -14    3  -12    6    6   -1
    2    1   20    1    1    3    1    1      1563   17   -6  -10    3   13    6    1   -7    9   13   -9   -7    7   -3    7  -15   -4    8
    2    1   21    4    2    4    2    1      1582   14   12   12    5  -21   -7   13   14   -4  -15    4   -4   -5   12  -10    8    9   -1
    2    1   22    1    1    2    1    1      1120   16   -6   -7    7   21   11    3   -6   17   13   -8   -5    4    0   14   -4   -4    5
    2    1   23    1    2    1    1    1      2564   15    8   10    5  -13  -16   14   11   -2  -16    3   -7  -11    0  -10    6    7   -3
    2    1   24    6    0    0    2    1      1535   11  -12    6   -6   -5  -15   14    5    4  -14   10   10    4   -3   -9   11   -4   13
    2    1   25    4    3    1    2    1       843   16  -12  -10  -16   14   -9   -9   -1   -5    0    6   -5    9   10    0   -4   14    6
    2    1   26    4    3    4    2    1       595   10  -13  -10  -15    7  -11  -11   -2   -9   -5   12   -5   13   10    0   -7   13    6
    2    1   27    4    2    2    2    1       733   11    9    8   -4  -14   -4   12   23   -1  -14    4   -7  -15    6  -13   10    9   -1
    2    1   28    6    0    0    2    1       713   -6   -5    3   20    4   13   -5   12    9    5   -5   17   -1  -16    2   -2    8   -3
    2    1   29    4    3    5    2    1      1495   12  -14   -8  -15   15  -10   -8   -2   -6   -1   14   -6   12   10   -4   -8   14    4
    2    1   30    1    3    2    2    0      1589   12  -15  -19   -5   12   -8   -9   -3   -7   -4   12   -5    5    9   -2  -11   13    6
    2    1   31    1    2    3    1    1      1039   10    9   12    5  -16   -6   10   15   -4  -14    4   -8  -15    1  -10    7    8    1
    2    1   32    1    3    1    1    1       887   13  -14   -8  -12   16   -4   -9   -1   -7    8   11   -4    9   11    4   -6   14    4
    2    1   33    1    3    4    1    1       797   12  -14  -12  -13   12  -10   -7   -7   -5   -2   12   -4   12   10    0   -6    3    5
    2    1   34    4    2    1    2    1      1231   15    9   12    1  -12   -9   11   12   -1  -16    2   -5  -16    2  -11    8    6    0
    2    1   35    4    1    4    2    1      1063   17   -4   -7    1   12    3    4   -7   16   12   -6   -9    5   -1    4  -14   -3    7
    2    1   36    6    0    0    2    1      1455  -11  -14  -15   12   11   14   -7    2  -12    4    2   16    4  -12  -18   -6   -9  -12
    2    1   37    4    1    5    2    1      1270   21  -15   -8    7   23    3   -6    0   18   13   -7   -6    7    0    7  -14   -5    5
    2    1   38    1    3    5    1    1      1085    2  -20  -12  -15   13   -9  -12   -5    1    1   11   -5   11    8    1   -4   15    5
    2    1   39    6    0    0    2    1      1539  -12  -15  -11   16    8   10   -7    3  -15    3    5   16    6   -9  -13   -5   -9  -12
