    1    1    1    1    1    5    1    1      1919   10    1    4   16  -13    4   14   10   12   -9   -7   -1    3   11   -4   -5  -10   -8
    1    1    2    1    3    2    2    0      2602  -11    1   10   -4  -14   15  -14    0    7   -1   -4   -8   -7   11   -2   -6    1    0
    1    1    3    1    3    3    3    1      1299  -12    2    9   -3  -13   15  -16   -1    0   -2   -3   -5   -8   11   -3   -9    2    0
    1    1    4    1    3    1    2    0      1425   -9    1    9   -2   -7    7  -14   -1    0   -3   -4   -8   -5   14   -6  -12    5    0
    1    1    5    1    3    4    1    0      2217  -10    4    6   -6   -2   17  -17   -3    0    8   -5   -5   -6   14   -4  -10    1    1
    1    1    6    1    2    5    2    1      2114   -6  -10    4   -7    9    7   -2    4   -4   14    5   -2    4   14  -14    5    7    5
    1    1    7    1    2    4    3    0      1359   -5  -13    8   -8   11    8   -9   -2   -3    8    7   -1    7   15  -16    2   13    3
    1    1    8    1    1    4    1    1      1242   13    4    3   15  -14    5   16   12    8  -10   -8    0    6   12   -5   -1   -8  -11
    1    1    9    1    1    1    3    0      1913   15    3    6   19  -16    4   14    8   15   -9   -6   -1    7    9   -1   -8   -1  -18
    1    1   10    1    2    2    1    0      2830    1   -2   11  -12   10    8  -11    3   -4    7    4    0    6   13  -12    7    7    5
    1    1   11    1    3    5    1    0       926  -12    4   10   -4  -14   14   -7    6   -4   -3   -5   -5   -7   15   -4   -9    3   -1
    1    1   12    1    1    2    2    0      1162   16    6    0   19  -14    4   13    9   13  -11   -1   -8    5    9   -1   -5   -9   -7
    1    1   13    1    1    3    1    1      1678   13    2    5   16  -17    5   14   11   13  -11   -6    2    4   12   -4   -5  -11   -8
    1    1   14    1    2    3    3    0      1196  -15  -11    2  -14   14   12   -9   -1    1   13    5    1    6   16  -17    5    3    3
    1    1   15    1    2    1    1    0      3405   -7  -11    7   -9   10    8   -8   -3   -7   10    4   -1    5   16  -15    5    4    4
    1    2    1    1    2    1    2    1       727   -7  -11    7   -9   10    8   -8   -3   -7   10    4   -1    5   16  -15    5    4    4
    1    2    2    1    3    5    1    0       891  -12    4   10   -4  -14   14   -7    6   -4   -3   -5   -5   -7   15   -4   -9    3   -1
    1    2    3    1    3    4    3    1      1257  -10    4    6   -6   -2   17  -17   -3    0    8   -5   -5   -6   14   -4  -10    1    1
    1    2    4    1    1    2    2    0       761   16    6    0   19  -14    4   13    9   13  -11   -1   -8    5    9   -1   -5   -9   -7
    1    2    5    1    1    1    1    1       796   15    3    6   19  -16    4   14    8   15   -9   -6   -1    7    9   -1   -8   -1  -18
    1    2    6    1    3    3    3    1       973  -12    2    9   -3  -13   15  -16   -1    0   -2   -3   -5   -8   11   -3   -9    2    0
    1    2    7    1    1    5    2    0       760   10    1    4   16  -13    4   14   10   12   -9   -7   -1    3   11   -4   -5  -10   -8
    1    2    8    1    2    4    1    0       793   -5  -13    8   -8   11    8   -9   -2   -3    8    7   -1    7   15  -16    2   13    3
    1    2    9    1    2    3    2    1      1659  -15  -11    2  -14   14   12   -9   -1    1   13    5    1    6   16  -17    5    3    3
    1    2   10    1    1    3    2    0      1324   13    2    5   16  -17    5   14   11   13  -11   -6    2    4   12   -4   -5  -11   -8
    1    2   11    1    3    2    1    0      1161  -11    1   10   -4  -14   15  -14    0    7   -1   -4   -8   -7   11   -2   -6    1    0
    1    2   12    1    1    4    1    1      1372   13    4    3   15  -14    5   16   12    8  -10   -8    0    6   12   -5   -1   -8  -11
    1    2   13    1    2    2    1    0      1479    1   -2   11  -12   10    8  -11    3   -4    7    4    0    6   13  -12    7    7    5
    1    2   14    1    2    5    2    1      1309   -6  -10    4   -7    9    7   -2    4   -4   14    5   -2    4   14  -14    5    7    5
    1    2   15    1    3    1    1    0      2683   -9    1    9   -2   -7    7  -14   -1    0   -3   -4   -8   -5   14   -6  -12    5    0
    1    3    1    1    3    3    3    1       993  -12    2    9   -3  -13   15  -16   -1    0   -2   -3   -5   -8   11   -3   -9    2    0
    1    3    2    1    1    1    2    0       731   15    3    6   19  -16    4   14    8   15   -9   -6   -1    7    9   -1   -8   -1  -18
    1    3    3    1    2    3    2    1       975  -15  -11    2  -14   14   12   -9   -1    1   13    5    1    6   16  -17    5    3    3
    1    3    4    1    1    5    1    1       890   10    1    4   16  -13    4   14   10   12   -9   -7   -1    3   11   -4   -5  -10   -8
    1    3    5    1    2    4    2    1       663   -5  -13    8   -8   11    8   -9   -2   -3    8    7   -1    7   15  -16    2   13    3
    1    3    6    1    1    4    1    1      2295   13    4    3   15  -14    5   16   12    8  -10   -8    0    6   12   -5   -1   -8  -11
    1    3    7    1    3    1    1    0      5939   -9    1    9   -2   -7    7  -14   -1    0   -3   -4   -8   -5   14   -6  -12    5    0
    1    3    8    1    1    2    2    0      1287   16    6    0   19  -14    4   13    9   13  -11   -1   -8    5    9   -1   -5   -9   -7
    1    3    9    1    3    2    3    1      1877  -11    1   10   -4  -14   15  -14    0    7   -1   -4   -8   -7   11   -2   -6    1    0
    1    3   10    1    3    5    3    1      4252  -12    4   10   -4  -14   14   -7    6   -4   -3   -5   -5   -7   15   -4   -9    3   -1
    1    3   11    1    1    3    1    1      1411   13    2    5   16  -17    5   14   11   13  -11   -6    2    4   12   -4   -5  -11   -8
    1    3   12    1    2    1    2    1       476   -7  -11    7   -9   10    8   -8   -3   -7   10    4   -1    5   16  -15    5    4    4
    1    3   13    1    3    4    3    1      1707  -10    4    6   -6   -2   17  -17   -3    0    8   -5   -5   -6   14   -4  -10    1    1
    1    3   14    1    2    5    2    1      1592   -6  -10    4   -7    9    7   -2    4   -4   14    5   -2    4   14  -14    5    7    5
    1    3   15    1    2    2    2    1      1514    1   -2   11  -12   10    8  -11    3   -4    7    4    0    6   13  -12    7    7    5
    1    4    1    1    2    1    1    0       783   -7  -11    7   -9   10    8   -8   -3   -7   10    4   -1    5   16  -15    5    4    4
    1    4    2    1    1    1    2    0       896   15    3    6   19  -16    4   14    8   15   -9   -6   -1    7    9   -1   -8   -1  -18
    1    4    3    1    1    5    1    1       878   10    1    4   16  -13    4   14   10   12   -9   -7   -1    3   11   -4   -5  -10   -8
    1    4    4    1    3    4    3    1      1085  -10    4    6   -6   -2   17  -17   -3    0    8   -5   -5   -6   14   -4  -10    1    1
    1    4    5    1    2    4    2    1      1010   -5  -13    8   -8   11    8   -9   -2   -3    8    7   -1    7   15  -16    2   13    3
    1    4    6    1    3    3    3    1       812  -12    2    9   -3  -13   15  -16   -1    0   -2   -3   -5   -8   11   -3   -9    2    0
    1    4    7    1    3    5    3    1      2605  -12    4   10   -4  -14   14   -7    6   -4   -3   -5   -5   -7   15   -4   -9    3   -1
    1    4    8    1    3    2    3    1       902  -11    1   10   -4  -14   15  -14    0    7   -1   -4   -8   -7   11   -2   -6    1    0
    1    4    9    1    1    3    1    1      2500   13    2    5   16  -17    5   14   11   13  -11   -6    2    4   12   -4   -5  -11   -8
    1    4   10    1    2    3    2    1       865  -15  -11    2  -14   14   12   -9   -1    1   13    5    1    6   16  -17    5    3    3
    1    4   11    1    1    4    1    1       863   13    4    3   15  -14    5   16   12    8  -10   -8    0    6   12   -5   -1   -8  -11
    1    4   12    1    1    2    2    0      1262   16    6    0   19  -14    4   13    9   13  -11   -1   -8    5    9   -1   -5   -9   -7
    1    4   13    1    2    5    2    1       653   -6  -10    4   -7    9    7   -2    4   -4   14    5   -2    4   14  -14    5    7    5
    1    4   14    1    3    1    3    1       724   -9    1    9   -2   -7    7  -14   -1    0   -3   -4   -8   -5   14   -6  -12    5    0
    1    4   15    1    2    2    2    1      1129    1   -2   11  -12   10    8  -11    3   -4    7    4    0    6   13  -12    7    7    5
    1    5    1    1    2    5    2    1       958   -6  -10    4   -7    9    7   -2    4   -4   14    5   -2    4   14  -14    5    7    5
    1    5    2    1    2    4    2    1      1161   -5  -13    8   -8   11    8   -9   -2   -3    8    7   -1    7   15  -16    2   13    3
    1    5    3    1    2    3    1    0      3180  -15  -11    2  -14   14   12   -9   -1    1   13    5    1    6   16  -17    5    3    3
    1    5    4    1    1    4    3    0      1295   13    4    3   15  -14    5   16   12    8  -10   -8    0    6   12   -5   -1   -8  -11
    1    5    5    1    2    1    2    1       956   -7  -11    7   -9   10    8   -8   -3   -7   10    4   -1    5   16  -15    5    4    4
    1    5    6    1    3    1    3    1      1831   -9    1    9   -2   -7    7  -14   -1    0   -3   -4   -8   -5   14   -6  -12    5    0
    1    5    7    1    3    4    3    1       880  -10    4    6   -6   -2   17  -17   -3    0    8   -5   -5   -6   14   -4  -10    1    1
    1    5    8    1    1    2    1    1      3565   16    6    0   19  -14    4   13    9   13  -11   -1   -8    5    9   -1   -5   -9   -7
    1    5    9    1    1    3    1    1       576   13    2    5   16  -17    5   14   11   13  -11   -6    2    4   12   -4   -5  -11   -8
    1    5   10    1    3    5    3    1       687  -12    4   10   -4  -14   14   -7    6   -4   -3   -5   -5   -7   15   -4   -9    3   -1
    1    5   11    1    3    2    3    1      1007  -11    1   10   -4  -14   15  -14    0    7   -1   -4   -8   -7   11   -2   -6    1    0
    1    5   12    1    2    2    2    1       736    1   -2   11  -12   10    8  -11    3   -4    7    4    0    6   13  -12    7    7    5
    1    5   13    1    1    1    2    0       701   15    3    6   19  -16    4   14    8   15   -9   -6   -1    7    9   -1   -8   -1  -18
    1    5   14    1    3    3    3    1       722  -12    2    9   -3  -13   15  -16   -1    0   -2   -3   -5   -8   11   -3   -9    2    0
    1    5   15    1    1    5    1    1      1574   10    1    4   16  -13    4   14   10   12   -9   -7   -1    3   11   -4   -5  -10   -8
    1    6    1    1    1    4    1    1       713   13    4    3   15  -14    5   16   12    8  -10   -8    0    6   12   -5   -1   -8  -11
    1    6    2    1    3    5    3    1       734  -12    4   10   -4  -14   14   -7    6   -4   -3   -5   -5   -7   15   -4   -9    3   -1
    1    6    3    1    2    3    1    0      3810  -15  -11    2  -14   14   12   -9   -1    1   13    5    1    6   16  -17    5    3    3
    1    6    4    1    2    4    2    1       667   -5  -13    8   -8   11    8   -9   -2   -3    8    7   -1    7   15  -16    2   13    3
    1    6    5    1    3    3    3    1       609  -12    2    9   -3  -13   15  -16   -1    0   -2   -3   -5   -8   11   -3   -9    2    0
    1    6    6    1    1    5    1    1      1163   10    1    4   16  -13    4   14   10   12   -9   -7   -1    3   11   -4   -5  -10   -8
    1    6    7    1    2    5    2    1       558   -6  -10    4   -7    9    7   -2    4   -4   14    5   -2    4   14  -14    5    7    5
    1    6    8    1    2    2    2    1       569    1   -2   11  -12   10    8  -11    3   -4    7    4    0    6   13  -12    7    7    5
    1    6    9    1    1    3    1    1       595   13    2    5   16  -17    5   14   11   13  -11   -6    2    4   12   -4   -5  -11   -8
    1    6   10    1    2    1    2    1       557   -7  -11    7   -9   10    8   -8   -3   -7   10    4   -1    5   16  -15    5    4    4
    1    6   11    1    3    1    3    1       569   -9    1    9   -2   -7    7  -14   -1    0   -3   -4   -8   -5   14   -6  -12    5    0
    1    6   12    1    1    2    1    1      1347   16    6    0   19  -14    4   13    9   13  -11   -1   -8    5    9   -1   -5   -9   -7
    1    6   13    1    3    2    3    1       671  -11    1   10   -4  -14   15  -14    0    7   -1   -4   -8   -7   11   -2   -6    1    0
    1    6   14    1    1    1    1    1      1125   15    3    6   19  -16    4   14    8   15   -9   -6   -1    7    9   -1   -8   -1  -18
    1    6   15    1    3    4    3    1       794  -10    4    6   -6   -2   17  -17   -3    0    8   -5   -5   -6   14   -4  -10    1    1
    1    7    1    1    3    3    3    1      1070  -12    2    9   -3  -13   15  -16   -1    0   -2   -3   -5   -8   11   -3   -9    2    0
    1    7    2    1    1    3    1    1      1666   13    2    5   16  -17    5   14   11   13  -11   -6    2    4   12   -4   -5  -11   -8
    1    7    3    1    1    1    1    1      1424   15    3    6   19  -16    4   14    8   15   -9   -6   -1    7    9   -1   -8   -1  -18
    1    7    4    1    2    4    2    1      3641   -5  -13    8   -8   11    8   -9   -2   -3    8    7   -1    7   15  -16    2   13    3
    1    7    5    1    3    2    3    1       649  -11    1   10   -4  -14   15  -14    0    7   -1   -4   -8   -7   11   -2   -6    1    0
    1    7    6    1    1    4    1    1      1808   13    4    3   15  -14    5   16   12    8  -10   -8    0    6   12   -5   -1   -8  -11
    1    7    7    1    2    2    2    1       777    1   -2   11  -12   10    8  -11    3   -4    7    4    0    6   13  -12    7    7    5
    1    7    8    1    3    1    3    1       588   -9    1    9   -2   -7    7  -14   -1    0   -3   -4   -8   -5   14   -6  -12    5    0
    1    7    9    1    1    2    1    1      1318   16    6    0   19  -14    4   13    9   13  -11   -1   -8    5    9   -1   -5   -9   -7
    1    7   10    1    3    4    3    1       659  -10    4    6   -6   -2   17  -17   -3    0    8   -5   -5   -6   14   -4  -10    1    1
    1    7   11    1    2    3    1    0      2442  -15  -11    2  -14   14   12   -9   -1    1   13    5    1    6   16  -17    5    3    3
    1    7   12    1    2    1    2    1      1002   -7  -11    7   -9   10    8   -8   -3   -7   10    4   -1    5   16  -15    5    4    4
    1    7   13    1    3    5    3    1       563  -12    4   10   -4  -14   14   -7    6   -4   -3   -5   -5   -7   15   -4   -9    3   -1
    1    7   14    1    1    5    1    1       894   10    1    4   16  -13    4   14   10   12   -9   -7   -1    3   11   -4   -5  -10   -8
    1    7   15    1    2    5    2    1       428   -6  -10    4   -7    9    7   -2    4   -4   14    5   -2    4   14  -14    5    7    5
    1    8    1    1    2    2    2    1       492    1   -2   11  -12   10    8  -11    3   -4    7    4    0    6   13  -12    7    7    5
    1    8    2    1    2    1    2    1       458   -7  -11    7   -9   10    8   -8   -3   -7   10    4   -1    5   16  -15    5    4    4
    1    8    3    1    1    5    1    1       874   10    1    4   16  -13    4   14   10   12   -9   -7   -1    3   11   -4   -5  -10   -8
    1    8    4    1    3    3    3    1       920  -12    2    9   -3  -13   15  -16   -1    0   -2   -3   -5   -8   11   -3   -9    2    0
    1    8    5    1    2    5    2    1       741   -6  -10    4   -7    9    7   -2    4   -4   14    5   -2    4   14  -14    5    7    5
    1    8    6    1    3    2    3    1       713  -11    1   10   -4  -14   15  -14    0    7   -1   -4   -8   -7   11   -2   -6    1    0
    1    8    7    1    1    1    1    1      1325   15    3    6   19  -16    4   14    8   15   -9   -6   -1    7    9   -1   -8   -1  -18
    1    8    8    1    1    4    1    1      1562   13    4    3   15  -14    5   16   12    8  -10   -8    0    6   12   -5   -1   -8  -11
    1    8    9    1    1    2    1    1      2045   16    6    0   19  -14    4   13    9   13  -11   -1   -8    5    9   -1   -5   -9   -7
    1    8   10    1    1    3    1    1      1484   13    2    5   16  -17    5   14   11   13  -11   -6    2    4   12   -4   -5  -11   -8
    1    8   11    1    2    4    2    1       419   -5  -13    8   -8   11    8   -9   -2   -3    8    7   -1    7   15  -16    2   13    3
    1    8   12    1    3    5    3    1       579  -12    4   10   -4  -14   14   -7    6   -4   -3   -5   -5   -7   15   -4   -9    3   -1
    1    8   13    1    2    3    2    1       717  -15  -11    2  -14   14   12   -9   -1    1   13    5    1    6   16  -17    5    3    3
    1    8   14    1    3    4    3    1       546  -10    4    6   -6   -2   17  -17   -3    0    8   -5   -5   -6   14   -4  -10    1    1
    1    8   15    1    3    1    3    1       654   -9    1    9   -2   -7    7  -14   -1    0   -3   -4   -8   -5   14   -6  -12    5    0
    1    9    1    1    3    2    3    1      1013  -11    1   10   -4  -14   15  -14    0    7   -1   -4   -8   -7   11   -2   -6    1    0
    1    9    2    1    3    1    3    1       686   -9    1    9   -2   -7    7  -14   -1    0   -3   -4   -8   -5   14   -6  -12    5    0
    1    9    3    1    2    3    2    1       516  -15  -11    2  -14   14   12   -9   -1    1   13    5    1    6   16  -17    5    3    3
    1    9    4    1    1    5    1    1       752   10    1    4   16  -13    4   14   10   12   -9   -7   -1    3   11   -4   -5  -10   -8
    1    9    5    1    1    1    1    1      1747   15    3    6   19  -16    4   14    8   15   -9   -6   -1    7    9   -1   -8   -1  -18
    1    9    6    1    2    5    3    0      1711   -6  -10    4   -7    9    7   -2    4   -4   14    5   -2    4   14  -14    5    7    5
    1    9    7    1    2    4    2    1      1052   -5  -13    8   -8   11    8   -9   -2   -3    8    7   -1    7   15  -16    2   13    3
    1    9    8    1    1    2    3    0      2083   16    6    0   19  -14    4   13    9   13  -11   -1   -8    5    9   -1   -5   -9   -7
    1    9    9    1    2    2    2    1      1073    1   -2   11  -12   10    8  -11    3   -4    7    4    0    6   13  -12    7    7    5
    1    9   10    1    1    3    1    1      2488   13    2    5   16  -17    5   14   11   13  -11   -6    2    4   12   -4   -5  -11   -8
    1    9   11    1    2    1    2    1       998   -7  -11    7   -9   10    8   -8   -3   -7   10    4   -1    5   16  -15    5    4    4
    1    9   12    1    3    3    3    1       719  -12    2    9   -3  -13   15  -16   -1    0   -2   -3   -5   -8   11   -3   -9    2    0
    1    9   13    1    1    4    1    1      2276   13    4    3   15  -14    5   16   12    8  -10   -8    0    6   12   -5   -1   -8  -11
    1    9   14    1    3    5    3    1       682  -12    4   10   -4  -14   14   -7    6   -4   -3   -5   -5   -7   15   -4   -9    3   -1
    1    9   15    1    3    4    3    1       784  -10    4    6   -6   -2   17  -17   -3    0    8   -5   -5   -6   14   -4  -10    1    1
    1   10    1    1    3    5    3    1       770  -12    4   10   -4  -14   14   -7    6   -4   -3   -5   -5   -7   15   -4   -9    3   -1
    1   10    2    1    3    2    3    1       917  -11    1   10   -4  -14   15  -14    0    7   -1   -4   -8   -7   11   -2   -6    1    0
    1   10    3    1    3    3    3    1       641  -12    2    9   -3  -13   15  -16   -1    0   -2   -3   -5   -8   11   -3   -9    2    0
    1   10    4    1    3    1    3    1       457   -9    1    9   -2   -7    7  -14   -1    0   -3   -4   -8   -5   14   -6  -12    5    0
    1   10    5    1    2    5    2    1       761   -6  -10    4   -7    9    7   -2    4   -4   14    5   -2    4   14  -14    5    7    5
    1   10    6    1    1    4    1    1       828   13    4    3   15  -14    5   16   12    8  -10   -8    0    6   12   -5   -1   -8  -11
    1   10    7    1    1    5    1    1       733   10    1    4   16  -13    4   14   10   12   -9   -7   -1    3   11   -4   -5  -10   -8
    1   10    8    1    1    3    1    1       465   13    2    5   16  -17    5   14   11   13  -11   -6    2    4   12   -4   -5  -11   -8
    1   10    9    1    1    1    1    1      2063   15    3    6   19  -16    4   14    8   15   -9   -6   -1    7    9   -1   -8   -1  -18
    1   10   10    1    2    4    2    1       670   -5  -13    8   -8   11    8   -9   -2   -3    8    7   -1    7   15  -16    2   13    3
    1   10   11    1    2    2    2    1      1380    1   -2   11  -12   10    8  -11    3   -4    7    4    0    6   13  -12    7    7    5
    1   10   12    1    3    4    3    1       612  -10    4    6   -6   -2   17  -17   -3    0    8   -5   -5   -6   14   -4  -10    1    1
    1   10   13    1    2    3    2    1      1895  -15  -11    2  -14   14   12   -9   -1    1   13    5    1    6   16  -17    5    3    3
    1   10   14    1    1    2    1    1      1405   16    6    0   19  -14    4   13    9   13  -11   -1   -8    5    9   -1   -5   -9   -7
    1   10   15    1    2    1    2    1       966   -7  -11    7   -9   10    8   -8   -3   -7   10    4   -1    5   16  -15    5    4    4
    1   11    1    1    3    3    3    1       705  -12    2    9   -3  -13   15  -16   -1    0   -2   -3   -5   -8   11   -3   -9    2    0
    1   11    2    1    2    3    2    1       934  -15  -11    2  -14   14   12   -9   -1    1   13    5    1    6   16  -17    5    3    3
    1   11    3    1    1    1    1    1       834   15    3    6   19  -16    4   14    8   15   -9   -6   -1    7    9   -1   -8   -1  -18
    1   11    4    1    3    5    3    1       658  -12    4   10   -4  -14   14   -7    6   -4   -3   -5   -5   -7   15   -4   -9    3   -1
    1   11    5    1    3    1    3    1       665   -9    1    9   -2   -7    7  -14   -1    0   -3   -4   -8   -5   14   -6  -12    5    0
    1   11    6    1    2    4    2    1      2256   -5  -13    8   -8   11    8   -9   -2   -3    8    7   -1    7   15  -16    2   13    3
    1   11    7    1    3    4    3    1       599  -10    4    6   -6   -2   17  -17   -3    0    8   -5   -5   -6   14   -4  -10    1    1
    1   11    8    1    3    2    3    1       657  -11    1   10   -4  -14   15  -14    0    7   -1   -4   -8   -7   11   -2   -6    1    0
    1   11    9    1    1    3    1    1      2104   13    2    5   16  -17    5   14   11   13  -11   -6    2    4   12   -4   -5  -11   -8
    1   11   10    1    1    2    1    1      1412   16    6    0   19  -14    4   13    9   13  -11   -1   -8    5    9   -1   -5   -9   -7
    1   11   11    1    2    2    2    1       686    1   -2   11  -12   10    8  -11    3   -4    7    4    0    6   13  -12    7    7    5
    1   11   12    1    2    1    2    1       484   -7  -11    7   -9   10    8   -8   -3   -7   10    4   -1    5   16  -15    5    4    4
    1   11   13    1    2    5    2    1      1714   -6  -10    4   -7    9    7   -2    4   -4   14    5   -2    4   14  -14    5    7    5
    1   11   14    1    1    5    1    1      1166   10    1    4   16  -13    4   14   10   12   -9   -7   -1    3   11   -4   -5  -10   -8
    1   11   15    1    1    4    1    1       817   13    4    3   15  -14    5   16   12    8  -10   -8    0    6   12   -5   -1   -8  -11
    1   12    1    1    2    1    2    1       562   -7  -11    7   -9   10    8   -8   -3   -7   10    4   -1    5   16  -15    5    4    4
    1   12    2    1    1    1    1    1      1949   15    3    6   19  -16    4   14    8   15   -9   -6   -1    7    9   -1   -8   -1  -18
    1   12    3    1    1    5    1    1       752   10    1    4   16  -13    4   14   10   12   -9   -7   -1    3   11   -4   -5  -10   -8
    1   12    4    1    2    5    2    1       660   -6  -10    4   -7    9    7   -2    4   -4   14    5   -2    4   14  -14    5    7    5
    1   12    5    1    2    2    2    1       603    1   -2   11  -12   10    8  -11    3   -4    7    4    0    6   13  -12    7    7    5
    1   12    6    1    3    1    3    1       628   -9    1    9   -2   -7    7  -14   -1    0   -3   -4   -8   -5   14   -6  -12    5    0
    1   12    7    1    1    3    1    1       797   13    2    5   16  -17    5   14   11   13  -11   -6    2    4   12   -4   -5  -11   -8
    1   12    8    1    2    3    2    1       510  -15  -11    2  -14   14   12   -9   -1    1   13    5    1    6   16  -17    5    3    3
    1   12    9    1    1    2    1    1      1035   16    6    0   19  -14    4   13    9   13  -11   -1   -8    5    9   -1   -5   -9   -7
    1   12   10    1    3    4    3    1       627  -10    4    6   -6   -2   17  -17   -3    0    8   -5   -5   -6   14   -4  -10    1    1
    1   12   11    1    3    2    3    1       844  -11    1   10   -4  -14   15  -14    0    7   -1   -4   -8   -7   11   -2   -6    1    0
    1   12   12    1    1    4    1    1       972   13    4    3   15  -14    5   16   12    8  -10   -8    0    6   12   -5   -1   -8  -11
    1   12   13    1    2    4    2    1       534   -5  -13    8   -8   11    8   -9   -2   -3    8    7   -1    7   15  -16    2   13    3
    1   12   14    1    3    3    3    1       594  -12    2    9   -3  -13   15  -16   -1    0   -2   -3   -5   -8   11   -3   -9    2    0
    1   12   15    1    3    5    3    1       844  -12    4   10   -4  -14   14   -7    6   -4   -3   -5   -5   -7   15   -4   -9    3   -1
    1   13    1    1    1    2    1    1      2828   16    6    0   19  -14    4   13    9   13  -11   -1   -8    5    9   -1   -5   -9   -7
    1   13    2    1    3    3    3    1       653  -12    2    9   -3  -13   15  -16   -1    0   -2   -3   -5   -8   11   -3   -9    2    0
    1   13    3    1    2    2    2    1       756    1   -2   11  -12   10    8  -11    3   -4    7    4    0    6   13  -12    7    7    5
    1   13    4    1    3    5    3    1       567  -12    4   10   -4  -14   14   -7    6   -4   -3   -5   -5   -7   15   -4   -9    3   -1
    1   13    5    1    1    4    1    1       754   13    4    3   15  -14    5   16   12    8  -10   -8    0    6   12   -5   -1   -8  -11
    1   13    6    1    3    2    3    1       693  -11    1   10   -4  -14   15  -14    0    7   -1   -4   -8   -7   11   -2   -6    1    0
    1   13    7    1    2    4    2    1       459   -5  -13    8   -8   11    8   -9   -2   -3    8    7   -1    7   15  -16    2   13    3
    1   13    8    1    1    1    1    1       619   15    3    6   19  -16    4   14    8   15   -9   -6   -1    7    9   -1   -8   -1  -18
    1   13    9    1    2    1    2    1      1059   -7  -11    7   -9   10    8   -8   -3   -7   10    4   -1    5   16  -15    5    4    4
    1   13   10    1    1    5    1    1       667   10    1    4   16  -13    4   14   10   12   -9   -7   -1    3   11   -4   -5  -10   -8
    1   13   11    1    2    5    2    1       577   -6  -10    4   -7    9    7   -2    4   -4   14    5   -2    4   14  -14    5    7    5
    1   13   12    1    3    4    3    1       556  -10    4    6   -6   -2   17  -17   -3    0    8   -5   -5   -6   14   -4  -10    1    1
    1   13   13    1    2    3    2    1       743  -15  -11    2  -14   14   12   -9   -1    1   13    5    1    6   16  -17    5    3    3
    1   13   14    1    1    3    1    1       683   13    2    5   16  -17    5   14   11   13  -11   -6    2    4   12   -4   -5  -11   -8
    1   13   15    1    3    1    3    1       865   -9    1    9   -2   -7    7  -14   -1    0   -3   -4   -8   -5   14   -6  -12    5    0
    1   14    1    1    2    4    2    1       704   -5  -13    8   -8   11    8   -9   -2   -3    8    7   -1    7   15  -16    2   13    3
    1   14    2    1    2    2    2    1      1445    1   -2   11  -12   10    8  -11    3   -4    7    4    0    6   13  -12    7    7    5
    1   14    3    1    3    3    3    1       605  -12    2    9   -3  -13   15  -16   -1    0   -2   -3   -5   -8   11   -3   -9    2    0
    1   14    4    1    1    2    1    1      1045   16    6    0   19  -14    4   13    9   13  -11   -1   -8    5    9   -1   -5   -9   -7
    1   14    5    1    3    2    3    1       669  -11    1   10   -4  -14   15  -14    0    7   -1   -4   -8   -7   11   -2   -6    1    0
    1   14    6    1    1    5    1    1       852   10    1    4   16  -13    4   14   10   12   -9   -7   -1    3   11   -4   -5  -10   -8
    1   14    7    1    2    1    2    1       643   -7  -11    7   -9   10    8   -8   -3   -7   10    4   -1    5   16  -15    5    4    4
    1   14    8    1    1    3    1    1      1435   13    2    5   16  -17    5   14   11   13  -11   -6    2    4   12   -4   -5  -11   -8
    1   14    9    1    3    4    3    1       579  -10    4    6   -6   -2   17  -17   -3    0    8   -5   -5   -6   14   -4  -10    1    1
    1   14   10    1    1    4    1    1      1310   13    4    3   15  -14    5   16   12    8  -10   -8    0    6   12   -5   -1   -8  -11
    1   14   11    1    2    5    2    1       619   -6  -10    4   -7    9    7   -2    4   -4   14    5   -2    4   14  -14    5    7    5
    1   14   12    1    2    3    2    1      2228  -15  -11    2  -14   14   12   -9   -1    1   13    5    1    6   16  -17    5    3    3
    1   14   13    1    3    5    3    1       778  -12    4   10   -4  -14   14   -7    6   -4   -3   -5   -5   -7   15   -4   -9    3   -1
    1   14   14    1    1    1    1    1       718   15    3    6   19  -16    4   14    8   15   -9   -6   -1    7    9   -1   -8   -1  -18
    1   14   15    1    3    1    3    1       850   -9    1    9   -2   -7    7  -14   -1    0   -3   -4   -8   -5   14   -6  -12    5    0
    1   15    1    1    2    2    2    1       450    1   -2   11  -12   10    8  -11    3   -4    7    4    0    6   13  -12    7    7    5
    1   15    2    1    1    1    1    1       705   15    3    6   19  -16    4   14    8   15   -9   -6   -1    7    9   -1   -8   -1  -18
    1   15    3    1    3    4    3    1       678  -10    4    6   -6   -2   17  -17   -3    0    8   -5   -5   -6   14   -4  -10    1    1
    1   15    4    1    2    3    2    1       973  -15  -11    2  -14   14   12   -9   -1    1   13    5    1    6   16  -17    5    3    3
    1   15    5    1    1    5    1    1       488   10    1    4   16  -13    4   14   10   12   -9   -7   -1    3   11   -4   -5  -10   -8
    1   15    6    1    2    1    2    1       581   -7  -11    7   -9   10    8   -8   -3   -7   10    4   -1    5   16  -15    5    4    4
    1   15    7    1    3    1    3    1       527   -9    1    9   -2   -7    7  -14   -1    0   -3   -4   -8   -5   14   -6  -12    5    0
    1   15    8    1    3    2    3    1       860  -11    1   10   -4  -14   15  -14    0    7   -1   -4   -8   -7   11   -2   -6    1    0
    1   15    9    1    2    4    2    1       529   -5  -13    8   -8   11    8   -9   -2   -3    8    7   -1    7   15  -16    2   13    3
    1   15   10    1    3    3    3    1       806  -12    2    9   -3  -13   15  -16   -1    0   -2   -3   -5   -8   11   -3   -9    2    0
    1   15   11    1    1    2    2    0      2248   16    6    0   19  -14    4   13    9   13  -11   -1   -8    5    9   -1   -5   -9   -7
    1   15   12    1    3    5    3    1       607  -12    4   10   -4  -14   14   -7    6   -4   -3   -5   -5   -7   15   -4   -9    3   -1
    1   15   13    1    1    4    1    1       728   13    4    3   15  -14    5   16   12    8  -10   -8    0    6   12   -5   -1   -8  -11
    1   15   14    1    2    5    2    1      1353   -6  -10    4   -7    9    7   -2    4   -4   14    5   -2    4   14  -14    5    7    5
    1   15   15    1    1    3    1    1       664   13    2    5   16  -17    5   14   11   13  -11   -6    2    4   12   -4   -5  -11   -8
    2    1    1    1    3    1    1    1       964   -9    1    9   -2   -7    7  -14   -1    0   -3   -4   -8   -5   14   -6  -12    5    0
    2    1    2    1    1    3    1    1      1327   13    2    5   16  -17    5   14   11   13  -11   -6    2    4   12   -4   -5  -11   -8
    2    1    3    4    2    4    2    1       811   -7   -9    6   -8   11    9   -2    1  -13    6    0   -6    8   13  -11    8    0    0
    2    1    4    4    2    1    2    1      1309   -6  -10    6  -10    9    8   -3   -7   -2    9    7   -3    7   23  -17    3    2    9
    2    1    5    4    1    5    1    0      1418   18   14    3   16  -15    6   13   12   19   -8    1    7    6   10   -3   -6  -11  -10
    2    1    6    1    3    5    1    1       770  -12    4   10   -4  -14   14   -7    6   -4   -3   -5   -5   -7   15   -4   -9    3   -1
    2    1    7    2    2    0    2    1      1077   -6  -11    6   -9    9    9   -7   -2   -3   10    5   -1    6   15  -15    4    5    4
    2    1    8    6    0    0    2    1       972   -4   -6   -7    9   -8   -7    0  -14   13  -10   16  -15   15   11   -6   11   11  -11
    2    1    9    1    1    1    1    1       838   15    3    6   19  -16    4   14    8   15   -9   -6   -1    7    9   -1   -8   -1  -18
    2    1   10    6    0    0    2    1      1014   -2  -13   -5    9   -9   -6    0  -16   12   -6   13  -13   15   11   -6   13   10  -12
    2    1   11    6    0    0    2    1      2175   -1   15  -11  -13    0   -3    4    0   -8   10   12    4   -2    2    6  -20   12    8
    2    1   12    1    1    2    1    1       666   16    6    0   19  -14    4   13    9   13  -11   -1   -8    5    9   -1   -5   -9   -7
    2    1   13    4    2    3    1    0      2048   -6  -12    6   -8    8   10   -7   -3    2    0    4   -1    7   15  -14    4    5    3
    2    1   14    4    3    5    1    0      1231  -12    1    8   -6  -10    8  -16    0   -1   -3   -7   -4   -9   14    5   -7    5    2
    2    1   15    6    0    0    2    1       895  -11   16   -4    5  -12  -12    8   -5  -13   -8   -3  -12    7  -13   -9   -8   11   -9
    2    1   16    1    3    3    1    1      1021  -12    2    9   -3  -13   15  -16   -1    0   -2   -3   -5   -8   11   -3   -9    2    0
    2    1   17    4    2    5    2    1       869   -5  -11   -3    1   10    9   -8   -2   -8   13    3   -1    5   15  -22   -3    5    3
    2    1   18    2    3    0    1    0       693  -11    2    9   -4  -12   14  -15    0    0   -1   -5   -6   -7   13   -3   -8    3    0
    2    1   19    4    1    4    1    0       875   17    5    4   14  -17    4   16   10   23  -18   -7    2    5   12    4  -11   -9  -10
    2    1   20    4    3    1    1    0       729  -10    3   10   -4  -15   16  -16    0   -1   -1   -4   -6  -11   19   -2   -8    7    0
    2    1   21    2    1    0    1    0       690   14    4    4   15  -15    5   15   11   13   -9   -8    1    6   11   -2   -6   -9   -9
    2    1   22    1    2    3    1    1      1203  -15  -11    2  -14   14   12   -9   -1    1   13    5    1    6   16  -17    5    3    3
    2    1   23    1    3    2    1    1       613  -11    1   10   -4  -14   15  -14    0    7   -1   -4   -8   -7   11   -2   -6    1    0
    2    1   24    4    3    2    2    1      1017  -10   11    9   -3  -14   15  -15   -1   -1   -1   -4  -10   -8   14   -4   -6    5    2
    2    1   25    1    3    4    1    1       758  -10    4    6   -6   -2   17  -17   -3    0    8   -5   -5   -6   14   -4  -10    1    1
    2    1   26    1    1    5    1    1       810   10    1    4   16  -13    4   14   10   12   -9   -7   -1    3   11   -4   -5  -10   -8
    2    1   27    4    1    1    1    0      1291   13    3    5   14  -14    5   20    8   14   -9  -11    1    5   11   -1   -7  -11   -9
    2    1   28    1    2    1    1    1      1337   -7  -11    7   -9   10    8   -8   -3   -7   10    4   -1    5   16  -15    5    4    4
    2    1   29    4    1    2    2    1      1237   19    4    3   14  -14    5   16   11   11   -7   -6    3    6    9   -2   -4   -4   -7
    2    1   30    1    2    2    1    1      1093    1   -2   11  -12   10    8  -11    3   -4    7    4    0    6   13  -12    7    7    5
    2    1   31    4    2    2    2    1      1179   -3  -11    5  -11    9   10  -12    6   -1   10   -2    4   15    7  -17    6    3   -3
    2    1   32    1    2    4    1    1      1197   -5  -13    8   -8   11    8   -9   -2   -3    8    7   -1    7   15  -16    2   13    3
    2    1   33    4    1    3    1    0      2127   13    4    5   14  -14    4   16   12   11  -10   -7    0    6   10   -1   -8  -10  -11
    2    1   34    1    2    5    1    1       907   -6  -10    4   -7    9    7   -2    4   -4   14    5   -2    4   14  -14    5    7    5
    2    1   35    1    1    4    1    1       937   13    4    3   15  -14    5   16   12    8  -10   -8    0    6   12   -5   -1   -8  -11
    2    1   36    6    0    0    2    1       964    0    7   -8  -16   -1   -5    1  -13    0   16   15    2    4   -1    5  -17   12    7
    2    1   37    6    0    0    2    1      1183   -8   14   -3    0  -11  -12   11   -4  -12    0   -8  -11   11  -10   -1   -8   23  -19
    2    1   38    4    3    3    1    0       737  -12    4    8   -4  -13   14  -17    2    1   -1   -5   -7   -7   11   -4   -9    5    3
    2    1   39    4    3    4    1    0       501   -9    0    8   -4  -11   13  -12    1   -1    0   -3   -5   -8   14   -3  -10    2    2
