    1    1    1    1    3    2    1    0     26111   -9    5    9    6   14    1    1  -12  -12   12    6    3    2    9   -8  -11    0   14
    1    1    2    1    2    2    2    1      4481   17    5    1    4  -12  -12    9   17  -12   11    1    9    7  -11   11  -10  -10   -5
    1    1    3    1    2    3    1    0      1119   13    9   -3   -1  -14  -11   11   15  -14    8    2    7    8  -10   11  -10  -13   -1
    1    1    4    1    2    4    1    0       884   17   13   -3    0   -4  -13   11   16   -9    7    2   10   11   -9   14  -10  -13   -3
    1    1    5    1    1    5    2    0      1170   17    8    2   12   14   10   -6   -9   12  -12    7   12   -7    0   -4    1    0    8
    1    1    6    1    3    1    3    1      2788   -8   10   10    4   16   -1    7  -16  -12   13    1    6    3    8   -6  -11    3   12
    1    1    7    1    2    1    1    0      1702   10   13    1   -5  -13  -14    0   23  -12    7    2    9    9  -12   13  -13  -13   -2
    1    1    8    1    3    3    1    0       771  -10    8    8    6   16   -1    5  -15  -12   12    3    5    5    6   -8  -10   -8    6
    1    1    9    1    1    2    2    0       822   17    8    5   12    6    9   -6  -10    9   -9    8   11   -7    4   -2    0   -2    8
    1    1   10    1    3    5    2    0       887  -11    0    6    8   13    1    6  -19   -9   12    1    6    4    6   -9  -17    2   15
    1    1   11    1    1    4    2    0      1077   18   11    6   14    6   21   -6  -12    5  -16    7   12   -9    5    7    4    0    8
    1    1   12    1    3    4    2    0      2139    1   13    6    6   13    3    4  -16  -10   11    1    5    3    8   -6  -13    3   18
    1    1   13    1    2    5    3    0      1559   14    9   -8    3  -13  -12    8   17  -10   10    3    8    8  -10   12  -12   -6   -5
    1    1   14    1    1    3    1    1       299   15    9    3   11   20   19   -7  -13   10  -10    5   13   -7    2    2    2    4    7
    1    1   15    1    1    1    1    1       800   16    8    5   11   16   12   -8   -8   10  -10    7   15  -11    1   -3    2    0    5
    1    2    1    1    2    1    2    1      1489   10   13    1   -5  -13  -14    0   23  -12    7    2    9    9  -12   13  -13  -13   -2
    1    2    2    1    2    3    3    0       951   13    9   -3   -1  -14  -11   11   15  -14    8    2    7    8  -10   11  -10  -13   -1
    1    2    3    1    1    1    2    0       771   16    8    5   11   16   12   -8   -8   10  -10    7   15  -11    1   -3    2    0    5
    1    2    4    1    1    5    1    1       933   17    8    2   12   14   10   -6   -9   12  -12    7   12   -7    0   -4    1    0    8
    1    2    5    1    3    5    3    1      1617  -11    0    6    8   13    1    6  -19   -9   12    1    6    4    6   -9  -17    2   15
    1    2    6    1    3    4    2    0      1681    1   13    6    6   13    3    4  -16  -10   11    1    5    3    8   -6  -13    3   18
    1    2    7    1    3    1    1    0       591   -8   10   10    4   16   -1    7  -16  -12   13    1    6    3    8   -6  -11    3   12
    1    2    8    1    1    2    2    0       602   17    8    5   12    6    9   -6  -10    9   -9    8   11   -7    4   -2    0   -2    8
    1    2    9    1    2    4    1    0       419   17   13   -3    0   -4  -13   11   16   -9    7    2   10   11   -9   14  -10  -13   -3
    1    2   10    1    1    3    3    0       323   15    9    3   11   20   19   -7  -13   10  -10    5   13   -7    2    2    2    4    7
    1    2   11    1    1    4    3    0       536   18   11    6   14    6   21   -6  -12    5  -16    7   12   -9    5    7    4    0    8
    1    2   12    1    3    2    2    0       564   -9    5    9    6   14    1    1  -12  -12   12    6    3    2    9   -8  -11    0   14
    1    2   13    1    2    2    1    0       383   17    5    1    4  -12  -12    9   17  -12   11    1    9    7  -11   11  -10  -10   -5
    1    2   14    1    3    3    2    0       225  -10    8    8    6   16   -1    5  -15  -12   12    3    5    5    6   -8  -10   -8    6
    1    2   15    1    2    5    3    0      1193   14    9   -8    3  -13  -12    8   17  -10   10    3    8    8  -10   12  -12   -6   -5
    1    3    1    1    1    3    2    0       523   15    9    3   11   20   19   -7  -13   10  -10    5   13   -7    2    2    2    4    7
    1    3    2    1    3    1    1    0      1128   -8   10   10    4   16   -1    7  -16  -12   13    1    6    3    8   -6  -11    3   12
    1    3    3    1    2    1    2    1       493   10   13    1   -5  -13  -14    0   23  -12    7    2    9    9  -12   13  -13  -13   -2
    1    3    4    1    2    4    1    0       794   17   13   -3    0   -4  -13   11   16   -9    7    2   10   11   -9   14  -10  -13   -3
    1    3    5    1    1    2    3    0       604   17    8    5   12    6    9   -6  -10    9   -9    8   11   -7    4   -2    0   -2    8
    1    3    6    1    3    4    1    0       326    1   13    6    6   13    3    4  -16  -10   11    1    5    3    8   -6  -13    3   18
    1    3    7    1    3    2    2    0       266   -9    5    9    6   14    1    1  -12  -12   12    6    3    2    9   -8  -11    0   14
    1    3    8    1    2    3    3    0       385   13    9   -3   -1  -14  -11   11   15  -14    8    2    7    8  -10   11  -10  -13   -1
    1    3    9    1    1    1    1    1       211   16    8    5   11   16   12   -8   -8   10  -10    7   15  -11    1   -3    2    0    5
    1    3   10    1    3    3    1    0      1100  -10    8    8    6   16   -1    5  -15  -12   12    3    5    5    6   -8  -10   -8    6
    1    3   11    1    1    4    2    0       641   18   11    6   14    6   21   -6  -12    5  -16    7   12   -9    5    7    4    0    8
    1    3   12    1    1    5    1    1       858   17    8    2   12   14   10   -6   -9   12  -12    7   12   -7    0   -4    1    0    8
    1    3   13    1    2    2    3    0      2265   17    5    1    4  -12  -12    9   17  -12   11    1    9    7  -11   11  -10  -10   -5
    1    3   14    1    2    5    2    1       815   14    9   -8    3  -13  -12    8   17  -10   10    3    8    8  -10   12  -12   -6   -5
    1    3   15    1    3    5    3    1       960  -11    0    6    8   13    1    6  -19   -9   12    1    6    4    6   -9  -17    2   15
    1    4    1    1    2    5    2    1      4555   14    9   -8    3  -13  -12    8   17  -10   10    3    8    8  -10   12  -12   -6   -5
    1    4    2    1    2    1    2    1      2710   10   13    1   -5  -13  -14    0   23  -12    7    2    9    9  -12   13  -13  -13   -2
    1    4    3    1    1    4    1    1       940   18   11    6   14    6   21   -6  -12    5  -16    7   12   -9    5    7    4    0    8
    1    4    4    1    1    2    1    1       936   17    8    5   12    6    9   -6  -10    9   -9    8   11   -7    4   -2    0   -2    8
    1    4    5    1    2    3    1    0      2180   13    9   -3   -1  -14  -11   11   15  -14    8    2    7    8  -10   11  -10  -13   -1
    1    4    6    1    1    3    2    0      2461   15    9    3   11   20   19   -7  -13   10  -10    5   13   -7    2    2    2    4    7
    1    4    7    1    2    2    3    0      1437   17    5    1    4  -12  -12    9   17  -12   11    1    9    7  -11   11  -10  -10   -5
    1    4    8    1    2    4    2    1      1653   17   13   -3    0   -4  -13   11   16   -9    7    2   10   11   -9   14  -10  -13   -3
    1    4    9    1    1    1    1    1       948   16    8    5   11   16   12   -8   -8   10  -10    7   15  -11    1   -3    2    0    5
    1    4   10    1    3    5    3    1       863  -11    0    6    8   13    1    6  -19   -9   12    1    6    4    6   -9  -17    2   15
    1    4   11    1    3    2    3    1      1118   -9    5    9    6   14    1    1  -12  -12   12    6    3    2    9   -8  -11    0   14
    1    4   12    1    3    3    2    0      2194  -10    8    8    6   16   -1    5  -15  -12   12    3    5    5    6   -8  -10   -8    6
    1    4   13    1    3    1    3    1      1788   -8   10   10    4   16   -1    7  -16  -12   13    1    6    3    8   -6  -11    3   12
    1    4   14    1    1    5    2    0      1255   17    8    2   12   14   10   -6   -9   12  -12    7   12   -7    0   -4    1    0    8
    1    4   15    1    3    4    1    0      1254    1   13    6    6   13    3    4  -16  -10   11    1    5    3    8   -6  -13    3   18
    1    5    1    1    3    2    3    1       997   -9    5    9    6   14    1    1  -12  -12   12    6    3    2    9   -8  -11    0   14
    1    5    2    1    3    4    2    0      1310    1   13    6    6   13    3    4  -16  -10   11    1    5    3    8   -6  -13    3   18
    1    5    3    1    3    3    1    0      1164  -10    8    8    6   16   -1    5  -15  -12   12    3    5    5    6   -8  -10   -8    6
    1    5    4    1    1    3    2    0       830   15    9    3   11   20   19   -7  -13   10  -10    5   13   -7    2    2    2    4    7
    1    5    5    1    2    4    1    0       814   17   13   -3    0   -4  -13   11   16   -9    7    2   10   11   -9   14  -10  -13   -3
    1    5    6    1    1    4    2    0       303   18   11    6   14    6   21   -6  -12    5  -16    7   12   -9    5    7    4    0    8
    1    5    7    1    1    5    2    0      1140   17    8    2   12   14   10   -6   -9   12  -12    7   12   -7    0   -4    1    0    8
    1    5    8    1    3    5    3    1       776  -11    0    6    8   13    1    6  -19   -9   12    1    6    4    6   -9  -17    2   15
    1    5    9    1    2    1    2    1      2235   10   13    1   -5  -13  -14    0   23  -12    7    2    9    9  -12   13  -13  -13   -2
    1    5   10    1    2    5    2    1       659   14    9   -8    3  -13  -12    8   17  -10   10    3    8    8  -10   12  -12   -6   -5
    1    5   11    1    1    2    1    1      1002   17    8    5   12    6    9   -6  -10    9   -9    8   11   -7    4   -2    0   -2    8
    1    5   12    1    1    1    1    1       499   16    8    5   11   16   12   -8   -8   10  -10    7   15  -11    1   -3    2    0    5
    1    5   13    1    2    2    3    0       912   17    5    1    4  -12  -12    9   17  -12   11    1    9    7  -11   11  -10  -10   -5
    1    5   14    1    2    3    2    1       494   13    9   -3   -1  -14  -11   11   15  -14    8    2    7    8  -10   11  -10  -13   -1
    1    5   15    1    3    1    2    0      1900   -8   10   10    4   16   -1    7  -16  -12   13    1    6    3    8   -6  -11    3   12
    1    6    1    1    1    4    3    0       465   18   11    6   14    6   21   -6  -12    5  -16    7   12   -9    5    7    4    0    8
    1    6    2    1    3    2    3    1       944   -9    5    9    6   14    1    1  -12  -12   12    6    3    2    9   -8  -11    0   14
    1    6    3    1    2    4    3    0      1068   17   13   -3    0   -4  -13   11   16   -9    7    2   10   11   -9   14  -10  -13   -3
    1    6    4    1    2    3    2    1      1586   13    9   -3   -1  -14  -11   11   15  -14    8    2    7    8  -10   11  -10  -13   -1
    1    6    5    1    2    2    2    1      1428   17    5    1    4  -12  -12    9   17  -12   11    1    9    7  -11   11  -10  -10   -5
    1    6    6    1    3    5    3    1       685  -11    0    6    8   13    1    6  -19   -9   12    1    6    4    6   -9  -17    2   15
    1    6    7    1    2    5    2    1      3139   14    9   -8    3  -13  -12    8   17  -10   10    3    8    8  -10   12  -12   -6   -5
    1    6    8    1    1    1    1    1      1863   16    8    5   11   16   12   -8   -8   10  -10    7   15  -11    1   -3    2    0    5
    1    6    9    1    1    5    1    1       733   17    8    2   12   14   10   -6   -9   12  -12    7   12   -7    0   -4    1    0    8
    1    6   10    1    3    1    1    0      1201   -8   10   10    4   16   -1    7  -16  -12   13    1    6    3    8   -6  -11    3   12
    1    6   11    1    1    3    2    0      1842   15    9    3   11   20   19   -7  -13   10  -10    5   13   -7    2    2    2    4    7
    1    6   12    1    3    3    1    0       859  -10    8    8    6   16   -1    5  -15  -12   12    3    5    5    6   -8  -10   -8    6
    1    6   13    1    3    4    2    0      1482    1   13    6    6   13    3    4  -16  -10   11    1    5    3    8   -6  -13    3   18
    1    6   14    1    1    2    2    0      1056   17    8    5   12    6    9   -6  -10    9   -9    8   11   -7    4   -2    0   -2    8
    1    6   15    1    2    1    2    1      1079   10   13    1   -5  -13  -14    0   23  -12    7    2    9    9  -12   13  -13  -13   -2
    1    7    1    1    2    1    2    1      1038   10   13    1   -5  -13  -14    0   23  -12    7    2    9    9  -12   13  -13  -13   -2
    1    7    2    1    3    5    3    1       693  -11    0    6    8   13    1    6  -19   -9   12    1    6    4    6   -9  -17    2   15
    1    7    3    1    2    4    3    0      5275   17   13   -3    0   -4  -13   11   16   -9    7    2   10   11   -9   14  -10  -13   -3
    1    7    4    1    1    5    2    0      1034   17    8    2   12   14   10   -6   -9   12  -12    7   12   -7    0   -4    1    0    8
    1    7    5    1    2    2    2    1      1298   17    5    1    4  -12  -12    9   17  -12   11    1    9    7  -11   11  -10  -10   -5
    1    7    6    1    1    4    2    0       671   18   11    6   14    6   21   -6  -12    5  -16    7   12   -9    5    7    4    0    8
    1    7    7    1    1    3    1    1      1158   15    9    3   11   20   19   -7  -13   10  -10    5   13   -7    2    2    2    4    7
    1    7    8    1    3    2    3    1       809   -9    5    9    6   14    1    1  -12  -12   12    6    3    2    9   -8  -11    0   14
    1    7    9    1    2    5    2    1      1226   14    9   -8    3  -13  -12    8   17  -10   10    3    8    8  -10   12  -12   -6   -5
    1    7   10    1    1    2    2    0       987   17    8    5   12    6    9   -6  -10    9   -9    8   11   -7    4   -2    0   -2    8
    1    7   11    1    1    1    1    1       581   16    8    5   11   16   12   -8   -8   10  -10    7   15  -11    1   -3    2    0    5
    1    7   12    1    3    4    2    0      1247    1   13    6    6   13    3    4  -16  -10   11    1    5    3    8   -6  -13    3   18
    1    7   13    1    3    3    2    0      1470  -10    8    8    6   16   -1    5  -15  -12   12    3    5    5    6   -8  -10   -8    6
    1    7   14    1    2    3    2    1       949   13    9   -3   -1  -14  -11   11   15  -14    8    2    7    8  -10   11  -10  -13   -1
    1    7   15    1    3    1    1    0       768   -8   10   10    4   16   -1    7  -16  -12   13    1    6    3    8   -6  -11    3   12
    1    8    1    1    3    2    3    1       899   -9    5    9    6   14    1    1  -12  -12   12    6    3    2    9   -8  -11    0   14
    1    8    2    1    3    1    2    0      2848   -8   10   10    4   16   -1    7  -16  -12   13    1    6    3    8   -6  -11    3   12
    1    8    3    1    3    3    3    1      1215  -10    8    8    6   16   -1    5  -15  -12   12    3    5    5    6   -8  -10   -8    6
    1    8    4    1    1    4    2    0       864   18   11    6   14    6   21   -6  -12    5  -16    7   12   -9    5    7    4    0    8
    1    8    5    1    1    5    2    0       943   17    8    2   12   14   10   -6   -9   12  -12    7   12   -7    0   -4    1    0    8
    1    8    6    1    2    5    2    1       986   14    9   -8    3  -13  -12    8   17  -10   10    3    8    8  -10   12  -12   -6   -5
    1    8    7    1    3    4    3    1      1204    1   13    6    6   13    3    4  -16  -10   11    1    5    3    8   -6  -13    3   18
    1    8    8    1    1    2    3    0      1014   17    8    5   12    6    9   -6  -10    9   -9    8   11   -7    4   -2    0   -2    8
    1    8    9    1    3    5    3    1       734  -11    0    6    8   13    1    6  -19   -9   12    1    6    4    6   -9  -17    2   15
    1    8   10    1    2    2    2    1       738   17    5    1    4  -12  -12    9   17  -12   11    1    9    7  -11   11  -10  -10   -5
    1    8   11    1    2    3    2    1       758   13    9   -3   -1  -14  -11   11   15  -14    8    2    7    8  -10   11  -10  -13   -1
    1    8   12    1    1    1    1    1       714   16    8    5   11   16   12   -8   -8   10  -10    7   15  -11    1   -3    2    0    5
    1    8   13    1    2    1    1    0      1342   10   13    1   -5  -13  -14    0   23  -12    7    2    9    9  -12   13  -13  -13   -2
    1    8   14    1    1    3    3    0      1338   15    9    3   11   20   19   -7  -13   10  -10    5   13   -7    2    2    2    4    7
    1    8   15    1    2    4    1    0       662   17   13   -3    0   -4  -13   11   16   -9    7    2   10   11   -9   14  -10  -13   -3
    1    9    1    1    2    1    2    1      1261   10   13    1   -5  -13  -14    0   23  -12    7    2    9    9  -12   13  -13  -13   -2
    1    9    2    1    2    5    1    0      1037   14    9   -8    3  -13  -12    8   17  -10   10    3    8    8  -10   12  -12   -6   -5
    1    9    3    1    2    2    2    1       837   17    5    1    4  -12  -12    9   17  -12   11    1    9    7  -11   11  -10  -10   -5
    1    9    4    1    3    3    2    0      2020  -10    8    8    6   16   -1    5  -15  -12   12    3    5    5    6   -8  -10   -8    6
    1    9    5    1    1    5    3    0      1125   17    8    2   12   14   10   -6   -9   12  -12    7   12   -7    0   -4    1    0    8
    1    9    6    1    3    5    3    1       762  -11    0    6    8   13    1    6  -19   -9   12    1    6    4    6   -9  -17    2   15
    1    9    7    1    1    3    3    0      1085   15    9    3   11   20   19   -7  -13   10  -10    5   13   -7    2    2    2    4    7
    1    9    8    1    3    4    1    0       787    1   13    6    6   13    3    4  -16  -10   11    1    5    3    8   -6  -13    3   18
    1    9    9    1    3    1    2    0      1413   -8   10   10    4   16   -1    7  -16  -12   13    1    6    3    8   -6  -11    3   12
    1    9   10    1    1    4    2    0       590   18   11    6   14    6   21   -6  -12    5  -16    7   12   -9    5    7    4    0    8
    1    9   11    1    2    3    2    1       584   13    9   -3   -1  -14  -11   11   15  -14    8    2    7    8  -10   11  -10  -13   -1
    1    9   12    1    1    2    2    0       482   17    8    5   12    6    9   -6  -10    9   -9    8   11   -7    4   -2    0   -2    8
    1    9   13    1    1    1    1    1       816   16    8    5   11   16   12   -8   -8   10  -10    7   15  -11    1   -3    2    0    5
    1    9   14    1    2    4    2    1      1264   17   13   -3    0   -4  -13   11   16   -9    7    2   10   11   -9   14  -10  -13   -3
    1    9   15    1    3    2    3    1       783   -9    5    9    6   14    1    1  -12  -12   12    6    3    2    9   -8  -11    0   14
    1   10    1    1    3    2    3    1       769   -9    5    9    6   14    1    1  -12  -12   12    6    3    2    9   -8  -11    0   14
    1   10    2    1    2    2    2    1      1459   17    5    1    4  -12  -12    9   17  -12   11    1    9    7  -11   11  -10  -10   -5
    1   10    3    1    2    5    2    1       523   14    9   -8    3  -13  -12    8   17  -10   10    3    8    8  -10   12  -12   -6   -5
    1   10    4    1    1    1    1    1       951   16    8    5   11   16   12   -8   -8   10  -10    7   15  -11    1   -3    2    0    5
    1   10    5    1    2    1    1    0      1106   10   13    1   -5  -13  -14    0   23  -12    7    2    9    9  -12   13  -13  -13   -2
    1   10    6    1    1    3    1    1      1192   15    9    3   11   20   19   -7  -13   10  -10    5   13   -7    2    2    2    4    7
    1   10    7    1    2    4    1    0       762   17   13   -3    0   -4  -13   11   16   -9    7    2   10   11   -9   14  -10  -13   -3
    1   10    8    1    3    4    3    1      1485    1   13    6    6   13    3    4  -16  -10   11    1    5    3    8   -6  -13    3   18
    1   10    9    1    3    1    3    1       979   -8   10   10    4   16   -1    7  -16  -12   13    1    6    3    8   -6  -11    3   12
    1   10   10    1    1    5    1    1      2030   17    8    2   12   14   10   -6   -9   12  -12    7   12   -7    0   -4    1    0    8
    1   10   11    1    3    5    3    1       797  -11    0    6    8   13    1    6  -19   -9   12    1    6    4    6   -9  -17    2   15
    1   10   12    1    1    4    2    0       623   18   11    6   14    6   21   -6  -12    5  -16    7   12   -9    5    7    4    0    8
    1   10   13    1    3    3    2    0      1912  -10    8    8    6   16   -1    5  -15  -12   12    3    5    5    6   -8  -10   -8    6
    1   10   14    1    2    3    2    1       893   13    9   -3   -1  -14  -11   11   15  -14    8    2    7    8  -10   11  -10  -13   -1
    1   10   15    1    1    2    1    1       795   17    8    5   12    6    9   -6  -10    9   -9    8   11   -7    4   -2    0   -2    8
    1   11    1    1    3    4    2    0      1197    1   13    6    6   13    3    4  -16  -10   11    1    5    3    8   -6  -13    3   18
    1   11    2    1    2    2    3    0      1406   17    5    1    4  -12  -12    9   17  -12   11    1    9    7  -11   11  -10  -10   -5
    1   11    3    1    1    3    3    0       759   15    9    3   11   20   19   -7  -13   10  -10    5   13   -7    2    2    2    4    7
    1   11    4    1    1    4    2    0       843   18   11    6   14    6   21   -6  -12    5  -16    7   12   -9    5    7    4    0    8
    1   11    5    1    2    1    1    0      1259   10   13    1   -5  -13  -14    0   23  -12    7    2    9    9  -12   13  -13  -13   -2
    1   11    6    1    3    1    1    0      1098   -8   10   10    4   16   -1    7  -16  -12   13    1    6    3    8   -6  -11    3   12
    1   11    7    1    2    3    3    0       799   13    9   -3   -1  -14  -11   11   15  -14    8    2    7    8  -10   11  -10  -13   -1
    1   11    8    1    1    1    2    0       656   16    8    5   11   16   12   -8   -8   10  -10    7   15  -11    1   -3    2    0    5
    1   11    9    1    1    2    2    0       712   17    8    5   12    6    9   -6  -10    9   -9    8   11   -7    4   -2    0   -2    8
    1   11   10    1    3    5    3    1       813  -11    0    6    8   13    1    6  -19   -9   12    1    6    4    6   -9  -17    2   15
    1   11   11    1    2    5    3    0      1118   14    9   -8    3  -13  -12    8   17  -10   10    3    8    8  -10   12  -12   -6   -5
    1   11   12    1    1    5    1    1       770   17    8    2   12   14   10   -6   -9   12  -12    7   12   -7    0   -4    1    0    8
    1   11   13    1    3    2    3    1       949   -9    5    9    6   14    1    1  -12  -12   12    6    3    2    9   -8  -11    0   14
    1   11   14    1    2    4    2    1      1616   17   13   -3    0   -4  -13   11   16   -9    7    2   10   11   -9   14  -10  -13   -3
    1   11   15    1    3    3    2    0       993  -10    8    8    6   16   -1    5  -15  -12   12    3    5    5    6   -8  -10   -8    6
    1   12    1    1    1    2    1    1      1003   17    8    5   12    6    9   -6  -10    9   -9    8   11   -7    4   -2    0   -2    8
    1   12    2    1    3    3    2    0       676  -10    8    8    6   16   -1    5  -15  -12   12    3    5    5    6   -8  -10   -8    6
    1   12    3    1    2    1    2    1      2026   10   13    1   -5  -13  -14    0   23  -12    7    2    9    9  -12   13  -13  -13   -2
    1   12    4    1    1    5    1    1       779   17    8    2   12   14   10   -6   -9   12  -12    7   12   -7    0   -4    1    0    8
    1   12    5    1    3    4    2    0      2541    1   13    6    6   13    3    4  -16  -10   11    1    5    3    8   -6  -13    3   18
    1   12    6    1    2    5    3    0      2073   14    9   -8    3  -13  -12    8   17  -10   10    3    8    8  -10   12  -12   -6   -5
    1   12    7    1    1    1    1    1       904   16    8    5   11   16   12   -8   -8   10  -10    7   15  -11    1   -3    2    0    5
    1   12    8    1    1    4    1    1       821   18   11    6   14    6   21   -6  -12    5  -16    7   12   -9    5    7    4    0    8
    1   12    9    1    1    3    2    0       678   15    9    3   11   20   19   -7  -13   10  -10    5   13   -7    2    2    2    4    7
    1   12   10    1    2    2    2    1       636   17    5    1    4  -12  -12    9   17  -12   11    1    9    7  -11   11  -10  -10   -5
    1   12   11    1    3    5    3    1       724  -11    0    6    8   13    1    6  -19   -9   12    1    6    4    6   -9  -17    2   15
    1   12   12    1    3    1    2    0      1017   -8   10   10    4   16   -1    7  -16  -12   13    1    6    3    8   -6  -11    3   12
    1   12   13    1    2    3    3    0       593   13    9   -3   -1  -14  -11   11   15  -14    8    2    7    8  -10   11  -10  -13   -1
    1   12   14    1    3    2    2    0       491   -9    5    9    6   14    1    1  -12  -12   12    6    3    2    9   -8  -11    0   14
    1   12   15    1    2    4    3    0      1065   17   13   -3    0   -4  -13   11   16   -9    7    2   10   11   -9   14  -10  -13   -3
    1   13    1    1    3    4    1    0      1200    1   13    6    6   13    3    4  -16  -10   11    1    5    3    8   -6  -13    3   18
    1   13    2    1    1    5    1    1       785   17    8    2   12   14   10   -6   -9   12  -12    7   12   -7    0   -4    1    0    8
    1   13    3    1    3    2    3    1       979   -9    5    9    6   14    1    1  -12  -12   12    6    3    2    9   -8  -11    0   14
    1   13    4    1    3    5    3    1       605  -11    0    6    8   13    1    6  -19   -9   12    1    6    4    6   -9  -17    2   15
    1   13    5    1    1    1    2    0      1175   16    8    5   11   16   12   -8   -8   10  -10    7   15  -11    1   -3    2    0    5
    1   13    6    1    2    2    1    0       953   17    5    1    4  -12  -12    9   17  -12   11    1    9    7  -11   11  -10  -10   -5
    1   13    7    1    2    4    3    0      1396   17   13   -3    0   -4  -13   11   16   -9    7    2   10   11   -9   14  -10  -13   -3
    1   13    8    1    2    1    2    1      1182   10   13    1   -5  -13  -14    0   23  -12    7    2    9    9  -12   13  -13  -13   -2
    1   13    9    1    3    1    1    0      1343   -8   10   10    4   16   -1    7  -16  -12   13    1    6    3    8   -6  -11    3   12
    1   13   10    1    2    3    1    0       747   13    9   -3   -1  -14  -11   11   15  -14    8    2    7    8  -10   11  -10  -13   -1
    1   13   11    1    1    4    2    0       479   18   11    6   14    6   21   -6  -12    5  -16    7   12   -9    5    7    4    0    8
    1   13   12    1    1    3    1    1       734   15    9    3   11   20   19   -7  -13   10  -10    5   13   -7    2    2    2    4    7
    1   13   13    1    3    3    3    1       881  -10    8    8    6   16   -1    5  -15  -12   12    3    5    5    6   -8  -10   -8    6
    1   13   14    1    1    2    1    1       943   17    8    5   12    6    9   -6  -10    9   -9    8   11   -7    4   -2    0   -2    8
    1   13   15    1    2    5    2    1      2379   14    9   -8    3  -13  -12    8   17  -10   10    3    8    8  -10   12  -12   -6   -5
    1   14    1    1    3    5    3    1       685  -11    0    6    8   13    1    6  -19   -9   12    1    6    4    6   -9  -17    2   15
    1   14    2    1    2    3    2    1      2259   13    9   -3   -1  -14  -11   11   15  -14    8    2    7    8  -10   11  -10  -13   -1
    1   14    3    1    2    1    2    1       907   10   13    1   -5  -13  -14    0   23  -12    7    2    9    9  -12   13  -13  -13   -2
    1   14    4    1    1    3    3    0      2808   15    9    3   11   20   19   -7  -13   10  -10    5   13   -7    2    2    2    4    7
    1   14    5    1    2    4    3    0      2345   17   13   -3    0   -4  -13   11   16   -9    7    2   10   11   -9   14  -10  -13   -3
    1   14    6    1    3    1    1    0       717   -8   10   10    4   16   -1    7  -16  -12   13    1    6    3    8   -6  -11    3   12
    1   14    7    1    1    4    2    0       785   18   11    6   14    6   21   -6  -12    5  -16    7   12   -9    5    7    4    0    8
    1   14    8    1    3    2    3    1       788   -9    5    9    6   14    1    1  -12  -12   12    6    3    2    9   -8  -11    0   14
    1   14    9    1    1    1    2    0      1685   16    8    5   11   16   12   -8   -8   10  -10    7   15  -11    1   -3    2    0    5
    1   14   10    1    3    4    2    0       723    1   13    6    6   13    3    4  -16  -10   11    1    5    3    8   -6  -13    3   18
    1   14   11    1    2    2    2    1       920   17    5    1    4  -12  -12    9   17  -12   11    1    9    7  -11   11  -10  -10   -5
    1   14   12    1    3    3    3    1      1253  -10    8    8    6   16   -1    5  -15  -12   12    3    5    5    6   -8  -10   -8    6
    1   14   13    1    1    5    1    1      1812   17    8    2   12   14   10   -6   -9   12  -12    7   12   -7    0   -4    1    0    8
    1   14   14    1    2    5    1    0      1501   14    9   -8    3  -13  -12    8   17  -10   10    3    8    8  -10   12  -12   -6   -5
    1   14   15    1    1    2    1    1      1075   17    8    5   12    6    9   -6  -10    9   -9    8   11   -7    4   -2    0   -2    8
    1   15    1    1    3    5    3    1       697  -11    0    6    8   13    1    6  -19   -9   12    1    6    4    6   -9  -17    2   15
    1   15    2    1    1    4    2    0      1359   18   11    6   14    6   21   -6  -12    5  -16    7   12   -9    5    7    4    0    8
    1   15    3    1    2    3    1    0      1002   13    9   -3   -1  -14  -11   11   15  -14    8    2    7    8  -10   11  -10  -13   -1
    1   15    4    1    3    1    3    1      1187   -8   10   10    4   16   -1    7  -16  -12   13    1    6    3    8   -6  -11    3   12
    1   15    5    1    1    5    1    1       885   17    8    2   12   14   10   -6   -9   12  -12    7   12   -7    0   -4    1    0    8
    1   15    6    1    1    1    2    0      1011   16    8    5   11   16   12   -8   -8   10  -10    7   15  -11    1   -3    2    0    5
    1   15    7    1    2    4    2    1      1420   17   13   -3    0   -4  -13   11   16   -9    7    2   10   11   -9   14  -10  -13   -3
    1   15    8    1    1    2    1    1       805   17    8    5   12    6    9   -6  -10    9   -9    8   11   -7    4   -2    0   -2    8
    1   15    9    1    3    4    1    0      1574    1   13    6    6   13    3    4  -16  -10   11    1    5    3    8   -6  -13    3   18
    1   15   10    1    1    3    2    0       985   15    9    3   11   20   19   -7  -13   10  -10    5   13   -7    2    2    2    4    7
    1   15   11    1    3    3    3    1       723  -10    8    8    6   16   -1    5  -15  -12   12    3    5    5    6   -8  -10   -8    6
    1   15   12    1    2    5    2    1       999   14    9   -8    3  -13  -12    8   17  -10   10    3    8    8  -10   12  -12   -6   -5
    1   15   13    1    3    2    3    1       897   -9    5    9    6   14    1    1  -12  -12   12    6    3    2    9   -8  -11    0   14
    1   15   14    1    2    2    1    0       926   17    5    1    4  -12  -12    9   17  -12   11    1    9    7  -11   11  -10  -10   -5
    1   15   15    1    2    1    2    1      1019   10   13    1   -5  -13  -14    0   23  -12    7    2    9    9  -12   13  -13  -13   -2
    2    1    1    4    1    3    1    0      2864   18    9    5   15    9   12  -14   -3    9  -10    4   12  -10    2   -3    1    2    6
    2    1    2    6    0    0    2    1      1967    8    5    9   10   12   -1   -5  -13    3   -5   15    5   12   17  -14    6  -15   16
    2    1    3    4    3    4    2    1      3521   -4   14    8    7   15    0    6  -12   -9    2    1    4    5    8    2   -4    6    5
    2    1    4    1    2    3    1    1      1238   13    9   -3   -1  -14  -11   11   15  -14    8    2    7    8  -10   11  -10  -13   -1
    2    1    5    6    0    0    2    1      1030   10   13   16    5  -17   -7  -14    3   -8  -12   -9    9    2   -1   12   -5   11   16
    2    1    6    4    3    3    2    1      5070  -12   11    6   10   19   -4    3  -12  -20   16    4    5    2    8  -16  -15   -4   15
    2    1    7    1    3    1    1    1      1221   -8   10   10    4   16   -1    7  -16  -12   13    1    6    3    8   -6  -11    3   12
    2    1    8    4    2    3    2    1      2581   14   11  -12    8   -7  -16    9   15  -10    9   11    9    8  -10   12  -14  -10   -5
    2    1    9    4    3    1    1    0      1007   -8   10    8    5   14    3    3  -14  -10   12    0    5    5    3    1  -19    0   13
    2    1   10    1    3    4    1    1       776    1   13    6    6   13    3    4  -16  -10   11    1    5    3    8   -6  -13    3   18
    2    1   11    1    1    2    1    1       971   17    8    5   12    6    9   -6  -10    9   -9    8   11   -7    4   -2    0   -2    8
    2    1   12    6    0    0    2    1       662    3    7  -10    8   -2    0   19    8  -19  -16   -5  -16    2   14    6   10  -13   23
    2    1   13    1    3    3    1    1       781  -10    8    8    6   16   -1    5  -15  -12   12    3    5    5    6   -8  -10   -8    6
    2    1   14    1    1    4    1    1      1055   18   11    6   14    6   21   -6  -12    5  -16    7   12   -9    5    7    4    0    8
    2    1   15    4    1    5    2    1      1478   14    8   -4   12   24    6   -4  -13    2   -5   14   14   -8    3   -5   -5   -1    5
    2    1   16    2    1    0    1    0      1565   16    9    4   13   14   11   -6  -11   11  -11    6   11   -9    2   -3    0    0    7
    2    1   17    1    3    2    1    1      1023   -9    5    9    6   14    1    1  -12  -12   12    6    3    2    9   -8  -11    0   14
    2    1   18    4    3    2    2    1      1288   -9    8   11   12   13    1    2  -13  -10   10    3   -3    3    6   -3  -22    1   14
    2    1   19    4    3    5    2    1       998  -10    8    8    6   17   -6    1  -16  -12   11    2    4   -1    6  -10   -4    1   12
    2    1   20    1    2    1    1    1       815   10   13    1   -5  -13  -14    0   23  -12    7    2    9    9  -12   13  -13  -13   -2
    2    1   21    1    1    1    2    0      1472   16    8    5   11   16   12   -8   -8   10  -10    7   15  -11    1   -3    2    0    5
    2    1   22    1    1    3    2    0       934   15    9    3   11   20   19   -7  -13   10  -10    5   13   -7    2    2    2    4    7
    2    1   23    4    2    4    2    1       866   15    9   -3   -1  -11  -11   11   17  -12    7   -2   13    9   -8   11  -12  -10   -2
    2    1   24    6    0    0    2    1       721   15    9   15   12  -13  -10  -15    2  -10  -14   -6    7   -6    0   11   -5   14   14
    2    1   25    1    3    5    1    1       821  -11    0    6    8   13    1    6  -19   -9   12    1    6    4    6   -9  -17    2   15
    2    1   26    4    2    2    2    1       758   15   12   -4   -2  -12  -10    8   15   -9    2    6   13    9  -11   11  -10   -9  -12
    2    1   27    6    0    0    2    1       586    2   11  -17   14   -2    0   17   12   -9  -11  -12  -14   14   12    7   10  -13   12
    2    1   28    1    2    2    2    0      1060   17    5    1    4  -12  -12    9   17  -12   11    1    9    7  -11   11  -10  -10   -5
    2    1   29    4    1    4    2    1      1787   19   -1    3   15   15    9   -4  -13   11  -12    3    8   -9    1   -4   -2   -1    8
    2    1   30    1    1    5    1    1      1093   17    8    2   12   14   10   -6   -9   12  -12    7   12   -7    0   -4    1    0    8
    2    1   31    1    2    4    1    1      1019   17   13   -3    0   -4  -13   11   16   -9    7    2   10   11   -9   14  -10  -13   -3
    2    1   32    2    2    0    2    1      1235   14   10   -4    0  -12  -13   10   16  -11    9    2    8    9  -10   12  -11  -11   -3
    2    1   33    4    1    1    2    1      3443   15    7    3   14   14   10   -8  -13   13  -10    6   10   -8    1   -2   -1   -2    9
    2    1   34    4    2    1    2    1      2043   13   12   -2    0  -10  -13   11   17  -14    8    3    7    8   -9   13  -12  -11    1
    2    1   35    2    3    0    2    1      1771   -9   10    7    7   15    1    2  -14  -11   12    2    5    3    7   -6  -12    1   13
    2    1   36    1    2    5    1    1      3061   14    9   -8    3  -13  -12    8   17  -10   10    3    8    8  -10   12  -12   -6   -5
    2    1   37    4    1    2    2    1      2669   16   10    3   15   12   13   -7   -9   13  -13    7   10  -13   12   -4   -1    1    6
    2    1   38    4    2    5    2    1       836   13    8    0    9  -13  -15    9   20  -12   10   10   -2    7  -12   12   -7  -12   -6
    2    1   39    6    0    0    2    1       547   -1   -5   10   15    8   -1   -2  -13    2   -7   15    4    9   17  -12   -5   -8   12
