    1    1    1    1    3    3    1    0      1425    9   10   -4   13   -3  -15   11    8   -4   -4   -8    8    2    4   -1   -1  -10   11
    1    1    2    1    1    2    1    1      1407    6   -6   -3  -12    4   12    6    9   -5   -8   -8  -12    8   -9   -9   10    4  -12
    1    1    3    1    3    5    2    0      1128    6    5   -1   15   -7  -11    8   11   -5   -4    0    0    2    1   -3   -2  -12   11
    1    1    4    1    1    4    1    1      1085    6   -6   -9  -12    6   11   15   12   -1  -14  -11  -10    8  -11   -1    1    3   -9
    1    1    5    1    3    1    2    0       834    7    7   -2   14   -8  -12   10    0    4   -4   -1    1    3    3   -1   -2  -10   12
    1    1    6    1    1    3    2    0      1154    4   -6    2  -16    4   12    6    9    0    0  -14   -5    8   -7   -3    8    5  -11
    1    1    7    1    2    3    1    0      1398   10    4   12   14    4    4    5   -5  -10    1  -13    0   16    6   -8    0   15  -19
    1    1    8    1    2    1    3    0       863    8    8   10   16    3    6    5   -8   -8   -4  -11    0   15   16   -6    1    7   -9
    1    1    9    1    3    4    1    0       798    8    5   -1   16   -9   -9    7   11   -4   -6    1    0   -3    7   -2    0  -12   13
    1    1   10    1    2    5    1    0      1647    7    5   12   13    6   14    8  -15   -9   -4  -10   -2   14    5   -6   -1    6   -7
    1    1   11    1    2    2    3    0       718   -3   10   19   21    3    6    4   -6   -9   -5  -18   -6   12    3   -8   -2    9   -5
    1    1   12    1    3    2    1    0       707   -2    1   -1   13   -9  -14    0    9   -3   -4    2   -1    3    1    0    2   -7   14
    1    1   13    1    2    4    1    0      1080    7    5   10   13    2    5    4   -6   -7   -1  -11    0   12   10   -6    2    8  -10
    1    1   14    1    1    1    2    0       686    5   -7   -4  -18    7   14    6   12   -3   -6    0  -17    7  -10  -10   11    4  -10
    1    1   15    1    1    5    2    0       948    6   -5   -4  -12    5   14    8    8   -4   -7  -10  -13   15  -13   -9   10    4  -10
    1    2    1    1    1    5    1    1       800    6   -5   -4  -12    5   14    8    8   -4   -7  -10  -13   15  -13   -9   10    4  -10
    1    2    2    1    2    2    2    1       897   -3   10   19   21    3    6    4   -6   -9   -5  -18   -6   12    3   -8   -2    9   -5
    1    2    3    1    2    4    1    0      1278    7    5   10   13    2    5    4   -6   -7   -1  -11    0   12   10   -6    2    8  -10
    1    2    4    1    1    4    1    1       749    6   -6   -9  -12    6   11   15   12   -1  -14  -11  -10    8  -11   -1    1    3   -9
    1    2    5    1    1    1    2    0      1168    5   -7   -4  -18    7   14    6   12   -3   -6    0  -17    7  -10  -10   11    4  -10
    1    2    6    1    3    4    1    0       739    8    5   -1   16   -9   -9    7   11   -4   -6    1    0   -3    7   -2    0  -12   13
    1    2    7    1    3    2    3    1       887   -2    1   -1   13   -9  -14    0    9   -3   -4    2   -1    3    1    0    2   -7   14
    1    2    8    1    3    5    2    0       773    6    5   -1   15   -7  -11    8   11   -5   -4    0    0    2    1   -3   -2  -12   11
    1    2    9    1    2    5    1    0       872    7    5   12   13    6   14    8  -15   -9   -4  -10   -2   14    5   -6   -1    6   -7
    1    2   10    1    3    1    1    0       886    7    7   -2   14   -8  -12   10    0    4   -4   -1    1    3    3   -1   -2  -10   12
    1    2   11    1    2    3    2    1       964   10    4   12   14    4    4    5   -5  -10    1  -13    0   16    6   -8    0   15  -19
    1    2   12    1    1    2    1    1      1055    6   -6   -3  -12    4   12    6    9   -5   -8   -8  -12    8   -9   -9   10    4  -12
    1    2   13    1    3    3    2    0       774    9   10   -4   13   -3  -15   11    8   -4   -4   -8    8    2    4   -1   -1  -10   11
    1    2   14    1    2    1    2    1      1049    8    8   10   16    3    6    5   -8   -8   -4  -11    0   15   16   -6    1    7   -9
    1    2   15    1    1    3    1    1       768    4   -6    2  -16    4   12    6    9    0    0  -14   -5    8   -7   -3    8    5  -11
    1    3    1    1    1    2    1    1       851    6   -6   -3  -12    4   12    6    9   -5   -8   -8  -12    8   -9   -9   10    4  -12
    1    3    2    1    2    1    3    0       674    8    8   10   16    3    6    5   -8   -8   -4  -11    0   15   16   -6    1    7   -9
    1    3    3    1    1    3    1    1       841    4   -6    2  -16    4   12    6    9    0    0  -14   -5    8   -7   -3    8    5  -11
    1    3    4    1    1    4    2    0       697    6   -6   -9  -12    6   11   15   12   -1  -14  -11  -10    8  -11   -1    1    3   -9
    1    3    5    1    3    1    1    0       814    7    7   -2   14   -8  -12   10    0    4   -4   -1    1    3    3   -1   -2  -10   12
    1    3    6    1    1    5    1    1       895    6   -5   -4  -12    5   14    8    8   -4   -7  -10  -13   15  -13   -9   10    4  -10
    1    3    7    1    3    4    2    0      1757    8    5   -1   16   -9   -9    7   11   -4   -6    1    0   -3    7   -2    0  -12   13
    1    3    8    1    2    3    2    1      1160   10    4   12   14    4    4    5   -5  -10    1  -13    0   16    6   -8    0   15  -19
    1    3    9    1    2    5    1    0       876    7    5   12   13    6   14    8  -15   -9   -4  -10   -2   14    5   -6   -1    6   -7
    1    3   10    1    1    1    1    1       714    5   -7   -4  -18    7   14    6   12   -3   -6    0  -17    7  -10  -10   11    4  -10
    1    3   11    1    2    2    3    0       799   -3   10   19   21    3    6    4   -6   -9   -5  -18   -6   12    3   -8   -2    9   -5
    1    3   12    1    3    3    3    1      1040    9   10   -4   13   -3  -15   11    8   -4   -4   -8    8    2    4   -1   -1  -10   11
    1    3   13    1    3    5    3    1      1256    6    5   -1   15   -7  -11    8   11   -5   -4    0    0    2    1   -3   -2  -12   11
    1    3   14    1    2    4    1    0      1079    7    5   10   13    2    5    4   -6   -7   -1  -11    0   12   10   -6    2    8  -10
    1    3   15    1    3    2    1    0       733   -2    1   -1   13   -9  -14    0    9   -3   -4    2   -1    3    1    0    2   -7   14
    1    4    1    1    2    3    2    1       882   10    4   12   14    4    4    5   -5  -10    1  -13    0   16    6   -8    0   15  -19
    1    4    2    1    2    1    2    1       672    8    8   10   16    3    6    5   -8   -8   -4  -11    0   15   16   -6    1    7   -9
    1    4    3    1    1    1    1    1       870    5   -7   -4  -18    7   14    6   12   -3   -6    0  -17    7  -10  -10   11    4  -10
    1    4    4    1    3    1    2    0      1381    7    7   -2   14   -8  -12   10    0    4   -4   -1    1    3    3   -1   -2  -10   12
    1    4    5    1    3    4    2    0      1119    8    5   -1   16   -9   -9    7   11   -4   -6    1    0   -3    7   -2    0  -12   13
    1    4    6    1    3    5    3    1       707    6    5   -1   15   -7  -11    8   11   -5   -4    0    0    2    1   -3   -2  -12   11
    1    4    7    1    2    4    2    1      1065    7    5   10   13    2    5    4   -6   -7   -1  -11    0   12   10   -6    2    8  -10
    1    4    8    1    1    2    1    1       703    6   -6   -3  -12    4   12    6    9   -5   -8   -8  -12    8   -9   -9   10    4  -12
    1    4    9    1    1    3    1    1       885    4   -6    2  -16    4   12    6    9    0    0  -14   -5    8   -7   -3    8    5  -11
    1    4   10    1    3    2    1    0       995   -2    1   -1   13   -9  -14    0    9   -3   -4    2   -1    3    1    0    2   -7   14
    1    4   11    1    2    2    3    0       845   -3   10   19   21    3    6    4   -6   -9   -5  -18   -6   12    3   -8   -2    9   -5
    1    4   12    1    2    5    1    0      1357    7    5   12   13    6   14    8  -15   -9   -4  -10   -2   14    5   -6   -1    6   -7
    1    4   13    1    3    3    3    1       808    9   10   -4   13   -3  -15   11    8   -4   -4   -8    8    2    4   -1   -1  -10   11
    1    4   14    1    1    4    1    1      1705    6   -6   -9  -12    6   11   15   12   -1  -14  -11  -10    8  -11   -1    1    3   -9
    1    4   15    1    1    5    1    1       791    6   -5   -4  -12    5   14    8    8   -4   -7  -10  -13   15  -13   -9   10    4  -10
    1    5    1    1    1    2    1    1       569    6   -6   -3  -12    4   12    6    9   -5   -8   -8  -12    8   -9   -9   10    4  -12
    1    5    2    1    2    5    1    0      1059    7    5   12   13    6   14    8  -15   -9   -4  -10   -2   14    5   -6   -1    6   -7
    1    5    3    1    1    4    1    1      1243    6   -6   -9  -12    6   11   15   12   -1  -14  -11  -10    8  -11   -1    1    3   -9
    1    5    4    1    2    2    3    0      2747   -3   10   19   21    3    6    4   -6   -9   -5  -18   -6   12    3   -8   -2    9   -5
    1    5    5    1    2    1    2    1      1454    8    8   10   16    3    6    5   -8   -8   -4  -11    0   15   16   -6    1    7   -9
    1    5    6    1    3    3    3    1       757    9   10   -4   13   -3  -15   11    8   -4   -4   -8    8    2    4   -1   -1  -10   11
    1    5    7    1    2    4    2    1       745    7    5   10   13    2    5    4   -6   -7   -1  -11    0   12   10   -6    2    8  -10
    1    5    8    1    3    1    3    1       717    7    7   -2   14   -8  -12   10    0    4   -4   -1    1    3    3   -1   -2  -10   12
    1    5    9    1    3    4    3    1      1041    8    5   -1   16   -9   -9    7   11   -4   -6    1    0   -3    7   -2    0  -12   13
    1    5   10    1    3    5    3    1       666    6    5   -1   15   -7  -11    8   11   -5   -4    0    0    2    1   -3   -2  -12   11
    1    5   11    1    1    5    1    1       688    6   -5   -4  -12    5   14    8    8   -4   -7  -10  -13   15  -13   -9   10    4  -10
    1    5   12    1    1    1    1    1       662    5   -7   -4  -18    7   14    6   12   -3   -6    0  -17    7  -10  -10   11    4  -10
    1    5   13    1    3    2    1    0       813   -2    1   -1   13   -9  -14    0    9   -3   -4    2   -1    3    1    0    2   -7   14
    1    5   14    1    2    3    2    1       750   10    4   12   14    4    4    5   -5  -10    1  -13    0   16    6   -8    0   15  -19
    1    5   15    1    1    3    1    1      1169    4   -6    2  -16    4   12    6    9    0    0  -14   -5    8   -7   -3    8    5  -11
    1    6    1    1    1    1    1    1       996    5   -7   -4  -18    7   14    6   12   -3   -6    0  -17    7  -10  -10   11    4  -10
    1    6    2    1    2    2    3    0      1453   -3   10   19   21    3    6    4   -6   -9   -5  -18   -6   12    3   -8   -2    9   -5
    1    6    3    1    3    4    3    1       677    8    5   -1   16   -9   -9    7   11   -4   -6    1    0   -3    7   -2    0  -12   13
    1    6    4    1    1    3    1    1       923    4   -6    2  -16    4   12    6    9    0    0  -14   -5    8   -7   -3    8    5  -11
    1    6    5    1    3    2    3    1      1352   -2    1   -1   13   -9  -14    0    9   -3   -4    2   -1    3    1    0    2   -7   14
    1    6    6    1    2    5    2    1      1075    7    5   12   13    6   14    8  -15   -9   -4  -10   -2   14    5   -6   -1    6   -7
    1    6    7    1    2    4    2    1       794    7    5   10   13    2    5    4   -6   -7   -1  -11    0   12   10   -6    2    8  -10
    1    6    8    1    1    4    1    1       844    6   -6   -9  -12    6   11   15   12   -1  -14  -11  -10    8  -11   -1    1    3   -9
    1    6    9    1    1    5    1    1       828    6   -5   -4  -12    5   14    8    8   -4   -7  -10  -13   15  -13   -9   10    4  -10
    1    6   10    1    3    1    3    1       861    7    7   -2   14   -8  -12   10    0    4   -4   -1    1    3    3   -1   -2  -10   12
    1    6   11    1    3    5    3    1       828    6    5   -1   15   -7  -11    8   11   -5   -4    0    0    2    1   -3   -2  -12   11
    1    6   12    1    2    3    2    1       573   10    4   12   14    4    4    5   -5  -10    1  -13    0   16    6   -8    0   15  -19
    1    6   13    1    1    2    1    1       663    6   -6   -3  -12    4   12    6    9   -5   -8   -8  -12    8   -9   -9   10    4  -12
    1    6   14    1    2    1    2    1       782    8    8   10   16    3    6    5   -8   -8   -4  -11    0   15   16   -6    1    7   -9
    1    6   15    1    3    3    3    1       784    9   10   -4   13   -3  -15   11    8   -4   -4   -8    8    2    4   -1   -1  -10   11
    1    7    1    1    3    5    3    1       770    6    5   -1   15   -7  -11    8   11   -5   -4    0    0    2    1   -3   -2  -12   11
    1    7    2    1    1    2    1    1       996    6   -6   -3  -12    4   12    6    9   -5   -8   -8  -12    8   -9   -9   10    4  -12
    1    7    3    1    3    2    3    1       814   -2    1   -1   13   -9  -14    0    9   -3   -4    2   -1    3    1    0    2   -7   14
    1    7    4    1    1    1    1    1       782    5   -7   -4  -18    7   14    6   12   -3   -6    0  -17    7  -10  -10   11    4  -10
    1    7    5    1    2    3    2    1       576   10    4   12   14    4    4    5   -5  -10    1  -13    0   16    6   -8    0   15  -19
    1    7    6    1    1    4    1    1       955    6   -6   -9  -12    6   11   15   12   -1  -14  -11  -10    8  -11   -1    1    3   -9
    1    7    7    1    2    5    2    1       950    7    5   12   13    6   14    8  -15   -9   -4  -10   -2   14    5   -6   -1    6   -7
    1    7    8    1    2    1    2    1       834    8    8   10   16    3    6    5   -8   -8   -4  -11    0   15   16   -6    1    7   -9
    1    7    9    1    2    4    2    1       754    7    5   10   13    2    5    4   -6   -7   -1  -11    0   12   10   -6    2    8  -10
    1    7   10    1    1    3    1    1      1109    4   -6    2  -16    4   12    6    9    0    0  -14   -5    8   -7   -3    8    5  -11
    1    7   11    1    3    3    3    1       874    9   10   -4   13   -3  -15   11    8   -4   -4   -8    8    2    4   -1   -1  -10   11
    1    7   12    1    1    5    1    1       617    6   -5   -4  -12    5   14    8    8   -4   -7  -10  -13   15  -13   -9   10    4  -10
    1    7   13    1    3    1    3    1       706    7    7   -2   14   -8  -12   10    0    4   -4   -1    1    3    3   -1   -2  -10   12
    1    7   14    1    2    2    3    0      1079   -3   10   19   21    3    6    4   -6   -9   -5  -18   -6   12    3   -8   -2    9   -5
    1    7   15    1    3    4    3    1      1022    8    5   -1   16   -9   -9    7   11   -4   -6    1    0   -3    7   -2    0  -12   13
    1    8    1    1    1    2    1    1       630    6   -6   -3  -12    4   12    6    9   -5   -8   -8  -12    8   -9   -9   10    4  -12
    1    8    2    1    2    2    2    1       590   -3   10   19   21    3    6    4   -6   -9   -5  -18   -6   12    3   -8   -2    9   -5
    1    8    3    1    1    4    1    1       744    6   -6   -9  -12    6   11   15   12   -1  -14  -11  -10    8  -11   -1    1    3   -9
    1    8    4    1    2    1    2    1       700    8    8   10   16    3    6    5   -8   -8   -4  -11    0   15   16   -6    1    7   -9
    1    8    5    1    1    5    1    1       658    6   -5   -4  -12    5   14    8    8   -4   -7  -10  -13   15  -13   -9   10    4  -10
    1    8    6    1    3    5    3    1       681    6    5   -1   15   -7  -11    8   11   -5   -4    0    0    2    1   -3   -2  -12   11
    1    8    7    1    3    4    3    1       527    8    5   -1   16   -9   -9    7   11   -4   -6    1    0   -3    7   -2    0  -12   13
    1    8    8    1    3    2    3    1      1036   -2    1   -1   13   -9  -14    0    9   -3   -4    2   -1    3    1    0    2   -7   14
    1    8    9    1    2    3    2    1       644   10    4   12   14    4    4    5   -5  -10    1  -13    0   16    6   -8    0   15  -19
    1    8   10    1    3    1    2    0       604    7    7   -2   14   -8  -12   10    0    4   -4   -1    1    3    3   -1   -2  -10   12
    1    8   11    1    1    3    1    1       789    4   -6    2  -16    4   12    6    9    0    0  -14   -5    8   -7   -3    8    5  -11
    1    8   12    1    3    3    3    1       695    9   10   -4   13   -3  -15   11    8   -4   -4   -8    8    2    4   -1   -1  -10   11
    1    8   13    1    2    4    2    1       845    7    5   10   13    2    5    4   -6   -7   -1  -11    0   12   10   -6    2    8  -10
    1    8   14    1    1    1    1    1       637    5   -7   -4  -18    7   14    6   12   -3   -6    0  -17    7  -10  -10   11    4  -10
    1    8   15    1    2    5    2    1       981    7    5   12   13    6   14    8  -15   -9   -4  -10   -2   14    5   -6   -1    6   -7
    1    9    1    1    1    2    1    1       639    6   -6   -3  -12    4   12    6    9   -5   -8   -8  -12    8   -9   -9   10    4  -12
    1    9    2    1    1    1    1    1       583    5   -7   -4  -18    7   14    6   12   -3   -6    0  -17    7  -10  -10   11    4  -10
    1    9    3    1    1    5    1    1       609    6   -5   -4  -12    5   14    8    8   -4   -7  -10  -13   15  -13   -9   10    4  -10
    1    9    4    1    3    4    3    1       874    8    5   -1   16   -9   -9    7   11   -4   -6    1    0   -3    7   -2    0  -12   13
    1    9    5    1    3    3    3    1       665    9   10   -4   13   -3  -15   11    8   -4   -4   -8    8    2    4   -1   -1  -10   11
    1    9    6    1    2    4    2    1       752    7    5   10   13    2    5    4   -6   -7   -1  -11    0   12   10   -6    2    8  -10
    1    9    7    1    1    3    1    1       611    4   -6    2  -16    4   12    6    9    0    0  -14   -5    8   -7   -3    8    5  -11
    1    9    8    1    3    5    3    1       732    6    5   -1   15   -7  -11    8   11   -5   -4    0    0    2    1   -3   -2  -12   11
    1    9    9    1    1    4    1    1       832    6   -6   -9  -12    6   11   15   12   -1  -14  -11  -10    8  -11   -1    1    3   -9
    1    9   10    1    3    1    3    1       704    7    7   -2   14   -8  -12   10    0    4   -4   -1    1    3    3   -1   -2  -10   12
    1    9   11    1    2    1    2    1       726    8    8   10   16    3    6    5   -8   -8   -4  -11    0   15   16   -6    1    7   -9
    1    9   12    1    2    2    2    1      1306   -3   10   19   21    3    6    4   -6   -9   -5  -18   -6   12    3   -8   -2    9   -5
    1    9   13    1    2    3    2    1       823   10    4   12   14    4    4    5   -5  -10    1  -13    0   16    6   -8    0   15  -19
    1    9   14    1    3    2    3    1      1032   -2    1   -1   13   -9  -14    0    9   -3   -4    2   -1    3    1    0    2   -7   14
    1    9   15    1    2    5    2    1       784    7    5   12   13    6   14    8  -15   -9   -4  -10   -2   14    5   -6   -1    6   -7
    1   10    1    1    2    2    2    1      1042   -3   10   19   21    3    6    4   -6   -9   -5  -18   -6   12    3   -8   -2    9   -5
    1   10    2    1    1    2    1    1       586    6   -6   -3  -12    4   12    6    9   -5   -8   -8  -12    8   -9   -9   10    4  -12
    1   10    3    1    2    3    2    1       788   10    4   12   14    4    4    5   -5  -10    1  -13    0   16    6   -8    0   15  -19
    1   10    4    1    3    4    3    1       774    8    5   -1   16   -9   -9    7   11   -4   -6    1    0   -3    7   -2    0  -12   13
    1   10    5    1    3    3    3    1       601    9   10   -4   13   -3  -15   11    8   -4   -4   -8    8    2    4   -1   -1  -10   11
    1   10    6    1    2    1    2    1       658    8    8   10   16    3    6    5   -8   -8   -4  -11    0   15   16   -6    1    7   -9
    1   10    7    1    2    4    2    1       666    7    5   10   13    2    5    4   -6   -7   -1  -11    0   12   10   -6    2    8  -10
    1   10    8    1    1    1    1    1       640    5   -7   -4  -18    7   14    6   12   -3   -6    0  -17    7  -10  -10   11    4  -10
    1   10    9    1    2    5    2    1       632    7    5   12   13    6   14    8  -15   -9   -4  -10   -2   14    5   -6   -1    6   -7
    1   10   10    1    1    4    1    1       608    6   -6   -9  -12    6   11   15   12   -1  -14  -11  -10    8  -11   -1    1    3   -9
    1   10   11    1    3    2    3    1       873   -2    1   -1   13   -9  -14    0    9   -3   -4    2   -1    3    1    0    2   -7   14
    1   10   12    1    1    3    1    1       728    4   -6    2  -16    4   12    6    9    0    0  -14   -5    8   -7   -3    8    5  -11
    1   10   13    1    1    5    1    1       893    6   -5   -4  -12    5   14    8    8   -4   -7  -10  -13   15  -13   -9   10    4  -10
    1   10   14    1    3    1    3    1       875    7    7   -2   14   -8  -12   10    0    4   -4   -1    1    3    3   -1   -2  -10   12
    1   10   15    1    3    5    3    1       889    6    5   -1   15   -7  -11    8   11   -5   -4    0    0    2    1   -3   -2  -12   11
    1   11    1    1    1    5    1    1       663    6   -5   -4  -12    5   14    8    8   -4   -7  -10  -13   15  -13   -9   10    4  -10
    1   11    2    1    2    5    2    1       574    7    5   12   13    6   14    8  -15   -9   -4  -10   -2   14    5   -6   -1    6   -7
    1   11    3    1    3    1    3    1       713    7    7   -2   14   -8  -12   10    0    4   -4   -1    1    3    3   -1   -2  -10   12
    1   11    4    1    3    4    3    1       590    8    5   -1   16   -9   -9    7   11   -4   -6    1    0   -3    7   -2    0  -12   13
    1   11    5    1    1    3    1    1       504    4   -6    2  -16    4   12    6    9    0    0  -14   -5    8   -7   -3    8    5  -11
    1   11    6    1    3    3    3    1       613    9   10   -4   13   -3  -15   11    8   -4   -4   -8    8    2    4   -1   -1  -10   11
    1   11    7    1    2    2    2    1       702   -3   10   19   21    3    6    4   -6   -9   -5  -18   -6   12    3   -8   -2    9   -5
    1   11    8    1    1    4    1    1       611    6   -6   -9  -12    6   11   15   12   -1  -14  -11  -10    8  -11   -1    1    3   -9
    1   11    9    1    3    5    3    1       749    6    5   -1   15   -7  -11    8   11   -5   -4    0    0    2    1   -3   -2  -12   11
    1   11   10    1    1    2    1    1       656    6   -6   -3  -12    4   12    6    9   -5   -8   -8  -12    8   -9   -9   10    4  -12
    1   11   11    1    2    3    2    1       679   10    4   12   14    4    4    5   -5  -10    1  -13    0   16    6   -8    0   15  -19
    1   11   12    1    3    2    3    1       622   -2    1   -1   13   -9  -14    0    9   -3   -4    2   -1    3    1    0    2   -7   14
    1   11   13    1    2    4    2    1       615    7    5   10   13    2    5    4   -6   -7   -1  -11    0   12   10   -6    2    8  -10
    1   11   14    1    1    1    1    1       687    5   -7   -4  -18    7   14    6   12   -3   -6    0  -17    7  -10  -10   11    4  -10
    1   11   15    1    2    1    2    1       549    8    8   10   16    3    6    5   -8   -8   -4  -11    0   15   16   -6    1    7   -9
    1   12    1    1    2    5    2    1       657    7    5   12   13    6   14    8  -15   -9   -4  -10   -2   14    5   -6   -1    6   -7
    1   12    2    1    2    1    2    1       472    8    8   10   16    3    6    5   -8   -8   -4  -11    0   15   16   -6    1    7   -9
    1   12    3    1    3    2    3    1       615   -2    1   -1   13   -9  -14    0    9   -3   -4    2   -1    3    1    0    2   -7   14
    1   12    4    1    2    4    2    1       463    7    5   10   13    2    5    4   -6   -7   -1  -11    0   12   10   -6    2    8  -10
    1   12    5    1    1    5    1    1       510    6   -5   -4  -12    5   14    8    8   -4   -7  -10  -13   15  -13   -9   10    4  -10
    1   12    6    1    1    4    1    1       667    6   -6   -9  -12    6   11   15   12   -1  -14  -11  -10    8  -11   -1    1    3   -9
    1   12    7    1    1    3    1    1       706    4   -6    2  -16    4   12    6    9    0    0  -14   -5    8   -7   -3    8    5  -11
    1   12    8    1    3    5    3    1       567    6    5   -1   15   -7  -11    8   11   -5   -4    0    0    2    1   -3   -2  -12   11
    1   12    9    1    2    3    2    1       514   10    4   12   14    4    4    5   -5  -10    1  -13    0   16    6   -8    0   15  -19
    1   12   10    1    1    1    1    1       607    5   -7   -4  -18    7   14    6   12   -3   -6    0  -17    7  -10  -10   11    4  -10
    1   12   11    1    3    4    3    1       872    8    5   -1   16   -9   -9    7   11   -4   -6    1    0   -3    7   -2    0  -12   13
    1   12   12    1    3    1    3    1       743    7    7   -2   14   -8  -12   10    0    4   -4   -1    1    3    3   -1   -2  -10   12
    1   12   13    1    2    2    2    1       731   -3   10   19   21    3    6    4   -6   -9   -5  -18   -6   12    3   -8   -2    9   -5
    1   12   14    1    1    2    1    1       543    6   -6   -3  -12    4   12    6    9   -5   -8   -8  -12    8   -9   -9   10    4  -12
    1   12   15    1    3    3    3    1       715    9   10   -4   13   -3  -15   11    8   -4   -4   -8    8    2    4   -1   -1  -10   11
    1   13    1    1    1    2    1    1       543    6   -6   -3  -12    4   12    6    9   -5   -8   -8  -12    8   -9   -9   10    4  -12
    1   13    2    1    2    3    2    1       683   10    4   12   14    4    4    5   -5  -10    1  -13    0   16    6   -8    0   15  -19
    1   13    3    1    2    5    2    1       689    7    5   12   13    6   14    8  -15   -9   -4  -10   -2   14    5   -6   -1    6   -7
    1   13    4    1    2    4    2    1       599    7    5   10   13    2    5    4   -6   -7   -1  -11    0   12   10   -6    2    8  -10
    1   13    5    1    3    5    3    1       704    6    5   -1   15   -7  -11    8   11   -5   -4    0    0    2    1   -3   -2  -12   11
    1   13    6    1    1    3    1    1       534    4   -6    2  -16    4   12    6    9    0    0  -14   -5    8   -7   -3    8    5  -11
    1   13    7    1    3    4    3    1       514    8    5   -1   16   -9   -9    7   11   -4   -6    1    0   -3    7   -2    0  -12   13
    1   13    8    1    3    1    3    1       719    7    7   -2   14   -8  -12   10    0    4   -4   -1    1    3    3   -1   -2  -10   12
    1   13    9    1    1    1    1    1       691    5   -7   -4  -18    7   14    6   12   -3   -6    0  -17    7  -10  -10   11    4  -10
    1   13   10    1    1    4    1    1       601    6   -6   -9  -12    6   11   15   12   -1  -14  -11  -10    8  -11   -1    1    3   -9
    1   13   11    1    3    2    3    1       850   -2    1   -1   13   -9  -14    0    9   -3   -4    2   -1    3    1    0    2   -7   14
    1   13   12    1    2    2    2    1       658   -3   10   19   21    3    6    4   -6   -9   -5  -18   -6   12    3   -8   -2    9   -5
    1   13   13    1    2    1    2    1       505    8    8   10   16    3    6    5   -8   -8   -4  -11    0   15   16   -6    1    7   -9
    1   13   14    1    3    3    3    1       630    9   10   -4   13   -3  -15   11    8   -4   -4   -8    8    2    4   -1   -1  -10   11
    1   13   15    1    1    5    1    1       558    6   -5   -4  -12    5   14    8    8   -4   -7  -10  -13   15  -13   -9   10    4  -10
    1   14    1    1    1    3    1    1       810    4   -6    2  -16    4   12    6    9    0    0  -14   -5    8   -7   -3    8    5  -11
    1   14    2    1    1    4    1    1       683    6   -6   -9  -12    6   11   15   12   -1  -14  -11  -10    8  -11   -1    1    3   -9
    1   14    3    1    2    3    2    1       641   10    4   12   14    4    4    5   -5  -10    1  -13    0   16    6   -8    0   15  -19
    1   14    4    1    3    2    3    1       777   -2    1   -1   13   -9  -14    0    9   -3   -4    2   -1    3    1    0    2   -7   14
    1   14    5    1    2    1    2    1       588    8    8   10   16    3    6    5   -8   -8   -4  -11    0   15   16   -6    1    7   -9
    1   14    6    1    3    3    3    1       678    9   10   -4   13   -3  -15   11    8   -4   -4   -8    8    2    4   -1   -1  -10   11
    1   14    7    1    1    1    1    1       572    5   -7   -4  -18    7   14    6   12   -3   -6    0  -17    7  -10  -10   11    4  -10
    1   14    8    1    2    5    2    1       615    7    5   12   13    6   14    8  -15   -9   -4  -10   -2   14    5   -6   -1    6   -7
    1   14    9    1    3    4    3    1       752    8    5   -1   16   -9   -9    7   11   -4   -6    1    0   -3    7   -2    0  -12   13
    1   14   10    1    3    5    3    1       531    6    5   -1   15   -7  -11    8   11   -5   -4    0    0    2    1   -3   -2  -12   11
    1   14   11    1    3    1    3    1       799    7    7   -2   14   -8  -12   10    0    4   -4   -1    1    3    3   -1   -2  -10   12
    1   14   12    1    1    5    1    1       592    6   -5   -4  -12    5   14    8    8   -4   -7  -10  -13   15  -13   -9   10    4  -10
    1   14   13    1    1    2    1    1       634    6   -6   -3  -12    4   12    6    9   -5   -8   -8  -12    8   -9   -9   10    4  -12
    1   14   14    1    2    4    2    1       562    7    5   10   13    2    5    4   -6   -7   -1  -11    0   12   10   -6    2    8  -10
    1   14   15    1    2    2    2    1       638   -3   10   19   21    3    6    4   -6   -9   -5  -18   -6   12    3   -8   -2    9   -5
    1   15    1    1    2    2    2    1       758   -3   10   19   21    3    6    4   -6   -9   -5  -18   -6   12    3   -8   -2    9   -5
    1   15    2    1    1    1    1    1       601    5   -7   -4  -18    7   14    6   12   -3   -6    0  -17    7  -10  -10   11    4  -10
    1   15    3    1    3    2    3    1       706   -2    1   -1   13   -9  -14    0    9   -3   -4    2   -1    3    1    0    2   -7   14
    1   15    4    1    2    4    2    1       504    7    5   10   13    2    5    4   -6   -7   -1  -11    0   12   10   -6    2    8  -10
    1   15    5    1    3    4    3    1       725    8    5   -1   16   -9   -9    7   11   -4   -6    1    0   -3    7   -2    0  -12   13
    1   15    6    1    2    3    2    1       538   10    4   12   14    4    4    5   -5  -10    1  -13    0   16    6   -8    0   15  -19
    1   15    7    1    3    1    3    1       646    7    7   -2   14   -8  -12   10    0    4   -4   -1    1    3    3   -1   -2  -10   12
    1   15    8    1    1    2    1    1       558    6   -6   -3  -12    4   12    6    9   -5   -8   -8  -12    8   -9   -9   10    4  -12
    1   15    9    1    1    5    1    1       537    6   -5   -4  -12    5   14    8    8   -4   -7  -10  -13   15  -13   -9   10    4  -10
    1   15   10    1    2    5    2    1       773    7    5   12   13    6   14    8  -15   -9   -4  -10   -2   14    5   -6   -1    6   -7
    1   15   11    1    1    3    1    1       920    4   -6    2  -16    4   12    6    9    0    0  -14   -5    8   -7   -3    8    5  -11
    1   15   12    1    3    5    3    1       660    6    5   -1   15   -7  -11    8   11   -5   -4    0    0    2    1   -3   -2  -12   11
    1   15   13    1    3    3    3    1       748    9   10   -4   13   -3  -15   11    8   -4   -4   -8    8    2    4   -1   -1  -10   11
    1   15   14    1    2    1    2    1       655    8    8   10   16    3    6    5   -8   -8   -4  -11    0   15   16   -6    1    7   -9
    1   15   15    1    1    4    1    1       726    6   -6   -9  -12    6   11   15   12   -1  -14  -11  -10    8  -11   -1    1    3   -9
    2    1    1    4    1    3    2    1       798    4   -6   -8  -13    5   14    3   15   -2   -9  -10  -12    9   -5    0   18   -4  -11
    2    1    2    1    1    4    1    1       703    6   -6   -9  -12    6   11   15   12   -1  -14  -11  -10    8  -11   -1    1    3   -9
    2    1    3    4    3    3    2    1       949    7    3    0   16   -9  -11    9    9   -2   -7    6    1   -8    6   -2   -2  -15   10
    2    1    4    1    2    5    1    1       576    7    5   12   13    6   14    8  -15   -9   -4  -10   -2   14    5   -6   -1    6   -7
    2    1    5    4    2    3    2    1      1131   -3   10   16   19    4    3   -1  -14   -7   -3  -11   -3   13    4   -6    0    7   -9
    2    1    6    4    2    5    2    1       895    7    7    9   13    5    2    8  -16  -14   -9  -12    1   12    7   -9    2   10  -13
    2    1    7    1    2    1    1    1      1101    8    8   10   16    3    6    5   -8   -8   -4  -11    0   15   16   -6    1    7   -9
    2    1    8    4    1    5    2    1       786   10   -2  -13  -23    3   12    5   19   -9  -10  -20  -12    5  -10   -8    6    8   -6
    2    1    9    4    3    4    2    1       628    6    5    9    4  -12   -7   13    9   -3   -3    3   -1    0    1   -4   -1  -12   13
    2    1   10    4    1    2    2    1      1229    1  -11   -4  -16    4   13    6   11   -3   -9  -11  -12    5   -9   -8    9    4  -12
    2    1   11    1    3    2    1    1       670   -2    1   -1   13   -9  -14    0    9   -3   -4    2   -1    3    1    0    2   -7   14
    2    1   12    4    2    2    2    1       820    8    6   13   15    6    2    5   -8  -10   -4  -11    1    8    0   -8    0    9  -11
    2    1   13    6    0    0    2    1       821   14    2  -10    1    7    5   15   -4    4    8   15   -7   -5   -1    5    0    9    7
    2    1   14    2    3    0    1    0       661    7    5    0   14   -7  -12    8   10   -4   -5    1   -1    2    2   -1    0  -12   12
    2    1   15    4    1    4    2    1       829    6   -5   -7  -17   -3   21    5    8   -5   -8  -11  -12    6   -8  -11   11    4  -12
    2    1   16    1    1    1    1    1      1261    5   -7   -4  -18    7   14    6   12   -3   -6    0  -17    7  -10  -10   11    4  -10
    2    1   17    6    0    0    2    1       669   16   -4   -6   -6  -15   11  -14  -12    2   -2    4   16    0  -10   18    6  -12    8
    2    1   18    4    1    1    1    0      1699    5   -7   -5  -14    4   13    6    9   -3   -8   -8  -10    7   -8  -10   11    3  -10
    2    1   19    2    2    0    1    0       849    7    6   11   14    3    4    4   -7   -8   -3  -10   -1   14    6   -7    0    8   -9
    2    1   20    1    3    1    1    1       784    7    7   -2   14   -8  -12   10    0    4   -4   -1    1    3    3   -1   -2  -10   12
    2    1   21    6    0    0    2    1       850   16    0  -10    3    4    5    7   -9    6    7   11    3   -3    2    4    1    7    3
    2    1   22    6    0    0    2    1       641    9   10  -10    1   -6    3    3   11   12   10   -7    1    3   23   12   17    6   -4
    2    1   23    1    2    3    2    0      1513   10    4   12   14    4    4    5   -5  -10    1  -13    0   16    6   -8    0   15  -19
    2    1   24    6    0    0    2    1       670    9   11  -17    5   -4   -1    7   15   12   13   -2   -4   -2   13   11   18    4   -6
    2    1   25    1    1    2    1    1       965    6   -6   -3  -12    4   12    6    9   -5   -8   -8  -12    8   -9   -9   10    4  -12
    2    1   26    4    2    1    2    1       751    6    5    7    9    6    1   -4    1    0   -3  -11    3   11    2   -6    0    9   -8
    2    1   27    1    3    4    1    1       659    8    5   -1   16   -9   -9    7   11   -4   -6    1    0   -3    7   -2    0  -12   13
    2    1   28    4    2    4    2    1       906    3    9   12   15    1    4    5   -7   -8   -4    0   -6   14    4  -12   -2   10  -11
    2    1   29    1    2    2    1    1       743   -3   10   19   21    3    6    4   -6   -9   -5  -18   -6   12    3   -8   -2    9   -5
    2    1   30    4    3    5    2    1       683    8    3    1   16   -6  -13    8    6   -5   -5    6    4    1    3    2   -4   -2   20
    2    1   31    2    1    0    1    0       785    5   -6   -3  -14    5   13    6   10   -4   -8  -10  -11    7   -9   -9   11    4  -11
    2    1   32    1    1    3    1    1       899    4   -6    2  -16    4   12    6    9    0    0  -14   -5    8   -7   -3    8    5  -11
    2    1   33    1    2    4    1    1       833    7    5   10   13    2    5    4   -6   -7   -1  -11    0   12   10   -6    2    8  -10
    2    1   34    1    1    5    1    1       641    6   -5   -4  -12    5   14    8    8   -4   -7  -10  -13   15  -13   -9   10    4  -10
    2    1   35    1    3    5    1    1       825    6    5   -1   15   -7  -11    8   11   -5   -4    0    0    2    1   -3   -2  -12   11
    2    1   36    6    0    0    2    1       569   16   -1   -3   -2  -12   10  -13  -11    5   -2    3   15   -2  -18   11    4  -15   10
    2    1   37    1    3    3    1    1       692    9   10   -4   13   -3  -15   11    8   -4   -4   -8    8    2    4   -1   -1  -10   11
    2    1   38    4    3    1    1    0       730    7    6    1   13   -6  -11    6   11   -5   -3    2    3    1    0   -3    2  -11   11
    2    1   39    4    3    2    2    1       590    3    9    1   14   -7  -13   10   12   -9    5    9    9    2    3   -9   -7  -11   14
