    1    1    1    1    3    1    1    0      2157  -12   -1    4  -13    5   -4   11   -2    6   -6    2    2    5    2  -12    8   -5   -6
    1    1    2    1    1    5    2    0      2168   15    8   10  -11  -14    0    5   -7    1   16   12   11   -2   -2  -12  -14  -12   -4
    1    1    3    1    1    2    1    1      1171   16    6   12  -11   -6   -3   16   -4    2   15    5    8    0   -3   -9  -12  -11   -2
    1    1    4    1    1    4    1    1      1030   24    4   11  -11  -11    5    8  -10    2   16    6    8   -2   -5   -9  -17  -11   -2
    1    1    5    1    3    3    3    1       638   -1   -9    4   -8    3    0    9   -1    7   -4    6    6    8    1  -12   15   -7   -5
    1    1    6    1    3    2    3    1       965   -1   -9    8  -12    3   -1    9   -1    5   -4    4    5    7    0  -13   16  -14  -16
    1    1    7    1    3    4    2    0      2992   -1   -9   -3  -20    2   -4   10    0    5   -5   12   12    7   -2  -20   17   -9   -7
    1    1    8    1    1    1    1    1      1978   16   11   15   -9   -9    1   10   -7    3   14    8    8    7    2   -9  -13  -11   -2
    1    1    9    1    2    2    1    0      1084   -3   14    8   -5  -12   10    0    8   -3  -11    3    1   -3   17    9   12    5  -13
    1    1   10    1    1    3    1    1      1602   17    7   12  -11   -9    2    7  -11    2   16   16   18   -1   -6   -9  -14  -10   -4
    1    1   11    1    2    1    2    1      1043   -6   11    8   -8  -11    7   -1   11   -3   -8    4   -4   -5   15   10    3    6  -14
    1    1   12    1    2    5    2    1      2298   -7    9    6   -8  -10   10    0    8   -2  -12    2   -6   -6   12   12   13    2  -12
    1    1   13    1    2    4    2    1      1600   -6   13   -3  -14  -11   10   -2    9    0  -13    4   -5   -5   16    8   17    4  -14
    1    1   14    1    3    5    1    0      1505   -5  -14    8  -13    3    0   11   -2    4   -3   -5   12    3   -8  -15   13   -8   -7
    1    1   15    1    2    3    1    0      3046   -8   11    7   -8  -13    4    3    4   -4  -10    2   -3  -10   13    9   14    5   -5
    1    2    1    1    1    2    1    1      5325   16    6   12  -11   -6   -3   16   -4    2   15    5    8    0   -3   -9  -12  -11   -2
    1    2    2    1    3    1    3    1      1178  -12   -1    4  -13    5   -4   11   -2    6   -6    2    2    5    2  -12    8   -5   -6
    1    2    3    1    1    5    1    1      2700   15    8   10  -11  -14    0    5   -7    1   16   12   11   -2   -2  -12  -14  -12   -4
    1    2    4    1    2    3    2    1       817   -8   11    7   -8  -13    4    3    4   -4  -10    2   -3  -10   13    9   14    5   -5
    1    2    5    1    2    2    2    1      3489   -3   14    8   -5  -12   10    0    8   -3  -11    3    1   -3   17    9   12    5  -13
    1    2    6    1    3    5    3    1      1415   -5  -14    8  -13    3    0   11   -2    4   -3   -5   12    3   -8  -15   13   -8   -7
    1    2    7    1    2    1    2    1      3056   -6   11    8   -8  -11    7   -1   11   -3   -8    4   -4   -5   15   10    3    6  -14
    1    2    8    1    1    3    1    1      1751   17    7   12  -11   -9    2    7  -11    2   16   16   18   -1   -6   -9  -14  -10   -4
    1    2    9    1    3    3    3    1      1538   -1   -9    4   -8    3    0    9   -1    7   -4    6    6    8    1  -12   15   -7   -5
    1    2   10    1    1    4    1    1      1862   24    4   11  -11  -11    5    8  -10    2   16    6    8   -2   -5   -9  -17  -11   -2
    1    2   11    1    3    4    3    1      1277   -1   -9   -3  -20    2   -4   10    0    5   -5   12   12    7   -2  -20   17   -9   -7
    1    2   12    1    1    1    1    1      3707   16   11   15   -9   -9    1   10   -7    3   14    8    8    7    2   -9  -13  -11   -2
    1    2   13    1    2    5    2    1      1128   -7    9    6   -8  -10   10    0    8   -2  -12    2   -6   -6   12   12   13    2  -12
    1    2   14    1    2    4    1    0      3436   -6   13   -3  -14  -11   10   -2    9    0  -13    4   -5   -5   16    8   17    4  -14
    1    2   15    1    3    2    3    1       900   -1   -9    8  -12    3   -1    9   -1    5   -4    4    5    7    0  -13   16  -14  -16
    1    3    1    1    1    3    1    1      4657   17    7   12  -11   -9    2    7  -11    2   16   16   18   -1   -6   -9  -14  -10   -4
    1    3    2    1    3    3    3    1       760   -1   -9    4   -8    3    0    9   -1    7   -4    6    6    8    1  -12   15   -7   -5
    1    3    3    1    3    2    3    1       939   -1   -9    8  -12    3   -1    9   -1    5   -4    4    5    7    0  -13   16  -14  -16
    1    3    4    1    2    2    2    1      1015   -3   14    8   -5  -12   10    0    8   -3  -11    3    1   -3   17    9   12    5  -13
    1    3    5    1    2    1    2    1       751   -6   11    8   -8  -11    7   -1   11   -3   -8    4   -4   -5   15   10    3    6  -14
    1    3    6    1    3    4    3    1       835   -1   -9   -3  -20    2   -4   10    0    5   -5   12   12    7   -2  -20   17   -9   -7
    1    3    7    1    1    2    1    1      1266   16    6   12  -11   -6   -3   16   -4    2   15    5    8    0   -3   -9  -12  -11   -2
    1    3    8    1    1    4    1    1      1297   24    4   11  -11  -11    5    8  -10    2   16    6    8   -2   -5   -9  -17  -11   -2
    1    3    9    1    2    3    2    1       766   -8   11    7   -8  -13    4    3    4   -4  -10    2   -3  -10   13    9   14    5   -5
    1    3   10    1    2    4    2    1      1009   -6   13   -3  -14  -11   10   -2    9    0  -13    4   -5   -5   16    8   17    4  -14
    1    3   11    1    1    1    1    1      1977   16   11   15   -9   -9    1   10   -7    3   14    8    8    7    2   -9  -13  -11   -2
    1    3   12    1    3    1    3    1       747  -12   -1    4  -13    5   -4   11   -2    6   -6    2    2    5    2  -12    8   -5   -6
    1    3   13    1    2    5    2    1       639   -7    9    6   -8  -10   10    0    8   -2  -12    2   -6   -6   12   12   13    2  -12
    1    3   14    1    3    5    3    1       695   -5  -14    8  -13    3    0   11   -2    4   -3   -5   12    3   -8  -15   13   -8   -7
    1    3   15    1    1    5    1    1      2364   15    8   10  -11  -14    0    5   -7    1   16   12   11   -2   -2  -12  -14  -12   -4
    1    4    1    1    1    5    1    1       606   15    8   10  -11  -14    0    5   -7    1   16   12   11   -2   -2  -12  -14  -12   -4
    1    4    2    1    2    1    2    1       648   -6   11    8   -8  -11    7   -1   11   -3   -8    4   -4   -5   15   10    3    6  -14
    1    4    3    1    1    3    1    1       831   17    7   12  -11   -9    2    7  -11    2   16   16   18   -1   -6   -9  -14  -10   -4
    1    4    4    1    3    4    3    1       719   -1   -9   -3  -20    2   -4   10    0    5   -5   12   12    7   -2  -20   17   -9   -7
    1    4    5    1    2    3    2    1       931   -8   11    7   -8  -13    4    3    4   -4  -10    2   -3  -10   13    9   14    5   -5
    1    4    6    1    2    2    2    1       848   -3   14    8   -5  -12   10    0    8   -3  -11    3    1   -3   17    9   12    5  -13
    1    4    7    1    2    4    2    1       943   -6   13   -3  -14  -11   10   -2    9    0  -13    4   -5   -5   16    8   17    4  -14
    1    4    8    1    1    4    1    1      2154   24    4   11  -11  -11    5    8  -10    2   16    6    8   -2   -5   -9  -17  -11   -2
    1    4    9    1    1    1    1    1      1477   16   11   15   -9   -9    1   10   -7    3   14    8    8    7    2   -9  -13  -11   -2
    1    4   10    1    1    2    1    1       907   16    6   12  -11   -6   -3   16   -4    2   15    5    8    0   -3   -9  -12  -11   -2
    1    4   11    1    3    3    3    1       697   -1   -9    4   -8    3    0    9   -1    7   -4    6    6    8    1  -12   15   -7   -5
    1    4   12    1    3    5    3    1       622   -5  -14    8  -13    3    0   11   -2    4   -3   -5   12    3   -8  -15   13   -8   -7
    1    4   13    1    2    5    2    1       582   -7    9    6   -8  -10   10    0    8   -2  -12    2   -6   -6   12   12   13    2  -12
    1    4   14    1    3    1    3    1       640  -12   -1    4  -13    5   -4   11   -2    6   -6    2    2    5    2  -12    8   -5   -6
    1    4   15    1    3    2    3    1       680   -1   -9    8  -12    3   -1    9   -1    5   -4    4    5    7    0  -13   16  -14  -16
    1    5    1    1    3    2    3    1       462   -1   -9    8  -12    3   -1    9   -1    5   -4    4    5    7    0  -13   16  -14  -16
    1    5    2    1    1    3    1    1      1501   17    7   12  -11   -9    2    7  -11    2   16   16   18   -1   -6   -9  -14  -10   -4
    1    5    3    1    2    4    2    1       770   -6   13   -3  -14  -11   10   -2    9    0  -13    4   -5   -5   16    8   17    4  -14
    1    5    4    1    2    3    2    1       613   -8   11    7   -8  -13    4    3    4   -4  -10    2   -3  -10   13    9   14    5   -5
    1    5    5    1    2    1    2    1       797   -6   11    8   -8  -11    7   -1   11   -3   -8    4   -4   -5   15   10    3    6  -14
    1    5    6    1    1    4    2    0       750   24    4   11  -11  -11    5    8  -10    2   16    6    8   -2   -5   -9  -17  -11   -2
    1    5    7    1    1    1    1    1      1026   16   11   15   -9   -9    1   10   -7    3   14    8    8    7    2   -9  -13  -11   -2
    1    5    8    1    1    2    1    1       890   16    6   12  -11   -6   -3   16   -4    2   15    5    8    0   -3   -9  -12  -11   -2
    1    5    9    1    1    5    1    1      1240   15    8   10  -11  -14    0    5   -7    1   16   12   11   -2   -2  -12  -14  -12   -4
    1    5   10    1    3    1    3    1       760  -12   -1    4  -13    5   -4   11   -2    6   -6    2    2    5    2  -12    8   -5   -6
    1    5   11    1    2    2    2    1      1146   -3   14    8   -5  -12   10    0    8   -3  -11    3    1   -3   17    9   12    5  -13
    1    5   12    1    3    5    3    1       797   -5  -14    8  -13    3    0   11   -2    4   -3   -5   12    3   -8  -15   13   -8   -7
    1    5   13    1    3    3    3    1       655   -1   -9    4   -8    3    0    9   -1    7   -4    6    6    8    1  -12   15   -7   -5
    1    5   14    1    2    5    2    1       918   -7    9    6   -8  -10   10    0    8   -2  -12    2   -6   -6   12   12   13    2  -12
    1    5   15    1    3    4    1    0      2883   -1   -9   -3  -20    2   -4   10    0    5   -5   12   12    7   -2  -20   17   -9   -7
    1    6    1    1    3    2    3    1       752   -1   -9    8  -12    3   -1    9   -1    5   -4    4    5    7    0  -13   16  -14  -16
    1    6    2    1    3    1    3    1       628  -12   -1    4  -13    5   -4   11   -2    6   -6    2    2    5    2  -12    8   -5   -6
    1    6    3    1    1    2    1    1      2412   16    6   12  -11   -6   -3   16   -4    2   15    5    8    0   -3   -9  -12  -11   -2
    1    6    4    1    1    5    1    1      1660   15    8   10  -11  -14    0    5   -7    1   16   12   11   -2   -2  -12  -14  -12   -4
    1    6    5    1    1    1    1    1      1067   16   11   15   -9   -9    1   10   -7    3   14    8    8    7    2   -9  -13  -11   -2
    1    6    6    1    3    4    3    1      2945   -1   -9   -3  -20    2   -4   10    0    5   -5   12   12    7   -2  -20   17   -9   -7
    1    6    7    1    1    3    1    1       749   17    7   12  -11   -9    2    7  -11    2   16   16   18   -1   -6   -9  -14  -10   -4
    1    6    8    1    2    2    2    1       656   -3   14    8   -5  -12   10    0    8   -3  -11    3    1   -3   17    9   12    5  -13
    1    6    9    1    1    4    1    1      4087   24    4   11  -11  -11    5    8  -10    2   16    6    8   -2   -5   -9  -17  -11   -2
    1    6   10    1    2    3    2    1      3141   -8   11    7   -8  -13    4    3    4   -4  -10    2   -3  -10   13    9   14    5   -5
    1    6   11    1    2    1    2    1      1193   -6   11    8   -8  -11    7   -1   11   -3   -8    4   -4   -5   15   10    3    6  -14
    1    6   12    1    2    4    2    1       762   -6   13   -3  -14  -11   10   -2    9    0  -13    4   -5   -5   16    8   17    4  -14
    1    6   13    1    3    3    3    1       637   -1   -9    4   -8    3    0    9   -1    7   -4    6    6    8    1  -12   15   -7   -5
    1    6   14    1    3    5    3    1       821   -5  -14    8  -13    3    0   11   -2    4   -3   -5   12    3   -8  -15   13   -8   -7
    1    6   15    1    2    5    2    1       709   -7    9    6   -8  -10   10    0    8   -2  -12    2   -6   -6   12   12   13    2  -12
    1    7    1    1    3    2    3    1       794   -1   -9    8  -12    3   -1    9   -1    5   -4    4    5    7    0  -13   16  -14  -16
    1    7    2    1    3    5    3    1      1723   -5  -14    8  -13    3    0   11   -2    4   -3   -5   12    3   -8  -15   13   -8   -7
    1    7    3    1    1    3    1    1      1336   17    7   12  -11   -9    2    7  -11    2   16   16   18   -1   -6   -9  -14  -10   -4
    1    7    4    1    2    4    2    1       788   -6   13   -3  -14  -11   10   -2    9    0  -13    4   -5   -5   16    8   17    4  -14
    1    7    5    1    1    5    1    1      1462   15    8   10  -11  -14    0    5   -7    1   16   12   11   -2   -2  -12  -14  -12   -4
    1    7    6    1    3    1    3    1       780  -12   -1    4  -13    5   -4   11   -2    6   -6    2    2    5    2  -12    8   -5   -6
    1    7    7    1    2    2    2    1      2462   -3   14    8   -5  -12   10    0    8   -3  -11    3    1   -3   17    9   12    5  -13
    1    7    8    1    1    2    1    1      1212   16    6   12  -11   -6   -3   16   -4    2   15    5    8    0   -3   -9  -12  -11   -2
    1    7    9    1    3    4    3    1       973   -1   -9   -3  -20    2   -4   10    0    5   -5   12   12    7   -2  -20   17   -9   -7
    1    7   10    1    2    3    2    1      1336   -8   11    7   -8  -13    4    3    4   -4  -10    2   -3  -10   13    9   14    5   -5
    1    7   11    1    3    3    3    1      1124   -1   -9    4   -8    3    0    9   -1    7   -4    6    6    8    1  -12   15   -7   -5
    1    7   12    1    2    5    2    1      1192   -7    9    6   -8  -10   10    0    8   -2  -12    2   -6   -6   12   12   13    2  -12
    1    7   13    1    2    1    2    1      1753   -6   11    8   -8  -11    7   -1   11   -3   -8    4   -4   -5   15   10    3    6  -14
    1    7   14    1    1    1    1    1      1253   16   11   15   -9   -9    1   10   -7    3   14    8    8    7    2   -9  -13  -11   -2
    1    7   15    1    1    4    1    1      1540   24    4   11  -11  -11    5    8  -10    2   16    6    8   -2   -5   -9  -17  -11   -2
    1    8    1    1    3    4    3    1       760   -1   -9   -3  -20    2   -4   10    0    5   -5   12   12    7   -2  -20   17   -9   -7
    1    8    2    1    1    4    1    1      1931   24    4   11  -11  -11    5    8  -10    2   16    6    8   -2   -5   -9  -17  -11   -2
    1    8    3    1    1    2    1    1      1199   16    6   12  -11   -6   -3   16   -4    2   15    5    8    0   -3   -9  -12  -11   -2
    1    8    4    1    2    3    2    1      1904   -8   11    7   -8  -13    4    3    4   -4  -10    2   -3  -10   13    9   14    5   -5
    1    8    5    1    2    4    2    1       677   -6   13   -3  -14  -11   10   -2    9    0  -13    4   -5   -5   16    8   17    4  -14
    1    8    6    1    1    5    1    1       987   15    8   10  -11  -14    0    5   -7    1   16   12   11   -2   -2  -12  -14  -12   -4
    1    8    7    1    2    2    2    1       629   -3   14    8   -5  -12   10    0    8   -3  -11    3    1   -3   17    9   12    5  -13
    1    8    8    1    1    3    1    1      1149   17    7   12  -11   -9    2    7  -11    2   16   16   18   -1   -6   -9  -14  -10   -4
    1    8    9    1    1    1    1    1      1776   16   11   15   -9   -9    1   10   -7    3   14    8    8    7    2   -9  -13  -11   -2
    1    8   10    1    2    5    2    1       810   -7    9    6   -8  -10   10    0    8   -2  -12    2   -6   -6   12   12   13    2  -12
    1    8   11    1    3    2    3    1       618   -1   -9    8  -12    3   -1    9   -1    5   -4    4    5    7    0  -13   16  -14  -16
    1    8   12    1    2    1    2    1      1251   -6   11    8   -8  -11    7   -1   11   -3   -8    4   -4   -5   15   10    3    6  -14
    1    8   13    1    3    5    3    1       675   -5  -14    8  -13    3    0   11   -2    4   -3   -5   12    3   -8  -15   13   -8   -7
    1    8   14    1    3    1    3    1       601  -12   -1    4  -13    5   -4   11   -2    6   -6    2    2    5    2  -12    8   -5   -6
    1    8   15    1    3    3    3    1       610   -1   -9    4   -8    3    0    9   -1    7   -4    6    6    8    1  -12   15   -7   -5
    1    9    1    1    2    2    2    1       827   -3   14    8   -5  -12   10    0    8   -3  -11    3    1   -3   17    9   12    5  -13
    1    9    2    1    1    5    1    1       843   15    8   10  -11  -14    0    5   -7    1   16   12   11   -2   -2  -12  -14  -12   -4
    1    9    3    1    2    5    2    1       618   -7    9    6   -8  -10   10    0    8   -2  -12    2   -6   -6   12   12   13    2  -12
    1    9    4    1    1    3    1    1      1107   17    7   12  -11   -9    2    7  -11    2   16   16   18   -1   -6   -9  -14  -10   -4
    1    9    5    1    2    4    2    1       728   -6   13   -3  -14  -11   10   -2    9    0  -13    4   -5   -5   16    8   17    4  -14
    1    9    6    1    3    5    3    1       700   -5  -14    8  -13    3    0   11   -2    4   -3   -5   12    3   -8  -15   13   -8   -7
    1    9    7    1    3    2    3    1       673   -1   -9    8  -12    3   -1    9   -1    5   -4    4    5    7    0  -13   16  -14  -16
    1    9    8    1    3    3    3    1       504   -1   -9    4   -8    3    0    9   -1    7   -4    6    6    8    1  -12   15   -7   -5
    1    9    9    1    1    2    1    1      2325   16    6   12  -11   -6   -3   16   -4    2   15    5    8    0   -3   -9  -12  -11   -2
    1    9   10    1    2    3    2    1       602   -8   11    7   -8  -13    4    3    4   -4  -10    2   -3  -10   13    9   14    5   -5
    1    9   11    1    3    4    3    1       979   -1   -9   -3  -20    2   -4   10    0    5   -5   12   12    7   -2  -20   17   -9   -7
    1    9   12    1    1    4    1    1       829   24    4   11  -11  -11    5    8  -10    2   16    6    8   -2   -5   -9  -17  -11   -2
    1    9   13    1    3    1    3    1       669  -12   -1    4  -13    5   -4   11   -2    6   -6    2    2    5    2  -12    8   -5   -6
    1    9   14    1    1    1    1    1       851   16   11   15   -9   -9    1   10   -7    3   14    8    8    7    2   -9  -13  -11   -2
    1    9   15    1    2    1    2    1       739   -6   11    8   -8  -11    7   -1   11   -3   -8    4   -4   -5   15   10    3    6  -14
    1   10    1    1    3    2    3    1       631   -1   -9    8  -12    3   -1    9   -1    5   -4    4    5    7    0  -13   16  -14  -16
    1   10    2    1    1    2    1    1       783   16    6   12  -11   -6   -3   16   -4    2   15    5    8    0   -3   -9  -12  -11   -2
    1   10    3    1    2    3    2    1       656   -8   11    7   -8  -13    4    3    4   -4  -10    2   -3  -10   13    9   14    5   -5
    1   10    4    1    2    4    2    1       936   -6   13   -3  -14  -11   10   -2    9    0  -13    4   -5   -5   16    8   17    4  -14
    1   10    5    1    3    3    3    1       660   -1   -9    4   -8    3    0    9   -1    7   -4    6    6    8    1  -12   15   -7   -5
    1   10    6    1    1    4    1    1      1194   24    4   11  -11  -11    5    8  -10    2   16    6    8   -2   -5   -9  -17  -11   -2
    1   10    7    1    3    5    3    1       572   -5  -14    8  -13    3    0   11   -2    4   -3   -5   12    3   -8  -15   13   -8   -7
    1   10    8    1    1    1    1    1       790   16   11   15   -9   -9    1   10   -7    3   14    8    8    7    2   -9  -13  -11   -2
    1   10    9    1    2    5    2    1       696   -7    9    6   -8  -10   10    0    8   -2  -12    2   -6   -6   12   12   13    2  -12
    1   10   10    1    1    5    1    1       877   15    8   10  -11  -14    0    5   -7    1   16   12   11   -2   -2  -12  -14  -12   -4
    1   10   11    1    3    1    3    1       891  -12   -1    4  -13    5   -4   11   -2    6   -6    2    2    5    2  -12    8   -5   -6
    1   10   12    1    2    2    2    1       761   -3   14    8   -5  -12   10    0    8   -3  -11    3    1   -3   17    9   12    5  -13
    1   10   13    1    1    3    1    1      1020   17    7   12  -11   -9    2    7  -11    2   16   16   18   -1   -6   -9  -14  -10   -4
    1   10   14    1    3    4    3    1       628   -1   -9   -3  -20    2   -4   10    0    5   -5   12   12    7   -2  -20   17   -9   -7
    1   10   15    1    2    1    2    1       508   -6   11    8   -8  -11    7   -1   11   -3   -8    4   -4   -5   15   10    3    6  -14
    1   11    1    1    3    5    3    1       602   -5  -14    8  -13    3    0   11   -2    4   -3   -5   12    3   -8  -15   13   -8   -7
    1   11    2    1    1    1    1    1       707   16   11   15   -9   -9    1   10   -7    3   14    8    8    7    2   -9  -13  -11   -2
    1   11    3    1    2    5    2    1       616   -7    9    6   -8  -10   10    0    8   -2  -12    2   -6   -6   12   12   13    2  -12
    1   11    4    1    1    5    1    1       577   15    8   10  -11  -14    0    5   -7    1   16   12   11   -2   -2  -12  -14  -12   -4
    1   11    5    1    1    4    1    1      1355   24    4   11  -11  -11    5    8  -10    2   16    6    8   -2   -5   -9  -17  -11   -2
    1   11    6    1    3    1    3    1       630  -12   -1    4  -13    5   -4   11   -2    6   -6    2    2    5    2  -12    8   -5   -6
    1   11    7    1    3    2    3    1       654   -1   -9    8  -12    3   -1    9   -1    5   -4    4    5    7    0  -13   16  -14  -16
    1   11    8    1    3    4    3    1       565   -1   -9   -3  -20    2   -4   10    0    5   -5   12   12    7   -2  -20   17   -9   -7
    1   11    9    1    3    3    3    1       512   -1   -9    4   -8    3    0    9   -1    7   -4    6    6    8    1  -12   15   -7   -5
    1   11   10    1    2    2    2    1       588   -3   14    8   -5  -12   10    0    8   -3  -11    3    1   -3   17    9   12    5  -13
    1   11   11    1    2    3    2    1       982   -8   11    7   -8  -13    4    3    4   -4  -10    2   -3  -10   13    9   14    5   -5
    1   11   12    1    1    3    1    1      1280   17    7   12  -11   -9    2    7  -11    2   16   16   18   -1   -6   -9  -14  -10   -4
    1   11   13    1    2    4    2    1      1038   -6   13   -3  -14  -11   10   -2    9    0  -13    4   -5   -5   16    8   17    4  -14
    1   11   14    1    1    2    1    1      1206   16    6   12  -11   -6   -3   16   -4    2   15    5    8    0   -3   -9  -12  -11   -2
    1   11   15    1    2    1    2    1       535   -6   11    8   -8  -11    7   -1   11   -3   -8    4   -4   -5   15   10    3    6  -14
    1   12    1    1    2    2    2    1       531   -3   14    8   -5  -12   10    0    8   -3  -11    3    1   -3   17    9   12    5  -13
    1   12    2    1    3    3    3    1       511   -1   -9    4   -8    3    0    9   -1    7   -4    6    6    8    1  -12   15   -7   -5
    1   12    3    1    1    1    1    1       476   16   11   15   -9   -9    1   10   -7    3   14    8    8    7    2   -9  -13  -11   -2
    1   12    4    1    1    2    1    1       442   16    6   12  -11   -6   -3   16   -4    2   15    5    8    0   -3   -9  -12  -11   -2
    1   12    5    1    3    4    1    0       506   -1   -9   -3  -20    2   -4   10    0    5   -5   12   12    7   -2  -20   17   -9   -7
    1   12    6    1    2    3    2    1      2663   -8   11    7   -8  -13    4    3    4   -4  -10    2   -3  -10   13    9   14    5   -5
    1   12    7    1    2    1    2    1      1006   -6   11    8   -8  -11    7   -1   11   -3   -8    4   -4   -5   15   10    3    6  -14
    1   12    8    1    1    5    1    1      1287   15    8   10  -11  -14    0    5   -7    1   16   12   11   -2   -2  -12  -14  -12   -4
    1   12    9    1    3    5    3    1       645   -5  -14    8  -13    3    0   11   -2    4   -3   -5   12    3   -8  -15   13   -8   -7
    1   12   10    1    3    1    3    1       636  -12   -1    4  -13    5   -4   11   -2    6   -6    2    2    5    2  -12    8   -5   -6
    1   12   11    1    3    2    3    1       324   -1   -9    8  -12    3   -1    9   -1    5   -4    4    5    7    0  -13   16  -14  -16
    1   12   12    1    1    4    1    1      1337   24    4   11  -11  -11    5    8  -10    2   16    6    8   -2   -5   -9  -17  -11   -2
    1   12   13    1    1    3    1    1      1060   17    7   12  -11   -9    2    7  -11    2   16   16   18   -1   -6   -9  -14  -10   -4
    1   12   14    1    2    5    2    1       747   -7    9    6   -8  -10   10    0    8   -2  -12    2   -6   -6   12   12   13    2  -12
    1   12   15    1    2    4    2    1       814   -6   13   -3  -14  -11   10   -2    9    0  -13    4   -5   -5   16    8   17    4  -14
    1   13    1    1    3    5    3    1       623   -5  -14    8  -13    3    0   11   -2    4   -3   -5   12    3   -8  -15   13   -8   -7
    1   13    2    1    1    2    1    1      1096   16    6   12  -11   -6   -3   16   -4    2   15    5    8    0   -3   -9  -12  -11   -2
    1   13    3    1    3    3    3    1       669   -1   -9    4   -8    3    0    9   -1    7   -4    6    6    8    1  -12   15   -7   -5
    1   13    4    1    1    3    1    1       803   17    7   12  -11   -9    2    7  -11    2   16   16   18   -1   -6   -9  -14  -10   -4
    1   13    5    1    2    4    2    1       981   -6   13   -3  -14  -11   10   -2    9    0  -13    4   -5   -5   16    8   17    4  -14
    1   13    6    1    3    1    3    1       703  -12   -1    4  -13    5   -4   11   -2    6   -6    2    2    5    2  -12    8   -5   -6
    1   13    7    1    2    5    2    1       980   -7    9    6   -8  -10   10    0    8   -2  -12    2   -6   -6   12   12   13    2  -12
    1   13    8    1    2    2    2    1       686   -3   14    8   -5  -12   10    0    8   -3  -11    3    1   -3   17    9   12    5  -13
    1   13    9    1    3    4    3    1       692   -1   -9   -3  -20    2   -4   10    0    5   -5   12   12    7   -2  -20   17   -9   -7
    1   13   10    1    2    3    2    1       698   -8   11    7   -8  -13    4    3    4   -4  -10    2   -3  -10   13    9   14    5   -5
    1   13   11    1    1    5    1    1      1263   15    8   10  -11  -14    0    5   -7    1   16   12   11   -2   -2  -12  -14  -12   -4
    1   13   12    1    1    1    1    1       686   16   11   15   -9   -9    1   10   -7    3   14    8    8    7    2   -9  -13  -11   -2
    1   13   13    1    1    4    1    1      1203   24    4   11  -11  -11    5    8  -10    2   16    6    8   -2   -5   -9  -17  -11   -2
    1   13   14    1    2    1    2    1       741   -6   11    8   -8  -11    7   -1   11   -3   -8    4   -4   -5   15   10    3    6  -14
    1   13   15    1    3    2    3    1       633   -1   -9    8  -12    3   -1    9   -1    5   -4    4    5    7    0  -13   16  -14  -16
    1   14    1    1    3    1    3    1       593  -12   -1    4  -13    5   -4   11   -2    6   -6    2    2    5    2  -12    8   -5   -6
    1   14    2    1    2    2    2    1       842   -3   14    8   -5  -12   10    0    8   -3  -11    3    1   -3   17    9   12    5  -13
    1   14    3    1    2    1    2    1       602   -6   11    8   -8  -11    7   -1   11   -3   -8    4   -4   -5   15   10    3    6  -14
    1   14    4    1    2    4    2    1       707   -6   13   -3  -14  -11   10   -2    9    0  -13    4   -5   -5   16    8   17    4  -14
    1   14    5    1    3    2    3    1       632   -1   -9    8  -12    3   -1    9   -1    5   -4    4    5    7    0  -13   16  -14  -16
    1   14    6    1    3    5    3    1       624   -5  -14    8  -13    3    0   11   -2    4   -3   -5   12    3   -8  -15   13   -8   -7
    1   14    7    1    1    3    1    1       681   17    7   12  -11   -9    2    7  -11    2   16   16   18   -1   -6   -9  -14  -10   -4
    1   14    8    1    2    3    2    1       639   -8   11    7   -8  -13    4    3    4   -4  -10    2   -3  -10   13    9   14    5   -5
    1   14    9    1    3    3    3    1       615   -1   -9    4   -8    3    0    9   -1    7   -4    6    6    8    1  -12   15   -7   -5
    1   14   10    1    1    2    1    1      1167   16    6   12  -11   -6   -3   16   -4    2   15    5    8    0   -3   -9  -12  -11   -2
    1   14   11    1    1    4    1    1       930   24    4   11  -11  -11    5    8  -10    2   16    6    8   -2   -5   -9  -17  -11   -2
    1   14   12    1    1    5    1    1       702   15    8   10  -11  -14    0    5   -7    1   16   12   11   -2   -2  -12  -14  -12   -4
    1   14   13    1    3    4    3    1       627   -1   -9   -3  -20    2   -4   10    0    5   -5   12   12    7   -2  -20   17   -9   -7
    1   14   14    1    1    1    1    1       635   16   11   15   -9   -9    1   10   -7    3   14    8    8    7    2   -9  -13  -11   -2
    1   14   15    1    2    5    2    1       547   -7    9    6   -8  -10   10    0    8   -2  -12    2   -6   -6   12   12   13    2  -12
    1   15    1    1    2    2    2    1       526   -3   14    8   -5  -12   10    0    8   -3  -11    3    1   -3   17    9   12    5  -13
    1   15    2    1    3    1    3    1       618  -12   -1    4  -13    5   -4   11   -2    6   -6    2    2    5    2  -12    8   -5   -6
    1   15    3    1    1    2    1    1       819   16    6   12  -11   -6   -3   16   -4    2   15    5    8    0   -3   -9  -12  -11   -2
    1   15    4    1    2    5    2    1       707   -7    9    6   -8  -10   10    0    8   -2  -12    2   -6   -6   12   12   13    2  -12
    1   15    5    1    1    4    1    1       729   24    4   11  -11  -11    5    8  -10    2   16    6    8   -2   -5   -9  -17  -11   -2
    1   15    6    1    2    4    2    1       573   -6   13   -3  -14  -11   10   -2    9    0  -13    4   -5   -5   16    8   17    4  -14
    1   15    7    1    1    1    1    1      1703   16   11   15   -9   -9    1   10   -7    3   14    8    8    7    2   -9  -13  -11   -2
    1   15    8    1    1    3    1    1      3221   17    7   12  -11   -9    2    7  -11    2   16   16   18   -1   -6   -9  -14  -10   -4
    1   15    9    1    1    5    1    1       821   15    8   10  -11  -14    0    5   -7    1   16   12   11   -2   -2  -12  -14  -12   -4
    1   15   10    1    3    5    3    1       646   -5  -14    8  -13    3    0   11   -2    4   -3   -5   12    3   -8  -15   13   -8   -7
    1   15   11    1    2    1    2    1      1453   -6   11    8   -8  -11    7   -1   11   -3   -8    4   -4   -5   15   10    3    6  -14
    1   15   12    1    2    3    2    1       708   -8   11    7   -8  -13    4    3    4   -4  -10    2   -3  -10   13    9   14    5   -5
    1   15   13    1    3    3    3    1      1850   -1   -9    4   -8    3    0    9   -1    7   -4    6    6    8    1  -12   15   -7   -5
    1   15   14    1    3    4    3    1      2513   -1   -9   -3  -20    2   -4   10    0    5   -5   12   12    7   -2  -20   17   -9   -7
    1   15   15    1    3    2    3    1       525   -1   -9    8  -12    3   -1    9   -1    5   -4    4    5    7    0  -13   16  -14  -16
    2    1    1    1    2    3    1    1      7551   -8   11    7   -8  -13    4    3    4   -4  -10    2   -3  -10   13    9   14    5   -5
    2    1    2    1    3    5    1    1      2275   -5  -14    8  -13    3    0   11   -2    4   -3   -5   12    3   -8  -15   13   -8   -7
    2    1    3    1    1    4    2    0      1977   24    4   11  -11  -11    5    8  -10    2   16    6    8   -2   -5   -9  -17  -11   -2
    2    1    4    1    2    5    1    1      1515   -7    9    6   -8  -10   10    0    8   -2  -12    2   -6   -6   12   12   13    2  -12
    2    1    5    1    3    1    1    1      1136  -12   -1    4  -13    5   -4   11   -2    6   -6    2    2    5    2  -12    8   -5   -6
    2    1    6    1    2    1    1    1      1108   -6   11    8   -8  -11    7   -1   11   -3   -8    4   -4   -5   15   10    3    6  -14
    2    1    7    1    1    1    2    0      2233   16   11   15   -9   -9    1   10   -7    3   14    8    8    7    2   -9  -13  -11   -2
    2    1    8    6    0    0    2    1      1425   -2    6   -9   10   13    4   -8   15    6    7   13   12   -5   -4   -9   -5  -15   14
    2    1    9    1    3    2    1    1      1273   -1   -9    8  -12    3   -1    9   -1    5   -4    4    5    7    0  -13   16  -14  -16
    2    1   10    4    1    1    2    1      1640   16    8   10   -8   -9    2    4  -16    2   15   17    4   -4   -6   -8  -16  -13   -2
    2    1   11    4    3    3    2    1       920   -1  -11    2   -7    3    0   10    0    4   -5    7   -4   15   -9  -13   15   -5   -6
    2    1   12    1    1    3    1    1      1204   17    7   12  -11   -9    2    7  -11    2   16   16   18   -1   -6   -9  -14  -10   -4
    2    1   13    6    0    0    2    1      1766    9    3  -11    3   -5   -9   12   -6  -19    5   -7  -12   13   11    3    7    5    2
    2    1   14    4    1    4    1    0      1728   17    6    9   -9   -5    7    7   -8    2   17    8   11    0   -9  -10  -14  -12    2
    2    1   15    1    1    2    2    0      2700   16    6   12  -11   -6   -3   16   -4    2   15    5    8    0   -3   -9  -12  -11   -2
    2    1   16    1    2    4    1    1      1105   -6   13   -3  -14  -11   10   -2    9    0  -13    4   -5   -5   16    8   17    4  -14
    2    1   17    6    0    0    2    1       791   -6    7  -18    7   -5    3    2   11   10    5   15    6    6    2   11   -6   -1   13
    2    1   18    4    1    3    1    0      1000   18    7    3   -1   -9    2    7  -11    2   16    5   10   -6   -2   -6  -11   -4   -7
    2    1   19    4    2    3    2    1      3090   -6    9    6   -7   -9    8    1   11   -5   -8    5   -2   -1   23    9   11    4  -15
    2    1   20    4    3    5    2    1      5736   -1   -7    5  -14    4   -2   10    0   13  -13    5    6   11    3  -12   13   -6   -6
    2    1   21    4    2    1    2    1      1747   -6   12    7   -8   -9    8    4   11   -3   -9    5   -7   -6    8   -1   16    6  -12
    2    1   22    1    2    2    1    1       895   -3   14    8   -5  -12   10    0    8   -3  -11    3    1   -3   17    9   12    5  -13
    2    1   23    4    2    5    2    1      1116   -4   14   12   -5  -12    9    1    9   -3   -9    5   -6   -9   12    9   13    4  -14
    2    1   24    1    1    5    1    1      1681   15    8   10  -11  -14    0    5   -7    1   16   12   11   -2   -2  -12  -14  -12   -4
    2    1   25    4    3    4    2    1       991   -2  -10   -3   -3    3   -4    8   -1    7   -7   10    4    4    6  -16   15   -4   -1
    2    1   26    4    3    2    2    1      1560   -3  -10    8  -13    3  -10    9    0    4   -3    3    6    2   -4  -15   13   -8   -4
    2    1   27    4    2    4    2    1      3131   -9   12    9   -6   -5   10   -1    9   -8  -12    4   -4   -2    7    8   14    6  -15
    2    1   28    4    2    2    2    1      1407   -7   10    7   -7   -9   19   -1   10   -1  -11    5   -5   -9   22    9   13    5  -11
    2    1   29    4    1    5    2    1      1752   18    8   15  -14  -11    4    3  -19    1   16    8    9   -7  -10   -5  -14  -13   -3
    2    1   30    1    3    3    1    1       963   -1   -9    4   -8    3    0    9   -1    7   -4    6    6    8    1  -12   15   -7   -5
    2    1   31    6    0    0    2    1       926   -4    7  -14   11   15    3   -8   15    6    8   20   20   -4   -5  -10   -6  -16   13
    2    1   32    2    2    0    1    0      1546   -7   11    7   -6  -10    9    0    9   -3  -10    3   -4   -5   13    8   13    6  -13
    2    1   33    2    1    0    1    0       813   16    7   10   -9  -10    2    7   -9    1   15    7    9   -1   -3  -11  -13  -12   -3
    2    1   34    6    0    0    2    1       846   -5    2  -12    0   -5   -2    3    9   -2    9   13   10    5    7   10  -11   -1   16
    2    1   35    4    3    1    2    1      1341   -2  -10    5  -12    3   -4    8   -1    0    0    4    5   19   -8  -14   16   -8   -6
    2    1   36    6    0    0    2    1       937    8    3    0   -9   -3  -10    6   -3  -11    2   -9  -12   14   10    2    8    2  -15
    2    1   37    4    1    2    2    1       853   15    7   13   -8  -12    4    4  -18    2   16   -2    0   -2   -3  -10  -13  -11   -4
    2    1   38    1    3    4    1    1      1220   -1   -9   -3  -20    2   -4   10    0    5   -5   12   12    7   -2  -20   17   -9   -7
    2    1   39    2    3    0    2    1      1717   -2   -9    7  -12    3   -2   10   -1    4   -4    4    6    9    1  -13   14   -7   -6
