    1    1    1    1    3    2    1    0      3148  -10    3    1   11    0  -10   21    3  -10   10   13   -4    9   -9  -21    1   12   -9
    1    1    2    1    3    5    3    1      1486   -9    1    3    7    0  -11   13    0   -9   12    7    1    7  -11  -23  -10   20   -3
    1    1    3    1    1    3    3    0       772   -1   -7    2   11   13    4   -5    0    7  -11   10  -10    6    2    0    3   -5    7
    1    1    4    1    2    4    3    0       982   -4  -12    5   -8   -6    1   13   -4   16   -4    1    8   -5  -10   11    3   -5    5
    1    1    5    1    1    4    3    0      1328    0   -7   -6   17   11    7   -2    3    6  -10    5   -1    8    0    0    1   -7    7
    1    1    6    1    2    3    2    1       733   -4  -10    9   -9   -3   -2   11   -3   12    1   -3    9   -6   -8    9    6   -8    0
    1    1    7    1    2    1    2    1       689   -6  -12    7  -10   -1   -1   13   -3   15   -2   -1   10   -8   -8   11    6   -4    4
    1    1    8    1    2    2    3    0      1095   -6  -13    3  -15   -8    2   13   -1   16   -3    0    8   -7   -9    8    6   -2    3
    1    1    9    1    1    5    2    0       637   -2   -7    2    9    9    4   -2    3   10  -16    8  -13    7    0   -1   -3   -4    8
    1    1   10    1    1    2    1    1      1317    3   -9    3    9   12    4    0    7    5  -11    7   -7    5   -1    2    1   -6   10
    1    1   11    1    3    4    1    0      1650   -9    2    3    8   -2  -12   11    3  -10   12   12   -2    8   -8  -13   -5   14   -9
    1    1   12    1    3    1    3    1       673  -10    3    5   10   -2  -10   14    3   -8   10   13   -1    8   -7  -13   -6   12  -11
    1    1   13    1    3    3    3    1       616  -11    4    2   11    0  -11   12    6  -10   10   17    2   -1  -13  -11   -6    9   -6
    1    1   14    1    1    1    2    0       913    2   -5    4    8    8    1   -2    2    6  -16   12  -11   -2   -2    8   -3   -2   11
    1    1   15    1    2    5    1    0      1294   -5  -12   13    1   -9    5   13   -7   14   -1   -2    9   -7   -8   11    4   -3    5
    1    2    1    1    1    1    2    0      1052    2   -5    4    8    8    1   -2    2    6  -16   12  -11   -2   -2    8   -3   -2   11
    1    2    2    1    1    2    1    1       915    3   -9    3    9   12    4    0    7    5  -11    7   -7    5   -1    2    1   -6   10
    1    2    3    1    2    5    2    1       944   -5  -12   13    1   -9    5   13   -7   14   -1   -2    9   -7   -8   11    4   -3    5
    1    2    4    1    1    4    1    1       924    0   -7   -6   17   11    7   -2    3    6  -10    5   -1    8    0    0    1   -7    7
    1    2    5    1    1    3    2    0      1048   -1   -7    2   11   13    4   -5    0    7  -11   10  -10    6    2    0    3   -5    7
    1    2    6    1    2    4    1    0      1136   -4  -12    5   -8   -6    1   13   -4   16   -4    1    8   -5  -10   11    3   -5    5
    1    2    7    1    2    1    2    1       852   -6  -12    7  -10   -1   -1   13   -3   15   -2   -1   10   -8   -8   11    6   -4    4
    1    2    8    1    3    1    3    1      1107  -10    3    5   10   -2  -10   14    3   -8   10   13   -1    8   -7  -13   -6   12  -11
    1    2    9    1    3    4    3    1       649   -9    2    3    8   -2  -12   11    3  -10   12   12   -2    8   -8  -13   -5   14   -9
    1    2   10    1    2    2    1    0       912   -6  -13    3  -15   -8    2   13   -1   16   -3    0    8   -7   -9    8    6   -2    3
    1    2   11    1    3    5    3    1      1085   -9    1    3    7    0  -11   13    0   -9   12    7    1    7  -11  -23  -10   20   -3
    1    2   12    1    3    2    3    1       659  -10    3    1   11    0  -10   21    3  -10   10   13   -4    9   -9  -21    1   12   -9
    1    2   13    1    1    5    2    0      1146   -2   -7    2    9    9    4   -2    3   10  -16    8  -13    7    0   -1   -3   -4    8
    1    2   14    1    2    3    2    1       654   -4  -10    9   -9   -3   -2   11   -3   12    1   -3    9   -6   -8    9    6   -8    0
    1    2   15    1    3    3    3    1       997  -11    4    2   11    0  -11   12    6  -10   10   17    2   -1  -13  -11   -6    9   -6
    1    3    1    1    3    5    3    1       879   -9    1    3    7    0  -11   13    0   -9   12    7    1    7  -11  -23  -10   20   -3
    1    3    2    1    2    1    2    1      1837   -6  -12    7  -10   -1   -1   13   -3   15   -2   -1   10   -8   -8   11    6   -4    4
    1    3    3    1    1    5    1    1       629   -2   -7    2    9    9    4   -2    3   10  -16    8  -13    7    0   -1   -3   -4    8
    1    3    4    1    3    2    3    1       766  -10    3    1   11    0  -10   21    3  -10   10   13   -4    9   -9  -21    1   12   -9
    1    3    5    1    1    3    2    0      1120   -1   -7    2   11   13    4   -5    0    7  -11   10  -10    6    2    0    3   -5    7
    1    3    6    1    3    1    3    1      1237  -10    3    5   10   -2  -10   14    3   -8   10   13   -1    8   -7  -13   -6   12  -11
    1    3    7    1    2    3    1    0      1845   -4  -10    9   -9   -3   -2   11   -3   12    1   -3    9   -6   -8    9    6   -8    0
    1    3    8    1    1    1    1    1       781    2   -5    4    8    8    1   -2    2    6  -16   12  -11   -2   -2    8   -3   -2   11
    1    3    9    1    3    4    3    1      1007   -9    2    3    8   -2  -12   11    3  -10   12   12   -2    8   -8  -13   -5   14   -9
    1    3   10    1    3    3    3    1       744  -11    4    2   11    0  -11   12    6  -10   10   17    2   -1  -13  -11   -6    9   -6
    1    3   11    1    2    5    3    0      1084   -5  -12   13    1   -9    5   13   -7   14   -1   -2    9   -7   -8   11    4   -3    5
    1    3   12    1    1    4    1    1      1058    0   -7   -6   17   11    7   -2    3    6  -10    5   -1    8    0    0    1   -7    7
    1    3   13    1    2    4    2    1      1306   -4  -12    5   -8   -6    1   13   -4   16   -4    1    8   -5  -10   11    3   -5    5
    1    3   14    1    2    2    2    1       775   -6  -13    3  -15   -8    2   13   -1   16   -3    0    8   -7   -9    8    6   -2    3
    1    3   15    1    1    2    1    1       618    3   -9    3    9   12    4    0    7    5  -11    7   -7    5   -1    2    1   -6   10
    1    4    1    1    1    3    1    1       770   -1   -7    2   11   13    4   -5    0    7  -11   10  -10    6    2    0    3   -5    7
    1    4    2    1    3    2    3    1       837  -10    3    1   11    0  -10   21    3  -10   10   13   -4    9   -9  -21    1   12   -9
    1    4    3    1    2    1    1    0       821   -6  -12    7  -10   -1   -1   13   -3   15   -2   -1   10   -8   -8   11    6   -4    4
    1    4    4    1    2    4    2    1       934   -4  -12    5   -8   -6    1   13   -4   16   -4    1    8   -5  -10   11    3   -5    5
    1    4    5    1    3    3    3    1       882  -11    4    2   11    0  -11   12    6  -10   10   17    2   -1  -13  -11   -6    9   -6
    1    4    6    1    3    1    3    1       544  -10    3    5   10   -2  -10   14    3   -8   10   13   -1    8   -7  -13   -6   12  -11
    1    4    7    1    1    5    1    1      2124   -2   -7    2    9    9    4   -2    3   10  -16    8  -13    7    0   -1   -3   -4    8
    1    4    8    1    2    2    2    1      1160   -6  -13    3  -15   -8    2   13   -1   16   -3    0    8   -7   -9    8    6   -2    3
    1    4    9    1    1    2    1    1       684    3   -9    3    9   12    4    0    7    5  -11    7   -7    5   -1    2    1   -6   10
    1    4   10    1    2    5    2    1      1250   -5  -12   13    1   -9    5   13   -7   14   -1   -2    9   -7   -8   11    4   -3    5
    1    4   11    1    1    4    1    1       705    0   -7   -6   17   11    7   -2    3    6  -10    5   -1    8    0    0    1   -7    7
    1    4   12    1    3    5    3    1       774   -9    1    3    7    0  -11   13    0   -9   12    7    1    7  -11  -23  -10   20   -3
    1    4   13    1    2    3    2    1      1577   -4  -10    9   -9   -3   -2   11   -3   12    1   -3    9   -6   -8    9    6   -8    0
    1    4   14    1    1    1    1    1       571    2   -5    4    8    8    1   -2    2    6  -16   12  -11   -2   -2    8   -3   -2   11
    1    4   15    1    3    4    3    1       790   -9    2    3    8   -2  -12   11    3  -10   12   12   -2    8   -8  -13   -5   14   -9
    1    5    1    1    2    3    2    1       504   -4  -10    9   -9   -3   -2   11   -3   12    1   -3    9   -6   -8    9    6   -8    0
    1    5    2    1    3    5    3    1       646   -9    1    3    7    0  -11   13    0   -9   12    7    1    7  -11  -23  -10   20   -3
    1    5    3    1    1    1    1    1      1262    2   -5    4    8    8    1   -2    2    6  -16   12  -11   -2   -2    8   -3   -2   11
    1    5    4    1    1    4    1    1       637    0   -7   -6   17   11    7   -2    3    6  -10    5   -1    8    0    0    1   -7    7
    1    5    5    1    3    1    3    1      1061  -10    3    5   10   -2  -10   14    3   -8   10   13   -1    8   -7  -13   -6   12  -11
    1    5    6    1    1    2    1    1      1388    3   -9    3    9   12    4    0    7    5  -11    7   -7    5   -1    2    1   -6   10
    1    5    7    1    3    3    3    1       758  -11    4    2   11    0  -11   12    6  -10   10   17    2   -1  -13  -11   -6    9   -6
    1    5    8    1    2    1    2    1      1609   -6  -12    7  -10   -1   -1   13   -3   15   -2   -1   10   -8   -8   11    6   -4    4
    1    5    9    1    2    2    2    1      1691   -6  -13    3  -15   -8    2   13   -1   16   -3    0    8   -7   -9    8    6   -2    3
    1    5   10    1    3    4    3    1       873   -9    2    3    8   -2  -12   11    3  -10   12   12   -2    8   -8  -13   -5   14   -9
    1    5   11    1    2    5    3    0      1287   -5  -12   13    1   -9    5   13   -7   14   -1   -2    9   -7   -8   11    4   -3    5
    1    5   12    1    2    4    2    1       661   -4  -12    5   -8   -6    1   13   -4   16   -4    1    8   -5  -10   11    3   -5    5
    1    5   13    1    1    3    2    0       493   -1   -7    2   11   13    4   -5    0    7  -11   10  -10    6    2    0    3   -5    7
    1    5   14    1    3    2    3    1       763  -10    3    1   11    0  -10   21    3  -10   10   13   -4    9   -9  -21    1   12   -9
    1    5   15    1    1    5    1    1      2301   -2   -7    2    9    9    4   -2    3   10  -16    8  -13    7    0   -1   -3   -4    8
    1    6    1    1    3    2    3    1       579  -10    3    1   11    0  -10   21    3  -10   10   13   -4    9   -9  -21    1   12   -9
    1    6    2    1    2    4    2    1       989   -4  -12    5   -8   -6    1   13   -4   16   -4    1    8   -5  -10   11    3   -5    5
    1    6    3    1    2    3    2    1       551   -4  -10    9   -9   -3   -2   11   -3   12    1   -3    9   -6   -8    9    6   -8    0
    1    6    4    1    2    5    2    1       563   -5  -12   13    1   -9    5   13   -7   14   -1   -2    9   -7   -8   11    4   -3    5
    1    6    5    1    3    4    3    1       989   -9    2    3    8   -2  -12   11    3  -10   12   12   -2    8   -8  -13   -5   14   -9
    1    6    6    1    1    5    1    1       583   -2   -7    2    9    9    4   -2    3   10  -16    8  -13    7    0   -1   -3   -4    8
    1    6    7    1    3    3    3    1      1217  -11    4    2   11    0  -11   12    6  -10   10   17    2   -1  -13  -11   -6    9   -6
    1    6    8    1    3    5    3    1       626   -9    1    3    7    0  -11   13    0   -9   12    7    1    7  -11  -23  -10   20   -3
    1    6    9    1    1    3    2    0      1691   -1   -7    2   11   13    4   -5    0    7  -11   10  -10    6    2    0    3   -5    7
    1    6   10    1    1    2    1    1      2153    3   -9    3    9   12    4    0    7    5  -11    7   -7    5   -1    2    1   -6   10
    1    6   11    1    2    2    2    1      1652   -6  -13    3  -15   -8    2   13   -1   16   -3    0    8   -7   -9    8    6   -2    3
    1    6   12    1    1    4    1    1      1731    0   -7   -6   17   11    7   -2    3    6  -10    5   -1    8    0    0    1   -7    7
    1    6   13    1    3    1    3    1       767  -10    3    5   10   -2  -10   14    3   -8   10   13   -1    8   -7  -13   -6   12  -11
    1    6   14    1    2    1    2    1      1234   -6  -12    7  -10   -1   -1   13   -3   15   -2   -1   10   -8   -8   11    6   -4    4
    1    6   15    1    1    1    1    1       738    2   -5    4    8    8    1   -2    2    6  -16   12  -11   -2   -2    8   -3   -2   11
    1    7    1    1    2    4    2    1       774   -4  -12    5   -8   -6    1   13   -4   16   -4    1    8   -5  -10   11    3   -5    5
    1    7    2    1    3    5    3    1       633   -9    1    3    7    0  -11   13    0   -9   12    7    1    7  -11  -23  -10   20   -3
    1    7    3    1    1    2    1    1       833    3   -9    3    9   12    4    0    7    5  -11    7   -7    5   -1    2    1   -6   10
    1    7    4    1    1    1    1    1       609    2   -5    4    8    8    1   -2    2    6  -16   12  -11   -2   -2    8   -3   -2   11
    1    7    5    1    2    5    2    1       410   -5  -12   13    1   -9    5   13   -7   14   -1   -2    9   -7   -8   11    4   -3    5
    1    7    6    1    3    4    3    1       699   -9    2    3    8   -2  -12   11    3  -10   12   12   -2    8   -8  -13   -5   14   -9
    1    7    7    1    1    3    1    1      1569   -1   -7    2   11   13    4   -5    0    7  -11   10  -10    6    2    0    3   -5    7
    1    7    8    1    2    2    2    1      1827   -6  -13    3  -15   -8    2   13   -1   16   -3    0    8   -7   -9    8    6   -2    3
    1    7    9    1    3    3    3    1       764  -11    4    2   11    0  -11   12    6  -10   10   17    2   -1  -13  -11   -6    9   -6
    1    7   10    1    1    4    1    1       607    0   -7   -6   17   11    7   -2    3    6  -10    5   -1    8    0    0    1   -7    7
    1    7   11    1    3    2    3    1       504  -10    3    1   11    0  -10   21    3  -10   10   13   -4    9   -9  -21    1   12   -9
    1    7   12    1    2    3    2    1       853   -4  -10    9   -9   -3   -2   11   -3   12    1   -3    9   -6   -8    9    6   -8    0
    1    7   13    1    2    1    2    1       613   -6  -12    7  -10   -1   -1   13   -3   15   -2   -1   10   -8   -8   11    6   -4    4
    1    7   14    1    1    5    1    1       702   -2   -7    2    9    9    4   -2    3   10  -16    8  -13    7    0   -1   -3   -4    8
    1    7   15    1    3    1    3    1       707  -10    3    5   10   -2  -10   14    3   -8   10   13   -1    8   -7  -13   -6   12  -11
    1    8    1    1    1    3    2    0       777   -1   -7    2   11   13    4   -5    0    7  -11   10  -10    6    2    0    3   -5    7
    1    8    2    1    3    3    3    1      1355  -11    4    2   11    0  -11   12    6  -10   10   17    2   -1  -13  -11   -6    9   -6
    1    8    3    1    1    5    1    1       678   -2   -7    2    9    9    4   -2    3   10  -16    8  -13    7    0   -1   -3   -4    8
    1    8    4    1    3    5    3    1       589   -9    1    3    7    0  -11   13    0   -9   12    7    1    7  -11  -23  -10   20   -3
    1    8    5    1    2    1    2    1       967   -6  -12    7  -10   -1   -1   13   -3   15   -2   -1   10   -8   -8   11    6   -4    4
    1    8    6    1    3    2    3    1       658  -10    3    1   11    0  -10   21    3  -10   10   13   -4    9   -9  -21    1   12   -9
    1    8    7    1    3    4    3    1       521   -9    2    3    8   -2  -12   11    3  -10   12   12   -2    8   -8  -13   -5   14   -9
    1    8    8    1    1    4    1    1       790    0   -7   -6   17   11    7   -2    3    6  -10    5   -1    8    0    0    1   -7    7
    1    8    9    1    3    1    3    1       808  -10    3    5   10   -2  -10   14    3   -8   10   13   -1    8   -7  -13   -6   12  -11
    1    8   10    1    2    2    1    0      1097   -6  -13    3  -15   -8    2   13   -1   16   -3    0    8   -7   -9    8    6   -2    3
    1    8   11    1    2    4    2    1       622   -4  -12    5   -8   -6    1   13   -4   16   -4    1    8   -5  -10   11    3   -5    5
    1    8   12    1    2    5    2    1       583   -5  -12   13    1   -9    5   13   -7   14   -1   -2    9   -7   -8   11    4   -3    5
    1    8   13    1    2    3    2    1       865   -4  -10    9   -9   -3   -2   11   -3   12    1   -3    9   -6   -8    9    6   -8    0
    1    8   14    1    1    1    1    1       576    2   -5    4    8    8    1   -2    2    6  -16   12  -11   -2   -2    8   -3   -2   11
    1    8   15    1    1    2    1    1       506    3   -9    3    9   12    4    0    7    5  -11    7   -7    5   -1    2    1   -6   10
    1    9    1    1    2    3    2    1      1176   -4  -10    9   -9   -3   -2   11   -3   12    1   -3    9   -6   -8    9    6   -8    0
    1    9    2    1    2    1    2    1       442   -6  -12    7  -10   -1   -1   13   -3   15   -2   -1   10   -8   -8   11    6   -4    4
    1    9    3    1    1    3    1    1       379   -1   -7    2   11   13    4   -5    0    7  -11   10  -10    6    2    0    3   -5    7
    1    9    4    1    3    1    3    1       653  -10    3    5   10   -2  -10   14    3   -8   10   13   -1    8   -7  -13   -6   12  -11
    1    9    5    1    1    5    1    1       641   -2   -7    2    9    9    4   -2    3   10  -16    8  -13    7    0   -1   -3   -4    8
    1    9    6    1    2    2    2    1       428   -6  -13    3  -15   -8    2   13   -1   16   -3    0    8   -7   -9    8    6   -2    3
    1    9    7    1    2    4    2    1       493   -4  -12    5   -8   -6    1   13   -4   16   -4    1    8   -5  -10   11    3   -5    5
    1    9    8    1    1    2    1    1       459    3   -9    3    9   12    4    0    7    5  -11    7   -7    5   -1    2    1   -6   10
    1    9    9    1    2    5    2    1       746   -5  -12   13    1   -9    5   13   -7   14   -1   -2    9   -7   -8   11    4   -3    5
    1    9   10    1    3    4    3    1       558   -9    2    3    8   -2  -12   11    3  -10   12   12   -2    8   -8  -13   -5   14   -9
    1    9   11    1    1    4    1    1       761    0   -7   -6   17   11    7   -2    3    6  -10    5   -1    8    0    0    1   -7    7
    1    9   12    1    3    3    3    1      1212  -11    4    2   11    0  -11   12    6  -10   10   17    2   -1  -13  -11   -6    9   -6
    1    9   13    1    3    5    3    1       670   -9    1    3    7    0  -11   13    0   -9   12    7    1    7  -11  -23  -10   20   -3
    1    9   14    1    1    1    1    1      2068    2   -5    4    8    8    1   -2    2    6  -16   12  -11   -2   -2    8   -3   -2   11
    1    9   15    1    3    2    3    1       691  -10    3    1   11    0  -10   21    3  -10   10   13   -4    9   -9  -21    1   12   -9
    1   10    1    1    1    1    1    1       649    2   -5    4    8    8    1   -2    2    6  -16   12  -11   -2   -2    8   -3   -2   11
    1   10    2    1    3    5    3    1       593   -9    1    3    7    0  -11   13    0   -9   12    7    1    7  -11  -23  -10   20   -3
    1   10    3    1    1    3    1    1      1274   -1   -7    2   11   13    4   -5    0    7  -11   10  -10    6    2    0    3   -5    7
    1   10    4    1    1    4    1    1       793    0   -7   -6   17   11    7   -2    3    6  -10    5   -1    8    0    0    1   -7    7
    1   10    5    1    2    3    2    1       747   -4  -10    9   -9   -3   -2   11   -3   12    1   -3    9   -6   -8    9    6   -8    0
    1   10    6    1    3    3    3    1       686  -11    4    2   11    0  -11   12    6  -10   10   17    2   -1  -13  -11   -6    9   -6
    1   10    7    1    1    2    1    1       692    3   -9    3    9   12    4    0    7    5  -11    7   -7    5   -1    2    1   -6   10
    1   10    8    1    3    1    3    1       650  -10    3    5   10   -2  -10   14    3   -8   10   13   -1    8   -7  -13   -6   12  -11
    1   10    9    1    1    5    1    1       833   -2   -7    2    9    9    4   -2    3   10  -16    8  -13    7    0   -1   -3   -4    8
    1   10   10    1    2    5    2    1       754   -5  -12   13    1   -9    5   13   -7   14   -1   -2    9   -7   -8   11    4   -3    5
    1   10   11    1    2    4    2    1       517   -4  -12    5   -8   -6    1   13   -4   16   -4    1    8   -5  -10   11    3   -5    5
    1   10   12    1    3    2    3    1       722  -10    3    1   11    0  -10   21    3  -10   10   13   -4    9   -9  -21    1   12   -9
    1   10   13    1    2    2    1    0       862   -6  -13    3  -15   -8    2   13   -1   16   -3    0    8   -7   -9    8    6   -2    3
    1   10   14    1    3    4    3    1       965   -9    2    3    8   -2  -12   11    3  -10   12   12   -2    8   -8  -13   -5   14   -9
    1   10   15    1    2    1    2    1       671   -6  -12    7  -10   -1   -1   13   -3   15   -2   -1   10   -8   -8   11    6   -4    4
    1   11    1    1    3    1    3    1       630  -10    3    5   10   -2  -10   14    3   -8   10   13   -1    8   -7  -13   -6   12  -11
    1   11    2    1    2    1    2    1      1262   -6  -12    7  -10   -1   -1   13   -3   15   -2   -1   10   -8   -8   11    6   -4    4
    1   11    3    1    3    4    3    1       717   -9    2    3    8   -2  -12   11    3  -10   12   12   -2    8   -8  -13   -5   14   -9
    1   11    4    1    1    2    1    1       690    3   -9    3    9   12    4    0    7    5  -11    7   -7    5   -1    2    1   -6   10
    1   11    5    1    1    5    1    1       616   -2   -7    2    9    9    4   -2    3   10  -16    8  -13    7    0   -1   -3   -4    8
    1   11    6    1    1    1    1    1       513    2   -5    4    8    8    1   -2    2    6  -16   12  -11   -2   -2    8   -3   -2   11
    1   11    7    1    2    5    2    1      1277   -5  -12   13    1   -9    5   13   -7   14   -1   -2    9   -7   -8   11    4   -3    5
    1   11    8    1    1    4    1    1       492    0   -7   -6   17   11    7   -2    3    6  -10    5   -1    8    0    0    1   -7    7
    1   11    9    1    3    3    3    1      1242  -11    4    2   11    0  -11   12    6  -10   10   17    2   -1  -13  -11   -6    9   -6
    1   11   10    1    2    4    2    1       858   -4  -12    5   -8   -6    1   13   -4   16   -4    1    8   -5  -10   11    3   -5    5
    1   11   11    1    1    3    1    1       426   -1   -7    2   11   13    4   -5    0    7  -11   10  -10    6    2    0    3   -5    7
    1   11   12    1    3    2    3    1       458  -10    3    1   11    0  -10   21    3  -10   10   13   -4    9   -9  -21    1   12   -9
    1   11   13    1    3    5    3    1       665   -9    1    3    7    0  -11   13    0   -9   12    7    1    7  -11  -23  -10   20   -3
    1   11   14    1    2    3    2    1      2048   -4  -10    9   -9   -3   -2   11   -3   12    1   -3    9   -6   -8    9    6   -8    0
    1   11   15    1    2    2    2    1       543   -6  -13    3  -15   -8    2   13   -1   16   -3    0    8   -7   -9    8    6   -2    3
    1   12    1    1    3    3    3    1       699  -11    4    2   11    0  -11   12    6  -10   10   17    2   -1  -13  -11   -6    9   -6
    1   12    2    1    2    5    2    1      1473   -5  -12   13    1   -9    5   13   -7   14   -1   -2    9   -7   -8   11    4   -3    5
    1   12    3    1    2    1    2    1       503   -6  -12    7  -10   -1   -1   13   -3   15   -2   -1   10   -8   -8   11    6   -4    4
    1   12    4    1    2    4    2    1       517   -4  -12    5   -8   -6    1   13   -4   16   -4    1    8   -5  -10   11    3   -5    5
    1   12    5    1    2    3    2    1       594   -4  -10    9   -9   -3   -2   11   -3   12    1   -3    9   -6   -8    9    6   -8    0
    1   12    6    1    1    5    1    1       907   -2   -7    2    9    9    4   -2    3   10  -16    8  -13    7    0   -1   -3   -4    8
    1   12    7    1    3    1    3    1       633  -10    3    5   10   -2  -10   14    3   -8   10   13   -1    8   -7  -13   -6   12  -11
    1   12    8    1    3    5    3    1       721   -9    1    3    7    0  -11   13    0   -9   12    7    1    7  -11  -23  -10   20   -3
    1   12    9    1    3    2    3    1       437  -10    3    1   11    0  -10   21    3  -10   10   13   -4    9   -9  -21    1   12   -9
    1   12   10    1    1    4    1    1      1333    0   -7   -6   17   11    7   -2    3    6  -10    5   -1    8    0    0    1   -7    7
    1   12   11    1    3    4    3    1       609   -9    2    3    8   -2  -12   11    3  -10   12   12   -2    8   -8  -13   -5   14   -9
    1   12   12    1    1    2    1    1      1083    3   -9    3    9   12    4    0    7    5  -11    7   -7    5   -1    2    1   -6   10
    1   12   13    1    1    3    1    1       497   -1   -7    2   11   13    4   -5    0    7  -11   10  -10    6    2    0    3   -5    7
    1   12   14    1    1    1    1    1       430    2   -5    4    8    8    1   -2    2    6  -16   12  -11   -2   -2    8   -3   -2   11
    1   12   15    1    2    2    2    1       814   -6  -13    3  -15   -8    2   13   -1   16   -3    0    8   -7   -9    8    6   -2    3
    1   13    1    1    1    1    1    1       719    2   -5    4    8    8    1   -2    2    6  -16   12  -11   -2   -2    8   -3   -2   11
    1   13    2    1    3    2    3    1       521  -10    3    1   11    0  -10   21    3  -10   10   13   -4    9   -9  -21    1   12   -9
    1   13    3    1    3    3    3    1       527  -11    4    2   11    0  -11   12    6  -10   10   17    2   -1  -13  -11   -6    9   -6
    1   13    4    1    2    5    1    0       860   -5  -12   13    1   -9    5   13   -7   14   -1   -2    9   -7   -8   11    4   -3    5
    1   13    5    1    2    4    2    1       539   -4  -12    5   -8   -6    1   13   -4   16   -4    1    8   -5  -10   11    3   -5    5
    1   13    6    1    2    2    2    1       439   -6  -13    3  -15   -8    2   13   -1   16   -3    0    8   -7   -9    8    6   -2    3
    1   13    7    1    3    5    3    1       711   -9    1    3    7    0  -11   13    0   -9   12    7    1    7  -11  -23  -10   20   -3
    1   13    8    1    1    2    1    1      1261    3   -9    3    9   12    4    0    7    5  -11    7   -7    5   -1    2    1   -6   10
    1   13    9    1    3    4    3    1       748   -9    2    3    8   -2  -12   11    3  -10   12   12   -2    8   -8  -13   -5   14   -9
    1   13   10    1    3    1    3    1       543  -10    3    5   10   -2  -10   14    3   -8   10   13   -1    8   -7  -13   -6   12  -11
    1   13   11    1    1    4    1    1       651    0   -7   -6   17   11    7   -2    3    6  -10    5   -1    8    0    0    1   -7    7
    1   13   12    1    2    1    2    1       579   -6  -12    7  -10   -1   -1   13   -3   15   -2   -1   10   -8   -8   11    6   -4    4
    1   13   13    1    1    5    1    1       525   -2   -7    2    9    9    4   -2    3   10  -16    8  -13    7    0   -1   -3   -4    8
    1   13   14    1    2    3    2    1       410   -4  -10    9   -9   -3   -2   11   -3   12    1   -3    9   -6   -8    9    6   -8    0
    1   13   15    1    1    3    1    1       427   -1   -7    2   11   13    4   -5    0    7  -11   10  -10    6    2    0    3   -5    7
    1   14    1    1    3    3    3    1       764  -11    4    2   11    0  -11   12    6  -10   10   17    2   -1  -13  -11   -6    9   -6
    1   14    2    1    2    5    2    1      1758   -5  -12   13    1   -9    5   13   -7   14   -1   -2    9   -7   -8   11    4   -3    5
    1   14    3    1    3    4    3    1       698   -9    2    3    8   -2  -12   11    3  -10   12   12   -2    8   -8  -13   -5   14   -9
    1   14    4    1    3    1    3    1       799  -10    3    5   10   -2  -10   14    3   -8   10   13   -1    8   -7  -13   -6   12  -11
    1   14    5    1    1    3    2    0       865   -1   -7    2   11   13    4   -5    0    7  -11   10  -10    6    2    0    3   -5    7
    1   14    6    1    3    2    3    1       527  -10    3    1   11    0  -10   21    3  -10   10   13   -4    9   -9  -21    1   12   -9
    1   14    7    1    3    5    3    1       636   -9    1    3    7    0  -11   13    0   -9   12    7    1    7  -11  -23  -10   20   -3
    1   14    8    1    1    2    1    1       891    3   -9    3    9   12    4    0    7    5  -11    7   -7    5   -1    2    1   -6   10
    1   14    9    1    2    1    2    1       449   -6  -12    7  -10   -1   -1   13   -3   15   -2   -1   10   -8   -8   11    6   -4    4
    1   14   10    1    2    4    2    1       864   -4  -12    5   -8   -6    1   13   -4   16   -4    1    8   -5  -10   11    3   -5    5
    1   14   11    1    2    3    2    1       847   -4  -10    9   -9   -3   -2   11   -3   12    1   -3    9   -6   -8    9    6   -8    0
    1   14   12    1    1    5    1    1       638   -2   -7    2    9    9    4   -2    3   10  -16    8  -13    7    0   -1   -3   -4    8
    1   14   13    1    1    4    1    1       551    0   -7   -6   17   11    7   -2    3    6  -10    5   -1    8    0    0    1   -7    7
    1   14   14    1    2    2    2    1       610   -6  -13    3  -15   -8    2   13   -1   16   -3    0    8   -7   -9    8    6   -2    3
    1   14   15    1    1    1    1    1       379    2   -5    4    8    8    1   -2    2    6  -16   12  -11   -2   -2    8   -3   -2   11
    1   15    1    1    3    5    3    1       574   -9    1    3    7    0  -11   13    0   -9   12    7    1    7  -11  -23  -10   20   -3
    1   15    2    1    1    5    1    1       648   -2   -7    2    9    9    4   -2    3   10  -16    8  -13    7    0   -1   -3   -4    8
    1   15    3    1    3    1    3    1       576  -10    3    5   10   -2  -10   14    3   -8   10   13   -1    8   -7  -13   -6   12  -11
    1   15    4    1    2    2    2    1       602   -6  -13    3  -15   -8    2   13   -1   16   -3    0    8   -7   -9    8    6   -2    3
    1   15    5    1    2    1    2    1       468   -6  -12    7  -10   -1   -1   13   -3   15   -2   -1   10   -8   -8   11    6   -4    4
    1   15    6    1    3    2    3    1       514  -10    3    1   11    0  -10   21    3  -10   10   13   -4    9   -9  -21    1   12   -9
    1   15    7    1    3    3    3    1       847  -11    4    2   11    0  -11   12    6  -10   10   17    2   -1  -13  -11   -6    9   -6
    1   15    8    1    2    3    2    1      1582   -4  -10    9   -9   -3   -2   11   -3   12    1   -3    9   -6   -8    9    6   -8    0
    1   15    9    1    1    1    1    1       416    2   -5    4    8    8    1   -2    2    6  -16   12  -11   -2   -2    8   -3   -2   11
    1   15   10    1    3    4    3    1       609   -9    2    3    8   -2  -12   11    3  -10   12   12   -2    8   -8  -13   -5   14   -9
    1   15   11    1    2    4    1    0       538   -4  -12    5   -8   -6    1   13   -4   16   -4    1    8   -5  -10   11    3   -5    5
    1   15   12    1    1    3    1    1       678   -1   -7    2   11   13    4   -5    0    7  -11   10  -10    6    2    0    3   -5    7
    1   15   13    1    1    2    1    1       489    3   -9    3    9   12    4    0    7    5  -11    7   -7    5   -1    2    1   -6   10
    1   15   14    1    2    5    2    1       555   -5  -12   13    1   -9    5   13   -7   14   -1   -2    9   -7   -8   11    4   -3    5
    1   15   15    1    1    4    1    1       566    0   -7   -6   17   11    7   -2    3    6  -10    5   -1    8    0    0    1   -7    7
    2    1    1    1    1    5    2    0      2128   -2   -7    2    9    9    4   -2    3   10  -16    8  -13    7    0   -1   -3   -4    8
    2    1    2    4    2    4    2    1       971   -4  -11    7   -6   -7    2   10  -10   15   -2   -1   11   -8  -11   12    6   -1    1
    2    1    3    6    0    0    2    1      1622   10   -3    6    5   -3    6    9    2   -7    7    8   -9  -12   10   14    3   11   -8
    2    1    4    4    2    2    2    1      1511   -9  -10    6   -7  -12    5   11   -1   20   -7    2    7   -6  -10    9    5   -4    3
    2    1    5    1    2    4    1    1       652   -4  -12    5   -8   -6    1   13   -4   16   -4    1    8   -5  -10   11    3   -5    5
    2    1    6    4    3    2    2    1       979   -7    1    8   15   -1   -8   12    3   -8   10   11   -3    8  -11   -5   -8   14  -10
    2    1    7    1    1    2    1    1       878    3   -9    3    9   12    4    0    7    5  -11    7   -7    5   -1    2    1   -6   10
    2    1    8    4    3    4    1    0       637   -8    3    3   10   -1   -9   16    1   -7    8   13   -3   12   -9  -14   -6   13  -11
    2    1    9    4    3    1    1    0       789   -8    2    4   10   -1   -9   13    4   -9    8   13   -3    9  -10  -13   -6   13  -11
    2    1   10    1    3    4    1    1       549   -9    2    3    8   -2  -12   11    3  -10   12   12   -2    8   -8  -13   -5   14   -9
    2    1   11    1    3    2    1    1       962  -10    3    1   11    0  -10   21    3  -10   10   13   -4    9   -9  -21    1   12   -9
    2    1   12    4    1    2    2    1      1469    2   -7    2    8   11    5   -8   -5    8   -9   12  -12   12   -1    4    6  -11   13
    2    1   13    4    1    5    2    1       819    3  -15    2   12   14    4   -2    0    5  -11   10   -9    8    0    1    1   -7   10
    2    1   14    1    2    3    1    1      1732   -4  -10    9   -9   -3   -2   11   -3   12    1   -3    9   -6   -8    9    6   -8    0
    2    1   15    1    3    3    1    1       864  -11    4    2   11    0  -11   12    6  -10   10   17    2   -1  -13  -11   -6    9   -6
    2    1   16    4    2    1    2    1      1247   -6  -12    7   -8   -2   -4   13   -4   15   -5    3   18   -7  -14    9    6   -6    3
    2    1   17    1    1    4    1    1      1470    0   -7   -6   17   11    7   -2    3    6  -10    5   -1    8    0    0    1   -7    7
    2    1   18    1    2    2    1    1       773   -6  -13    3  -15   -8    2   13   -1   16   -3    0    8   -7   -9    8    6   -2    3
    2    1   19    4    1    3    1    0       808    2   -9    4    7   15    3   -3    0    6   -9   13   -9    8    2    0    4   -6    8
    2    1   20    4    3    5    1    0      1545  -10    1    2    9    0   -8    5   -4   -8    9   12   -4    7   -9  -16   -2   23   -5
    2    1   21    6    0    0    2    1       813    9   16   14  -12   16    7    3   11  -17    0  -10    0   -5   -8    5  -11    9   -4
    2    1   22    2    3    0    1    0       894   -9    3    3    9   -1  -10   12    4   -9   10   12   -3    8   -9  -13   -7   13  -10
    2    1   23    1    3    5    1    1       764   -9    1    3    7    0  -11   13    0   -9   12    7    1    7  -11  -23  -10   20   -3
    2    1   24    4    2    3    1    0       703   -5  -10    6   -8  -18   -2   12   -4   17   -1   -2   11    1   -9   11    4    1    9
    2    1   25    1    2    5    1    1      1034   -5  -12   13    1   -9    5   13   -7   14   -1   -2    9   -7   -8   11    4   -3    5
    2    1   26    6    0    0    2    1       956   -7   -9    4  -15   -6   -5  -15   24  -16  -13   -3   -4   -3   11    2   -3    1   -8
    2    1   27    1    2    1    1    1      1015   -6  -12    7  -10   -1   -1   13   -3   15   -2   -1   10   -8   -8   11    6   -4    4
    2    1   28    1    3    1    1    1       784  -10    3    5   10   -2  -10   14    3   -8   10   13   -1    8   -7  -13   -6   12  -11
    2    1   29    2    1    0    1    0       738    1   -7    2   10   13    5   -2    1    6  -11   11  -11    7    1    1    2   -6    9
    2    1   30    6    0    0    2    1       822   16  -13    6   13   -4    4    8    5   -1    2    9   -9   -8   12   16    6   14   -8
    2    1   31    4    1    1    1    0      1031    2  -11    1    9   18    5   -3    0    7   -9    9  -11    5   10    2    1   -5    8
    2    1   32    4    3    3    2    1      1023   -5    7    4    8   -6  -13    7    3  -10    9   13   -3    8   -7   -6  -17   13   -6
    2    1   33    6    0    0    2    1       887    9   17   10  -11   17    6    2    7  -16    1  -13    1   -9   -6    6  -12    7   -1
    2    1   34    1    1    1    1    1      1173    2   -5    4    8    8    1   -2    2    6  -16   12  -11   -2   -2    8   -3   -2   11
    2    1   35    1    1    3    1    1      1032   -1   -7    2   11   13    4   -5    0    7  -11   10  -10    6    2    0    3   -5    7
    2    1   36    4    1    4    2    1       816   11  -12    2   11   16    0   -2    2    8  -13    9   -2    6    1    0    3   -5   11
    2    1   37    2    2    0    1    0       897   -5  -11    7   -9   -8    3   12   -3   15   -3   -1    9   -6   -9   10    5   -4    5
    2    1   38    6    0    0    2    1       894   -8   -7   -3  -16   -9   -2   -5   14  -13  -14   -3   -2    5   15    4   -2    1   -7
    2    1   39    4    2    5    1    0       748    1   -8    6   -9  -11    6   12   -4   15   -2    0   10   -4   -8   10    6   -6    5
