    1    1    1    1    3    1    2    0      8400   -8    7   -5   10   12   -9   -6   13   -7    0   10   -7   15   -1    4    8   15    8
    1    1    2    1    1    3    2    0      3310  -15   -5   14   12   16    3   -1  -11   -8    2   -8   -3   -3   12   13    5   -9   11
    1    1    3    1    2    3    2    1      1178    9  -12  -11    3    3   -5  -16    6   -1   15    3   15    9   -9  -11  -23   17   -8
    1    1    4    1    1    5    1    1       923  -16   -1   13   12   16   -2    6  -13   -7    2  -11   -6    0   12   14    5   -4   11
    1    1    5    1    3    2    3    1      1528  -11    7   -3   13   11  -16    5   10   -2    2   13   -5   15   -3    1    3    7   -2
    1    1    6    1    2    5    1    0      2332   14  -11  -11    9   10   -9  -14   18    1   15   -3    9    6  -11   -8  -14   16   -8
    1    1    7    1    1    1    1    1      1056  -17   -9   10   11    5   -6    8  -11   -1   -3   -8   -2   -1   11   15    6   -6   12
    1    1    8    1    2    4    3    0      1927   12  -11  -15   -2    6   -9  -15   16    0   17    2   11    9  -12   -8  -12   17   -6
    1    1    9    1    2    1    2    1       939   12   -7   -8    3    2   -2  -12   14    1   16    3   12   10   -9  -14  -10    9    0
    1    1   10    1    1    4    1    1      1031  -12   -2   10   14    9   -4    2  -12   -6    2   -9   -4   -4   13   23    7    3   18
    1    1   11    1    3    5    3    1       767  -10   10   -7   11    9  -12   -4   10    9   -6   14   -6   12    0   -1    3   18    6
    1    1   12    1    3    4    3    1       641  -16    4  -11   15    9  -12  -13    8   -5    1   10   -8   14   -2    1    2   15    9
    1    1   13    1    2    2    2    1      1721   15  -10  -10    4   -2   -1   -3   17    0   16    2   12   10   -9   -3  -11   15   -4
    1    1   14    1    1    2    1    1       470  -15   -3   12   10   16    4    0   -9    3    8   -4  -14    0    3   10    7   -3   11
    1    1   15    1    3    3    3    1       485  -21   11   -7   12   18   -9   -3   11   -1    0   11   -7    5    4    0    5   14    8
    1    2    1    1    2    3    1    0      1219    9  -12  -11    3    3   -5  -16    6   -1   15    3   15    9   -9  -11  -23   17   -8
    1    2    2    1    1    5    1    1       611  -16   -1   13   12   16   -2    6  -13   -7    2  -11   -6    0   12   14    5   -4   11
    1    2    3    1    1    4    3    0      1228  -12   -2   10   14    9   -4    2  -12   -6    2   -9   -4   -4   13   23    7    3   18
    1    2    4    1    3    3    3    1       588  -21   11   -7   12   18   -9   -3   11   -1    0   11   -7    5    4    0    5   14    8
    1    2    5    1    3    1    3    1      1718   -8    7   -5   10   12   -9   -6   13   -7    0   10   -7   15   -1    4    8   15    8
    1    2    6    1    1    1    1    1       738  -17   -9   10   11    5   -6    8  -11   -1   -3   -8   -2   -1   11   15    6   -6   12
    1    2    7    1    2    1    2    1      1478   12   -7   -8    3    2   -2  -12   14    1   16    3   12   10   -9  -14  -10    9    0
    1    2    8    1    3    5    2    0       796  -10   10   -7   11    9  -12   -4   10    9   -6   14   -6   12    0   -1    3   18    6
    1    2    9    1    2    4    2    1       589   12  -11  -15   -2    6   -9  -15   16    0   17    2   11    9  -12   -8  -12   17   -6
    1    2   10    1    1    2    1    1      1655  -15   -3   12   10   16    4    0   -9    3    8   -4  -14    0    3   10    7   -3   11
    1    2   11    1    2    2    2    1      1655   15  -10  -10    4   -2   -1   -3   17    0   16    2   12   10   -9   -3  -11   15   -4
    1    2   12    1    3    2    2    0      1718  -11    7   -3   13   11  -16    5   10   -2    2   13   -5   15   -3    1    3    7   -2
    1    2   13    1    3    4    3    1      1186  -16    4  -11   15    9  -12  -13    8   -5    1   10   -8   14   -2    1    2   15    9
    1    2   14    1    2    5    2    1       788   14  -11  -11    9   10   -9  -14   18    1   15   -3    9    6  -11   -8  -14   16   -8
    1    2   15    1    1    3    1    1       870  -15   -5   14   12   16    3   -1  -11   -8    2   -8   -3   -3   12   13    5   -9   11
    1    3    1    1    1    2    1    1      1221  -15   -3   12   10   16    4    0   -9    3    8   -4  -14    0    3   10    7   -3   11
    1    3    2    1    2    5    2    1       645   14  -11  -11    9   10   -9  -14   18    1   15   -3    9    6  -11   -8  -14   16   -8
    1    3    3    1    2    1    3    0      1389   12   -7   -8    3    2   -2  -12   14    1   16    3   12   10   -9  -14  -10    9    0
    1    3    4    1    1    5    1    1       582  -16   -1   13   12   16   -2    6  -13   -7    2  -11   -6    0   12   14    5   -4   11
    1    3    5    1    3    1    3    1      1040   -8    7   -5   10   12   -9   -6   13   -7    0   10   -7   15   -1    4    8   15    8
    1    3    6    1    1    1    1    1       616  -17   -9   10   11    5   -6    8  -11   -1   -3   -8   -2   -1   11   15    6   -6   12
    1    3    7    1    2    3    1    0      1521    9  -12  -11    3    3   -5  -16    6   -1   15    3   15    9   -9  -11  -23   17   -8
    1    3    8    1    2    4    2    1      1542   12  -11  -15   -2    6   -9  -15   16    0   17    2   11    9  -12   -8  -12   17   -6
    1    3    9    1    3    5    3    1       809  -10   10   -7   11    9  -12   -4   10    9   -6   14   -6   12    0   -1    3   18    6
    1    3   10    1    3    3    3    1       874  -21   11   -7   12   18   -9   -3   11   -1    0   11   -7    5    4    0    5   14    8
    1    3   11    1    1    3    1    1       585  -15   -5   14   12   16    3   -1  -11   -8    2   -8   -3   -3   12   13    5   -9   11
    1    3   12    1    3    2    3    1      2339  -11    7   -3   13   11  -16    5   10   -2    2   13   -5   15   -3    1    3    7   -2
    1    3   13    1    1    4    1    1       742  -12   -2   10   14    9   -4    2  -12   -6    2   -9   -4   -4   13   23    7    3   18
    1    3   14    1    3    4    3    1      1034  -16    4  -11   15    9  -12  -13    8   -5    1   10   -8   14   -2    1    2   15    9
    1    3   15    1    2    2    2    1      1970   15  -10  -10    4   -2   -1   -3   17    0   16    2   12   10   -9   -3  -11   15   -4
    1    4    1    1    3    5    2    0      1044  -10   10   -7   11    9  -12   -4   10    9   -6   14   -6   12    0   -1    3   18    6
    1    4    2    1    2    5    2    1      1420   14  -11  -11    9   10   -9  -14   18    1   15   -3    9    6  -11   -8  -14   16   -8
    1    4    3    1    1    4    1    1      1204  -12   -2   10   14    9   -4    2  -12   -6    2   -9   -4   -4   13   23    7    3   18
    1    4    4    1    1    5    1    1       789  -16   -1   13   12   16   -2    6  -13   -7    2  -11   -6    0   12   14    5   -4   11
    1    4    5    1    3    1    3    1       728   -8    7   -5   10   12   -9   -6   13   -7    0   10   -7   15   -1    4    8   15    8
    1    4    6    1    3    2    2    0      1067  -11    7   -3   13   11  -16    5   10   -2    2   13   -5   15   -3    1    3    7   -2
    1    4    7    1    3    3    3    1       706  -21   11   -7   12   18   -9   -3   11   -1    0   11   -7    5    4    0    5   14    8
    1    4    8    1    2    3    2    1      2215    9  -12  -11    3    3   -5  -16    6   -1   15    3   15    9   -9  -11  -23   17   -8
    1    4    9    1    1    3    1    1       896  -15   -5   14   12   16    3   -1  -11   -8    2   -8   -3   -3   12   13    5   -9   11
    1    4   10    1    3    4    3    1      1181  -16    4  -11   15    9  -12  -13    8   -5    1   10   -8   14   -2    1    2   15    9
    1    4   11    1    2    1    2    1      1039   12   -7   -8    3    2   -2  -12   14    1   16    3   12   10   -9  -14  -10    9    0
    1    4   12    1    2    4    2    1      1143   12  -11  -15   -2    6   -9  -15   16    0   17    2   11    9  -12   -8  -12   17   -6
    1    4   13    1    2    2    2    1      1930   15  -10  -10    4   -2   -1   -3   17    0   16    2   12   10   -9   -3  -11   15   -4
    1    4   14    1    1    2    1    1       862  -15   -3   12   10   16    4    0   -9    3    8   -4  -14    0    3   10    7   -3   11
    1    4   15    1    1    1    1    1       701  -17   -9   10   11    5   -6    8  -11   -1   -3   -8   -2   -1   11   15    6   -6   12
    1    5    1    1    1    4    1    1      1826  -12   -2   10   14    9   -4    2  -12   -6    2   -9   -4   -4   13   23    7    3   18
    1    5    2    1    2    4    2    1      1130   12  -11  -15   -2    6   -9  -15   16    0   17    2   11    9  -12   -8  -12   17   -6
    1    5    3    1    1    1    1    1       622  -17   -9   10   11    5   -6    8  -11   -1   -3   -8   -2   -1   11   15    6   -6   12
    1    5    4    1    3    2    3    1       711  -11    7   -3   13   11  -16    5   10   -2    2   13   -5   15   -3    1    3    7   -2
    1    5    5    1    3    1    2    0       827   -8    7   -5   10   12   -9   -6   13   -7    0   10   -7   15   -1    4    8   15    8
    1    5    6    1    2    5    2    1       523   14  -11  -11    9   10   -9  -14   18    1   15   -3    9    6  -11   -8  -14   16   -8
    1    5    7    1    1    2    1    1       792  -15   -3   12   10   16    4    0   -9    3    8   -4  -14    0    3   10    7   -3   11
    1    5    8    1    2    2    2    1      1897   15  -10  -10    4   -2   -1   -3   17    0   16    2   12   10   -9   -3  -11   15   -4
    1    5    9    1    3    3    3    1       687  -21   11   -7   12   18   -9   -3   11   -1    0   11   -7    5    4    0    5   14    8
    1    5   10    1    1    5    1    1      1029  -16   -1   13   12   16   -2    6  -13   -7    2  -11   -6    0   12   14    5   -4   11
    1    5   11    1    2    3    1    0      1677    9  -12  -11    3    3   -5  -16    6   -1   15    3   15    9   -9  -11  -23   17   -8
    1    5   12    1    2    1    2    1      1594   12   -7   -8    3    2   -2  -12   14    1   16    3   12   10   -9  -14  -10    9    0
    1    5   13    1    3    4    3    1       988  -16    4  -11   15    9  -12  -13    8   -5    1   10   -8   14   -2    1    2   15    9
    1    5   14    1    1    3    1    1       870  -15   -5   14   12   16    3   -1  -11   -8    2   -8   -3   -3   12   13    5   -9   11
    1    5   15    1    3    5    3    1      1588  -10   10   -7   11    9  -12   -4   10    9   -6   14   -6   12    0   -1    3   18    6
    1    6    1    1    1    2    1    1      1702  -15   -3   12   10   16    4    0   -9    3    8   -4  -14    0    3   10    7   -3   11
    1    6    2    1    1    4    1    1      1523  -12   -2   10   14    9   -4    2  -12   -6    2   -9   -4   -4   13   23    7    3   18
    1    6    3    1    3    1    3    1       936   -8    7   -5   10   12   -9   -6   13   -7    0   10   -7   15   -1    4    8   15    8
    1    6    4    1    1    5    1    1       676  -16   -1   13   12   16   -2    6  -13   -7    2  -11   -6    0   12   14    5   -4   11
    1    6    5    1    2    4    2    1      1162   12  -11  -15   -2    6   -9  -15   16    0   17    2   11    9  -12   -8  -12   17   -6
    1    6    6    1    3    2    2    0      2892  -11    7   -3   13   11  -16    5   10   -2    2   13   -5   15   -3    1    3    7   -2
    1    6    7    1    3    5    3    1      2234  -10   10   -7   11    9  -12   -4   10    9   -6   14   -6   12    0   -1    3   18    6
    1    6    8    1    2    2    2    1       978   15  -10  -10    4   -2   -1   -3   17    0   16    2   12   10   -9   -3  -11   15   -4
    1    6    9    1    1    1    1    1       492  -17   -9   10   11    5   -6    8  -11   -1   -3   -8   -2   -1   11   15    6   -6   12
    1    6   10    1    3    4    3    1      1178  -16    4  -11   15    9  -12  -13    8   -5    1   10   -8   14   -2    1    2   15    9
    1    6   11    1    2    3    2    1      3596    9  -12  -11    3    3   -5  -16    6   -1   15    3   15    9   -9  -11  -23   17   -8
    1    6   12    1    2    5    2    1      1389   14  -11  -11    9   10   -9  -14   18    1   15   -3    9    6  -11   -8  -14   16   -8
    1    6   13    1    2    1    2    1      1159   12   -7   -8    3    2   -2  -12   14    1   16    3   12   10   -9  -14  -10    9    0
    1    6   14    1    3    3    3    1      1034  -21   11   -7   12   18   -9   -3   11   -1    0   11   -7    5    4    0    5   14    8
    1    6   15    1    1    3    1    1       802  -15   -5   14   12   16    3   -1  -11   -8    2   -8   -3   -3   12   13    5   -9   11
    1    7    1    1    2    4    2    1       739   12  -11  -15   -2    6   -9  -15   16    0   17    2   11    9  -12   -8  -12   17   -6
    1    7    2    1    3    2    3    1      2487  -11    7   -3   13   11  -16    5   10   -2    2   13   -5   15   -3    1    3    7   -2
    1    7    3    1    2    5    2    1      1012   14  -11  -11    9   10   -9  -14   18    1   15   -3    9    6  -11   -8  -14   16   -8
    1    7    4    1    1    1    1    1       525  -17   -9   10   11    5   -6    8  -11   -1   -3   -8   -2   -1   11   15    6   -6   12
    1    7    5    1    2    1    2    1      1209   12   -7   -8    3    2   -2  -12   14    1   16    3   12   10   -9  -14  -10    9    0
    1    7    6    1    3    5    3    1      1210  -10   10   -7   11    9  -12   -4   10    9   -6   14   -6   12    0   -1    3   18    6
    1    7    7    1    1    3    1    1       650  -15   -5   14   12   16    3   -1  -11   -8    2   -8   -3   -3   12   13    5   -9   11
    1    7    8    1    1    2    1    1      1490  -15   -3   12   10   16    4    0   -9    3    8   -4  -14    0    3   10    7   -3   11
    1    7    9    1    1    4    1    1      1768  -12   -2   10   14    9   -4    2  -12   -6    2   -9   -4   -4   13   23    7    3   18
    1    7   10    1    2    3    1    0      2866    9  -12  -11    3    3   -5  -16    6   -1   15    3   15    9   -9  -11  -23   17   -8
    1    7   11    1    2    2    2    1       897   15  -10  -10    4   -2   -1   -3   17    0   16    2   12   10   -9   -3  -11   15   -4
    1    7   12    1    1    5    1    1       734  -16   -1   13   12   16   -2    6  -13   -7    2  -11   -6    0   12   14    5   -4   11
    1    7   13    1    3    1    2    0      1250   -8    7   -5   10   12   -9   -6   13   -7    0   10   -7   15   -1    4    8   15    8
    1    7   14    1    3    3    3    1       625  -21   11   -7   12   18   -9   -3   11   -1    0   11   -7    5    4    0    5   14    8
    1    7   15    1    3    4    3    1      1578  -16    4  -11   15    9  -12  -13    8   -5    1   10   -8   14   -2    1    2   15    9
    1    8    1    1    2    4    2    1       716   12  -11  -15   -2    6   -9  -15   16    0   17    2   11    9  -12   -8  -12   17   -6
    1    8    2    1    3    3    3    1       832  -21   11   -7   12   18   -9   -3   11   -1    0   11   -7    5    4    0    5   14    8
    1    8    3    1    3    1    3    1       768   -8    7   -5   10   12   -9   -6   13   -7    0   10   -7   15   -1    4    8   15    8
    1    8    4    1    2    5    2    1       883   14  -11  -11    9   10   -9  -14   18    1   15   -3    9    6  -11   -8  -14   16   -8
    1    8    5    1    3    2    3    1      1121  -11    7   -3   13   11  -16    5   10   -2    2   13   -5   15   -3    1    3    7   -2
    1    8    6    1    1    2    1    1      1797  -15   -3   12   10   16    4    0   -9    3    8   -4  -14    0    3   10    7   -3   11
    1    8    7    1    1    4    2    0      1247  -12   -2   10   14    9   -4    2  -12   -6    2   -9   -4   -4   13   23    7    3   18
    1    8    8    1    1    1    1    1       814  -17   -9   10   11    5   -6    8  -11   -1   -3   -8   -2   -1   11   15    6   -6   12
    1    8    9    1    2    2    2    1       990   15  -10  -10    4   -2   -1   -3   17    0   16    2   12   10   -9   -3  -11   15   -4
    1    8   10    1    1    3    1    1      1336  -15   -5   14   12   16    3   -1  -11   -8    2   -8   -3   -3   12   13    5   -9   11
    1    8   11    1    1    5    1    1       852  -16   -1   13   12   16   -2    6  -13   -7    2  -11   -6    0   12   14    5   -4   11
    1    8   12    1    2    3    1    0      1716    9  -12  -11    3    3   -5  -16    6   -1   15    3   15    9   -9  -11  -23   17   -8
    1    8   13    1    3    4    3    1       848  -16    4  -11   15    9  -12  -13    8   -5    1   10   -8   14   -2    1    2   15    9
    1    8   14    1    3    5    3    1       879  -10   10   -7   11    9  -12   -4   10    9   -6   14   -6   12    0   -1    3   18    6
    1    8   15    1    2    1    2    1      1485   12   -7   -8    3    2   -2  -12   14    1   16    3   12   10   -9  -14  -10    9    0
    1    9    1    1    3    2    3    1      1075  -11    7   -3   13   11  -16    5   10   -2    2   13   -5   15   -3    1    3    7   -2
    1    9    2    1    2    4    2    1      1338   12  -11  -15   -2    6   -9  -15   16    0   17    2   11    9  -12   -8  -12   17   -6
    1    9    3    1    1    3    1    1      2374  -15   -5   14   12   16    3   -1  -11   -8    2   -8   -3   -3   12   13    5   -9   11
    1    9    4    1    2    2    2    1      1000   15  -10  -10    4   -2   -1   -3   17    0   16    2   12   10   -9   -3  -11   15   -4
    1    9    5    1    2    1    2    1      1169   12   -7   -8    3    2   -2  -12   14    1   16    3   12   10   -9  -14  -10    9    0
    1    9    6    1    2    5    2    1       692   14  -11  -11    9   10   -9  -14   18    1   15   -3    9    6  -11   -8  -14   16   -8
    1    9    7    1    3    1    3    1       842   -8    7   -5   10   12   -9   -6   13   -7    0   10   -7   15   -1    4    8   15    8
    1    9    8    1    1    2    1    1       810  -15   -3   12   10   16    4    0   -9    3    8   -4  -14    0    3   10    7   -3   11
    1    9    9    1    2    3    2    1       763    9  -12  -11    3    3   -5  -16    6   -1   15    3   15    9   -9  -11  -23   17   -8
    1    9   10    1    3    5    3    1      1101  -10   10   -7   11    9  -12   -4   10    9   -6   14   -6   12    0   -1    3   18    6
    1    9   11    1    3    4    3    1      1250  -16    4  -11   15    9  -12  -13    8   -5    1   10   -8   14   -2    1    2   15    9
    1    9   12    1    3    3    3    1       562  -21   11   -7   12   18   -9   -3   11   -1    0   11   -7    5    4    0    5   14    8
    1    9   13    1    1    5    1    1       669  -16   -1   13   12   16   -2    6  -13   -7    2  -11   -6    0   12   14    5   -4   11
    1    9   14    1    1    1    1    1       531  -17   -9   10   11    5   -6    8  -11   -1   -3   -8   -2   -1   11   15    6   -6   12
    1    9   15    1    1    4    1    1       607  -12   -2   10   14    9   -4    2  -12   -6    2   -9   -4   -4   13   23    7    3   18
    1   10    1    1    2    4    2    1       840   12  -11  -15   -2    6   -9  -15   16    0   17    2   11    9  -12   -8  -12   17   -6
    1   10    2    1    1    4    1    1       600  -12   -2   10   14    9   -4    2  -12   -6    2   -9   -4   -4   13   23    7    3   18
    1   10    3    1    1    2    1    1      1089  -15   -3   12   10   16    4    0   -9    3    8   -4  -14    0    3   10    7   -3   11
    1   10    4    1    3    2    3    1      1527  -11    7   -3   13   11  -16    5   10   -2    2   13   -5   15   -3    1    3    7   -2
    1   10    5    1    3    1    3    1       843   -8    7   -5   10   12   -9   -6   13   -7    0   10   -7   15   -1    4    8   15    8
    1   10    6    1    3    4    3    1      1098  -16    4  -11   15    9  -12  -13    8   -5    1   10   -8   14   -2    1    2   15    9
    1   10    7    1    3    5    3    1       992  -10   10   -7   11    9  -12   -4   10    9   -6   14   -6   12    0   -1    3   18    6
    1   10    8    1    2    3    2    1       906    9  -12  -11    3    3   -5  -16    6   -1   15    3   15    9   -9  -11  -23   17   -8
    1   10    9    1    3    3    3    1       615  -21   11   -7   12   18   -9   -3   11   -1    0   11   -7    5    4    0    5   14    8
    1   10   10    1    1    5    1    1       432  -16   -1   13   12   16   -2    6  -13   -7    2  -11   -6    0   12   14    5   -4   11
    1   10   11    1    2    5    2    1       720   14  -11  -11    9   10   -9  -14   18    1   15   -3    9    6  -11   -8  -14   16   -8
    1   10   12    1    1    3    1    1       660  -15   -5   14   12   16    3   -1  -11   -8    2   -8   -3   -3   12   13    5   -9   11
    1   10   13    1    2    1    2    1      1067   12   -7   -8    3    2   -2  -12   14    1   16    3   12   10   -9  -14  -10    9    0
    1   10   14    1    2    2    2    1       929   15  -10  -10    4   -2   -1   -3   17    0   16    2   12   10   -9   -3  -11   15   -4
    1   10   15    1    1    1    1    1       685  -17   -9   10   11    5   -6    8  -11   -1   -3   -8   -2   -1   11   15    6   -6   12
    1   11    1    1    1    2    1    1      1107  -15   -3   12   10   16    4    0   -9    3    8   -4  -14    0    3   10    7   -3   11
    1   11    2    1    3    1    3    1      1144   -8    7   -5   10   12   -9   -6   13   -7    0   10   -7   15   -1    4    8   15    8
    1   11    3    1    2    3    2    1       860    9  -12  -11    3    3   -5  -16    6   -1   15    3   15    9   -9  -11  -23   17   -8
    1   11    4    1    3    4    3    1      1194  -16    4  -11   15    9  -12  -13    8   -5    1   10   -8   14   -2    1    2   15    9
    1   11    5    1    1    1    1    1       700  -17   -9   10   11    5   -6    8  -11   -1   -3   -8   -2   -1   11   15    6   -6   12
    1   11    6    1    2    5    2    1       897   14  -11  -11    9   10   -9  -14   18    1   15   -3    9    6  -11   -8  -14   16   -8
    1   11    7    1    2    4    2    1       606   12  -11  -15   -2    6   -9  -15   16    0   17    2   11    9  -12   -8  -12   17   -6
    1   11    8    1    3    5    3    1       919  -10   10   -7   11    9  -12   -4   10    9   -6   14   -6   12    0   -1    3   18    6
    1   11    9    1    2    2    2    1      1108   15  -10  -10    4   -2   -1   -3   17    0   16    2   12   10   -9   -3  -11   15   -4
    1   11   10    1    3    3    3    1       745  -21   11   -7   12   18   -9   -3   11   -1    0   11   -7    5    4    0    5   14    8
    1   11   11    1    1    3    1    1       765  -15   -5   14   12   16    3   -1  -11   -8    2   -8   -3   -3   12   13    5   -9   11
    1   11   12    1    1    5    1    1       719  -16   -1   13   12   16   -2    6  -13   -7    2  -11   -6    0   12   14    5   -4   11
    1   11   13    1    1    4    1    1       884  -12   -2   10   14    9   -4    2  -12   -6    2   -9   -4   -4   13   23    7    3   18
    1   11   14    1    2    1    2    1      1474   12   -7   -8    3    2   -2  -12   14    1   16    3   12   10   -9  -14  -10    9    0
    1   11   15    1    3    2    3    1       872  -11    7   -3   13   11  -16    5   10   -2    2   13   -5   15   -3    1    3    7   -2
    1   12    1    1    2    5    2    1       711   14  -11  -11    9   10   -9  -14   18    1   15   -3    9    6  -11   -8  -14   16   -8
    1   12    2    1    3    4    3    1      1019  -16    4  -11   15    9  -12  -13    8   -5    1   10   -8   14   -2    1    2   15    9
    1   12    3    1    3    3    3    1       644  -21   11   -7   12   18   -9   -3   11   -1    0   11   -7    5    4    0    5   14    8
    1   12    4    1    2    3    2    1       699    9  -12  -11    3    3   -5  -16    6   -1   15    3   15    9   -9  -11  -23   17   -8
    1   12    5    1    2    4    2    1       561   12  -11  -15   -2    6   -9  -15   16    0   17    2   11    9  -12   -8  -12   17   -6
    1   12    6    1    3    5    2    0       587  -10   10   -7   11    9  -12   -4   10    9   -6   14   -6   12    0   -1    3   18    6
    1   12    7    1    3    2    3    1       741  -11    7   -3   13   11  -16    5   10   -2    2   13   -5   15   -3    1    3    7   -2
    1   12    8    1    1    4    1    1       665  -12   -2   10   14    9   -4    2  -12   -6    2   -9   -4   -4   13   23    7    3   18
    1   12    9    1    1    5    1    1       528  -16   -1   13   12   16   -2    6  -13   -7    2  -11   -6    0   12   14    5   -4   11
    1   12   10    1    1    1    1    1       572  -17   -9   10   11    5   -6    8  -11   -1   -3   -8   -2   -1   11   15    6   -6   12
    1   12   11    1    2    1    2    1       646   12   -7   -8    3    2   -2  -12   14    1   16    3   12   10   -9  -14  -10    9    0
    1   12   12    1    3    1    3    1       638   -8    7   -5   10   12   -9   -6   13   -7    0   10   -7   15   -1    4    8   15    8
    1   12   13    1    1    2    1    1       949  -15   -3   12   10   16    4    0   -9    3    8   -4  -14    0    3   10    7   -3   11
    1   12   14    1    1    3    1    1       609  -15   -5   14   12   16    3   -1  -11   -8    2   -8   -3   -3   12   13    5   -9   11
    1   12   15    1    2    2    2    1       778   15  -10  -10    4   -2   -1   -3   17    0   16    2   12   10   -9   -3  -11   15   -4
    1   13    1    1    2    1    2    1       812   12   -7   -8    3    2   -2  -12   14    1   16    3   12   10   -9  -14  -10    9    0
    1   13    2    1    2    5    2    1       717   14  -11  -11    9   10   -9  -14   18    1   15   -3    9    6  -11   -8  -14   16   -8
    1   13    3    1    3    4    3    1       881  -16    4  -11   15    9  -12  -13    8   -5    1   10   -8   14   -2    1    2   15    9
    1   13    4    1    3    2    3    1       991  -11    7   -3   13   11  -16    5   10   -2    2   13   -5   15   -3    1    3    7   -2
    1   13    5    1    3    5    3    1       937  -10   10   -7   11    9  -12   -4   10    9   -6   14   -6   12    0   -1    3   18    6
    1   13    6    1    1    1    1    1       677  -17   -9   10   11    5   -6    8  -11   -1   -3   -8   -2   -1   11   15    6   -6   12
    1   13    7    1    2    3    2    1       843    9  -12  -11    3    3   -5  -16    6   -1   15    3   15    9   -9  -11  -23   17   -8
    1   13    8    1    2    4    2    1       682   12  -11  -15   -2    6   -9  -15   16    0   17    2   11    9  -12   -8  -12   17   -6
    1   13    9    1    3    3    3    1       672  -21   11   -7   12   18   -9   -3   11   -1    0   11   -7    5    4    0    5   14    8
    1   13   10    1    3    1    3    1      1159   -8    7   -5   10   12   -9   -6   13   -7    0   10   -7   15   -1    4    8   15    8
    1   13   11    1    1    4    1    1       650  -12   -2   10   14    9   -4    2  -12   -6    2   -9   -4   -4   13   23    7    3   18
    1   13   12    1    1    5    1    1       561  -16   -1   13   12   16   -2    6  -13   -7    2  -11   -6    0   12   14    5   -4   11
    1   13   13    1    1    3    1    1       524  -15   -5   14   12   16    3   -1  -11   -8    2   -8   -3   -3   12   13    5   -9   11
    1   13   14    1    2    2    2    1       680   15  -10  -10    4   -2   -1   -3   17    0   16    2   12   10   -9   -3  -11   15   -4
    1   13   15    1    1    2    1    1      1230  -15   -3   12   10   16    4    0   -9    3    8   -4  -14    0    3   10    7   -3   11
    1   14    1    1    1    3    1    1       766  -15   -5   14   12   16    3   -1  -11   -8    2   -8   -3   -3   12   13    5   -9   11
    1   14    2    1    2    3    2    1      1441    9  -12  -11    3    3   -5  -16    6   -1   15    3   15    9   -9  -11  -23   17   -8
    1   14    3    1    2    5    2    1       729   14  -11  -11    9   10   -9  -14   18    1   15   -3    9    6  -11   -8  -14   16   -8
    1   14    4    1    2    1    2    1      4381   12   -7   -8    3    2   -2  -12   14    1   16    3   12   10   -9  -14  -10    9    0
    1   14    5    1    3    3    3    1      1214  -21   11   -7   12   18   -9   -3   11   -1    0   11   -7    5    4    0    5   14    8
    1   14    6    1    3    2    3    1       863  -11    7   -3   13   11  -16    5   10   -2    2   13   -5   15   -3    1    3    7   -2
    1   14    7    1    3    5    3    1      1726  -10   10   -7   11    9  -12   -4   10    9   -6   14   -6   12    0   -1    3   18    6
    1   14    8    1    1    4    1    1       602  -12   -2   10   14    9   -4    2  -12   -6    2   -9   -4   -4   13   23    7    3   18
    1   14    9    1    2    2    2    1       900   15  -10  -10    4   -2   -1   -3   17    0   16    2   12   10   -9   -3  -11   15   -4
    1   14   10    1    1    1    1    1       545  -17   -9   10   11    5   -6    8  -11   -1   -3   -8   -2   -1   11   15    6   -6   12
    1   14   11    1    2    4    2    1       540   12  -11  -15   -2    6   -9  -15   16    0   17    2   11    9  -12   -8  -12   17   -6
    1   14   12    1    3    1    3    1       968   -8    7   -5   10   12   -9   -6   13   -7    0   10   -7   15   -1    4    8   15    8
    1   14   13    1    1    2    1    1       595  -15   -3   12   10   16    4    0   -9    3    8   -4  -14    0    3   10    7   -3   11
    1   14   14    1    1    5    1    1       524  -16   -1   13   12   16   -2    6  -13   -7    2  -11   -6    0   12   14    5   -4   11
    1   14   15    1    3    4    3    1       745  -16    4  -11   15    9  -12  -13    8   -5    1   10   -8   14   -2    1    2   15    9
    1   15    1    1    1    2    1    1      1116  -15   -3   12   10   16    4    0   -9    3    8   -4  -14    0    3   10    7   -3   11
    1   15    2    1    3    2    3    1       800  -11    7   -3   13   11  -16    5   10   -2    2   13   -5   15   -3    1    3    7   -2
    1   15    3    1    3    5    3    1       786  -10   10   -7   11    9  -12   -4   10    9   -6   14   -6   12    0   -1    3   18    6
    1   15    4    1    2    3    2    1      1220    9  -12  -11    3    3   -5  -16    6   -1   15    3   15    9   -9  -11  -23   17   -8
    1   15    5    1    2    1    2    1       724   12   -7   -8    3    2   -2  -12   14    1   16    3   12   10   -9  -14  -10    9    0
    1   15    6    1    2    4    2    1       649   12  -11  -15   -2    6   -9  -15   16    0   17    2   11    9  -12   -8  -12   17   -6
    1   15    7    1    3    4    3    1      1744  -16    4  -11   15    9  -12  -13    8   -5    1   10   -8   14   -2    1    2   15    9
    1   15    8    1    3    3    3    1       603  -21   11   -7   12   18   -9   -3   11   -1    0   11   -7    5    4    0    5   14    8
    1   15    9    1    2    2    2    1       725   15  -10  -10    4   -2   -1   -3   17    0   16    2   12   10   -9   -3  -11   15   -4
    1   15   10    1    3    1    3    1       809   -8    7   -5   10   12   -9   -6   13   -7    0   10   -7   15   -1    4    8   15    8
    1   15   11    1    1    1    1    1       570  -17   -9   10   11    5   -6    8  -11   -1   -3   -8   -2   -1   11   15    6   -6   12
    1   15   12    1    1    5    1    1       548  -16   -1   13   12   16   -2    6  -13   -7    2  -11   -6    0   12   14    5   -4   11
    1   15   13    1    1    4    1    1      1120  -12   -2   10   14    9   -4    2  -12   -6    2   -9   -4   -4   13   23    7    3   18
    1   15   14    1    2    5    2    1       708   14  -11  -11    9   10   -9  -14   18    1   15   -3    9    6  -11   -8  -14   16   -8
    1   15   15    1    1    3    1    1       682  -15   -5   14   12   16    3   -1  -11   -8    2   -8   -3   -3   12   13    5   -9   11
    2    1    1    1    1    2    1    1      5139  -15   -3   12   10   16    4    0   -9    3    8   -4  -14    0    3   10    7   -3   11
    2    1    2    4    3    1    2    1      1383  -13   11   -7   11    0   -2   -5   19   -2    7   11   -6   11    0    0    3   19    3
    2    1    3    6    0    0    2    1      1089    9    9  -11   13   16    1    0   -2    6    2    4  -13   -8  -15    2    4    4   -2
    2    1    4    1    3    5    1    1      1239  -10   10   -7   11    9  -12   -4   10    9   -6   14   -6   12    0   -1    3   18    6
    2    1    5    6    0    0    2    1       935   10    1    9  -13   17   -8   17   18  -13   14  -10   -1  -15   -7   -8    7   -1  -12
    2    1    6    4    1    5    1    0      1171  -15   -3   14   14    6   -1    3  -10   -6    1   -9   -4   -3   11   11    4   -6   10
    2    1    7    4    1    2    1    0      1286  -16   -4   11   13   16    1    2  -11   -6    5   -9   -5    1   11   18    6   -8    8
    2    1    8    1    1    1    2    0      4452  -17   -9   10   11    5   -6    8  -11   -1   -3   -8   -2   -1   11   15    6   -6   12
    2    1    9    1    1    5    1    1      1587  -16   -1   13   12   16   -2    6  -13   -7    2  -11   -6    0   12   14    5   -4   11
    2    1   10    1    2    2    1    1      2469   15  -10  -10    4   -2   -1   -3   17    0   16    2   12   10   -9   -3  -11   15   -4
    2    1   11    1    2    1    1    1       851   12   -7   -8    3    2   -2  -12   14    1   16    3   12   10   -9  -14  -10    9    0
    2    1   12    4    3    3    2    1      1746  -11    9   -2    8   10  -12   -3   10    1    2   16  -12   12    0    0    5   22    6
    2    1   13    1    3    4    1    1      1070  -16    4  -11   15    9  -12  -13    8   -5    1   10   -8   14   -2    1    2   15    9
    2    1   14    1    2    3    2    0      4372    9  -12  -11    3    3   -5  -16    6   -1   15    3   15    9   -9  -11  -23   17   -8
    2    1   15    6    0    0    2    1      1863    2   19  -13   15    9    5   -5   -3    6    2    1  -12    1   -8    0    4    5   -6
    2    1   16    6    0    0    2    1      1021   10   10   -1  -14   16    8   12   11   15  -15   -3   11  -10    9    6  -15    9    1
    2    1   17    1    1    4    1    1       822  -12   -2   10   14    9   -4    2  -12   -6    2   -9   -4   -4   13   23    7    3   18
    2    1   18    1    3    3    1    1      4086  -21   11   -7   12   18   -9   -3   11   -1    0   11   -7    5    4    0    5   14    8
    2    1   19    4    1    4    2    1       900  -13   -3   16    7    5    1   -4  -11   -6    0  -15  -10   -1   11    6   12   -3   12
    2    1   20    4    2    2    2    1      1410   12  -10   -9    3    2   -6  -14   15    1   15    0   13   10   -7   -8  -11   18   -1
    2    1   21    2    1    0    1    0       602  -14   -3   12   12   15    2    1  -10   -5    2  -10   -4   -2   11   13    4   -5   11
    2    1   22    4    2    5    2    1      1124   14   -9  -13    4    0   -8  -18   24   -2   15    4   13   16   -6   -8  -14   22   -5
    2    1   23    2    2    0    2    1      1704   13  -11   -9    2    1   -6  -13   15    0   15    2   13   10   -8   -9  -13   15   -8
    2    1   24    1    1    3    1    1       885  -15   -5   14   12   16    3   -1  -11   -8    2   -8   -3   -3   12   13    5   -9   11
    2    1   25    2    3    0    2    1      3235  -12    9   -6   10    8  -12   -4   11   -1    2   12   -7   14   -1    1    4   15    7
    2    1   26    4    3    5    2    1      1955  -12    5    2   17    9  -12   -4   12   -2    3   16  -12   16    0    3    5   15    5
    2    1   27    4    2    4    2    1      1878   12  -13  -11   -1   -1   -8  -12   15    0   14    4   12    0  -10   -8  -14   13   -6
    2    1   28    1    2    4    1    1       828   12  -11  -15   -2    6   -9  -15   16    0   17    2   11    9  -12   -8  -12   17   -6
    2    1   29    4    1    1    2    1      1260  -19   -1   12   14   18    9    2   -8   -4    1   -9   -4   -2   10   13    3   -4   12
    2    1   30    4    1    3    1    0      1899  -13   -2   12   13   18    6    3  -11   -6    3  -20   -2    2    7    9    6   -7    6
    2    1   31    4    3    4    2    1       976  -10    9   -5   10    7  -12   -8   14   -3    4   13   -4   15   -1    0    4   16    9
    2    1   32    6    0    0    2    1      1178   15   -1    9  -14   16   -6   14    8  -21   14   -9   -4  -15   -7   -9    8   -5  -12
    2    1   33    1    3    2    1    1      1644  -11    7   -3   13   11  -16    5   10   -2    2   13   -5   15   -3    1    3    7   -2
    2    1   34    4    2    1    2    1      1803   13  -12  -11    2    0   -8  -13   10  -10    7    1   13   11   -9   -1   -3   16   -6
    2    1   35    1    3    1    2    0      2228   -8    7   -5   10   12   -9   -6   13   -7    0   10   -7   15   -1    4    8   15    8
    2    1   36    4    3    2    2    1       940  -14   11   -8   11   13   -9   -3   11   -2    3   10   -6    8   -7    2    6   14    8
    2    1   37    6    0    0    2    1       920   11    7   -2  -16   15    6   14    8   12   -6   -4   14  -12   12    6   -9    8    4
    2    1   38    1    2    5    1    1      1893   14  -11  -11    9   10   -9  -14   18    1   15   -3    9    6  -11   -8  -14   16   -8
    2    1   39    4    2    3    2    1      1018   14  -10   -7    4   -5  -10  -12   16    0   16    3   13    3   -6   -9  -14   16   -7
