    1    1    1    1    2    3    1    0      6175    8    0   12   14    7    6    3  -13    5    5   10    8  -12  -12   -4  -14    4   16
    1    1    2    1    3    2    3    1      2864   10   10   -4   -3   14   11    4    9   -9    2   -5  -10   -6   -5    6  -10   14   -4
    1    1    3    1    1    5    2    0      1215   -2  -11    8    9  -10  -13    1   -5   14   -1   -4    3    3   14   10   16   -2   -1
    1    1    4    1    1    4    1    1      3264   -1  -20   10   11  -13   -2    3   -4   23   -7   -4    4    1   14    3   15   -3    2
    1    1    5    1    3    4    3    1      1455   10   13    6  -10   13   11    4   10   -5    4   -6   -8   -7   -4    7   -8   14   -2
    1    1    6    1    2    2    2    1      1095   14    7   19   21    8    8    2   -3    3    7    5    4   -9   -2  -11   -7   14   10
    1    1    7    1    2    5    2    1      2189   15    5   14    9    9    6    6   -6    3    8    2    5  -10    3  -12  -14   12    6
    1    1    8    1    3    1    2    0       951    4   15   -4   -4   13   12    3    7   -3    2  -10  -13  -16    2    4  -10    9    0
    1    1    9    1    3    3    3    1       963    6   15   -6   -5   11   10    0   13   -6    3  -13  -19   -9   -3    6  -10   14    0
    1    1   10    1    3    5    3    1      1374   10   14    3    5   11   10    6    8   -5    3   -7   -9  -12   -5    4   -9   13   -3
    1    1   11    1    2    4    1    0      1561   11    3   13   13   15   17    3   -5    3    6    9   11   -7   -7   -7  -18   13    7
    1    1   12    1    1    1    2    0      1308   -1  -17    2   19  -14  -16    5   -6   13    1   -7    0    6   11    4   16   -2   -1
    1    1   13    1    1    3    2    0      1433    3  -15    4    0   -7  -13    3   -6   10    3   -7    3    9   23   -4   21   -2    0
    1    1   14    1    1    2    1    1      1090    1  -14    8    4   -7  -11    0   -4   14   -8   -3    5    1   13    6   14   -3    0
    1    1   15    1    2    1    3    0      1239   14    5   15   13    9    6    5   -3    4    4   -2   15   -6   -5   -3  -19   10    8
    1    2    1    1    1    4    2    0      1400   -1  -20   10   11  -13   -2    3   -4   23   -7   -4    4    1   14    3   15   -3    2
    1    2    2    1    3    4    3    1       945   10   13    6  -10   13   11    4   10   -5    4   -6   -8   -7   -4    7   -8   14   -2
    1    2    3    1    2    2    2    1      2173   14    7   19   21    8    8    2   -3    3    7    5    4   -9   -2  -11   -7   14   10
    1    2    4    1    1    2    1    1       856    1  -14    8    4   -7  -11    0   -4   14   -8   -3    5    1   13    6   14   -3    0
    1    2    5    1    1    5    1    1      1015   -2  -11    8    9  -10  -13    1   -5   14   -1   -4    3    3   14   10   16   -2   -1
    1    2    6    1    3    2    3    1       784   10   10   -4   -3   14   11    4    9   -9    2   -5  -10   -6   -5    6  -10   14   -4
    1    2    7    1    2    1    2    1       930   14    5   15   13    9    6    5   -3    4    4   -2   15   -6   -5   -3  -19   10    8
    1    2    8    1    3    1    2    0       911    4   15   -4   -4   13   12    3    7   -3    2  -10  -13  -16    2    4  -10    9    0
    1    2    9    1    1    3    1    1      1756    3  -15    4    0   -7  -13    3   -6   10    3   -7    3    9   23   -4   21   -2    0
    1    2   10    1    3    5    3    1       791   10   14    3    5   11   10    6    8   -5    3   -7   -9  -12   -5    4   -9   13   -3
    1    2   11    1    2    3    2    1      1882    8    0   12   14    7    6    3  -13    5    5   10    8  -12  -12   -4  -14    4   16
    1    2   12    1    2    5    3    0      2288   15    5   14    9    9    6    6   -6    3    8    2    5  -10    3  -12  -14   12    6
    1    2   13    1    1    1    1    1      2214   -1  -17    2   19  -14  -16    5   -6   13    1   -7    0    6   11    4   16   -2   -1
    1    2   14    1    3    3    3    1       831    6   15   -6   -5   11   10    0   13   -6    3  -13  -19   -9   -3    6  -10   14    0
    1    2   15    1    2    4    2    1       655   11    3   13   13   15   17    3   -5    3    6    9   11   -7   -7   -7  -18   13    7
    1    3    1    1    2    2    2    1      1287   14    7   19   21    8    8    2   -3    3    7    5    4   -9   -2  -11   -7   14   10
    1    3    2    1    3    5    3    1       757   10   14    3    5   11   10    6    8   -5    3   -7   -9  -12   -5    4   -9   13   -3
    1    3    3    1    1    1    1    1      2472   -1  -17    2   19  -14  -16    5   -6   13    1   -7    0    6   11    4   16   -2   -1
    1    3    4    1    2    5    2    1      1175   15    5   14    9    9    6    6   -6    3    8    2    5  -10    3  -12  -14   12    6
    1    3    5    1    1    3    2    0       954    3  -15    4    0   -7  -13    3   -6   10    3   -7    3    9   23   -4   21   -2    0
    1    3    6    1    2    4    2    1       885   11    3   13   13   15   17    3   -5    3    6    9   11   -7   -7   -7  -18   13    7
    1    3    7    1    3    3    3    1       531    6   15   -6   -5   11   10    0   13   -6    3  -13  -19   -9   -3    6  -10   14    0
    1    3    8    1    3    1    2    0      3055    4   15   -4   -4   13   12    3    7   -3    2  -10  -13  -16    2    4  -10    9    0
    1    3    9    1    2    1    3    0      1398   14    5   15   13    9    6    5   -3    4    4   -2   15   -6   -5   -3  -19   10    8
    1    3   10    1    2    3    2    1      1088    8    0   12   14    7    6    3  -13    5    5   10    8  -12  -12   -4  -14    4   16
    1    3   11    1    1    2    1    1      1190    1  -14    8    4   -7  -11    0   -4   14   -8   -3    5    1   13    6   14   -3    0
    1    3   12    1    3    2    3    1      1272   10   10   -4   -3   14   11    4    9   -9    2   -5  -10   -6   -5    6  -10   14   -4
    1    3   13    1    1    4    1    1       983   -1  -20   10   11  -13   -2    3   -4   23   -7   -4    4    1   14    3   15   -3    2
    1    3   14    1    3    4    3    1       721   10   13    6  -10   13   11    4   10   -5    4   -6   -8   -7   -4    7   -8   14   -2
    1    3   15    1    1    5    1    1      1014   -2  -11    8    9  -10  -13    1   -5   14   -1   -4    3    3   14   10   16   -2   -1
    1    4    1    1    2    4    2    1      1887   11    3   13   13   15   17    3   -5    3    6    9   11   -7   -7   -7  -18   13    7
    1    4    2    1    3    3    3    1      1237    6   15   -6   -5   11   10    0   13   -6    3  -13  -19   -9   -3    6  -10   14    0
    1    4    3    1    3    5    3    1       741   10   14    3    5   11   10    6    8   -5    3   -7   -9  -12   -5    4   -9   13   -3
    1    4    4    1    1    1    1    1       890   -1  -17    2   19  -14  -16    5   -6   13    1   -7    0    6   11    4   16   -2   -1
    1    4    5    1    2    2    2    1      3255   14    7   19   21    8    8    2   -3    3    7    5    4   -9   -2  -11   -7   14   10
    1    4    6    1    3    4    3    1       631   10   13    6  -10   13   11    4   10   -5    4   -6   -8   -7   -4    7   -8   14   -2
    1    4    7    1    3    1    3    1      1584    4   15   -4   -4   13   12    3    7   -3    2  -10  -13  -16    2    4  -10    9    0
    1    4    8    1    2    5    3    0      1058   15    5   14    9    9    6    6   -6    3    8    2    5  -10    3  -12  -14   12    6
    1    4    9    1    2    1    2    1      1305   14    5   15   13    9    6    5   -3    4    4   -2   15   -6   -5   -3  -19   10    8
    1    4   10    1    1    4    1    1      1094   -1  -20   10   11  -13   -2    3   -4   23   -7   -4    4    1   14    3   15   -3    2
    1    4   11    1    2    3    2    1      1052    8    0   12   14    7    6    3  -13    5    5   10    8  -12  -12   -4  -14    4   16
    1    4   12    1    1    3    2    0       836    3  -15    4    0   -7  -13    3   -6   10    3   -7    3    9   23   -4   21   -2    0
    1    4   13    1    3    2    3    1       612   10   10   -4   -3   14   11    4    9   -9    2   -5  -10   -6   -5    6  -10   14   -4
    1    4   14    1    1    5    1    1       765   -2  -11    8    9  -10  -13    1   -5   14   -1   -4    3    3   14   10   16   -2   -1
    1    4   15    1    1    2    1    1       800    1  -14    8    4   -7  -11    0   -4   14   -8   -3    5    1   13    6   14   -3    0
    1    5    1    1    2    1    3    0      1393   14    5   15   13    9    6    5   -3    4    4   -2   15   -6   -5   -3  -19   10    8
    1    5    2    1    3    5    3    1       812   10   14    3    5   11   10    6    8   -5    3   -7   -9  -12   -5    4   -9   13   -3
    1    5    3    1    3    4    3    1       605   10   13    6  -10   13   11    4   10   -5    4   -6   -8   -7   -4    7   -8   14   -2
    1    5    4    1    2    5    2    1      1302   15    5   14    9    9    6    6   -6    3    8    2    5  -10    3  -12  -14   12    6
    1    5    5    1    2    2    2    1      1380   14    7   19   21    8    8    2   -3    3    7    5    4   -9   -2  -11   -7   14   10
    1    5    6    1    3    2    3    1       831   10   10   -4   -3   14   11    4    9   -9    2   -5  -10   -6   -5    6  -10   14   -4
    1    5    7    1    1    4    1    1       559   -1  -20   10   11  -13   -2    3   -4   23   -7   -4    4    1   14    3   15   -3    2
    1    5    8    1    3    3    3    1      2106    6   15   -6   -5   11   10    0   13   -6    3  -13  -19   -9   -3    6  -10   14    0
    1    5    9    1    3    1    2    0      1528    4   15   -4   -4   13   12    3    7   -3    2  -10  -13  -16    2    4  -10    9    0
    1    5   10    1    1    3    2    0      1085    3  -15    4    0   -7  -13    3   -6   10    3   -7    3    9   23   -4   21   -2    0
    1    5   11    1    2    4    2    1      1091   11    3   13   13   15   17    3   -5    3    6    9   11   -7   -7   -7  -18   13    7
    1    5   12    1    1    2    1    1       569    1  -14    8    4   -7  -11    0   -4   14   -8   -3    5    1   13    6   14   -3    0
    1    5   13    1    2    3    2    1       932    8    0   12   14    7    6    3  -13    5    5   10    8  -12  -12   -4  -14    4   16
    1    5   14    1    1    5    1    1      1200   -2  -11    8    9  -10  -13    1   -5   14   -1   -4    3    3   14   10   16   -2   -1
    1    5   15    1    1    1    1    1      1841   -1  -17    2   19  -14  -16    5   -6   13    1   -7    0    6   11    4   16   -2   -1
    1    6    1    1    2    3    2    1       985    8    0   12   14    7    6    3  -13    5    5   10    8  -12  -12   -4  -14    4   16
    1    6    2    1    1    3    2    0      1427    3  -15    4    0   -7  -13    3   -6   10    3   -7    3    9   23   -4   21   -2    0
    1    6    3    1    3    3    3    1       876    6   15   -6   -5   11   10    0   13   -6    3  -13  -19   -9   -3    6  -10   14    0
    1    6    4    1    3    2    3    1       666   10   10   -4   -3   14   11    4    9   -9    2   -5  -10   -6   -5    6  -10   14   -4
    1    6    5    1    2    1    2    1      1602   14    5   15   13    9    6    5   -3    4    4   -2   15   -6   -5   -3  -19   10    8
    1    6    6    1    1    1    1    1      1747   -1  -17    2   19  -14  -16    5   -6   13    1   -7    0    6   11    4   16   -2   -1
    1    6    7    1    2    2    2    1       719   14    7   19   21    8    8    2   -3    3    7    5    4   -9   -2  -11   -7   14   10
    1    6    8    1    2    4    2    1      1395   11    3   13   13   15   17    3   -5    3    6    9   11   -7   -7   -7  -18   13    7
    1    6    9    1    1    4    1    1       718   -1  -20   10   11  -13   -2    3   -4   23   -7   -4    4    1   14    3   15   -3    2
    1    6   10    1    2    5    2    1      2339   15    5   14    9    9    6    6   -6    3    8    2    5  -10    3  -12  -14   12    6
    1    6   11    1    1    2    1    1       935    1  -14    8    4   -7  -11    0   -4   14   -8   -3    5    1   13    6   14   -3    0
    1    6   12    1    3    1    2    0      1043    4   15   -4   -4   13   12    3    7   -3    2  -10  -13  -16    2    4  -10    9    0
    1    6   13    1    3    4    3    1       507   10   13    6  -10   13   11    4   10   -5    4   -6   -8   -7   -4    7   -8   14   -2
    1    6   14    1    3    5    3    1       936   10   14    3    5   11   10    6    8   -5    3   -7   -9  -12   -5    4   -9   13   -3
    1    6   15    1    1    5    1    1       756   -2  -11    8    9  -10  -13    1   -5   14   -1   -4    3    3   14   10   16   -2   -1
    1    7    1    1    2    5    2    1      1207   15    5   14    9    9    6    6   -6    3    8    2    5  -10    3  -12  -14   12    6
    1    7    2    1    1    5    1    1       857   -2  -11    8    9  -10  -13    1   -5   14   -1   -4    3    3   14   10   16   -2   -1
    1    7    3    1    1    1    1    1      1016   -1  -17    2   19  -14  -16    5   -6   13    1   -7    0    6   11    4   16   -2   -1
    1    7    4    1    3    2    3    1       609   10   10   -4   -3   14   11    4    9   -9    2   -5  -10   -6   -5    6  -10   14   -4
    1    7    5    1    3    3    3    1       538    6   15   -6   -5   11   10    0   13   -6    3  -13  -19   -9   -3    6  -10   14    0
    1    7    6    1    1    2    1    1      1078    1  -14    8    4   -7  -11    0   -4   14   -8   -3    5    1   13    6   14   -3    0
    1    7    7    1    2    1    2    1      1949   14    5   15   13    9    6    5   -3    4    4   -2   15   -6   -5   -3  -19   10    8
    1    7    8    1    2    2    2    1       913   14    7   19   21    8    8    2   -3    3    7    5    4   -9   -2  -11   -7   14   10
    1    7    9    1    3    5    3    1       702   10   14    3    5   11   10    6    8   -5    3   -7   -9  -12   -5    4   -9   13   -3
    1    7   10    1    2    3    2    1      1108    8    0   12   14    7    6    3  -13    5    5   10    8  -12  -12   -4  -14    4   16
    1    7   11    1    1    4    1    1       649   -1  -20   10   11  -13   -2    3   -4   23   -7   -4    4    1   14    3   15   -3    2
    1    7   12    1    3    1    3    1      1840    4   15   -4   -4   13   12    3    7   -3    2  -10  -13  -16    2    4  -10    9    0
    1    7   13    1    2    4    2    1       744   11    3   13   13   15   17    3   -5    3    6    9   11   -7   -7   -7  -18   13    7
    1    7   14    1    3    4    3    1       748   10   13    6  -10   13   11    4   10   -5    4   -6   -8   -7   -4    7   -8   14   -2
    1    7   15    1    1    3    2    0      2656    3  -15    4    0   -7  -13    3   -6   10    3   -7    3    9   23   -4   21   -2    0
    1    8    1    1    1    2    1    1       967    1  -14    8    4   -7  -11    0   -4   14   -8   -3    5    1   13    6   14   -3    0
    1    8    2    1    3    1    3    1      1714    4   15   -4   -4   13   12    3    7   -3    2  -10  -13  -16    2    4  -10    9    0
    1    8    3    1    3    4    3    1       943   10   13    6  -10   13   11    4   10   -5    4   -6   -8   -7   -4    7   -8   14   -2
    1    8    4    1    1    5    1    1      1099   -2  -11    8    9  -10  -13    1   -5   14   -1   -4    3    3   14   10   16   -2   -1
    1    8    5    1    2    3    2    1      1121    8    0   12   14    7    6    3  -13    5    5   10    8  -12  -12   -4  -14    4   16
    1    8    6    1    1    1    1    1       822   -1  -17    2   19  -14  -16    5   -6   13    1   -7    0    6   11    4   16   -2   -1
    1    8    7    1    2    2    2    1       982   14    7   19   21    8    8    2   -3    3    7    5    4   -9   -2  -11   -7   14   10
    1    8    8    1    3    3    3    1       576    6   15   -6   -5   11   10    0   13   -6    3  -13  -19   -9   -3    6  -10   14    0
    1    8    9    1    2    1    2    1      1211   14    5   15   13    9    6    5   -3    4    4   -2   15   -6   -5   -3  -19   10    8
    1    8   10    1    1    4    1    1       812   -1  -20   10   11  -13   -2    3   -4   23   -7   -4    4    1   14    3   15   -3    2
    1    8   11    1    2    4    2    1      1054   11    3   13   13   15   17    3   -5    3    6    9   11   -7   -7   -7  -18   13    7
    1    8   12    1    3    2    3    1       581   10   10   -4   -3   14   11    4    9   -9    2   -5  -10   -6   -5    6  -10   14   -4
    1    8   13    1    2    5    2    1      1535   15    5   14    9    9    6    6   -6    3    8    2    5  -10    3  -12  -14   12    6
    1    8   14    1    1    3    1    1      2787    3  -15    4    0   -7  -13    3   -6   10    3   -7    3    9   23   -4   21   -2    0
    1    8   15    1    3    5    3    1       886   10   14    3    5   11   10    6    8   -5    3   -7   -9  -12   -5    4   -9   13   -3
    1    9    1    1    1    3    1    1      1779    3  -15    4    0   -7  -13    3   -6   10    3   -7    3    9   23   -4   21   -2    0
    1    9    2    1    1    2    1    1       846    1  -14    8    4   -7  -11    0   -4   14   -8   -3    5    1   13    6   14   -3    0
    1    9    3    1    2    4    2    1       750   11    3   13   13   15   17    3   -5    3    6    9   11   -7   -7   -7  -18   13    7
    1    9    4    1    3    1    3    1      1074    4   15   -4   -4   13   12    3    7   -3    2  -10  -13  -16    2    4  -10    9    0
    1    9    5    1    3    4    3    1       632   10   13    6  -10   13   11    4   10   -5    4   -6   -8   -7   -4    7   -8   14   -2
    1    9    6    1    3    3    3    1       528    6   15   -6   -5   11   10    0   13   -6    3  -13  -19   -9   -3    6  -10   14    0
    1    9    7    1    3    2    3    1       461   10   10   -4   -3   14   11    4    9   -9    2   -5  -10   -6   -5    6  -10   14   -4
    1    9    8    1    1    1    1    1      1277   -1  -17    2   19  -14  -16    5   -6   13    1   -7    0    6   11    4   16   -2   -1
    1    9    9    1    2    2    2    1       747   14    7   19   21    8    8    2   -3    3    7    5    4   -9   -2  -11   -7   14   10
    1    9   10    1    2    3    2    1       831    8    0   12   14    7    6    3  -13    5    5   10    8  -12  -12   -4  -14    4   16
    1    9   11    1    1    4    1    1       735   -1  -20   10   11  -13   -2    3   -4   23   -7   -4    4    1   14    3   15   -3    2
    1    9   12    1    2    1    2    1      2772   14    5   15   13    9    6    5   -3    4    4   -2   15   -6   -5   -3  -19   10    8
    1    9   13    1    2    5    2    1      1334   15    5   14    9    9    6    6   -6    3    8    2    5  -10    3  -12  -14   12    6
    1    9   14    1    1    5    1    1       898   -2  -11    8    9  -10  -13    1   -5   14   -1   -4    3    3   14   10   16   -2   -1
    1    9   15    1    3    5    3    1      1264   10   14    3    5   11   10    6    8   -5    3   -7   -9  -12   -5    4   -9   13   -3
    1   10    1    1    3    2    3    1       751   10   10   -4   -3   14   11    4    9   -9    2   -5  -10   -6   -5    6  -10   14   -4
    1   10    2    1    2    4    2    1      1282   11    3   13   13   15   17    3   -5    3    6    9   11   -7   -7   -7  -18   13    7
    1   10    3    1    1    3    1    1       993    3  -15    4    0   -7  -13    3   -6   10    3   -7    3    9   23   -4   21   -2    0
    1   10    4    1    3    3    3    1       827    6   15   -6   -5   11   10    0   13   -6    3  -13  -19   -9   -3    6  -10   14    0
    1   10    5    1    2    3    2    1       603    8    0   12   14    7    6    3  -13    5    5   10    8  -12  -12   -4  -14    4   16
    1   10    6    1    1    5    1    1       853   -2  -11    8    9  -10  -13    1   -5   14   -1   -4    3    3   14   10   16   -2   -1
    1   10    7    1    2    1    2    1      1252   14    5   15   13    9    6    5   -3    4    4   -2   15   -6   -5   -3  -19   10    8
    1   10    8    1    3    1    3    1       819    4   15   -4   -4   13   12    3    7   -3    2  -10  -13  -16    2    4  -10    9    0
    1   10    9    1    1    4    1    1       772   -1  -20   10   11  -13   -2    3   -4   23   -7   -4    4    1   14    3   15   -3    2
    1   10   10    1    1    2    1    1       903    1  -14    8    4   -7  -11    0   -4   14   -8   -3    5    1   13    6   14   -3    0
    1   10   11    1    2    5    2    1      2564   15    5   14    9    9    6    6   -6    3    8    2    5  -10    3  -12  -14   12    6
    1   10   12    1    2    2    2    1       863   14    7   19   21    8    8    2   -3    3    7    5    4   -9   -2  -11   -7   14   10
    1   10   13    1    3    4    3    1       575   10   13    6  -10   13   11    4   10   -5    4   -6   -8   -7   -4    7   -8   14   -2
    1   10   14    1    3    5    3    1       889   10   14    3    5   11   10    6    8   -5    3   -7   -9  -12   -5    4   -9   13   -3
    1   10   15    1    1    1    1    1       808   -1  -17    2   19  -14  -16    5   -6   13    1   -7    0    6   11    4   16   -2   -1
    1   11    1    1    2    5    2    1      1193   15    5   14    9    9    6    6   -6    3    8    2    5  -10    3  -12  -14   12    6
    1   11    2    1    2    3    2    1      1227    8    0   12   14    7    6    3  -13    5    5   10    8  -12  -12   -4  -14    4   16
    1   11    3    1    1    3    1    1       956    3  -15    4    0   -7  -13    3   -6   10    3   -7    3    9   23   -4   21   -2    0
    1   11    4    1    3    5    3    1       695   10   14    3    5   11   10    6    8   -5    3   -7   -9  -12   -5    4   -9   13   -3
    1   11    5    1    2    1    2    1      1517   14    5   15   13    9    6    5   -3    4    4   -2   15   -6   -5   -3  -19   10    8
    1   11    6    1    3    3    3    1      3250    6   15   -6   -5   11   10    0   13   -6    3  -13  -19   -9   -3    6  -10   14    0
    1   11    7    1    2    2    2    1      1154   14    7   19   21    8    8    2   -3    3    7    5    4   -9   -2  -11   -7   14   10
    1   11    8    1    1    2    1    1       805    1  -14    8    4   -7  -11    0   -4   14   -8   -3    5    1   13    6   14   -3    0
    1   11    9    1    2    4    2    1      3846   11    3   13   13   15   17    3   -5    3    6    9   11   -7   -7   -7  -18   13    7
    1   11   10    1    1    4    1    1       702   -1  -20   10   11  -13   -2    3   -4   23   -7   -4    4    1   14    3   15   -3    2
    1   11   11    1    1    1    1    1      1187   -1  -17    2   19  -14  -16    5   -6   13    1   -7    0    6   11    4   16   -2   -1
    1   11   12    1    1    5    1    1       742   -2  -11    8    9  -10  -13    1   -5   14   -1   -4    3    3   14   10   16   -2   -1
    1   11   13    1    3    1    3    1      1706    4   15   -4   -4   13   12    3    7   -3    2  -10  -13  -16    2    4  -10    9    0
    1   11   14    1    3    4    3    1       903   10   13    6  -10   13   11    4   10   -5    4   -6   -8   -7   -4    7   -8   14   -2
    1   11   15    1    3    2    3    1       565   10   10   -4   -3   14   11    4    9   -9    2   -5  -10   -6   -5    6  -10   14   -4
    1   12    1    1    2    3    2    1      1119    8    0   12   14    7    6    3  -13    5    5   10    8  -12  -12   -4  -14    4   16
    1   12    2    1    3    4    3    1       980   10   13    6  -10   13   11    4   10   -5    4   -6   -8   -7   -4    7   -8   14   -2
    1   12    3    1    3    2    3    1       623   10   10   -4   -3   14   11    4    9   -9    2   -5  -10   -6   -5    6  -10   14   -4
    1   12    4    1    2    1    2    1      1048   14    5   15   13    9    6    5   -3    4    4   -2   15   -6   -5   -3  -19   10    8
    1   12    5    1    1    4    1    1       576   -1  -20   10   11  -13   -2    3   -4   23   -7   -4    4    1   14    3   15   -3    2
    1   12    6    1    2    4    2    1      1258   11    3   13   13   15   17    3   -5    3    6    9   11   -7   -7   -7  -18   13    7
    1   12    7    1    2    2    2    1       762   14    7   19   21    8    8    2   -3    3    7    5    4   -9   -2  -11   -7   14   10
    1   12    8    1    3    3    3    1      1149    6   15   -6   -5   11   10    0   13   -6    3  -13  -19   -9   -3    6  -10   14    0
    1   12    9    1    1    3    1    1      1056    3  -15    4    0   -7  -13    3   -6   10    3   -7    3    9   23   -4   21   -2    0
    1   12   10    1    1    2    1    1       632    1  -14    8    4   -7  -11    0   -4   14   -8   -3    5    1   13    6   14   -3    0
    1   12   11    1    1    1    1    1       816   -1  -17    2   19  -14  -16    5   -6   13    1   -7    0    6   11    4   16   -2   -1
    1   12   12    1    3    5    3    1      1121   10   14    3    5   11   10    6    8   -5    3   -7   -9  -12   -5    4   -9   13   -3
    1   12   13    1    1    5    1    1       789   -2  -11    8    9  -10  -13    1   -5   14   -1   -4    3    3   14   10   16   -2   -1
    1   12   14    1    2    5    2    1      1191   15    5   14    9    9    6    6   -6    3    8    2    5  -10    3  -12  -14   12    6
    1   12   15    1    3    1    3    1      2185    4   15   -4   -4   13   12    3    7   -3    2  -10  -13  -16    2    4  -10    9    0
    1   13    1    1    1    4    1    1       628   -1  -20   10   11  -13   -2    3   -4   23   -7   -4    4    1   14    3   15   -3    2
    1   13    2    1    1    5    1    1       717   -2  -11    8    9  -10  -13    1   -5   14   -1   -4    3    3   14   10   16   -2   -1
    1   13    3    1    3    5    3    1      1921   10   14    3    5   11   10    6    8   -5    3   -7   -9  -12   -5    4   -9   13   -3
    1   13    4    1    3    3    3    1      1046    6   15   -6   -5   11   10    0   13   -6    3  -13  -19   -9   -3    6  -10   14    0
    1   13    5    1    2    4    2    1      1038   11    3   13   13   15   17    3   -5    3    6    9   11   -7   -7   -7  -18   13    7
    1   13    6    1    3    2    3    1       854   10   10   -4   -3   14   11    4    9   -9    2   -5  -10   -6   -5    6  -10   14   -4
    1   13    7    1    1    2    1    1       661    1  -14    8    4   -7  -11    0   -4   14   -8   -3    5    1   13    6   14   -3    0
    1   13    8    1    2    3    2    1       829    8    0   12   14    7    6    3  -13    5    5   10    8  -12  -12   -4  -14    4   16
    1   13    9    1    1    1    1    1       830   -1  -17    2   19  -14  -16    5   -6   13    1   -7    0    6   11    4   16   -2   -1
    1   13   10    1    1    3    1    1       718    3  -15    4    0   -7  -13    3   -6   10    3   -7    3    9   23   -4   21   -2    0
    1   13   11    1    2    2    2    1       643   14    7   19   21    8    8    2   -3    3    7    5    4   -9   -2  -11   -7   14   10
    1   13   12    1    2    5    2    1      1371   15    5   14    9    9    6    6   -6    3    8    2    5  -10    3  -12  -14   12    6
    1   13   13    1    2    1    2    1      1158   14    5   15   13    9    6    5   -3    4    4   -2   15   -6   -5   -3  -19   10    8
    1   13   14    1    3    1    2    0      1337    4   15   -4   -4   13   12    3    7   -3    2  -10  -13  -16    2    4  -10    9    0
    1   13   15    1    3    4    3    1      1285   10   13    6  -10   13   11    4   10   -5    4   -6   -8   -7   -4    7   -8   14   -2
    1   14    1    1    1    4    1    1       595   -1  -20   10   11  -13   -2    3   -4   23   -7   -4    4    1   14    3   15   -3    2
    1   14    2    1    2    3    2    1       749    8    0   12   14    7    6    3  -13    5    5   10    8  -12  -12   -4  -14    4   16
    1   14    3    1    3    2    3    1       465   10   10   -4   -3   14   11    4    9   -9    2   -5  -10   -6   -5    6  -10   14   -4
    1   14    4    1    1    5    1    1       624   -2  -11    8    9  -10  -13    1   -5   14   -1   -4    3    3   14   10   16   -2   -1
    1   14    5    1    2    4    2    1       632   11    3   13   13   15   17    3   -5    3    6    9   11   -7   -7   -7  -18   13    7
    1   14    6    1    3    3    3    1       960    6   15   -6   -5   11   10    0   13   -6    3  -13  -19   -9   -3    6  -10   14    0
    1   14    7    1    1    3    1    1      1100    3  -15    4    0   -7  -13    3   -6   10    3   -7    3    9   23   -4   21   -2    0
    1   14    8    1    1    1    1    1       881   -1  -17    2   19  -14  -16    5   -6   13    1   -7    0    6   11    4   16   -2   -1
    1   14    9    1    2    2    2    1      2032   14    7   19   21    8    8    2   -3    3    7    5    4   -9   -2  -11   -7   14   10
    1   14   10    1    3    5    3    1       464   10   14    3    5   11   10    6    8   -5    3   -7   -9  -12   -5    4   -9   13   -3
    1   14   11    1    2    5    2    1      1007   15    5   14    9    9    6    6   -6    3    8    2    5  -10    3  -12  -14   12    6
    1   14   12    1    3    4    3    1       841   10   13    6  -10   13   11    4   10   -5    4   -6   -8   -7   -4    7   -8   14   -2
    1   14   13    1    3    1    3    1       969    4   15   -4   -4   13   12    3    7   -3    2  -10  -13  -16    2    4  -10    9    0
    1   14   14    1    1    2    1    1       756    1  -14    8    4   -7  -11    0   -4   14   -8   -3    5    1   13    6   14   -3    0
    1   14   15    1    2    1    2    1      1031   14    5   15   13    9    6    5   -3    4    4   -2   15   -6   -5   -3  -19   10    8
    1   15    1    1    3    4    3    1       688   10   13    6  -10   13   11    4   10   -5    4   -6   -8   -7   -4    7   -8   14   -2
    1   15    2    1    1    2    1    1       630    1  -14    8    4   -7  -11    0   -4   14   -8   -3    5    1   13    6   14   -3    0
    1   15    3    1    2    3    2    1      1358    8    0   12   14    7    6    3  -13    5    5   10    8  -12  -12   -4  -14    4   16
    1   15    4    1    3    3    3    1      2058    6   15   -6   -5   11   10    0   13   -6    3  -13  -19   -9   -3    6  -10   14    0
    1   15    5    1    1    1    1    1      1337   -1  -17    2   19  -14  -16    5   -6   13    1   -7    0    6   11    4   16   -2   -1
    1   15    6    1    3    2    3    1      2613   10   10   -4   -3   14   11    4    9   -9    2   -5  -10   -6   -5    6  -10   14   -4
    1   15    7    1    2    2    2    1      2095   14    7   19   21    8    8    2   -3    3    7    5    4   -9   -2  -11   -7   14   10
    1   15    8    1    1    5    1    1       861   -2  -11    8    9  -10  -13    1   -5   14   -1   -4    3    3   14   10   16   -2   -1
    1   15    9    1    3    1    3    1      1404    4   15   -4   -4   13   12    3    7   -3    2  -10  -13  -16    2    4  -10    9    0
    1   15   10    1    2    1    2    1      1270   14    5   15   13    9    6    5   -3    4    4   -2   15   -6   -5   -3  -19   10    8
    1   15   11    1    2    4    2    1      1652   11    3   13   13   15   17    3   -5    3    6    9   11   -7   -7   -7  -18   13    7
    1   15   12    1    2    5    2    1      1716   15    5   14    9    9    6    6   -6    3    8    2    5  -10    3  -12  -14   12    6
    1   15   13    1    1    4    1    1       737   -1  -20   10   11  -13   -2    3   -4   23   -7   -4    4    1   14    3   15   -3    2
    1   15   14    1    3    5    3    1      1253   10   14    3    5   11   10    6    8   -5    3   -7   -9  -12   -5    4   -9   13   -3
    1   15   15    1    1    3    1    1      2676    3  -15    4    0   -7  -13    3   -6   10    3   -7    3    9   23   -4   21   -2    0
    2    1    1    6    0    0    2    1      4786   -2   -9    4    9   15   -8    0  -18   -5    4  -10  -15    7   14   11   -3   14  -10
    2    1    2    1    1    4    1    1      1796   -1  -20   10   11  -13   -2    3   -4   23   -7   -4    4    1   14    3   15   -3    2
    2    1    3    4    1    1    2    1      2350    2  -16    8   10   -8  -11    3   -4    6   -2   -4   -5    3   12    3   16  -13    0
    2    1    4    4    3    2    1    0       945   10   13   -5   -2   13    9   12   14   -5    4   -6   -8   -7   -4    9  -16   11   -1
    2    1    5    4    3    3    2    1      1149    8   14    0    0   11   10    3    7   -6   13   -5   -8   -3   -5    2   -7   10   -2
    2    1    6    2    1    0    1    0      1665    2  -15    9    9   -9  -11    1   -4   14    1   -3    4    2   14    4   15   -3    1
    2    1    7    2    2    0    2    1      3183   13    5   13   14    9    7    4   -4    4    6    8   10   -6   -6   -2  -15   12    8
    2    1    8    1    1    2    1    1      1922    1  -14    8    4   -7  -11    0   -4   14   -8   -3    5    1   13    6   14   -3    0
    2    1    9    6    0    0    2    1      1862   -4    8    1    8  -18   22    5  -11   15   -4    4   -5  -11    4  -12   10    2   -2
    2    1   10    4    1    3    1    0      1166    1  -16   10    9  -11  -13    0   -6   13    2   -4    6    1   15    4   16    4    6
    2    1   11    6    0    0    1    0      1504    2  -10    2    8   17   -1   -2   -8   -8    3   -9   -9    8   14    9   -7   12  -12
    2    1   12    4    3    4    1    0      4150    9   14   -4   -3   13   10    6    8   -5    3   -9   -7   -5   -5    5   -9   12    5
    2    1   13    1    3    3    1    1       737    6   15   -6   -5   11   10    0   13   -6    3  -13  -19   -9   -3    6  -10   14    0
    2    1   14    4    2    2    2    1       933   14    7   10   17   10    6    3   -5    4    4    9   11   -7  -11    0  -17   13    9
    2    1   15    2    3    0    1    0       978    9   13   -4   -5   12   10    5    8   -4    3   -6   -9   -7   -5    4   -8   12   -2
    2    1   16    1    2    5    1    1      1852   15    5   14    9    9    6    6   -6    3    8    2    5  -10    3  -12  -14   12    6
    2    1   17    1    2    1    1    1       836   14    5   15   13    9    6    5   -3    4    4   -2   15   -6   -5   -3  -19   10    8
    2    1   18    6    0    0    2    1      1764   11    4   -7  -17  -10   -9   11   -1   -6   17    9   18   12   17    7    9  -16   -5
    2    1   19    4    1    5    2    1      2367    0  -13   16    8   -4   -5    0   -2   16    1   -1    5    0   15    6   17   -5    0
    2    1   20    4    2    3    2    1      1266   13    4   13   13   10    7    3   -4    8   12    9   10   -5   -6   -9  -10   13    9
    2    1   21    1    3    5    1    1       993   10   14    3    5   11   10    6    8   -5    3   -7   -9  -12   -5    4   -9   13   -3
    2    1   22    4    3    1    2    1      2075    9   14   -3   -7   13   11   13    3   -3    2   -7   -9   -8   -4    4  -11   15    1
    2    1   23    1    2    3    1    1      1402    8    0   12   14    7    6    3  -13    5    5   10    8  -12  -12   -4  -14    4   16
    2    1   24    4    1    4    2    1      2787   -3  -19    8    5   -8  -12    9    0   12    3   -2    5    3   13    5   16   -3    3
    2    1   25    1    3    2    1    1       677   10   10   -4   -3   14   11    4    9   -9    2   -5  -10   -6   -5    6  -10   14   -4
    2    1   26    4    2    4    2    1      1548   14    6   14   12    9    5    4   -9    4    7    7   12   -8   -4    2  -10    7    6
    2    1   27    1    1    1    1    1      1552   -1  -17    2   19  -14  -16    5   -6   13    1   -7    0    6   11    4   16   -2   -1
    2    1   28    4    2    1    2    1       931   12    6    4    9    8    6    3   -3    7   10    2   14   -4   -6    4  -23   12   10
    2    1   29    1    3    4    1    1      1551   10   13    6  -10   13   11    4   10   -5    4   -6   -8   -7   -4    7   -8   14   -2
    2    1   30    6    0    0    2    1      6419   -9    0   -2   12  -14   14    6  -12   16   -3   -1   -8   -7    2  -12   12    7    2
    2    1   31    6    0    0    2    1      2068   14    5   -4   -4   -9   -7   20   -6   -1   15    6   16   18   19    7   10  -11   -9
    2    1   32    4    3    5    1    0      1411   12   14   -5   -5   15    4    1    5   -5    4   -5  -11   -6   -7    5   -8   17   -7
    2    1   33    1    2    4    1    1      1132   11    3   13   13   15   17    3   -5    3    6    9   11   -7   -7   -7  -18   13    7
    2    1   34    1    1    5    1    1       784   -2  -11    8    9  -10  -13    1   -5   14   -1   -4    3    3   14   10   16   -2   -1
    2    1   35    4    2    5    2    1      1042   13    4   13   15    9    8    3   -4    5    5    8   12   -8   -5    5  -21   13   10
    2    1   36    1    2    2    1    1       970   14    7   19   21    8    8    2   -3    3    7    5    4   -9   -2  -11   -7   14   10
    2    1   37    1    3    1    1    1       869    4   15   -4   -4   13   12    3    7   -3    2  -10  -13  -16    2    4  -10    9    0
    2    1   38    1    1    3    1    1      1379    3  -15    4    0   -7  -13    3   -6   10    3   -7    3    9   23   -4   21   -2    0
    2    1   39    4    1    2    1    0       670    2  -19    7   13   -7  -12    3   -4   15    0   -6    5    1   15    5   14   -3    3
