    1    1    1    1    2    2    3    0      4994   12   -3    7   13   -2    2   14    4    4   10   -9   -4   -2  -15   -8  -12   -3   11
    1    1    2    1    3    4    1    0      4797    4  -13   15  -15   16  -10  -12    8  -11    6   -7   -2   -1    0   16    5   -3    8
    1    1    3    1    2    5    1    0      1470    7    1    6   14    8   18   14    2    2    8   -5   -8   -1  -14  -11  -22   -3   12
    1    1    4    1    2    3    2    1      6453   10   -1    4   13    8   12   13    1    0    4   -8   -4   -1  -14   -6  -16    0   15
    1    1    5    1    3    5    1    0      2388    4  -16   12  -16   17   -9  -16    7  -10    4   -4   -3   -8   11   13    4   -2    8
    1    1    6    1    1    5    1    1      2438   -2  -11    6   -5   14  -11    8    1   18   -8    3    0  -15  -13    3    6   -8    7
    1    1    7    1    1    3    3    0      8470    2   -4   16    0   24   -4    8   -2   10  -14  -13    1  -15  -13    2    5   -1    6
    1    1    8    1    3    1    2    0      2772    2  -15   15  -22   17   -6  -25    6  -11    6   -7    1   -4    1   10    4   -2    4
    1    1    9    1    1    4    1    1       983   -8   -2   12    0   13   -9    7   -3   10  -14   -7    1  -15  -14    0    0  -11    7
    1    1   10    1    2    4    2    1      3361    9    0   13   14    8   12   15    2    2    8   -7   -7   -1  -11   -8  -17   -7   15
    1    1   11    1    1    1    3    0       972   -5  -13   13   -1   14  -11    7   -1    9  -12   -2    7  -10  -10    0    2   -6   11
    1    1   12    1    3    2    3    1      2566    8  -14   10  -16   12   -1  -14    5   -9    8  -15    2   -7    1   16    6   -8   10
    1    1   13    1    3    3    1    0       849   12   -5   12  -13   13  -10  -16    5  -11    7   -5   -2   -8    2   15    5  -13    1
    1    1   14    1    2    1    2    1      3473   -1   -6    3   12   10   10   11    6    0   11   -6   -6   -4   -9  -10  -13   -6   12
    1    1   15    1    1    2    1    1      1415   -6   -5   14    0   15  -13    6   -1    9  -12   -6   -1  -16   -7    3    1  -10    7
    1    2    1    1    2    1    2    1       832   -1   -6    3   12   10   10   11    6    0   11   -6   -6   -4   -9  -10  -13   -6   12
    1    2    2    1    1    5    3    0      1824   -2  -11    6   -5   14  -11    8    1   18   -8    3    0  -15  -13    3    6   -8    7
    1    2    3    1    3    2    2    0      1432    8  -14   10  -16   12   -1  -14    5   -9    8  -15    2   -7    1   16    6   -8   10
    1    2    4    1    1    4    1    1      6672   -8   -2   12    0   13   -9    7   -3   10  -14   -7    1  -15  -14    0    0  -11    7
    1    2    5    1    1    3    3    0      3351    2   -4   16    0   24   -4    8   -2   10  -14  -13    1  -15  -13    2    5   -1    6
    1    2    6    1    2    3    3    0      1842   10   -1    4   13    8   12   13    1    0    4   -8   -4   -1  -14   -6  -16    0   15
    1    2    7    1    1    1    3    0     10954   -5  -13   13   -1   14  -11    7   -1    9  -12   -2    7  -10  -10    0    2   -6   11
    1    2    8    1    3    1    2    0       645    2  -15   15  -22   17   -6  -25    6  -11    6   -7    1   -4    1   10    4   -2    4
    1    2    9    1    2    4    2    1      2685    9    0   13   14    8   12   15    2    2    8   -7   -7   -1  -11   -8  -17   -7   15
    1    2   10    1    2    5    1    0      1827    7    1    6   14    8   18   14    2    2    8   -5   -8   -1  -14  -11  -22   -3   12
    1    2   11    1    3    4    3    1      2123    4  -13   15  -15   16  -10  -12    8  -11    6   -7   -2   -1    0   16    5   -3    8
    1    2   12    1    3    3    1    0       856   12   -5   12  -13   13  -10  -16    5  -11    7   -5   -2   -8    2   15    5  -13    1
    1    2   13    1    3    5    1    0      1159    4  -16   12  -16   17   -9  -16    7  -10    4   -4   -3   -8   11   13    4   -2    8
    1    2   14    1    2    2    3    0      1963   12   -3    7   13   -2    2   14    4    4   10   -9   -4   -2  -15   -8  -12   -3   11
    1    2   15    1    1    2    3    0      2462   -6   -5   14    0   15  -13    6   -1    9  -12   -6   -1  -16   -7    3    1  -10    7
    1    3    1    1    1    3    1    1      2685    2   -4   16    0   24   -4    8   -2   10  -14  -13    1  -15  -13    2    5   -1    6
    1    3    2    1    3    1    2    0      6163    2  -15   15  -22   17   -6  -25    6  -11    6   -7    1   -4    1   10    4   -2    4
    1    3    3    1    3    4    2    0      1518    4  -13   15  -15   16  -10  -12    8  -11    6   -7   -2   -1    0   16    5   -3    8
    1    3    4    1    3    2    3    1      1442    8  -14   10  -16   12   -1  -14    5   -9    8  -15    2   -7    1   16    6   -8   10
    1    3    5    1    1    1    2    0      5386   -5  -13   13   -1   14  -11    7   -1    9  -12   -2    7  -10  -10    0    2   -6   11
    1    3    6    1    2    5    2    1       964    7    1    6   14    8   18   14    2    2    8   -5   -8   -1  -14  -11  -22   -3   12
    1    3    7    1    1    4    1    1      1327   -8   -2   12    0   13   -9    7   -3   10  -14   -7    1  -15  -14    0    0  -11    7
    1    3    8    1    3    3    1    0       732   12   -5   12  -13   13  -10  -16    5  -11    7   -5   -2   -8    2   15    5  -13    1
    1    3    9    1    2    1    1    0      1711   -1   -6    3   12   10   10   11    6    0   11   -6   -6   -4   -9  -10  -13   -6   12
    1    3   10    1    1    2    3    0     18556   -6   -5   14    0   15  -13    6   -1    9  -12   -6   -1  -16   -7    3    1  -10    7
    1    3   11    1    1    5    2    0      4391   -2  -11    6   -5   14  -11    8    1   18   -8    3    0  -15  -13    3    6   -8    7
    1    3   12    1    3    5    3    1      6729    4  -16   12  -16   17   -9  -16    7  -10    4   -4   -3   -8   11   13    4   -2    8
    1    3   13    1    2    2    1    0      1213   12   -3    7   13   -2    2   14    4    4   10   -9   -4   -2  -15   -8  -12   -3   11
    1    3   14    1    2    3    2    1      1454   10   -1    4   13    8   12   13    1    0    4   -8   -4   -1  -14   -6  -16    0   15
    1    3   15    1    2    4    2    1       645    9    0   13   14    8   12   15    2    2    8   -7   -7   -1  -11   -8  -17   -7   15
    1    4    1    1    1    3    3    0      1757    2   -4   16    0   24   -4    8   -2   10  -14  -13    1  -15  -13    2    5   -1    6
    1    4    2    1    1    2    3    0       664   -6   -5   14    0   15  -13    6   -1    9  -12   -6   -1  -16   -7    3    1  -10    7
    1    4    3    1    3    4    3    1      2559    4  -13   15  -15   16  -10  -12    8  -11    6   -7   -2   -1    0   16    5   -3    8
    1    4    4    1    1    1    1    1      2715   -5  -13   13   -1   14  -11    7   -1    9  -12   -2    7  -10  -10    0    2   -6   11
    1    4    5    1    2    4    2    1       479    9    0   13   14    8   12   15    2    2    8   -7   -7   -1  -11   -8  -17   -7   15
    1    4    6    1    2    3    2    1       509   10   -1    4   13    8   12   13    1    0    4   -8   -4   -1  -14   -6  -16    0   15
    1    4    7    1    3    1    1    0      5195    2  -15   15  -22   17   -6  -25    6  -11    6   -7    1   -4    1   10    4   -2    4
    1    4    8    1    2    5    2    1       557    7    1    6   14    8   18   14    2    2    8   -5   -8   -1  -14  -11  -22   -3   12
    1    4    9    1    3    2    1    0      1912    8  -14   10  -16   12   -1  -14    5   -9    8  -15    2   -7    1   16    6   -8   10
    1    4   10    1    3    5    1    0       733    4  -16   12  -16   17   -9  -16    7  -10    4   -4   -3   -8   11   13    4   -2    8
    1    4   11    1    3    3    3    1      1409   12   -5   12  -13   13  -10  -16    5  -11    7   -5   -2   -8    2   15    5  -13    1
    1    4   12    1    1    5    1    1       891   -2  -11    6   -5   14  -11    8    1   18   -8    3    0  -15  -13    3    6   -8    7
    1    4   13    1    2    1    2    1       360   -1   -6    3   12   10   10   11    6    0   11   -6   -6   -4   -9  -10  -13   -6   12
    1    4   14    1    1    4    3    0      1228   -8   -2   12    0   13   -9    7   -3   10  -14   -7    1  -15  -14    0    0  -11    7
    1    4   15    1    2    2    2    1      2188   12   -3    7   13   -2    2   14    4    4   10   -9   -4   -2  -15   -8  -12   -3   11
    1    5    1    1    3    5    3    1       886    4  -16   12  -16   17   -9  -16    7  -10    4   -4   -3   -8   11   13    4   -2    8
    1    5    2    1    2    3    2    1       692   10   -1    4   13    8   12   13    1    0    4   -8   -4   -1  -14   -6  -16    0   15
    1    5    3    1    1    5    1    1       602   -2  -11    6   -5   14  -11    8    1   18   -8    3    0  -15  -13    3    6   -8    7
    1    5    4    1    2    1    2    1       404   -1   -6    3   12   10   10   11    6    0   11   -6   -6   -4   -9  -10  -13   -6   12
    1    5    5    1    3    2    3    1      1813    8  -14   10  -16   12   -1  -14    5   -9    8  -15    2   -7    1   16    6   -8   10
    1    5    6    1    3    4    3    1      2077    4  -13   15  -15   16  -10  -12    8  -11    6   -7   -2   -1    0   16    5   -3    8
    1    5    7    1    1    2    1    1      1420   -6   -5   14    0   15  -13    6   -1    9  -12   -6   -1  -16   -7    3    1  -10    7
    1    5    8    1    3    3    3    1       661   12   -5   12  -13   13  -10  -16    5  -11    7   -5   -2   -8    2   15    5  -13    1
    1    5    9    1    1    4    1    1       620   -8   -2   12    0   13   -9    7   -3   10  -14   -7    1  -15  -14    0    0  -11    7
    1    5   10    1    2    5    2    1       388    7    1    6   14    8   18   14    2    2    8   -5   -8   -1  -14  -11  -22   -3   12
    1    5   11    1    2    4    2    1       470    9    0   13   14    8   12   15    2    2    8   -7   -7   -1  -11   -8  -17   -7   15
    1    5   12    1    1    3    1    1      2053    2   -4   16    0   24   -4    8   -2   10  -14  -13    1  -15  -13    2    5   -1    6
    1    5   13    1    3    1    3    1       549    2  -15   15  -22   17   -6  -25    6  -11    6   -7    1   -4    1   10    4   -2    4
    1    5   14    1    1    1    1    1      3728   -5  -13   13   -1   14  -11    7   -1    9  -12   -2    7  -10  -10    0    2   -6   11
    1    5   15    1    2    2    2    1       668   12   -3    7   13   -2    2   14    4    4   10   -9   -4   -2  -15   -8  -12   -3   11
    1    6    1    1    1    4    1    1      1043   -8   -2   12    0   13   -9    7   -3   10  -14   -7    1  -15  -14    0    0  -11    7
    1    6    2    1    2    4    2    1       443    9    0   13   14    8   12   15    2    2    8   -7   -7   -1  -11   -8  -17   -7   15
    1    6    3    1    1    1    1    1       923   -5  -13   13   -1   14  -11    7   -1    9  -12   -2    7  -10  -10    0    2   -6   11
    1    6    4    1    1    2    3    0       583   -6   -5   14    0   15  -13    6   -1    9  -12   -6   -1  -16   -7    3    1  -10    7
    1    6    5    1    2    2    2    1       545   12   -3    7   13   -2    2   14    4    4   10   -9   -4   -2  -15   -8  -12   -3   11
    1    6    6    1    3    2    3    1       797    8  -14   10  -16   12   -1  -14    5   -9    8  -15    2   -7    1   16    6   -8   10
    1    6    7    1    2    1    2    1       607   -1   -6    3   12   10   10   11    6    0   11   -6   -6   -4   -9  -10  -13   -6   12
    1    6    8    1    3    4    3    1       952    4  -13   15  -15   16  -10  -12    8  -11    6   -7   -2   -1    0   16    5   -3    8
    1    6    9    1    2    5    2    1      1347    7    1    6   14    8   18   14    2    2    8   -5   -8   -1  -14  -11  -22   -3   12
    1    6   10    1    3    5    3    1       814    4  -16   12  -16   17   -9  -16    7  -10    4   -4   -3   -8   11   13    4   -2    8
    1    6   11    1    2    3    2    1       335   10   -1    4   13    8   12   13    1    0    4   -8   -4   -1  -14   -6  -16    0   15
    1    6   12    1    3    1    3    1       579    2  -15   15  -22   17   -6  -25    6  -11    6   -7    1   -4    1   10    4   -2    4
    1    6   13    1    1    5    1    1       702   -2  -11    6   -5   14  -11    8    1   18   -8    3    0  -15  -13    3    6   -8    7
    1    6   14    1    1    3    1    1      1027    2   -4   16    0   24   -4    8   -2   10  -14  -13    1  -15  -13    2    5   -1    6
    1    6   15    1    3    3    3    1       732   12   -5   12  -13   13  -10  -16    5  -11    7   -5   -2   -8    2   15    5  -13    1
    1    7    1    1    3    4    3    1       751    4  -13   15  -15   16  -10  -12    8  -11    6   -7   -2   -1    0   16    5   -3    8
    1    7    2    1    2    5    2    1       483    7    1    6   14    8   18   14    2    2    8   -5   -8   -1  -14  -11  -22   -3   12
    1    7    3    1    3    3    3    1       609   12   -5   12  -13   13  -10  -16    5  -11    7   -5   -2   -8    2   15    5  -13    1
    1    7    4    1    1    4    1    1       634   -8   -2   12    0   13   -9    7   -3   10  -14   -7    1  -15  -14    0    0  -11    7
    1    7    5    1    2    4    2    1       450    9    0   13   14    8   12   15    2    2    8   -7   -7   -1  -11   -8  -17   -7   15
    1    7    6    1    1    3    1    1       578    2   -4   16    0   24   -4    8   -2   10  -14  -13    1  -15  -13    2    5   -1    6
    1    7    7    1    2    2    2    1       620   12   -3    7   13   -2    2   14    4    4   10   -9   -4   -2  -15   -8  -12   -3   11
    1    7    8    1    1    2    1    1       725   -6   -5   14    0   15  -13    6   -1    9  -12   -6   -1  -16   -7    3    1  -10    7
    1    7    9    1    2    1    2    1       394   -1   -6    3   12   10   10   11    6    0   11   -6   -6   -4   -9  -10  -13   -6   12
    1    7   10    1    2    3    2    1       571   10   -1    4   13    8   12   13    1    0    4   -8   -4   -1  -14   -6  -16    0   15
    1    7   11    1    1    1    1    1       790   -5  -13   13   -1   14  -11    7   -1    9  -12   -2    7  -10  -10    0    2   -6   11
    1    7   12    1    3    1    3    1       584    2  -15   15  -22   17   -6  -25    6  -11    6   -7    1   -4    1   10    4   -2    4
    1    7   13    1    3    5    3    1      6178    4  -16   12  -16   17   -9  -16    7  -10    4   -4   -3   -8   11   13    4   -2    8
    1    7   14    1    3    2    3    1       908    8  -14   10  -16   12   -1  -14    5   -9    8  -15    2   -7    1   16    6   -8   10
    1    7   15    1    1    5    1    1       570   -2  -11    6   -5   14  -11    8    1   18   -8    3    0  -15  -13    3    6   -8    7
    1    8    1    1    2    5    2    1       532    7    1    6   14    8   18   14    2    2    8   -5   -8   -1  -14  -11  -22   -3   12
    1    8    2    1    3    3    3    1       528   12   -5   12  -13   13  -10  -16    5  -11    7   -5   -2   -8    2   15    5  -13    1
    1    8    3    1    2    2    2    1       989   12   -3    7   13   -2    2   14    4    4   10   -9   -4   -2  -15   -8  -12   -3   11
    1    8    4    1    3    5    3    1       599    4  -16   12  -16   17   -9  -16    7  -10    4   -4   -3   -8   11   13    4   -2    8
    1    8    5    1    1    4    1    1       560   -8   -2   12    0   13   -9    7   -3   10  -14   -7    1  -15  -14    0    0  -11    7
    1    8    6    1    2    1    2    1       587   -1   -6    3   12   10   10   11    6    0   11   -6   -6   -4   -9  -10  -13   -6   12
    1    8    7    1    2    4    2    1       693    9    0   13   14    8   12   15    2    2    8   -7   -7   -1  -11   -8  -17   -7   15
    1    8    8    1    3    2    3    1       555    8  -14   10  -16   12   -1  -14    5   -9    8  -15    2   -7    1   16    6   -8   10
    1    8    9    1    1    2    1    1       455   -6   -5   14    0   15  -13    6   -1    9  -12   -6   -1  -16   -7    3    1  -10    7
    1    8   10    1    3    1    3    1       566    2  -15   15  -22   17   -6  -25    6  -11    6   -7    1   -4    1   10    4   -2    4
    1    8   11    1    2    3    2    1       513   10   -1    4   13    8   12   13    1    0    4   -8   -4   -1  -14   -6  -16    0   15
    1    8   12    1    3    4    3    1       894    4  -13   15  -15   16  -10  -12    8  -11    6   -7   -2   -1    0   16    5   -3    8
    1    8   13    1    1    5    1    1       956   -2  -11    6   -5   14  -11    8    1   18   -8    3    0  -15  -13    3    6   -8    7
    1    8   14    1    1    1    1    1       935   -5  -13   13   -1   14  -11    7   -1    9  -12   -2    7  -10  -10    0    2   -6   11
    1    8   15    1    1    3    1    1      1187    2   -4   16    0   24   -4    8   -2   10  -14  -13    1  -15  -13    2    5   -1    6
    1    9    1    1    1    5    1    1       773   -2  -11    6   -5   14  -11    8    1   18   -8    3    0  -15  -13    3    6   -8    7
    1    9    2    1    3    4    3    1       664    4  -13   15  -15   16  -10  -12    8  -11    6   -7   -2   -1    0   16    5   -3    8
    1    9    3    1    2    2    2    1       654   12   -3    7   13   -2    2   14    4    4   10   -9   -4   -2  -15   -8  -12   -3   11
    1    9    4    1    2    4    2    1       453    9    0   13   14    8   12   15    2    2    8   -7   -7   -1  -11   -8  -17   -7   15
    1    9    5    1    1    4    1    1       853   -8   -2   12    0   13   -9    7   -3   10  -14   -7    1  -15  -14    0    0  -11    7
    1    9    6    1    1    1    1    1       932   -5  -13   13   -1   14  -11    7   -1    9  -12   -2    7  -10  -10    0    2   -6   11
    1    9    7    1    3    3    3    1       688   12   -5   12  -13   13  -10  -16    5  -11    7   -5   -2   -8    2   15    5  -13    1
    1    9    8    1    1    2    1    1      1046   -6   -5   14    0   15  -13    6   -1    9  -12   -6   -1  -16   -7    3    1  -10    7
    1    9    9    1    3    2    3    1       557    8  -14   10  -16   12   -1  -14    5   -9    8  -15    2   -7    1   16    6   -8   10
    1    9   10    1    3    1    3    1       697    2  -15   15  -22   17   -6  -25    6  -11    6   -7    1   -4    1   10    4   -2    4
    1    9   11    1    1    3    1    1       878    2   -4   16    0   24   -4    8   -2   10  -14  -13    1  -15  -13    2    5   -1    6
    1    9   12    1    2    1    2    1       573   -1   -6    3   12   10   10   11    6    0   11   -6   -6   -4   -9  -10  -13   -6   12
    1    9   13    1    2    5    2    1       471    7    1    6   14    8   18   14    2    2    8   -5   -8   -1  -14  -11  -22   -3   12
    1    9   14    1    3    5    3    1       870    4  -16   12  -16   17   -9  -16    7  -10    4   -4   -3   -8   11   13    4   -2    8
    1    9   15    1    2    3    2    1       692   10   -1    4   13    8   12   13    1    0    4   -8   -4   -1  -14   -6  -16    0   15
    1   10    1    1    1    3    1    1      1546    2   -4   16    0   24   -4    8   -2   10  -14  -13    1  -15  -13    2    5   -1    6
    1   10    2    1    3    5    3    1       622    4  -16   12  -16   17   -9  -16    7  -10    4   -4   -3   -8   11   13    4   -2    8
    1   10    3    1    2    4    2    1       502    9    0   13   14    8   12   15    2    2    8   -7   -7   -1  -11   -8  -17   -7   15
    1   10    4    1    1    2    1    1       564   -6   -5   14    0   15  -13    6   -1    9  -12   -6   -1  -16   -7    3    1  -10    7
    1   10    5    1    3    4    3    1       606    4  -13   15  -15   16  -10  -12    8  -11    6   -7   -2   -1    0   16    5   -3    8
    1   10    6    1    3    2    3    1       680    8  -14   10  -16   12   -1  -14    5   -9    8  -15    2   -7    1   16    6   -8   10
    1   10    7    1    2    1    2    1       510   -1   -6    3   12   10   10   11    6    0   11   -6   -6   -4   -9  -10  -13   -6   12
    1   10    8    1    1    5    1    1       491   -2  -11    6   -5   14  -11    8    1   18   -8    3    0  -15  -13    3    6   -8    7
    1   10    9    1    2    3    2    1       377   10   -1    4   13    8   12   13    1    0    4   -8   -4   -1  -14   -6  -16    0   15
    1   10   10    1    1    1    1    1       651   -5  -13   13   -1   14  -11    7   -1    9  -12   -2    7  -10  -10    0    2   -6   11
    1   10   11    1    2    2    2    1       627   12   -3    7   13   -2    2   14    4    4   10   -9   -4   -2  -15   -8  -12   -3   11
    1   10   12    1    2    5    2    1       651    7    1    6   14    8   18   14    2    2    8   -5   -8   -1  -14  -11  -22   -3   12
    1   10   13    1    3    3    3    1       595   12   -5   12  -13   13  -10  -16    5  -11    7   -5   -2   -8    2   15    5  -13    1
    1   10   14    1    1    4    1    1       652   -8   -2   12    0   13   -9    7   -3   10  -14   -7    1  -15  -14    0    0  -11    7
    1   10   15    1    3    1    3    1       516    2  -15   15  -22   17   -6  -25    6  -11    6   -7    1   -4    1   10    4   -2    4
    1   11    1    1    1    2    1    1       785   -6   -5   14    0   15  -13    6   -1    9  -12   -6   -1  -16   -7    3    1  -10    7
    1   11    2    1    2    1    2    1       914   -1   -6    3   12   10   10   11    6    0   11   -6   -6   -4   -9  -10  -13   -6   12
    1   11    3    1    3    3    3    1       527   12   -5   12  -13   13  -10  -16    5  -11    7   -5   -2   -8    2   15    5  -13    1
    1   11    4    1    3    5    3    1       636    4  -16   12  -16   17   -9  -16    7  -10    4   -4   -3   -8   11   13    4   -2    8
    1   11    5    1    3    2    3    1       884    8  -14   10  -16   12   -1  -14    5   -9    8  -15    2   -7    1   16    6   -8   10
    1   11    6    1    1    4    1    1       466   -8   -2   12    0   13   -9    7   -3   10  -14   -7    1  -15  -14    0    0  -11    7
    1   11    7    1    1    5    1    1       960   -2  -11    6   -5   14  -11    8    1   18   -8    3    0  -15  -13    3    6   -8    7
    1   11    8    1    2    2    2    1       651   12   -3    7   13   -2    2   14    4    4   10   -9   -4   -2  -15   -8  -12   -3   11
    1   11    9    1    1    3    1    1       691    2   -4   16    0   24   -4    8   -2   10  -14  -13    1  -15  -13    2    5   -1    6
    1   11   10    1    3    4    3    1       649    4  -13   15  -15   16  -10  -12    8  -11    6   -7   -2   -1    0   16    5   -3    8
    1   11   11    1    2    3    2    1       464   10   -1    4   13    8   12   13    1    0    4   -8   -4   -1  -14   -6  -16    0   15
    1   11   12    1    3    1    3    1       783    2  -15   15  -22   17   -6  -25    6  -11    6   -7    1   -4    1   10    4   -2    4
    1   11   13    1    2    5    2    1       593    7    1    6   14    8   18   14    2    2    8   -5   -8   -1  -14  -11  -22   -3   12
    1   11   14    1    1    1    1    1       523   -5  -13   13   -1   14  -11    7   -1    9  -12   -2    7  -10  -10    0    2   -6   11
    1   11   15    1    2    4    2    1       519    9    0   13   14    8   12   15    2    2    8   -7   -7   -1  -11   -8  -17   -7   15
    1   12    1    1    3    4    3    1       516    4  -13   15  -15   16  -10  -12    8  -11    6   -7   -2   -1    0   16    5   -3    8
    1   12    2    1    3    1    3    1       641    2  -15   15  -22   17   -6  -25    6  -11    6   -7    1   -4    1   10    4   -2    4
    1   12    3    1    2    1    2    1       600   -1   -6    3   12   10   10   11    6    0   11   -6   -6   -4   -9  -10  -13   -6   12
    1   12    4    1    2    5    2    1       530    7    1    6   14    8   18   14    2    2    8   -5   -8   -1  -14  -11  -22   -3   12
    1   12    5    1    1    2    1    1       798   -6   -5   14    0   15  -13    6   -1    9  -12   -6   -1  -16   -7    3    1  -10    7
    1   12    6    1    1    5    1    1       703   -2  -11    6   -5   14  -11    8    1   18   -8    3    0  -15  -13    3    6   -8    7
    1   12    7    1    3    3    3    1       468   12   -5   12  -13   13  -10  -16    5  -11    7   -5   -2   -8    2   15    5  -13    1
    1   12    8    1    3    2    3    1       611    8  -14   10  -16   12   -1  -14    5   -9    8  -15    2   -7    1   16    6   -8   10
    1   12    9    1    2    4    2    1       524    9    0   13   14    8   12   15    2    2    8   -7   -7   -1  -11   -8  -17   -7   15
    1   12   10    1    1    1    1    1       729   -5  -13   13   -1   14  -11    7   -1    9  -12   -2    7  -10  -10    0    2   -6   11
    1   12   11    1    2    2    2    1       893   12   -3    7   13   -2    2   14    4    4   10   -9   -4   -2  -15   -8  -12   -3   11
    1   12   12    1    1    4    1    1       555   -8   -2   12    0   13   -9    7   -3   10  -14   -7    1  -15  -14    0    0  -11    7
    1   12   13    1    1    3    1    1      1063    2   -4   16    0   24   -4    8   -2   10  -14  -13    1  -15  -13    2    5   -1    6
    1   12   14    1    2    3    2    1       797   10   -1    4   13    8   12   13    1    0    4   -8   -4   -1  -14   -6  -16    0   15
    1   12   15    1    3    5    3    1       527    4  -16   12  -16   17   -9  -16    7  -10    4   -4   -3   -8   11   13    4   -2    8
    1   13    1    1    2    5    2    1       539    7    1    6   14    8   18   14    2    2    8   -5   -8   -1  -14  -11  -22   -3   12
    1   13    2    1    1    3    1    1       471    2   -4   16    0   24   -4    8   -2   10  -14  -13    1  -15  -13    2    5   -1    6
    1   13    3    1    2    4    2    1       454    9    0   13   14    8   12   15    2    2    8   -7   -7   -1  -11   -8  -17   -7   15
    1   13    4    1    3    2    3    1       549    8  -14   10  -16   12   -1  -14    5   -9    8  -15    2   -7    1   16    6   -8   10
    1   13    5    1    1    4    1    1       784   -8   -2   12    0   13   -9    7   -3   10  -14   -7    1  -15  -14    0    0  -11    7
    1   13    6    1    1    2    1    1       530   -6   -5   14    0   15  -13    6   -1    9  -12   -6   -1  -16   -7    3    1  -10    7
    1   13    7    1    1    5    1    1       623   -2  -11    6   -5   14  -11    8    1   18   -8    3    0  -15  -13    3    6   -8    7
    1   13    8    1    3    1    3    1       599    2  -15   15  -22   17   -6  -25    6  -11    6   -7    1   -4    1   10    4   -2    4
    1   13    9    1    2    2    2    1       640   12   -3    7   13   -2    2   14    4    4   10   -9   -4   -2  -15   -8  -12   -3   11
    1   13   10    1    1    1    1    1       536   -5  -13   13   -1   14  -11    7   -1    9  -12   -2    7  -10  -10    0    2   -6   11
    1   13   11    1    3    5    3    1       468    4  -16   12  -16   17   -9  -16    7  -10    4   -4   -3   -8   11   13    4   -2    8
    1   13   12    1    2    3    2    1       707   10   -1    4   13    8   12   13    1    0    4   -8   -4   -1  -14   -6  -16    0   15
    1   13   13    1    2    1    2    1       664   -1   -6    3   12   10   10   11    6    0   11   -6   -6   -4   -9  -10  -13   -6   12
    1   13   14    1    3    3    3    1       575   12   -5   12  -13   13  -10  -16    5  -11    7   -5   -2   -8    2   15    5  -13    1
    1   13   15    1    3    4    3    1       697    4  -13   15  -15   16  -10  -12    8  -11    6   -7   -2   -1    0   16    5   -3    8
    1   14    1    1    3    3    3    1       575   12   -5   12  -13   13  -10  -16    5  -11    7   -5   -2   -8    2   15    5  -13    1
    1   14    2    1    3    1    3    1       681    2  -15   15  -22   17   -6  -25    6  -11    6   -7    1   -4    1   10    4   -2    4
    1   14    3    1    3    4    3    1       575    4  -13   15  -15   16  -10  -12    8  -11    6   -7   -2   -1    0   16    5   -3    8
    1   14    4    1    3    5    3    1       490    4  -16   12  -16   17   -9  -16    7  -10    4   -4   -3   -8   11   13    4   -2    8
    1   14    5    1    1    3    1    1       920    2   -4   16    0   24   -4    8   -2   10  -14  -13    1  -15  -13    2    5   -1    6
    1   14    6    1    1    4    1    1       532   -8   -2   12    0   13   -9    7   -3   10  -14   -7    1  -15  -14    0    0  -11    7
    1   14    7    1    3    2    3    1       528    8  -14   10  -16   12   -1  -14    5   -9    8  -15    2   -7    1   16    6   -8   10
    1   14    8    1    2    1    2    1       541   -1   -6    3   12   10   10   11    6    0   11   -6   -6   -4   -9  -10  -13   -6   12
    1   14    9    1    2    5    2    1       425    7    1    6   14    8   18   14    2    2    8   -5   -8   -1  -14  -11  -22   -3   12
    1   14   10    1    2    4    2    1       330    9    0   13   14    8   12   15    2    2    8   -7   -7   -1  -11   -8  -17   -7   15
    1   14   11    1    1    2    1    1       638   -6   -5   14    0   15  -13    6   -1    9  -12   -6   -1  -16   -7    3    1  -10    7
    1   14   12    1    2    3    2    1       534   10   -1    4   13    8   12   13    1    0    4   -8   -4   -1  -14   -6  -16    0   15
    1   14   13    1    1    5    1    1      1090   -2  -11    6   -5   14  -11    8    1   18   -8    3    0  -15  -13    3    6   -8    7
    1   14   14    1    2    2    2    1       583   12   -3    7   13   -2    2   14    4    4   10   -9   -4   -2  -15   -8  -12   -3   11
    1   14   15    1    1    1    1    1       769   -5  -13   13   -1   14  -11    7   -1    9  -12   -2    7  -10  -10    0    2   -6   11
    1   15    1    1    2    4    2    1       516    9    0   13   14    8   12   15    2    2    8   -7   -7   -1  -11   -8  -17   -7   15
    1   15    2    1    2    2    2    1       385   12   -3    7   13   -2    2   14    4    4   10   -9   -4   -2  -15   -8  -12   -3   11
    1   15    3    1    2    3    2    1       355   10   -1    4   13    8   12   13    1    0    4   -8   -4   -1  -14   -6  -16    0   15
    1   15    4    1    3    4    3    1       582    4  -13   15  -15   16  -10  -12    8  -11    6   -7   -2   -1    0   16    5   -3    8
    1   15    5    1    1    3    1    1       592    2   -4   16    0   24   -4    8   -2   10  -14  -13    1  -15  -13    2    5   -1    6
    1   15    6    1    3    5    3    1       458    4  -16   12  -16   17   -9  -16    7  -10    4   -4   -3   -8   11   13    4   -2    8
    1   15    7    1    3    3    3    1       521   12   -5   12  -13   13  -10  -16    5  -11    7   -5   -2   -8    2   15    5  -13    1
    1   15    8    1    1    4    1    1       614   -8   -2   12    0   13   -9    7   -3   10  -14   -7    1  -15  -14    0    0  -11    7
    1   15    9    1    3    2    3    1       463    8  -14   10  -16   12   -1  -14    5   -9    8  -15    2   -7    1   16    6   -8   10
    1   15   10    1    3    1    3    1       478    2  -15   15  -22   17   -6  -25    6  -11    6   -7    1   -4    1   10    4   -2    4
    1   15   11    1    1    2    1    1       541   -6   -5   14    0   15  -13    6   -1    9  -12   -6   -1  -16   -7    3    1  -10    7
    1   15   12    1    2    5    2    1       569    7    1    6   14    8   18   14    2    2    8   -5   -8   -1  -14  -11  -22   -3   12
    1   15   13    1    2    1    2    1       659   -1   -6    3   12   10   10   11    6    0   11   -6   -6   -4   -9  -10  -13   -6   12
    1   15   14    1    1    1    1    1       570   -5  -13   13   -1   14  -11    7   -1    9  -12   -2    7  -10  -10    0    2   -6   11
    1   15   15    1    1    5    1    1       597   -2  -11    6   -5   14  -11    8    1   18   -8    3    0  -15  -13    3    6   -8    7
    2    1    1    2    3    0    2    1      6720    4  -14   13  -14   15   -9  -15    6  -10    6   -6   -1   -9    4   15    6   -3    6
    2    1    2    1    1    4    1    1      2181   -8   -2   12    0   13   -9    7   -3   10  -14   -7    1  -15  -14    0    0  -11    7
    2    1    3    1    3    5    2    0      8462    4  -16   12  -16   17   -9  -16    7  -10    4   -4   -3   -8   11   13    4   -2    8
    2    1    4    4    1    2    2    1      2270   -2  -13   16   -2   10   -9    8    1   11  -14   -8   -4  -15  -12   -3    0   -9    7
    2    1    5    6    0    0    2    1      1956   13    3    7   -7   10  -13  -11    4   -1    5   -9   11  -10   -9    9   13   17    2
    2    1    6    1    2    1    1    1      1016   -1   -6    3   12   10   10   11    6    0   11   -6   -6   -4   -9  -10  -13   -6   12
    2    1    7    6    0    0    2    1      1408  -18   -2   18   10    1    1   -6    0    8  -11   11   -9   -8   10   12    5   13    1
    2    1    8    4    3    1    2    1      3577    4  -15   12  -13    5   -2  -20    2   -9    4   -7   -1   -7    2   15    5   -5    5
    2    1    9    4    3    2    2    1      1324    5  -12   15  -12   14  -10  -13    6   -8    7   -7   -2   -9   -3   21   15  -12    4
    2    1   10    2    2    0    1    0      2041    9    1    5   13    8   11   14    3    1    9   -7   -6   -2  -12   -6  -14   -5   13
    2    1   11    4    1    4    2    1      2489   -1  -10   13    5   16  -15    6    0   10  -14   -6    1  -12  -11  -11   -8  -11    6
    2    1   12    1    2    2    1    1      1719   12   -3    7   13   -2    2   14    4    4   10   -9   -4   -2  -15   -8  -12   -3   11
    2    1   13    1    1    3    1    1      1827    2   -4   16    0   24   -4    8   -2   10  -14  -13    1  -15  -13    2    5   -1    6
    2    1   14    1    2    4    1    1      1340    9    0   13   14    8   12   15    2    2    8   -7   -7   -1  -11   -8  -17   -7   15
    2    1   15    1    1    2    1    1       888   -6   -5   14    0   15  -13    6   -1    9  -12   -6   -1  -16   -7    3    1  -10    7
    2    1   16    4    1    1    2    1      2549   -2  -10    7    5   13   -8    8    0    9  -13   -6   -1  -13   -3   -1    0   -9    7
    2    1   17    6    0    0    2    1      1025   12    3   14   -7   11  -10   -6   -3   11    6  -14   13  -13  -13    8   15   15    2
    2    1   18    4    1    3    2    1      3706   -1   -9   13    1    8  -10    8    0   12  -13   -7    0  -16  -19   -3    1   -9    7
    2    1   19    4    3    5    2    1      1527    7  -12    3  -21   13  -11  -15    5   -9   12   -5   -2   -9    0   14    4   -2    6
    2    1   20    1    2    3    1    1      1707   10   -1    4   13    8   12   13    1    0    4   -8   -4   -1  -14   -6  -16    0   15
    2    1   21    4    3    4    1    0      1129    3  -16   15  -16   14   -9  -17    8   -9    5   -7    0  -10    3   15    8   -1    7
    2    1   22    1    1    5    1    1      1197   -2  -11    6   -5   14  -11    8    1   18   -8    3    0  -15  -13    3    6   -8    7
    2    1   23    2    1    0    1    0       687   -1  -11   14    1   14  -10    8   -1   10  -13   -6    0  -13  -12   -1    1  -10    6
    2    1   24    1    1    1    1    1      1268   -5  -13   13   -1   14  -11    7   -1    9  -12   -2    7  -10  -10    0    2   -6   11
    2    1   25    4    2    1    1    0      1011   10    1    7   11   10   10   16    4    1    8   -8   -5   -1  -12   -6  -15   -6   12
    2    1   26    1    2    5    1    1       748    7    1    6   14    8   18   14    2    2    8   -5   -8   -1  -14  -11  -22   -3   12
    2    1   27    1    3    2    2    0      1712    8  -14   10  -16   12   -1  -14    5   -9    8  -15    2   -7    1   16    6   -8   10
    2    1   28    6    0    0    2    1      1197  -13    5   16    9    7  -11   -4    2    1   -5   12   -7   -9   12   12   10   15    0
    2    1   29    1    3    4    1    1      1070    4  -13   15  -15   16  -10  -12    8  -11    6   -7   -2   -1    0   16    5   -3    8
    2    1   30    6    0    0    2    1      1797  -11    6   -6   -9   10   14  -12  -17   -3   14    2   10   -3    4   -4   11    6   -6
    2    1   31    4    2    3    2    1      1886    9   -1    6    8   11   15   13    4    2    7   -7   -7    6   -5   -7  -14   -7   15
    2    1   32    1    3    1    2    0      4180    2  -15   15  -22   17   -6  -25    6  -11    6   -7    1   -4    1   10    4   -2    4
    2    1   33    4    3    3    2    1       686    3  -13   23  -10   17   -9  -14    5  -12    4   -5    4  -10    3   17    8   -2    7
    2    1   34    1    3    3    1    1      1540   12   -5   12  -13   13  -10  -16    5  -11    7   -5   -2   -8    2   15    5  -13    1
    2    1   35    6    0    0    2    1      1976  -14    8  -14   -9    7    5  -11  -13   -5   16    5    8   -5    5   -6   11   13  -10
    2    1   36    4    2    4    2    1       923   14    4    9   13   10    9   23   -2   -1    9   -5   -8   -4  -12   -5  -16   -9   23
    2    1   37    4    2    5    1    0      1175    7    0   15    4    8   10   22    7    2    8   -6   -8    2   -7   -7  -13   -5   22
    2    1   38    4    1    5    1    0      1018   -1   -9   12    2   16  -12    1   -5    8  -12   -7    0  -13  -10    0    1  -11    7
    2    1   39    4    2    2    2    1      1858   10    1   -4   10    6   13   11   -1    3    7   -8   -6   -1  -11   -6  -12    0   16
