    1    1    1    1    3    2    1    0      4146    6    3   12    6  -16   -9   -5    8    3    3  -11   -4    3   -4  -11   -9   -3    7
    1    1    2    1    1    3    2    0      3538    3    8    4    3   11   -2    8  -14  -10  -10   -2   -6   -5   12  -15    2    4   12
    1    1    3    1    1    2    1    1      6871    3   11    1    9   13    3   11  -14   -2  -11    4  -13   -6    9  -13    5   14    7
    1    1    4    1    2    1    2    1      2405  -11    5   16  -14   13   -2   17   13    9   -3   13    7   -9    2  -12   -2    7    9
    1    1    5    1    3    1    3    1      1015    7    5   11    7  -16   -9    6   15    2    4  -16   -1    1   -5  -10  -10   -3    1
    1    1    6    1    3    3    1    0      1616    8    6   11    7  -13  -11   -5    9    4    3  -15    1    1   -4   -9   -4   -6    3
    1    1    7    1    1    4    1    1      1968    7   18    7    3   13   -5    8  -14   -7  -11    4  -14   -3   11  -14    1   14    8
    1    1    8    1    1    5    2    0      1555    1    7    3    5   11   -3    2  -24   -3   -6    4  -13   -7   14  -13    4   20   -3
    1    1    9    1    2    2    2    1      1350   -8    5    4   -8   14  -11   14   13   13   -6   11   16   -8   -1  -17   -7    6    8
    1    1   10    1    2    5    1    0      1058  -14    8    6  -10   14  -12   20    1   12   -5   14   11   -7   -2  -11   -4    7   11
    1    1   11    1    2    3    2    1      2505   -9   10    4   -8   15   -7   15   12   12   -6   14    9   -8    0   -3   -6    6    9
    1    1   12    1    3    4    3    1      2807    8    4    8    8  -15  -10   -3   11    4    4  -15   -1    4    0  -10   -8   -8    1
    1    1   13    1    3    5    3    1       840    9    5   11    4  -14  -12   -5   10    2    3  -16    1    3   -2  -14  -17   -5    2
    1    1   14    1    1    1    1    1      1720    9   13    2    2   13   -6    7  -15    1  -14    6  -13   -5   12  -16    2    9    5
    1    1   15    1    2    4    2    1      1429  -13    4    5  -10   11  -10   11    7   15   -3   12   12  -11    8   -9  -12    6    9
    1    2    1    1    1    5    1    1       894    1    7    3    5   11   -3    2  -24   -3   -6    4  -13   -7   14  -13    4   20   -3
    1    2    2    1    3    4    3    1      1596    8    4    8    8  -15  -10   -3   11    4    4  -15   -1    4    0  -10   -8   -8    1
    1    2    3    1    2    5    2    1      3150  -14    8    6  -10   14  -12   20    1   12   -5   14   11   -7   -2  -11   -4    7   11
    1    2    4    1    2    1    2    1      2801  -11    5   16  -14   13   -2   17   13    9   -3   13    7   -9    2  -12   -2    7    9
    1    2    5    1    3    3    3    1      1427    8    6   11    7  -13  -11   -5    9    4    3  -15    1    1   -4   -9   -4   -6    3
    1    2    6    1    3    2    3    1       876    6    3   12    6  -16   -9   -5    8    3    3  -11   -4    3   -4  -11   -9   -3    7
    1    2    7    1    3    1    3    1       602    7    5   11    7  -16   -9    6   15    2    4  -16   -1    1   -5  -10  -10   -3    1
    1    2    8    1    3    5    3    1       676    9    5   11    4  -14  -12   -5   10    2    3  -16    1    3   -2  -14  -17   -5    2
    1    2    9    1    2    2    2    1      1610   -8    5    4   -8   14  -11   14   13   13   -6   11   16   -8   -1  -17   -7    6    8
    1    2   10    1    1    3    1    1       716    3    8    4    3   11   -2    8  -14  -10  -10   -2   -6   -5   12  -15    2    4   12
    1    2   11    1    1    2    2    0      1120    3   11    1    9   13    3   11  -14   -2  -11    4  -13   -6    9  -13    5   14    7
    1    2   12    1    2    4    2    1      1365  -13    4    5  -10   11  -10   11    7   15   -3   12   12  -11    8   -9  -12    6    9
    1    2   13    1    1    1    2    0      1008    9   13    2    2   13   -6    7  -15    1  -14    6  -13   -5   12  -16    2    9    5
    1    2   14    1    1    4    1    1      1145    7   18    7    3   13   -5    8  -14   -7  -11    4  -14   -3   11  -14    1   14    8
    1    2   15    1    2    3    2    1      1837   -9   10    4   -8   15   -7   15   12   12   -6   14    9   -8    0   -3   -6    6    9
    1    3    1    1    3    5    3    1      1429    9    5   11    4  -14  -12   -5   10    2    3  -16    1    3   -2  -14  -17   -5    2
    1    3    2    1    1    4    1    1      1118    7   18    7    3   13   -5    8  -14   -7  -11    4  -14   -3   11  -14    1   14    8
    1    3    3    1    1    2    1    1       611    3   11    1    9   13    3   11  -14   -2  -11    4  -13   -6    9  -13    5   14    7
    1    3    4    1    2    2    1    0      1356   -8    5    4   -8   14  -11   14   13   13   -6   11   16   -8   -1  -17   -7    6    8
    1    3    5    1    2    4    2    1      3928  -13    4    5  -10   11  -10   11    7   15   -3   12   12  -11    8   -9  -12    6    9
    1    3    6    1    3    3    3    1      2013    8    6   11    7  -13  -11   -5    9    4    3  -15    1    1   -4   -9   -4   -6    3
    1    3    7    1    2    1    2    1      1710  -11    5   16  -14   13   -2   17   13    9   -3   13    7   -9    2  -12   -2    7    9
    1    3    8    1    1    3    1    1      3692    3    8    4    3   11   -2    8  -14  -10  -10   -2   -6   -5   12  -15    2    4   12
    1    3    9    1    2    5    2    1       938  -14    8    6  -10   14  -12   20    1   12   -5   14   11   -7   -2  -11   -4    7   11
    1    3   10    1    3    4    3    1       998    8    4    8    8  -15  -10   -3   11    4    4  -15   -1    4    0  -10   -8   -8    1
    1    3   11    1    3    2    3    1       847    6    3   12    6  -16   -9   -5    8    3    3  -11   -4    3   -4  -11   -9   -3    7
    1    3   12    1    1    1    1    1      1823    9   13    2    2   13   -6    7  -15    1  -14    6  -13   -5   12  -16    2    9    5
    1    3   13    1    1    5    2    0       856    1    7    3    5   11   -3    2  -24   -3   -6    4  -13   -7   14  -13    4   20   -3
    1    3   14    1    3    1    3    1      1943    7    5   11    7  -16   -9    6   15    2    4  -16   -1    1   -5  -10  -10   -3    1
    1    3   15    1    2    3    2    1      2123   -9   10    4   -8   15   -7   15   12   12   -6   14    9   -8    0   -3   -6    6    9
    1    4    1    1    3    4    3    1       952    8    4    8    8  -15  -10   -3   11    4    4  -15   -1    4    0  -10   -8   -8    1
    1    4    2    1    3    5    3    1       644    9    5   11    4  -14  -12   -5   10    2    3  -16    1    3   -2  -14  -17   -5    2
    1    4    3    1    1    3    1    1      2219    3    8    4    3   11   -2    8  -14  -10  -10   -2   -6   -5   12  -15    2    4   12
    1    4    4    1    3    1    3    1       964    7    5   11    7  -16   -9    6   15    2    4  -16   -1    1   -5  -10  -10   -3    1
    1    4    5    1    1    5    2    0      1295    1    7    3    5   11   -3    2  -24   -3   -6    4  -13   -7   14  -13    4   20   -3
    1    4    6    1    2    3    2    1      1069   -9   10    4   -8   15   -7   15   12   12   -6   14    9   -8    0   -3   -6    6    9
    1    4    7    1    3    3    3    1       900    8    6   11    7  -13  -11   -5    9    4    3  -15    1    1   -4   -9   -4   -6    3
    1    4    8    1    2    5    2    1      2001  -14    8    6  -10   14  -12   20    1   12   -5   14   11   -7   -2  -11   -4    7   11
    1    4    9    1    3    2    3    1      1027    6    3   12    6  -16   -9   -5    8    3    3  -11   -4    3   -4  -11   -9   -3    7
    1    4   10    1    2    1    2    1      6203  -11    5   16  -14   13   -2   17   13    9   -3   13    7   -9    2  -12   -2    7    9
    1    4   11    1    2    4    1    0      2261  -13    4    5  -10   11  -10   11    7   15   -3   12   12  -11    8   -9  -12    6    9
    1    4   12    1    1    4    2    0      2269    7   18    7    3   13   -5    8  -14   -7  -11    4  -14   -3   11  -14    1   14    8
    1    4   13    1    2    2    2    1      1107   -8    5    4   -8   14  -11   14   13   13   -6   11   16   -8   -1  -17   -7    6    8
    1    4   14    1    1    2    1    1      2312    3   11    1    9   13    3   11  -14   -2  -11    4  -13   -6    9  -13    5   14    7
    1    4   15    1    1    1    1    1       830    9   13    2    2   13   -6    7  -15    1  -14    6  -13   -5   12  -16    2    9    5
    1    5    1    1    3    3    2    0       911    8    6   11    7  -13  -11   -5    9    4    3  -15    1    1   -4   -9   -4   -6    3
    1    5    2    1    1    1    1    1      1100    9   13    2    2   13   -6    7  -15    1  -14    6  -13   -5   12  -16    2    9    5
    1    5    3    1    3    1    3    1      2066    7    5   11    7  -16   -9    6   15    2    4  -16   -1    1   -5  -10  -10   -3    1
    1    5    4    1    1    3    1    1      1936    3    8    4    3   11   -2    8  -14  -10  -10   -2   -6   -5   12  -15    2    4   12
    1    5    5    1    3    2    3    1      1268    6    3   12    6  -16   -9   -5    8    3    3  -11   -4    3   -4  -11   -9   -3    7
    1    5    6    1    1    4    1    1      3555    7   18    7    3   13   -5    8  -14   -7  -11    4  -14   -3   11  -14    1   14    8
    1    5    7    1    2    3    2    1       951   -9   10    4   -8   15   -7   15   12   12   -6   14    9   -8    0   -3   -6    6    9
    1    5    8    1    3    4    3    1       786    8    4    8    8  -15  -10   -3   11    4    4  -15   -1    4    0  -10   -8   -8    1
    1    5    9    1    2    2    2    1      1940   -8    5    4   -8   14  -11   14   13   13   -6   11   16   -8   -1  -17   -7    6    8
    1    5   10    1    1    2    1    1      2008    3   11    1    9   13    3   11  -14   -2  -11    4  -13   -6    9  -13    5   14    7
    1    5   11    1    2    4    2    1      1513  -13    4    5  -10   11  -10   11    7   15   -3   12   12  -11    8   -9  -12    6    9
    1    5   12    1    3    5    3    1      1215    9    5   11    4  -14  -12   -5   10    2    3  -16    1    3   -2  -14  -17   -5    2
    1    5   13    1    1    5    1    1      1024    1    7    3    5   11   -3    2  -24   -3   -6    4  -13   -7   14  -13    4   20   -3
    1    5   14    1    2    5    2    1      3128  -14    8    6  -10   14  -12   20    1   12   -5   14   11   -7   -2  -11   -4    7   11
    1    5   15    1    2    1    3    0      2781  -11    5   16  -14   13   -2   17   13    9   -3   13    7   -9    2  -12   -2    7    9
    1    6    1    1    3    2    3    1      1023    6    3   12    6  -16   -9   -5    8    3    3  -11   -4    3   -4  -11   -9   -3    7
    1    6    2    1    1    4    1    1       888    7   18    7    3   13   -5    8  -14   -7  -11    4  -14   -3   11  -14    1   14    8
    1    6    3    1    2    1    2    1      1654  -11    5   16  -14   13   -2   17   13    9   -3   13    7   -9    2  -12   -2    7    9
    1    6    4    1    2    3    2    1      2853   -9   10    4   -8   15   -7   15   12   12   -6   14    9   -8    0   -3   -6    6    9
    1    6    5    1    1    1    1    1       741    9   13    2    2   13   -6    7  -15    1  -14    6  -13   -5   12  -16    2    9    5
    1    6    6    1    3    4    3    1      1321    8    4    8    8  -15  -10   -3   11    4    4  -15   -1    4    0  -10   -8   -8    1
    1    6    7    1    1    2    1    1      1014    3   11    1    9   13    3   11  -14   -2  -11    4  -13   -6    9  -13    5   14    7
    1    6    8    1    3    3    3    1      1279    8    6   11    7  -13  -11   -5    9    4    3  -15    1    1   -4   -9   -4   -6    3
    1    6    9    1    1    5    1    1      2366    1    7    3    5   11   -3    2  -24   -3   -6    4  -13   -7   14  -13    4   20   -3
    1    6   10    1    2    5    2    1      1185  -14    8    6  -10   14  -12   20    1   12   -5   14   11   -7   -2  -11   -4    7   11
    1    6   11    1    2    2    2    1      2579   -8    5    4   -8   14  -11   14   13   13   -6   11   16   -8   -1  -17   -7    6    8
    1    6   12    1    1    3    1    1       957    3    8    4    3   11   -2    8  -14  -10  -10   -2   -6   -5   12  -15    2    4   12
    1    6   13    1    2    4    2    1      1449  -13    4    5  -10   11  -10   11    7   15   -3   12   12  -11    8   -9  -12    6    9
    1    6   14    1    3    5    3    1       576    9    5   11    4  -14  -12   -5   10    2    3  -16    1    3   -2  -14  -17   -5    2
    1    6   15    1    3    1    3    1      1179    7    5   11    7  -16   -9    6   15    2    4  -16   -1    1   -5  -10  -10   -3    1
    1    7    1    1    2    4    2    1       942  -13    4    5  -10   11  -10   11    7   15   -3   12   12  -11    8   -9  -12    6    9
    1    7    2    1    1    1    1    1       634    9   13    2    2   13   -6    7  -15    1  -14    6  -13   -5   12  -16    2    9    5
    1    7    3    1    1    4    1    1       706    7   18    7    3   13   -5    8  -14   -7  -11    4  -14   -3   11  -14    1   14    8
    1    7    4    1    2    3    2    1      1847   -9   10    4   -8   15   -7   15   12   12   -6   14    9   -8    0   -3   -6    6    9
    1    7    5    1    2    2    2    1       863   -8    5    4   -8   14  -11   14   13   13   -6   11   16   -8   -1  -17   -7    6    8
    1    7    6    1    3    1    3    1      1215    7    5   11    7  -16   -9    6   15    2    4  -16   -1    1   -5  -10  -10   -3    1
    1    7    7    1    3    2    3    1       847    6    3   12    6  -16   -9   -5    8    3    3  -11   -4    3   -4  -11   -9   -3    7
    1    7    8    1    1    2    1    1       928    3   11    1    9   13    3   11  -14   -2  -11    4  -13   -6    9  -13    5   14    7
    1    7    9    1    1    5    1    1      1324    1    7    3    5   11   -3    2  -24   -3   -6    4  -13   -7   14  -13    4   20   -3
    1    7   10    1    2    5    2    1      1145  -14    8    6  -10   14  -12   20    1   12   -5   14   11   -7   -2  -11   -4    7   11
    1    7   11    1    2    1    2    1      2269  -11    5   16  -14   13   -2   17   13    9   -3   13    7   -9    2  -12   -2    7    9
    1    7   12    1    3    3    3    1      1364    8    6   11    7  -13  -11   -5    9    4    3  -15    1    1   -4   -9   -4   -6    3
    1    7   13    1    1    3    1    1      2191    3    8    4    3   11   -2    8  -14  -10  -10   -2   -6   -5   12  -15    2    4   12
    1    7   14    1    3    5    3    1      1689    9    5   11    4  -14  -12   -5   10    2    3  -16    1    3   -2  -14  -17   -5    2
    1    7   15    1    3    4    3    1       903    8    4    8    8  -15  -10   -3   11    4    4  -15   -1    4    0  -10   -8   -8    1
    1    8    1    1    3    1    3    1       773    7    5   11    7  -16   -9    6   15    2    4  -16   -1    1   -5  -10  -10   -3    1
    1    8    2    1    2    4    2    1      2440  -13    4    5  -10   11  -10   11    7   15   -3   12   12  -11    8   -9  -12    6    9
    1    8    3    1    1    4    1    1       504    7   18    7    3   13   -5    8  -14   -7  -11    4  -14   -3   11  -14    1   14    8
    1    8    4    1    1    1    1    1       613    9   13    2    2   13   -6    7  -15    1  -14    6  -13   -5   12  -16    2    9    5
    1    8    5    1    2    2    2    1      1294   -8    5    4   -8   14  -11   14   13   13   -6   11   16   -8   -1  -17   -7    6    8
    1    8    6    1    3    3    3    1      1020    8    6   11    7  -13  -11   -5    9    4    3  -15    1    1   -4   -9   -4   -6    3
    1    8    7    1    1    3    1    1      2197    3    8    4    3   11   -2    8  -14  -10  -10   -2   -6   -5   12  -15    2    4   12
    1    8    8    1    3    2    3    1       895    6    3   12    6  -16   -9   -5    8    3    3  -11   -4    3   -4  -11   -9   -3    7
    1    8    9    1    3    5    3    1      1437    9    5   11    4  -14  -12   -5   10    2    3  -16    1    3   -2  -14  -17   -5    2
    1    8   10    1    2    5    2    1      1845  -14    8    6  -10   14  -12   20    1   12   -5   14   11   -7   -2  -11   -4    7   11
    1    8   11    1    1    2    1    1       909    3   11    1    9   13    3   11  -14   -2  -11    4  -13   -6    9  -13    5   14    7
    1    8   12    1    2    1    2    1      1835  -11    5   16  -14   13   -2   17   13    9   -3   13    7   -9    2  -12   -2    7    9
    1    8   13    1    3    4    3    1      1187    8    4    8    8  -15  -10   -3   11    4    4  -15   -1    4    0  -10   -8   -8    1
    1    8   14    1    2    3    2    1      1205   -9   10    4   -8   15   -7   15   12   12   -6   14    9   -8    0   -3   -6    6    9
    1    8   15    1    1    5    1    1      1446    1    7    3    5   11   -3    2  -24   -3   -6    4  -13   -7   14  -13    4   20   -3
    1    9    1    1    1    2    1    1      2382    3   11    1    9   13    3   11  -14   -2  -11    4  -13   -6    9  -13    5   14    7
    1    9    2    1    3    4    3    1      1297    8    4    8    8  -15  -10   -3   11    4    4  -15   -1    4    0  -10   -8   -8    1
    1    9    3    1    3    1    3    1      2831    7    5   11    7  -16   -9    6   15    2    4  -16   -1    1   -5  -10  -10   -3    1
    1    9    4    1    2    4    2    1      1024  -13    4    5  -10   11  -10   11    7   15   -3   12   12  -11    8   -9  -12    6    9
    1    9    5    1    3    3    3    1      1064    8    6   11    7  -13  -11   -5    9    4    3  -15    1    1   -4   -9   -4   -6    3
    1    9    6    1    2    3    2    1      1551   -9   10    4   -8   15   -7   15   12   12   -6   14    9   -8    0   -3   -6    6    9
    1    9    7    1    1    3    1    1      1106    3    8    4    3   11   -2    8  -14  -10  -10   -2   -6   -5   12  -15    2    4   12
    1    9    8    1    2    5    2    1      1064  -14    8    6  -10   14  -12   20    1   12   -5   14   11   -7   -2  -11   -4    7   11
    1    9    9    1    2    1    2    1      1151  -11    5   16  -14   13   -2   17   13    9   -3   13    7   -9    2  -12   -2    7    9
    1    9   10    1    1    5    1    1       786    1    7    3    5   11   -3    2  -24   -3   -6    4  -13   -7   14  -13    4   20   -3
    1    9   11    1    3    5    3    1      1956    9    5   11    4  -14  -12   -5   10    2    3  -16    1    3   -2  -14  -17   -5    2
    1    9   12    1    3    2    3    1      2680    6    3   12    6  -16   -9   -5    8    3    3  -11   -4    3   -4  -11   -9   -3    7
    1    9   13    1    1    1    1    1      1295    9   13    2    2   13   -6    7  -15    1  -14    6  -13   -5   12  -16    2    9    5
    1    9   14    1    2    2    2    1      1373   -8    5    4   -8   14  -11   14   13   13   -6   11   16   -8   -1  -17   -7    6    8
    1    9   15    1    1    4    1    1       728    7   18    7    3   13   -5    8  -14   -7  -11    4  -14   -3   11  -14    1   14    8
    1   10    1    1    1    2    1    1       908    3   11    1    9   13    3   11  -14   -2  -11    4  -13   -6    9  -13    5   14    7
    1   10    2    1    3    4    3    1      1402    8    4    8    8  -15  -10   -3   11    4    4  -15   -1    4    0  -10   -8   -8    1
    1   10    3    1    1    4    1    1       867    7   18    7    3   13   -5    8  -14   -7  -11    4  -14   -3   11  -14    1   14    8
    1   10    4    1    3    1    3    1      1138    7    5   11    7  -16   -9    6   15    2    4  -16   -1    1   -5  -10  -10   -3    1
    1   10    5    1    1    1    1    1       678    9   13    2    2   13   -6    7  -15    1  -14    6  -13   -5   12  -16    2    9    5
    1   10    6    1    2    1    2    1      1597  -11    5   16  -14   13   -2   17   13    9   -3   13    7   -9    2  -12   -2    7    9
    1   10    7    1    3    3    3    1      1279    8    6   11    7  -13  -11   -5    9    4    3  -15    1    1   -4   -9   -4   -6    3
    1   10    8    1    3    5    3    1      2189    9    5   11    4  -14  -12   -5   10    2    3  -16    1    3   -2  -14  -17   -5    2
    1   10    9    1    2    5    2    1       984  -14    8    6  -10   14  -12   20    1   12   -5   14   11   -7   -2  -11   -4    7   11
    1   10   10    1    1    3    1    1       818    3    8    4    3   11   -2    8  -14  -10  -10   -2   -6   -5   12  -15    2    4   12
    1   10   11    1    2    2    2    1      1138   -8    5    4   -8   14  -11   14   13   13   -6   11   16   -8   -1  -17   -7    6    8
    1   10   12    1    3    2    3    1      1190    6    3   12    6  -16   -9   -5    8    3    3  -11   -4    3   -4  -11   -9   -3    7
    1   10   13    1    2    4    2    1      1177  -13    4    5  -10   11  -10   11    7   15   -3   12   12  -11    8   -9  -12    6    9
    1   10   14    1    2    3    2    1      1451   -9   10    4   -8   15   -7   15   12   12   -6   14    9   -8    0   -3   -6    6    9
    1   10   15    1    1    5    1    1      1267    1    7    3    5   11   -3    2  -24   -3   -6    4  -13   -7   14  -13    4   20   -3
    1   11    1    1    3    4    2    0      8017    8    4    8    8  -15  -10   -3   11    4    4  -15   -1    4    0  -10   -8   -8    1
    1   11    2    1    2    2    2    1      1075   -8    5    4   -8   14  -11   14   13   13   -6   11   16   -8   -1  -17   -7    6    8
    1   11    3    1    1    1    1    1       729    9   13    2    2   13   -6    7  -15    1  -14    6  -13   -5   12  -16    2    9    5
    1   11    4    1    3    3    3    1      1502    8    6   11    7  -13  -11   -5    9    4    3  -15    1    1   -4   -9   -4   -6    3
    1   11    5    1    2    3    2    1      1715   -9   10    4   -8   15   -7   15   12   12   -6   14    9   -8    0   -3   -6    6    9
    1   11    6    1    3    2    3    1       912    6    3   12    6  -16   -9   -5    8    3    3  -11   -4    3   -4  -11   -9   -3    7
    1   11    7    1    2    5    2    1      1357  -14    8    6  -10   14  -12   20    1   12   -5   14   11   -7   -2  -11   -4    7   11
    1   11    8    1    1    2    1    1      1465    3   11    1    9   13    3   11  -14   -2  -11    4  -13   -6    9  -13    5   14    7
    1   11    9    1    2    1    2    1      1775  -11    5   16  -14   13   -2   17   13    9   -3   13    7   -9    2  -12   -2    7    9
    1   11   10    1    1    3    1    1       938    3    8    4    3   11   -2    8  -14  -10  -10   -2   -6   -5   12  -15    2    4   12
    1   11   11    1    1    4    1    1       854    7   18    7    3   13   -5    8  -14   -7  -11    4  -14   -3   11  -14    1   14    8
    1   11   12    1    1    5    1    1      3302    1    7    3    5   11   -3    2  -24   -3   -6    4  -13   -7   14  -13    4   20   -3
    1   11   13    1    3    5    3    1       931    9    5   11    4  -14  -12   -5   10    2    3  -16    1    3   -2  -14  -17   -5    2
    1   11   14    1    3    1    3    1       751    7    5   11    7  -16   -9    6   15    2    4  -16   -1    1   -5  -10  -10   -3    1
    1   11   15    1    2    4    2    1      1939  -13    4    5  -10   11  -10   11    7   15   -3   12   12  -11    8   -9  -12    6    9
    1   12    1    1    3    1    3    1      2663    7    5   11    7  -16   -9    6   15    2    4  -16   -1    1   -5  -10  -10   -3    1
    1   12    2    1    2    3    2    1      1406   -9   10    4   -8   15   -7   15   12   12   -6   14    9   -8    0   -3   -6    6    9
    1   12    3    1    3    2    3    1      1367    6    3   12    6  -16   -9   -5    8    3    3  -11   -4    3   -4  -11   -9   -3    7
    1   12    4    1    2    4    2    1      1778  -13    4    5  -10   11  -10   11    7   15   -3   12   12  -11    8   -9  -12    6    9
    1   12    5    1    3    3    3    1      1549    8    6   11    7  -13  -11   -5    9    4    3  -15    1    1   -4   -9   -4   -6    3
    1   12    6    1    1    1    1    1      1152    9   13    2    2   13   -6    7  -15    1  -14    6  -13   -5   12  -16    2    9    5
    1   12    7    1    1    3    1    1      2292    3    8    4    3   11   -2    8  -14  -10  -10   -2   -6   -5   12  -15    2    4   12
    1   12    8    1    2    1    2    1      1050  -11    5   16  -14   13   -2   17   13    9   -3   13    7   -9    2  -12   -2    7    9
    1   12    9    1    3    5    3    1      1314    9    5   11    4  -14  -12   -5   10    2    3  -16    1    3   -2  -14  -17   -5    2
    1   12   10    1    3    4    3    1      1039    8    4    8    8  -15  -10   -3   11    4    4  -15   -1    4    0  -10   -8   -8    1
    1   12   11    1    1    5    1    1       759    1    7    3    5   11   -3    2  -24   -3   -6    4  -13   -7   14  -13    4   20   -3
    1   12   12    1    1    2    1    1       730    3   11    1    9   13    3   11  -14   -2  -11    4  -13   -6    9  -13    5   14    7
    1   12   13    1    2    5    2    1       815  -14    8    6  -10   14  -12   20    1   12   -5   14   11   -7   -2  -11   -4    7   11
    1   12   14    1    2    2    2    1      1872   -8    5    4   -8   14  -11   14   13   13   -6   11   16   -8   -1  -17   -7    6    8
    1   12   15    1    1    4    1    1       663    7   18    7    3   13   -5    8  -14   -7  -11    4  -14   -3   11  -14    1   14    8
    1   13    1    1    2    1    2    1      1006  -11    5   16  -14   13   -2   17   13    9   -3   13    7   -9    2  -12   -2    7    9
    1   13    2    1    3    5    3    1      1655    9    5   11    4  -14  -12   -5   10    2    3  -16    1    3   -2  -14  -17   -5    2
    1   13    3    1    3    4    3    1       583    8    4    8    8  -15  -10   -3   11    4    4  -15   -1    4    0  -10   -8   -8    1
    1   13    4    1    1    2    1    1       689    3   11    1    9   13    3   11  -14   -2  -11    4  -13   -6    9  -13    5   14    7
    1   13    5    1    2    2    2    1       903   -8    5    4   -8   14  -11   14   13   13   -6   11   16   -8   -1  -17   -7    6    8
    1   13    6    1    3    1    3    1      1108    7    5   11    7  -16   -9    6   15    2    4  -16   -1    1   -5  -10  -10   -3    1
    1   13    7    1    2    4    2    1      1546  -13    4    5  -10   11  -10   11    7   15   -3   12   12  -11    8   -9  -12    6    9
    1   13    8    1    3    3    3    1      1166    8    6   11    7  -13  -11   -5    9    4    3  -15    1    1   -4   -9   -4   -6    3
    1   13    9    1    1    1    1    1       656    9   13    2    2   13   -6    7  -15    1  -14    6  -13   -5   12  -16    2    9    5
    1   13   10    1    3    2    3    1      2104    6    3   12    6  -16   -9   -5    8    3    3  -11   -4    3   -4  -11   -9   -3    7
    1   13   11    1    1    4    1    1       645    7   18    7    3   13   -5    8  -14   -7  -11    4  -14   -3   11  -14    1   14    8
    1   13   12    1    1    3    1    1       989    3    8    4    3   11   -2    8  -14  -10  -10   -2   -6   -5   12  -15    2    4   12
    1   13   13    1    2    5    2    1       839  -14    8    6  -10   14  -12   20    1   12   -5   14   11   -7   -2  -11   -4    7   11
    1   13   14    1    1    5    2    0      2616    1    7    3    5   11   -3    2  -24   -3   -6    4  -13   -7   14  -13    4   20   -3
    1   13   15    1    2    3    2    1      1200   -9   10    4   -8   15   -7   15   12   12   -6   14    9   -8    0   -3   -6    6    9
    1   14    1    1    3    5    3    1      1025    9    5   11    4  -14  -12   -5   10    2    3  -16    1    3   -2  -14  -17   -5    2
    1   14    2    1    2    1    3    0       650  -11    5   16  -14   13   -2   17   13    9   -3   13    7   -9    2  -12   -2    7    9
    1   14    3    1    3    2    3    1       754    6    3   12    6  -16   -9   -5    8    3    3  -11   -4    3   -4  -11   -9   -3    7
    1   14    4    1    2    5    2    1       981  -14    8    6  -10   14  -12   20    1   12   -5   14   11   -7   -2  -11   -4    7   11
    1   14    5    1    1    1    1    1       783    9   13    2    2   13   -6    7  -15    1  -14    6  -13   -5   12  -16    2    9    5
    1   14    6    1    1    5    2    0      1969    1    7    3    5   11   -3    2  -24   -3   -6    4  -13   -7   14  -13    4   20   -3
    1   14    7    1    3    4    3    1       996    8    4    8    8  -15  -10   -3   11    4    4  -15   -1    4    0  -10   -8   -8    1
    1   14    8    1    1    3    1    1      1006    3    8    4    3   11   -2    8  -14  -10  -10   -2   -6   -5   12  -15    2    4   12
    1   14    9    1    3    1    3    1       775    7    5   11    7  -16   -9    6   15    2    4  -16   -1    1   -5  -10  -10   -3    1
    1   14   10    1    2    2    2    1      1098   -8    5    4   -8   14  -11   14   13   13   -6   11   16   -8   -1  -17   -7    6    8
    1   14   11    1    3    3    3    1      2032    8    6   11    7  -13  -11   -5    9    4    3  -15    1    1   -4   -9   -4   -6    3
    1   14   12    1    2    3    2    1       944   -9   10    4   -8   15   -7   15   12   12   -6   14    9   -8    0   -3   -6    6    9
    1   14   13    1    2    4    2    1      1468  -13    4    5  -10   11  -10   11    7   15   -3   12   12  -11    8   -9  -12    6    9
    1   14   14    1    1    4    1    1       755    7   18    7    3   13   -5    8  -14   -7  -11    4  -14   -3   11  -14    1   14    8
    1   14   15    1    1    2    1    1       806    3   11    1    9   13    3   11  -14   -2  -11    4  -13   -6    9  -13    5   14    7
    1   15    1    1    2    2    2    1      1127   -8    5    4   -8   14  -11   14   13   13   -6   11   16   -8   -1  -17   -7    6    8
    1   15    2    1    1    3    2    0      1804    3    8    4    3   11   -2    8  -14  -10  -10   -2   -6   -5   12  -15    2    4   12
    1   15    3    1    3    2    3    1      1125    6    3   12    6  -16   -9   -5    8    3    3  -11   -4    3   -4  -11   -9   -3    7
    1   15    4    1    2    3    2    1      1066   -9   10    4   -8   15   -7   15   12   12   -6   14    9   -8    0   -3   -6    6    9
    1   15    5    1    2    1    2    1       673  -11    5   16  -14   13   -2   17   13    9   -3   13    7   -9    2  -12   -2    7    9
    1   15    6    1    3    4    3    1      1464    8    4    8    8  -15  -10   -3   11    4    4  -15   -1    4    0  -10   -8   -8    1
    1   15    7    1    1    4    1    1       767    7   18    7    3   13   -5    8  -14   -7  -11    4  -14   -3   11  -14    1   14    8
    1   15    8    1    1    1    1    1       930    9   13    2    2   13   -6    7  -15    1  -14    6  -13   -5   12  -16    2    9    5
    1   15    9    1    3    3    3    1      1438    8    6   11    7  -13  -11   -5    9    4    3  -15    1    1   -4   -9   -4   -6    3
    1   15   10    1    1    5    1    1      1719    1    7    3    5   11   -3    2  -24   -3   -6    4  -13   -7   14  -13    4   20   -3
    1   15   11    1    2    5    2    1      1091  -14    8    6  -10   14  -12   20    1   12   -5   14   11   -7   -2  -11   -4    7   11
    1   15   12    1    1    2    1    1       713    3   11    1    9   13    3   11  -14   -2  -11    4  -13   -6    9  -13    5   14    7
    1   15   13    1    3    1    3    1      1087    7    5   11    7  -16   -9    6   15    2    4  -16   -1    1   -5  -10  -10   -3    1
    1   15   14    1    2    4    2    1      2021  -13    4    5  -10   11  -10   11    7   15   -3   12   12  -11    8   -9  -12    6    9
    1   15   15    1    3    5    3    1      1206    9    5   11    4  -14  -12   -5   10    2    3  -16    1    3   -2  -14  -17   -5    2
    2    1    1    4    2    3    1    0      4034  -13    8    3   -9   11  -11   12    6   11   -2   11   19   -8   -1  -12   -5    9   10
    2    1    2    4    3    3    2    1      2131    9    5   12    7  -13  -13   -6    9    2    4  -15   -2    3   -6   -8  -11   -5    3
    2    1    3    1    3    3    1    1      2176    8    6   11    7  -13  -11   -5    9    4    3  -15    1    1   -4   -9   -4   -6    3
    2    1    4    4    3    5    1    0      2954    8    6   13    7  -15  -11  -13   14    2    3  -12   -5    3   -2   -8  -13   -6    3
    2    1    5    1    2    1    1    1      1734  -11    5   16  -14   13   -2   17   13    9   -3   13    7   -9    2  -12   -2    7    9
    2    1    6    1    2    4    1    1      2865  -13    4    5  -10   11  -10   11    7   15   -3   12   12  -11    8   -9  -12    6    9
    2    1    7    4    1    1    2    1      3808    0   12    5    6   10   -4    9  -13   -6  -11    2  -10   -5    9   -9   13   13    7
    2    1    8    1    2    3    1    1      1434   -9   10    4   -8   15   -7   15   12   12   -6   14    9   -8    0   -3   -6    6    9
    2    1    9    1    1    5    1    1      1586    1    7    3    5   11   -3    2  -24   -3   -6    4  -13   -7   14  -13    4   20   -3
    2    1   10    4    2    1    2    1      1412  -11    9    6   -8    6  -22   15   12   12    1   13   10    0   10  -16   -8    8   10
    2    1   11    1    1    2    1    1      1326    3   11    1    9   13    3   11  -14   -2  -11    4  -13   -6    9  -13    5   14    7
    2    1   12    1    2    5    1    1      1482  -14    8    6  -10   14  -12   20    1   12   -5   14   11   -7   -2  -11   -4    7   11
    2    1   13    2    2    0    2    1      1344  -12    7    6   -9   12  -12   16   11   11   -4   13   11   -9    0  -13   -3    8    9
    2    1   14    4    3    4    1    0      1564    6    5   13    7  -13   -9   -3    8   10    6  -18    4    4   -5  -10   -8   -5    1
    2    1   15    6    0    0    2    1       944   12   15   14    5   10  -23    2  -17    6   -9    9   19    5  -14   15  -14   -5    9
    2    1   16    2    3    0    2    1      3532    8    5   11    6  -14  -11   -4   10    3    4  -15    0    2   -4   -9   -9   -6    2
    2    1   17    4    2    5    2    1      1600  -13    8    9   -5   20   -4   20   13   13   -6   15   13   -8    0  -12   -6    8    8
    2    1   18    4    1    5    2    1      1634    2    8    1    6   13   -5   11  -12   -8  -12    0  -12   -3   10  -14    2   15    6
    2    1   19    6    0    0    1    0      3986   14   -9  -14   12    5  -12    6   -2    6   13   -1   -6   -6    4  -10   -1   -2    2
    2    1   20    4    3    1    1    0      1380    7    3    9    5  -15  -10    2    9   -7    6  -16    1    2    6   -8  -11   -7    3
    2    1   21    6    0    0    2    1       862   15   13   16    4    2  -13    0   -9   11  -13    6   18    6  -16   13  -12   -7   12
    2    1   22    4    1    4    1    0      5134    7    7    4    3   13   -3   10  -15   -6  -11    9  -17  -12   21  -14    5   11    3
    2    1   23    4    1    2    2    1      1202    4    9    4    3    4   -1   10  -13  -15   -2    5  -10   -5   13  -13    5   10   -1
    2    1   24    1    1    3    1    1      1523    3    8    4    3   11   -2    8  -14  -10  -10   -2   -6   -5   12  -15    2    4   12
    2    1   25    4    2    4    1    0      2504  -21    9    7  -10   14  -12   16   12   11   -6    7   12   -7   -2  -13   -2    8    8
    2    1   26    4    3    2    2    1      1013   16   13    8    4  -16  -10   -2   11    2    3   -6   -4    4   -4   -8   -8   -6    3
    2    1   27    1    3    5    1    1       975    9    5   11    4  -14  -12   -5   10    2    3  -16    1    3   -2  -14  -17   -5    2
    2    1   28    6    0    0    2    1      1818   -3   10   -2   -3   24   10   12  -12   -8    5  -12    8   -5    3    1   13   -5   -9
    2    1   29    1    1    4    1    1      1506    7   18    7    3   13   -5    8  -14   -7  -11    4  -14   -3   11  -14    1   14    8
    2    1   30    2    1    0    1    0       840    2    9    3    4   11   -4    9  -14   -6  -10    4  -12   -4   11  -14    3   14    6
    2    1   31    1    1    1    1    1      2184    9   13    2    2   13   -6    7  -15    1  -14    6  -13   -5   12  -16    2    9    5
    2    1   32    4    2    2    1    0      3762  -12    6    8   -9   10  -13   18   11   12   -5   15    9  -11    2  -14   -1    6   11
    2    1   33    1    3    2    2    0      1789    6    3   12    6  -16   -9   -5    8    3    3  -11   -4    3   -4  -11   -9   -3    7
    2    1   34    6    0    0    2    1      1575   15    2   -2    2    3   -8    2   -4    1   13    1    1   -9    5  -11   -1   -7    3
    2    1   35    1    2    2    1    1      2474   -8    5    4   -8   14  -11   14   13   13   -6   11   16   -8   -1  -17   -7    6    8
    2    1   36    6    0    0    2    1      1417    0   12   -1   -5   15    6   13  -13   -8    3  -15    6   -5    6    4   12   -9  -12
    2    1   37    1    3    1    1    1      2578    7    5   11    7  -16   -9    6   15    2    4  -16   -1    1   -5  -10  -10   -3    1
    2    1   38    4    1    3    1    0       860    3    8    4    3   11   -3    8  -13   -7  -10    5  -12   -3   11  -17    3   15    7
    2    1   39    1    3    4    1    1      1356    8    4    8    8  -15  -10   -3   11    4    4  -15   -1    4    0  -10   -8   -8    1
