    1    1    1    1    3    4    2    0      2412   13  -14  -13   -1    8   -3   -3    3  -11   13   10    9  -11    8  -11  -12   -1    0
    1    1    2    1    3    1    1    0      2548   12  -10  -17   -4   11   -1   -3    2  -10    8   11    8  -20    1   -2   -4    0    0
    1    1    3    1    1    5    3    0      1432   -4   -8  -15   -2   15   -6   13   -5    2   12   12    6    3  -12  -10    2    3    9
    1    1    4    1    2    5    2    1      1048  -15   -9   -5   -2    7    8    3   -6    4    7   -7   -4    5    4  -14   -6   -1   -1
    1    1    5    1    1    4    1    1      1240   -3   -7  -14   -1   13  -13   10   -8    1    7    3    1    4  -11  -12    5   -2    8
    1    1    6    1    2    2    2    1      1000  -12  -15    1    2    3    8    6   -5    1    9   -5   -3    3   -2  -12   -4   -3   -2
    1    1    7    1    1    3    3    0       770   -4   -6  -13    3   14   -6   14   -3    2   11   13    6   -4  -13  -11    5   -6    5
    1    1    8    1    3    3    3    1       949   13  -12  -16   -1    6   -4   -2   -1   -8    7   13    1  -13    2  -12  -11   -6   -1
    1    1    9    1    2    1    1    0      1249  -12  -16   -7    0    1   10    7   -7    0    8   -2    0    4    4  -12   -5    2    3
    1    1   10    1    1    1    1    1      1176   -5   -8  -15   -1   15   -6   10   -7    2   11    9   12    0  -17   -8    4   -4    3
    1    1   11    1    2    3    2    1      1259  -13  -16   -7    1    5    9   14   -8    0   10   -6   -2   10    7  -11   -4   -2   -1
    1    1   12    1    3    2    3    1       619   17   -4  -12   -3    5    8    1    4   -7    8   10   11  -12    5   -7   -8    3    2
    1    1   13    1    1    2    1    1      1260   -3   -7  -13   -3   11  -10   14   -4   -9    6   14    7   -5  -12  -10    3   -5    4
    1    1   14    1    2    4    3    0      2300  -13  -10   -9    8   11    4    7   -9    3    8   -8   -5    4    3  -13   -6   -1   -1
    1    1   15    1    3    5    3    1       682    9  -14  -12   -1    8   -1   -2   -1  -10    5   13    9  -11    3  -12  -11    3    0
    1    2    1    1    2    1    2    1       680  -12  -16   -7    0    1   10    7   -7    0    8   -2    0    4    4  -12   -5    2    3
    1    2    2    1    2    2    2    1       839  -12  -15    1    2    3    8    6   -5    1    9   -5   -3    3   -2  -12   -4   -3   -2
    1    2    3    1    3    2    3    1       623   17   -4  -12   -3    5    8    1    4   -7    8   10   11  -12    5   -7   -8    3    2
    1    2    4    1    1    4    1    1       960   -3   -7  -14   -1   13  -13   10   -8    1    7    3    1    4  -11  -12    5   -2    8
    1    2    5    1    3    3    3    1       580   13  -12  -16   -1    6   -4   -2   -1   -8    7   13    1  -13    2  -12  -11   -6   -1
    1    2    6    1    1    5    2    0       814   -4   -8  -15   -2   15   -6   13   -5    2   12   12    6    3  -12  -10    2    3    9
    1    2    7    1    2    5    2    1       520  -15   -9   -5   -2    7    8    3   -6    4    7   -7   -4    5    4  -14   -6   -1   -1
    1    2    8    1    1    2    1    1      1636   -3   -7  -13   -3   11  -10   14   -4   -9    6   14    7   -5  -12  -10    3   -5    4
    1    2    9    1    3    4    3    1       589   13  -14  -13   -1    8   -3   -3    3  -11   13   10    9  -11    8  -11  -12   -1    0
    1    2   10    1    1    1    1    1      1815   -5   -8  -15   -1   15   -6   10   -7    2   11    9   12    0  -17   -8    4   -4    3
    1    2   11    1    3    1    3    1       856   12  -10  -17   -4   11   -1   -3    2  -10    8   11    8  -20    1   -2   -4    0    0
    1    2   12    1    2    4    2    1       528  -13  -10   -9    8   11    4    7   -9    3    8   -8   -5    4    3  -13   -6   -1   -1
    1    2   13    1    1    3    1    1       757   -4   -6  -13    3   14   -6   14   -3    2   11   13    6   -4  -13  -11    5   -6    5
    1    2   14    1    2    3    3    0       448  -13  -16   -7    1    5    9   14   -8    0   10   -6   -2   10    7  -11   -4   -2   -1
    1    2   15    1    3    5    3    1       640    9  -14  -12   -1    8   -1   -2   -1  -10    5   13    9  -11    3  -12  -11    3    0
    1    3    1    1    2    4    2    1       552  -13  -10   -9    8   11    4    7   -9    3    8   -8   -5    4    3  -13   -6   -1   -1
    1    3    2    1    3    3    3    1       548   13  -12  -16   -1    6   -4   -2   -1   -8    7   13    1  -13    2  -12  -11   -6   -1
    1    3    3    1    1    1    1    1       776   -5   -8  -15   -1   15   -6   10   -7    2   11    9   12    0  -17   -8    4   -4    3
    1    3    4    1    2    2    2    1       498  -12  -15    1    2    3    8    6   -5    1    9   -5   -3    3   -2  -12   -4   -3   -2
    1    3    5    1    1    5    3    0       552   -4   -8  -15   -2   15   -6   13   -5    2   12   12    6    3  -12  -10    2    3    9
    1    3    6    1    3    2    3    1       580   17   -4  -12   -3    5    8    1    4   -7    8   10   11  -12    5   -7   -8    3    2
    1    3    7    1    2    5    2    1       607  -15   -9   -5   -2    7    8    3   -6    4    7   -7   -4    5    4  -14   -6   -1   -1
    1    3    8    1    1    2    1    1       800   -3   -7  -13   -3   11  -10   14   -4   -9    6   14    7   -5  -12  -10    3   -5    4
    1    3    9    1    3    5    3    1       842    9  -14  -12   -1    8   -1   -2   -1  -10    5   13    9  -11    3  -12  -11    3    0
    1    3   10    1    1    4    2    0       634   -3   -7  -14   -1   13  -13   10   -8    1    7    3    1    4  -11  -12    5   -2    8
    1    3   11    1    1    3    1    1       915   -4   -6  -13    3   14   -6   14   -3    2   11   13    6   -4  -13  -11    5   -6    5
    1    3   12    1    2    1    2    1       552  -12  -16   -7    0    1   10    7   -7    0    8   -2    0    4    4  -12   -5    2    3
    1    3   13    1    3    1    3    1       491   12  -10  -17   -4   11   -1   -3    2  -10    8   11    8  -20    1   -2   -4    0    0
    1    3   14    1    2    3    2    1       714  -13  -16   -7    1    5    9   14   -8    0   10   -6   -2   10    7  -11   -4   -2   -1
    1    3   15    1    3    4    3    1      1270   13  -14  -13   -1    8   -3   -3    3  -11   13   10    9  -11    8  -11  -12   -1    0
    1    4    1    1    3    1    3    1      1541   12  -10  -17   -4   11   -1   -3    2  -10    8   11    8  -20    1   -2   -4    0    0
    1    4    2    1    2    3    2    1       786  -13  -16   -7    1    5    9   14   -8    0   10   -6   -2   10    7  -11   -4   -2   -1
    1    4    3    1    3    4    3    1       772   13  -14  -13   -1    8   -3   -3    3  -11   13   10    9  -11    8  -11  -12   -1    0
    1    4    4    1    1    2    1    1       799   -3   -7  -13   -3   11  -10   14   -4   -9    6   14    7   -5  -12  -10    3   -5    4
    1    4    5    1    1    5    1    1       849   -4   -8  -15   -2   15   -6   13   -5    2   12   12    6    3  -12  -10    2    3    9
    1    4    6    1    2    5    2    1       936  -15   -9   -5   -2    7    8    3   -6    4    7   -7   -4    5    4  -14   -6   -1   -1
    1    4    7    1    2    2    2    1      1125  -12  -15    1    2    3    8    6   -5    1    9   -5   -3    3   -2  -12   -4   -3   -2
    1    4    8    1    3    5    3    1      3522    9  -14  -12   -1    8   -1   -2   -1  -10    5   13    9  -11    3  -12  -11    3    0
    1    4    9    1    2    1    2    1       615  -12  -16   -7    0    1   10    7   -7    0    8   -2    0    4    4  -12   -5    2    3
    1    4   10    1    1    3    1    1       688   -4   -6  -13    3   14   -6   14   -3    2   11   13    6   -4  -13  -11    5   -6    5
    1    4   11    1    2    4    2    1       766  -13  -10   -9    8   11    4    7   -9    3    8   -8   -5    4    3  -13   -6   -1   -1
    1    4   12    1    3    3    3    1      1329   13  -12  -16   -1    6   -4   -2   -1   -8    7   13    1  -13    2  -12  -11   -6   -1
    1    4   13    1    1    1    1    1      1022   -5   -8  -15   -1   15   -6   10   -7    2   11    9   12    0  -17   -8    4   -4    3
    1    4   14    1    1    4    1    1       519   -3   -7  -14   -1   13  -13   10   -8    1    7    3    1    4  -11  -12    5   -2    8
    1    4   15    1    3    2    3    1       532   17   -4  -12   -3    5    8    1    4   -7    8   10   11  -12    5   -7   -8    3    2
    1    5    1    1    2    1    2    1       513  -12  -16   -7    0    1   10    7   -7    0    8   -2    0    4    4  -12   -5    2    3
    1    5    2    1    3    3    3    1       478   13  -12  -16   -1    6   -4   -2   -1   -8    7   13    1  -13    2  -12  -11   -6   -1
    1    5    3    1    2    2    2    1       693  -12  -15    1    2    3    8    6   -5    1    9   -5   -3    3   -2  -12   -4   -3   -2
    1    5    4    1    1    4    1    1       731   -3   -7  -14   -1   13  -13   10   -8    1    7    3    1    4  -11  -12    5   -2    8
    1    5    5    1    2    3    2    1       560  -13  -16   -7    1    5    9   14   -8    0   10   -6   -2   10    7  -11   -4   -2   -1
    1    5    6    1    2    4    2    1       683  -13  -10   -9    8   11    4    7   -9    3    8   -8   -5    4    3  -13   -6   -1   -1
    1    5    7    1    3    4    3    1       450   13  -14  -13   -1    8   -3   -3    3  -11   13   10    9  -11    8  -11  -12   -1    0
    1    5    8    1    1    5    1    1      1041   -4   -8  -15   -2   15   -6   13   -5    2   12   12    6    3  -12  -10    2    3    9
    1    5    9    1    1    2    1    1       641   -3   -7  -13   -3   11  -10   14   -4   -9    6   14    7   -5  -12  -10    3   -5    4
    1    5   10    1    1    3    1    1       545   -4   -6  -13    3   14   -6   14   -3    2   11   13    6   -4  -13  -11    5   -6    5
    1    5   11    1    1    1    1    1       534   -5   -8  -15   -1   15   -6   10   -7    2   11    9   12    0  -17   -8    4   -4    3
    1    5   12    1    3    1    3    1       570   12  -10  -17   -4   11   -1   -3    2  -10    8   11    8  -20    1   -2   -4    0    0
    1    5   13    1    3    5    3    1       621    9  -14  -12   -1    8   -1   -2   -1  -10    5   13    9  -11    3  -12  -11    3    0
    1    5   14    1    3    2    3    1       590   17   -4  -12   -3    5    8    1    4   -7    8   10   11  -12    5   -7   -8    3    2
    1    5   15    1    2    5    2    1       457  -15   -9   -5   -2    7    8    3   -6    4    7   -7   -4    5    4  -14   -6   -1   -1
    1    6    1    1    3    1    3    1       504   12  -10  -17   -4   11   -1   -3    2  -10    8   11    8  -20    1   -2   -4    0    0
    1    6    2    1    1    2    1    1       422   -3   -7  -13   -3   11  -10   14   -4   -9    6   14    7   -5  -12  -10    3   -5    4
    1    6    3    1    3    2    3    1       503   17   -4  -12   -3    5    8    1    4   -7    8   10   11  -12    5   -7   -8    3    2
    1    6    4    1    2    2    2    1       364  -12  -15    1    2    3    8    6   -5    1    9   -5   -3    3   -2  -12   -4   -3   -2
    1    6    5    1    3    5    3    1       599    9  -14  -12   -1    8   -1   -2   -1  -10    5   13    9  -11    3  -12  -11    3    0
    1    6    6    1    3    3    3    1       497   13  -12  -16   -1    6   -4   -2   -1   -8    7   13    1  -13    2  -12  -11   -6   -1
    1    6    7    1    2    1    2    1       614  -12  -16   -7    0    1   10    7   -7    0    8   -2    0    4    4  -12   -5    2    3
    1    6    8    1    1    5    1    1       583   -4   -8  -15   -2   15   -6   13   -5    2   12   12    6    3  -12  -10    2    3    9
    1    6    9    1    1    3    1    1       490   -4   -6  -13    3   14   -6   14   -3    2   11   13    6   -4  -13  -11    5   -6    5
    1    6   10    1    2    3    3    0       536  -13  -16   -7    1    5    9   14   -8    0   10   -6   -2   10    7  -11   -4   -2   -1
    1    6   11    1    2    4    2    1       636  -13  -10   -9    8   11    4    7   -9    3    8   -8   -5    4    3  -13   -6   -1   -1
    1    6   12    1    1    4    1    1      5260   -3   -7  -14   -1   13  -13   10   -8    1    7    3    1    4  -11  -12    5   -2    8
    1    6   13    1    1    1    1    1       781   -5   -8  -15   -1   15   -6   10   -7    2   11    9   12    0  -17   -8    4   -4    3
    1    6   14    1    2    5    2    1       511  -15   -9   -5   -2    7    8    3   -6    4    7   -7   -4    5    4  -14   -6   -1   -1
    1    6   15    1    3    4    3    1       589   13  -14  -13   -1    8   -3   -3    3  -11   13   10    9  -11    8  -11  -12   -1    0
    1    7    1    1    3    3    3    1       455   13  -12  -16   -1    6   -4   -2   -1   -8    7   13    1  -13    2  -12  -11   -6   -1
    1    7    2    1    2    1    2    1       430  -12  -16   -7    0    1   10    7   -7    0    8   -2    0    4    4  -12   -5    2    3
    1    7    3    1    3    1    3    1       462   12  -10  -17   -4   11   -1   -3    2  -10    8   11    8  -20    1   -2   -4    0    0
    1    7    4    1    3    2    3    1       446   17   -4  -12   -3    5    8    1    4   -7    8   10   11  -12    5   -7   -8    3    2
    1    7    5    1    1    3    1    1      1694   -4   -6  -13    3   14   -6   14   -3    2   11   13    6   -4  -13  -11    5   -6    5
    1    7    6    1    1    5    1    1       589   -4   -8  -15   -2   15   -6   13   -5    2   12   12    6    3  -12  -10    2    3    9
    1    7    7    1    2    3    2    1       487  -13  -16   -7    1    5    9   14   -8    0   10   -6   -2   10    7  -11   -4   -2   -1
    1    7    8    1    1    2    1    1       790   -3   -7  -13   -3   11  -10   14   -4   -9    6   14    7   -5  -12  -10    3   -5    4
    1    7    9    1    3    4    3    1       512   13  -14  -13   -1    8   -3   -3    3  -11   13   10    9  -11    8  -11  -12   -1    0
    1    7   10    1    1    4    1    1      1317   -3   -7  -14   -1   13  -13   10   -8    1    7    3    1    4  -11  -12    5   -2    8
    1    7   11    1    3    5    3    1       562    9  -14  -12   -1    8   -1   -2   -1  -10    5   13    9  -11    3  -12  -11    3    0
    1    7   12    1    2    4    2    1      1542  -13  -10   -9    8   11    4    7   -9    3    8   -8   -5    4    3  -13   -6   -1   -1
    1    7   13    1    1    1    1    1      1242   -5   -8  -15   -1   15   -6   10   -7    2   11    9   12    0  -17   -8    4   -4    3
    1    7   14    1    2    2    2    1       667  -12  -15    1    2    3    8    6   -5    1    9   -5   -3    3   -2  -12   -4   -3   -2
    1    7   15    1    2    5    2    1      1594  -15   -9   -5   -2    7    8    3   -6    4    7   -7   -4    5    4  -14   -6   -1   -1
    1    8    1    1    2    4    2    1       660  -13  -10   -9    8   11    4    7   -9    3    8   -8   -5    4    3  -13   -6   -1   -1
    1    8    2    1    1    2    1    1       620   -3   -7  -13   -3   11  -10   14   -4   -9    6   14    7   -5  -12  -10    3   -5    4
    1    8    3    1    1    3    1    1       469   -4   -6  -13    3   14   -6   14   -3    2   11   13    6   -4  -13  -11    5   -6    5
    1    8    4    1    1    4    1    1       732   -3   -7  -14   -1   13  -13   10   -8    1    7    3    1    4  -11  -12    5   -2    8
    1    8    5    1    3    5    3    1      1576    9  -14  -12   -1    8   -1   -2   -1  -10    5   13    9  -11    3  -12  -11    3    0
    1    8    6    1    2    2    2    1       851  -12  -15    1    2    3    8    6   -5    1    9   -5   -3    3   -2  -12   -4   -3   -2
    1    8    7    1    2    3    2    1      1083  -13  -16   -7    1    5    9   14   -8    0   10   -6   -2   10    7  -11   -4   -2   -1
    1    8    8    1    3    2    3    1       777   17   -4  -12   -3    5    8    1    4   -7    8   10   11  -12    5   -7   -8    3    2
    1    8    9    1    3    4    3    1       516   13  -14  -13   -1    8   -3   -3    3  -11   13   10    9  -11    8  -11  -12   -1    0
    1    8   10    1    3    1    3    1       481   12  -10  -17   -4   11   -1   -3    2  -10    8   11    8  -20    1   -2   -4    0    0
    1    8   11    1    3    3    3    1       391   13  -12  -16   -1    6   -4   -2   -1   -8    7   13    1  -13    2  -12  -11   -6   -1
    1    8   12    1    1    1    3    0       409   -5   -8  -15   -1   15   -6   10   -7    2   11    9   12    0  -17   -8    4   -4    3
    1    8   13    1    2    1    2    1       595  -12  -16   -7    0    1   10    7   -7    0    8   -2    0    4    4  -12   -5    2    3
    1    8   14    1    1    5    1    1       821   -4   -8  -15   -2   15   -6   13   -5    2   12   12    6    3  -12  -10    2    3    9
    1    8   15    1    2    5    2    1       542  -15   -9   -5   -2    7    8    3   -6    4    7   -7   -4    5    4  -14   -6   -1   -1
    1    9    1    1    2    1    2    1       499  -12  -16   -7    0    1   10    7   -7    0    8   -2    0    4    4  -12   -5    2    3
    1    9    2    1    3    2    3    1       600   17   -4  -12   -3    5    8    1    4   -7    8   10   11  -12    5   -7   -8    3    2
    1    9    3    1    2    5    2    1       586  -15   -9   -5   -2    7    8    3   -6    4    7   -7   -4    5    4  -14   -6   -1   -1
    1    9    4    1    1    3    1    1       460   -4   -6  -13    3   14   -6   14   -3    2   11   13    6   -4  -13  -11    5   -6    5
    1    9    5    1    1    5    1    1       452   -4   -8  -15   -2   15   -6   13   -5    2   12   12    6    3  -12  -10    2    3    9
    1    9    6    1    1    1    1    1       347   -5   -8  -15   -1   15   -6   10   -7    2   11    9   12    0  -17   -8    4   -4    3
    1    9    7    1    3    3    3    1       559   13  -12  -16   -1    6   -4   -2   -1   -8    7   13    1  -13    2  -12  -11   -6   -1
    1    9    8    1    3    1    3    1       475   12  -10  -17   -4   11   -1   -3    2  -10    8   11    8  -20    1   -2   -4    0    0
    1    9    9    1    3    5    3    1       913    9  -14  -12   -1    8   -1   -2   -1  -10    5   13    9  -11    3  -12  -11    3    0
    1    9   10    1    2    3    2    1      1862  -13  -16   -7    1    5    9   14   -8    0   10   -6   -2   10    7  -11   -4   -2   -1
    1    9   11    1    2    2    2    1       542  -12  -15    1    2    3    8    6   -5    1    9   -5   -3    3   -2  -12   -4   -3   -2
    1    9   12    1    2    4    2    1      1938  -13  -10   -9    8   11    4    7   -9    3    8   -8   -5    4    3  -13   -6   -1   -1
    1    9   13    1    1    2    1    1      1343   -3   -7  -13   -3   11  -10   14   -4   -9    6   14    7   -5  -12  -10    3   -5    4
    1    9   14    1    3    4    3    1       659   13  -14  -13   -1    8   -3   -3    3  -11   13   10    9  -11    8  -11  -12   -1    0
    1    9   15    1    1    4    1    1      1411   -3   -7  -14   -1   13  -13   10   -8    1    7    3    1    4  -11  -12    5   -2    8
    1   10    1    1    2    3    1    0       741  -13  -16   -7    1    5    9   14   -8    0   10   -6   -2   10    7  -11   -4   -2   -1
    1   10    2    1    2    2    2    1       465  -12  -15    1    2    3    8    6   -5    1    9   -5   -3    3   -2  -12   -4   -3   -2
    1   10    3    1    1    3    1    1       736   -4   -6  -13    3   14   -6   14   -3    2   11   13    6   -4  -13  -11    5   -6    5
    1   10    4    1    1    5    1    1       700   -4   -8  -15   -2   15   -6   13   -5    2   12   12    6    3  -12  -10    2    3    9
    1   10    5    1    1    2    1    1       882   -3   -7  -13   -3   11  -10   14   -4   -9    6   14    7   -5  -12  -10    3   -5    4
    1   10    6    1    1    1    1    1       880   -5   -8  -15   -1   15   -6   10   -7    2   11    9   12    0  -17   -8    4   -4    3
    1   10    7    1    3    4    3    1       678   13  -14  -13   -1    8   -3   -3    3  -11   13   10    9  -11    8  -11  -12   -1    0
    1   10    8    1    3    2    3    1       589   17   -4  -12   -3    5    8    1    4   -7    8   10   11  -12    5   -7   -8    3    2
    1   10    9    1    3    1    3    1      1440   12  -10  -17   -4   11   -1   -3    2  -10    8   11    8  -20    1   -2   -4    0    0
    1   10   10    1    3    3    3    1       600   13  -12  -16   -1    6   -4   -2   -1   -8    7   13    1  -13    2  -12  -11   -6   -1
    1   10   11    1    3    5    3    1      1098    9  -14  -12   -1    8   -1   -2   -1  -10    5   13    9  -11    3  -12  -11    3    0
    1   10   12    1    2    1    2    1      1375  -12  -16   -7    0    1   10    7   -7    0    8   -2    0    4    4  -12   -5    2    3
    1   10   13    1    2    5    2    1       786  -15   -9   -5   -2    7    8    3   -6    4    7   -7   -4    5    4  -14   -6   -1   -1
    1   10   14    1    1    4    1    1       701   -3   -7  -14   -1   13  -13   10   -8    1    7    3    1    4  -11  -12    5   -2    8
    1   10   15    1    2    4    2    1      1170  -13  -10   -9    8   11    4    7   -9    3    8   -8   -5    4    3  -13   -6   -1   -1
    1   11    1    1    2    3    2    1       653  -13  -16   -7    1    5    9   14   -8    0   10   -6   -2   10    7  -11   -4   -2   -1
    1   11    2    1    2    5    2    1       661  -15   -9   -5   -2    7    8    3   -6    4    7   -7   -4    5    4  -14   -6   -1   -1
    1   11    3    1    1    2    1    1      1332   -3   -7  -13   -3   11  -10   14   -4   -9    6   14    7   -5  -12  -10    3   -5    4
    1   11    4    1    3    5    3    1       377    9  -14  -12   -1    8   -1   -2   -1  -10    5   13    9  -11    3  -12  -11    3    0
    1   11    5    1    1    5    1    1      1076   -4   -8  -15   -2   15   -6   13   -5    2   12   12    6    3  -12  -10    2    3    9
    1   11    6    1    1    3    1    1       715   -4   -6  -13    3   14   -6   14   -3    2   11   13    6   -4  -13  -11    5   -6    5
    1   11    7    1    2    4    2    1       568  -13  -10   -9    8   11    4    7   -9    3    8   -8   -5    4    3  -13   -6   -1   -1
    1   11    8    1    3    3    3    1       547   13  -12  -16   -1    6   -4   -2   -1   -8    7   13    1  -13    2  -12  -11   -6   -1
    1   11    9    1    3    4    3    1      1790   13  -14  -13   -1    8   -3   -3    3  -11   13   10    9  -11    8  -11  -12   -1    0
    1   11   10    1    2    1    2    1      1145  -12  -16   -7    0    1   10    7   -7    0    8   -2    0    4    4  -12   -5    2    3
    1   11   11    1    3    2    3    1       701   17   -4  -12   -3    5    8    1    4   -7    8   10   11  -12    5   -7   -8    3    2
    1   11   12    1    1    1    1    1      2795   -5   -8  -15   -1   15   -6   10   -7    2   11    9   12    0  -17   -8    4   -4    3
    1   11   13    1    3    1    3    1       613   12  -10  -17   -4   11   -1   -3    2  -10    8   11    8  -20    1   -2   -4    0    0
    1   11   14    1    1    4    1    1      2030   -3   -7  -14   -1   13  -13   10   -8    1    7    3    1    4  -11  -12    5   -2    8
    1   11   15    1    2    2    2    1       663  -12  -15    1    2    3    8    6   -5    1    9   -5   -3    3   -2  -12   -4   -3   -2
    1   12    1    1    2    4    2    1      1150  -13  -10   -9    8   11    4    7   -9    3    8   -8   -5    4    3  -13   -6   -1   -1
    1   12    2    1    1    4    2    0       346   -3   -7  -14   -1   13  -13   10   -8    1    7    3    1    4  -11  -12    5   -2    8
    1   12    3    1    1    2    1    1       558   -3   -7  -13   -3   11  -10   14   -4   -9    6   14    7   -5  -12  -10    3   -5    4
    1   12    4    1    2    5    2    1       618  -15   -9   -5   -2    7    8    3   -6    4    7   -7   -4    5    4  -14   -6   -1   -1
    1   12    5    1    2    2    2    1       427  -12  -15    1    2    3    8    6   -5    1    9   -5   -3    3   -2  -12   -4   -3   -2
    1   12    6    1    1    3    1    1       668   -4   -6  -13    3   14   -6   14   -3    2   11   13    6   -4  -13  -11    5   -6    5
    1   12    7    1    1    5    1    1       507   -4   -8  -15   -2   15   -6   13   -5    2   12   12    6    3  -12  -10    2    3    9
    1   12    8    1    3    3    3    1       344   13  -12  -16   -1    6   -4   -2   -1   -8    7   13    1  -13    2  -12  -11   -6   -1
    1   12    9    1    2    1    2    1       445  -12  -16   -7    0    1   10    7   -7    0    8   -2    0    4    4  -12   -5    2    3
    1   12   10    1    3    1    3    1       597   12  -10  -17   -4   11   -1   -3    2  -10    8   11    8  -20    1   -2   -4    0    0
    1   12   11    1    1    1    1    1       647   -5   -8  -15   -1   15   -6   10   -7    2   11    9   12    0  -17   -8    4   -4    3
    1   12   12    1    3    2    3    1       599   17   -4  -12   -3    5    8    1    4   -7    8   10   11  -12    5   -7   -8    3    2
    1   12   13    1    3    5    3    1       440    9  -14  -12   -1    8   -1   -2   -1  -10    5   13    9  -11    3  -12  -11    3    0
    1   12   14    1    2    3    2    1       777  -13  -16   -7    1    5    9   14   -8    0   10   -6   -2   10    7  -11   -4   -2   -1
    1   12   15    1    3    4    3    1       524   13  -14  -13   -1    8   -3   -3    3  -11   13   10    9  -11    8  -11  -12   -1    0
    1   13    1    1    2    5    2    1       497  -15   -9   -5   -2    7    8    3   -6    4    7   -7   -4    5    4  -14   -6   -1   -1
    1   13    2    1    1    2    1    1      1119   -3   -7  -13   -3   11  -10   14   -4   -9    6   14    7   -5  -12  -10    3   -5    4
    1   13    3    1    3    5    3    1       644    9  -14  -12   -1    8   -1   -2   -1  -10    5   13    9  -11    3  -12  -11    3    0
    1   13    4    1    1    4    2    0       764   -3   -7  -14   -1   13  -13   10   -8    1    7    3    1    4  -11  -12    5   -2    8
    1   13    5    1    2    4    2    1       479  -13  -10   -9    8   11    4    7   -9    3    8   -8   -5    4    3  -13   -6   -1   -1
    1   13    6    1    3    4    3    1       630   13  -14  -13   -1    8   -3   -3    3  -11   13   10    9  -11    8  -11  -12   -1    0
    1   13    7    1    3    2    3    1      1174   17   -4  -12   -3    5    8    1    4   -7    8   10   11  -12    5   -7   -8    3    2
    1   13    8    1    1    3    1    1      1609   -4   -6  -13    3   14   -6   14   -3    2   11   13    6   -4  -13  -11    5   -6    5
    1   13    9    1    2    1    2    1      1611  -12  -16   -7    0    1   10    7   -7    0    8   -2    0    4    4  -12   -5    2    3
    1   13   10    1    1    5    1    1      8037   -4   -8  -15   -2   15   -6   13   -5    2   12   12    6    3  -12  -10    2    3    9
    1   13   11    1    1    1    1    1      1462   -5   -8  -15   -1   15   -6   10   -7    2   11    9   12    0  -17   -8    4   -4    3
    1   13   12    1    3    1    3    1       606   12  -10  -17   -4   11   -1   -3    2  -10    8   11    8  -20    1   -2   -4    0    0
    1   13   13    1    2    3    2    1       519  -13  -16   -7    1    5    9   14   -8    0   10   -6   -2   10    7  -11   -4   -2   -1
    1   13   14    1    2    2    2    1       804  -12  -15    1    2    3    8    6   -5    1    9   -5   -3    3   -2  -12   -4   -3   -2
    1   13   15    1    3    3    3    1       518   13  -12  -16   -1    6   -4   -2   -1   -8    7   13    1  -13    2  -12  -11   -6   -1
    1   14    1    1    1    3    1    1      2707   -4   -6  -13    3   14   -6   14   -3    2   11   13    6   -4  -13  -11    5   -6    5
    1   14    2    1    3    5    3    1      1721    9  -14  -12   -1    8   -1   -2   -1  -10    5   13    9  -11    3  -12  -11    3    0
    1   14    3    1    3    4    3    1       750   13  -14  -13   -1    8   -3   -3    3  -11   13   10    9  -11    8  -11  -12   -1    0
    1   14    4    1    1    1    1    1       802   -5   -8  -15   -1   15   -6   10   -7    2   11    9   12    0  -17   -8    4   -4    3
    1   14    5    1    3    1    3    1       507   12  -10  -17   -4   11   -1   -3    2  -10    8   11    8  -20    1   -2   -4    0    0
    1   14    6    1    2    4    2    1       945  -13  -10   -9    8   11    4    7   -9    3    8   -8   -5    4    3  -13   -6   -1   -1
    1   14    7    1    1    4    2    0       805   -3   -7  -14   -1   13  -13   10   -8    1    7    3    1    4  -11  -12    5   -2    8
    1   14    8    1    3    3    3    1       527   13  -12  -16   -1    6   -4   -2   -1   -8    7   13    1  -13    2  -12  -11   -6   -1
    1   14    9    1    2    2    2    1       612  -12  -15    1    2    3    8    6   -5    1    9   -5   -3    3   -2  -12   -4   -3   -2
    1   14   10    1    2    5    2    1      1045  -15   -9   -5   -2    7    8    3   -6    4    7   -7   -4    5    4  -14   -6   -1   -1
    1   14   11    1    3    2    3    1      1262   17   -4  -12   -3    5    8    1    4   -7    8   10   11  -12    5   -7   -8    3    2
    1   14   12    1    2    3    2    1       661  -13  -16   -7    1    5    9   14   -8    0   10   -6   -2   10    7  -11   -4   -2   -1
    1   14   13    1    1    5    1    1      1165   -4   -8  -15   -2   15   -6   13   -5    2   12   12    6    3  -12  -10    2    3    9
    1   14   14    1    1    2    1    1       688   -3   -7  -13   -3   11  -10   14   -4   -9    6   14    7   -5  -12  -10    3   -5    4
    1   14   15    1    2    1    2    1       654  -12  -16   -7    0    1   10    7   -7    0    8   -2    0    4    4  -12   -5    2    3
    1   15    1    1    1    1    1    1      1022   -5   -8  -15   -1   15   -6   10   -7    2   11    9   12    0  -17   -8    4   -4    3
    1   15    2    1    1    5    1    1      1503   -4   -8  -15   -2   15   -6   13   -5    2   12   12    6    3  -12  -10    2    3    9
    1   15    3    1    1    4    1    1      1765   -3   -7  -14   -1   13  -13   10   -8    1    7    3    1    4  -11  -12    5   -2    8
    1   15    4    1    3    5    3    1       808    9  -14  -12   -1    8   -1   -2   -1  -10    5   13    9  -11    3  -12  -11    3    0
    1   15    5    1    2    3    2    1      1121  -13  -16   -7    1    5    9   14   -8    0   10   -6   -2   10    7  -11   -4   -2   -1
    1   15    6    1    2    4    2    1       654  -13  -10   -9    8   11    4    7   -9    3    8   -8   -5    4    3  -13   -6   -1   -1
    1   15    7    1    2    5    2    1       590  -15   -9   -5   -2    7    8    3   -6    4    7   -7   -4    5    4  -14   -6   -1   -1
    1   15    8    1    3    1    3    1      1120   12  -10  -17   -4   11   -1   -3    2  -10    8   11    8  -20    1   -2   -4    0    0
    1   15    9    1    1    3    1    1      1293   -4   -6  -13    3   14   -6   14   -3    2   11   13    6   -4  -13  -11    5   -6    5
    1   15   10    1    2    1    2    1       980  -12  -16   -7    0    1   10    7   -7    0    8   -2    0    4    4  -12   -5    2    3
    1   15   11    1    3    2    3    1       551   17   -4  -12   -3    5    8    1    4   -7    8   10   11  -12    5   -7   -8    3    2
    1   15   12    1    2    2    2    1       658  -12  -15    1    2    3    8    6   -5    1    9   -5   -3    3   -2  -12   -4   -3   -2
    1   15   13    1    1    2    1    1       706   -3   -7  -13   -3   11  -10   14   -4   -9    6   14    7   -5  -12  -10    3   -5    4
    1   15   14    1    3    4    3    1       567   13  -14  -13   -1    8   -3   -3    3  -11   13   10    9  -11    8  -11  -12   -1    0
    1   15   15    1    3    3    3    1       395   13  -12  -16   -1    6   -4   -2   -1   -8    7   13    1  -13    2  -12  -11   -6   -1
    2    1    1    6    0    0    2    1      3093    3    8  -11   11   13  -12   -5    7    2    3   -7   12   -3    4   10    3    5  -10
    2    1    2    4    1    5    2    1      2211   -3   -6  -14   -1   19   -3   11   -6    1   10   13    5    8  -14  -10    3   -7    4
    2    1    3    2    3    0    1    0      1125   12  -13  -13   -2    9   -2   -3    1   -8    8   11    9  -11    4  -12  -12    1    1
    2    1    4    1    3    2    1    1      1410   17   -4  -12   -3    5    8    1    4   -7    8   10   11  -12    5   -7   -8    3    2
    2    1    5    4    3    1    2    1      1700   12  -12  -14    8    4   -7   -3   10  -10   10   11   10  -11    6  -19   -2    0    2
    2    1    6    1    1    4    1    1       714   -3   -7  -14   -1   13  -13   10   -8    1    7    3    1    4  -11  -12    5   -2    8
    2    1    7    4    3    5    1    0       750   11  -12  -20   -3    5   -6   -4    3   -8    9   10    9  -12    6  -14  -13   -1   -3
    2    1    8    4    1    1    2    1      1794  -13  -17  -16   -2   24  -16   10  -12    2   10   18    7    4  -14  -15    8  -12    8
    2    1    9    2    1    0    1    0      1245   -4   -7  -14   -2   16   -7   12   -7    1   11   13    7    3  -13  -10    4   -6    4
    2    1   10    6    0    0    2    1      1813  -14  -12    3   -3   -3   -1   -2    3   -9   -4    4    8    1    7   12    2   19   15
    2    1   11    4    3    2    1    0      2879   16  -15  -10  -10   11   -1    2   -2   -6   -1   11    8  -12    5  -10  -14   -1    2
    2    1   12    4    3    3    1    0      4142   13  -14  -15   -1    8   -3   -4    0   -6    9   12    9  -13    6  -18  -11    2    1
    2    1   13    1    2    2    1    1      1442  -12  -15    1    2    3    8    6   -5    1    9   -5   -3    3   -2  -12   -4   -3   -2
    2    1   14    4    1    4    2    1       891   -6   -6  -15   -3   14   -8   16   -7    0   18   10    2    3  -14  -10    5   -3    3
    2    1   15    6    0    0    2    1       698  -12  -12    5    3  -10   -5    0    5  -12   -2    2   10    4    9   11   12    8    8
    2    1   16    4    1    2    2    1       927   -4   -6  -12   -6   15   -9   14   -5    1    9   13    9    4  -14  -11    3   -5    2
    2    1   17    4    3    4    1    0       548   10  -12  -21   -3   11   -5   -2    0   -7    8   17   19   -9    4  -14  -11   -4    4
    2    1   18    1    3    5    1    1       560    9  -14  -12   -1    8   -1   -2   -1  -10    5   13    9  -11    3  -12  -11    3    0
    2    1   19    1    3    1    1    1       715   12  -10  -17   -4   11   -1   -3    2  -10    8   11    8  -20    1   -2   -4    0    0
    2    1   20    6    0    0    1    0      1072    5    4  -13   13    9  -12   -7    4    6    1   -7   11   -4    4    9    4    5  -10
    2    1   21    1    2    4    1    1      1399  -13  -10   -9    8   11    4    7   -9    3    8   -8   -5    4    3  -13   -6   -1   -1
    2    1   22    1    1    5    2    0      1601   -4   -8  -15   -2   15   -6   13   -5    2   12   12    6    3  -12  -10    2    3    9
    2    1   23    4    2    4    2    1       459  -14  -13  -11  -10    6    6    4   -6    2    9   -3   -3   14   -5   -2  -16   -3    1
    2    1   24    1    1    1    1    1      1034   -5   -8  -15   -1   15   -6   10   -7    2   11    9   12    0  -17   -8    4   -4    3
    2    1   25    1    2    5    1    1      1067  -15   -9   -5   -2    7    8    3   -6    4    7   -7   -4    5    4  -14   -6   -1   -1
    2    1   26    1    1    2    2    0       610   -3   -7  -13   -3   11  -10   14   -4   -9    6   14    7   -5  -12  -10    3   -5    4
    2    1   27    1    2    1    1    1      1243  -12  -16   -7    0    1   10    7   -7    0    8   -2    0    4    4  -12   -5    2    3
    2    1   28    6    0    0    2    1      3468    3   13   10   -4  -11   -3  -15    4    3  -10  -10  -11   -9    8    5  -15    3   16
    2    1   29    4    2    2    1    0      1627  -13  -12   -7   -1    5    7    9   -9    0    9   -9   -7    4    3   -9    4    0    1
    2    1   30    4    2    3    2    1      1132  -14  -10   -5    1    6    7    6   -8   -1    5   -8   -1    7   -3  -11   -5   -2    1
    2    1   31    2    2    0    2    1      1008  -13  -11   -5    0    5    8    5   -7    2    8   -7   -3    6    4  -12   -6   -2    0
    2    1   32    4    1    3    1    0       690   -3   -7  -12    0   15   -5   13   -8    0    9   11    6    4  -14  -11    2   -7    3
    2    1   33    1    2    3    2    0      1097  -13  -16   -7    1    5    9   14   -8    0   10   -6   -2   10    7  -11   -4   -2   -1
    2    1   34    4    2    1    1    0      1462  -14  -13   -4    0    5    6    6   -8    1    9   -6   -3    6    3   -9   -7   -2    2
    2    1   35    1    3    3    1    1      1214   13  -12  -16   -1    6   -4   -2   -1   -8    7   13    1  -13    2  -12  -11   -6   -1
    2    1   36    1    3    4    1    1       775   13  -14  -13   -1    8   -3   -3    3  -11   13   10    9  -11    8  -11  -12   -1    0
    2    1   37    1    1    3    2    0      1778   -4   -6  -13    3   14   -6   14   -3    2   11   13    6   -4  -13  -11    5   -6    5
    2    1   38    6    0    0    2    1       886    1   14   10   -7   -9   -7  -14    6    3  -12  -13  -11   -7    8   -2   -8   -2   16
    2    1   39    4    2    5    1    0       716  -15  -12   -4   -2    2    4   15    2   -3   11   -6   -3    5    2   -5    0  -11   -2
