    1    1    1    1    3    3    1    0      3511   14  -11   11   -7   -7   -7   12  -10   -1   10  -12   13   -5  -16    5   10   -4    1
    1    1    2    1    2    4    2    1      1313    3  -13   -7   -6    8   17   -2    8    5   -2    3   -1   10  -13   -4   -8   -2   15
    1    1    3    1    1    3    1    1      1374    4  -16    8    9   -2   -1    3   16  -11  -10   -1  -11    0   -2    5   19    4    4
    1    1    4    1    3    4    3    1       872   17  -10   10   -7   -6   -7   12   -8   -3    8  -17    3   -9  -12   16   20   -1   -1
    1    1    5    1    3    2    2    0      2087   14  -13    9    1   -1    0   13  -10   -1    9   -7    7   -7  -15    8   10   -2   -9
    1    1    6    1    1    5    1    1      1669    6  -15    5    9   -5   -1   -1   17  -11   -7   -1  -10    2   -3    1   10   -3   11
    1    1    7    1    1    4    3    0      1555    6  -13    7   11   -1    1   10    8  -10  -10   -4  -12    2   -2   -1   13    2    4
    1    1    8    1    1    1    3    0      1168    5  -16    4   19    0    0   -9   15   -9  -11   -4  -14    2   -3    0   14    4    7
    1    1    9    1    2    3    3    0      1753    3  -13   -7   -5   -4   10    5    7    4   -4   -2    1   18   -7   -7   -9   -4   15
    1    1   10    1    2    2    1    0       836    5  -15   -7   -6    1   14   -1   11    6   -5    4    2   12  -12   -5  -10   -5   16
    1    1   11    1    2    5    2    1      1316   13  -21   -7   -5    2   10   -2   15    6  -10    4    4    0  -21   -7  -10   -4   16
    1    1   12    1    1    2    3    0       785    4  -17   10    6    5   -3    1   17   -8   -9   -1  -10    2   -2    0   12    2    6
    1    1   13    1    2    1    2    1      1523    4  -15   -8   -7   -1   12   -2    8    8   -4    4   -2   11  -11   -6   -8   -6   17
    1    1   14    1    3    1    3    1       903   16  -13    9   -5   -9   -9   13   -8   -1    9  -12    7   -8  -15    5    9    4   -3
    1    1   15    1    3    5    1    0      1573   14  -11    9  -11   -9   -6   12  -10   -1    9  -12    8   -5  -14   -3    5   -5    3
    1    2    1    1    3    4    3    1       647   17  -10   10   -7   -6   -7   12   -8   -3    8  -17    3   -9  -12   16   20   -1   -1
    1    2    2    1    3    3    2    0      1358   14  -11   11   -7   -7   -7   12  -10   -1   10  -12   13   -5  -16    5   10   -4    1
    1    2    3    1    3    5    2    0       746   14  -11    9  -11   -9   -6   12  -10   -1    9  -12    8   -5  -14   -3    5   -5    3
    1    2    4    1    2    4    2    1       669    3  -13   -7   -6    8   17   -2    8    5   -2    3   -1   10  -13   -4   -8   -2   15
    1    2    5    1    3    2    2    0       548   14  -13    9    1   -1    0   13  -10   -1    9   -7    7   -7  -15    8   10   -2   -9
    1    2    6    1    1    2    1    1       927    4  -17   10    6    5   -3    1   17   -8   -9   -1  -10    2   -2    0   12    2    6
    1    2    7    1    1    4    2    0      1787    6  -13    7   11   -1    1   10    8  -10  -10   -4  -12    2   -2   -1   13    2    4
    1    2    8    1    3    1    1    0       645   16  -13    9   -5   -9   -9   13   -8   -1    9  -12    7   -8  -15    5    9    4   -3
    1    2    9    1    2    2    1    0      2764    5  -15   -7   -6    1   14   -1   11    6   -5    4    2   12  -12   -5  -10   -5   16
    1    2   10    1    2    3    3    0       798    3  -13   -7   -5   -4   10    5    7    4   -4   -2    1   18   -7   -7   -9   -4   15
    1    2   11    1    2    5    1    0      2112   13  -21   -7   -5    2   10   -2   15    6  -10    4    4    0  -21   -7  -10   -4   16
    1    2   12    1    1    1    2    0       732    5  -16    4   19    0    0   -9   15   -9  -11   -4  -14    2   -3    0   14    4    7
    1    2   13    1    2    1    3    0       800    4  -15   -8   -7   -1   12   -2    8    8   -4    4   -2   11  -11   -6   -8   -6   17
    1    2   14    1    1    3    2    0       722    4  -16    8    9   -2   -1    3   16  -11  -10   -1  -11    0   -2    5   19    4    4
    1    2   15    1    1    5    1    1      1766    6  -15    5    9   -5   -1   -1   17  -11   -7   -1  -10    2   -3    1   10   -3   11
    1    3    1    1    1    3    2    0      1025    4  -16    8    9   -2   -1    3   16  -11  -10   -1  -11    0   -2    5   19    4    4
    1    3    2    1    2    2    2    1       714    5  -15   -7   -6    1   14   -1   11    6   -5    4    2   12  -12   -5  -10   -5   16
    1    3    3    1    3    4    3    1       750   17  -10   10   -7   -6   -7   12   -8   -3    8  -17    3   -9  -12   16   20   -1   -1
    1    3    4    1    3    3    3    1       881   14  -11   11   -7   -7   -7   12  -10   -1   10  -12   13   -5  -16    5   10   -4    1
    1    3    5    1    1    2    1    1      1007    4  -17   10    6    5   -3    1   17   -8   -9   -1  -10    2   -2    0   12    2    6
    1    3    6    1    2    4    2    1       888    3  -13   -7   -6    8   17   -2    8    5   -2    3   -1   10  -13   -4   -8   -2   15
    1    3    7    1    1    1    3    0      1846    5  -16    4   19    0    0   -9   15   -9  -11   -4  -14    2   -3    0   14    4    7
    1    3    8    1    3    5    2    0      1005   14  -11    9  -11   -9   -6   12  -10   -1    9  -12    8   -5  -14   -3    5   -5    3
    1    3    9    1    2    5    3    0      1111   13  -21   -7   -5    2   10   -2   15    6  -10    4    4    0  -21   -7  -10   -4   16
    1    3   10    1    2    3    3    0       972    3  -13   -7   -5   -4   10    5    7    4   -4   -2    1   18   -7   -7   -9   -4   15
    1    3   11    1    3    2    2    0       662   14  -13    9    1   -1    0   13  -10   -1    9   -7    7   -7  -15    8   10   -2   -9
    1    3   12    1    2    1    3    0       461    4  -15   -8   -7   -1   12   -2    8    8   -4    4   -2   11  -11   -6   -8   -6   17
    1    3   13    1    3    1    3    1       939   16  -13    9   -5   -9   -9   13   -8   -1    9  -12    7   -8  -15    5    9    4   -3
    1    3   14    1    1    4    2    0       663    6  -13    7   11   -1    1   10    8  -10  -10   -4  -12    2   -2   -1   13    2    4
    1    3   15    1    1    5    1    1      1502    6  -15    5    9   -5   -1   -1   17  -11   -7   -1  -10    2   -3    1   10   -3   11
    1    4    1    1    2    2    3    0       963    5  -15   -7   -6    1   14   -1   11    6   -5    4    2   12  -12   -5  -10   -5   16
    1    4    2    1    1    1    3    0       958    5  -16    4   19    0    0   -9   15   -9  -11   -4  -14    2   -3    0   14    4    7
    1    4    3    1    2    5    2    1       905   13  -21   -7   -5    2   10   -2   15    6  -10    4    4    0  -21   -7  -10   -4   16
    1    4    4    1    2    3    2    1      1110    3  -13   -7   -5   -4   10    5    7    4   -4   -2    1   18   -7   -7   -9   -4   15
    1    4    5    1    1    5    2    0       987    6  -15    5    9   -5   -1   -1   17  -11   -7   -1  -10    2   -3    1   10   -3   11
    1    4    6    1    3    1    3    1       869   16  -13    9   -5   -9   -9   13   -8   -1    9  -12    7   -8  -15    5    9    4   -3
    1    4    7    1    1    3    1    1       707    4  -16    8    9   -2   -1    3   16  -11  -10   -1  -11    0   -2    5   19    4    4
    1    4    8    1    2    4    2    1      1225    3  -13   -7   -6    8   17   -2    8    5   -2    3   -1   10  -13   -4   -8   -2   15
    1    4    9    1    3    4    3    1       681   17  -10   10   -7   -6   -7   12   -8   -3    8  -17    3   -9  -12   16   20   -1   -1
    1    4   10    1    3    5    1    0       959   14  -11    9  -11   -9   -6   12  -10   -1    9  -12    8   -5  -14   -3    5   -5    3
    1    4   11    1    3    3    3    1      1050   14  -11   11   -7   -7   -7   12  -10   -1   10  -12   13   -5  -16    5   10   -4    1
    1    4   12    1    3    2    3    1      1457   14  -13    9    1   -1    0   13  -10   -1    9   -7    7   -7  -15    8   10   -2   -9
    1    4   13    1    1    2    1    1      6968    4  -17   10    6    5   -3    1   17   -8   -9   -1  -10    2   -2    0   12    2    6
    1    4   14    1    2    1    1    0      1267    4  -15   -8   -7   -1   12   -2    8    8   -4    4   -2   11  -11   -6   -8   -6   17
    1    4   15    1    1    4    3    0       417    6  -13    7   11   -1    1   10    8  -10  -10   -4  -12    2   -2   -1   13    2    4
    1    5    1    1    3    1    2    0       866   16  -13    9   -5   -9   -9   13   -8   -1    9  -12    7   -8  -15    5    9    4   -3
    1    5    2    1    2    2    3    0       512    5  -15   -7   -6    1   14   -1   11    6   -5    4    2   12  -12   -5  -10   -5   16
    1    5    3    1    2    3    2    1       941    3  -13   -7   -5   -4   10    5    7    4   -4   -2    1   18   -7   -7   -9   -4   15
    1    5    4    1    3    2    2    0       809   14  -13    9    1   -1    0   13  -10   -1    9   -7    7   -7  -15    8   10   -2   -9
    1    5    5    1    3    3    3    1       682   14  -11   11   -7   -7   -7   12  -10   -1   10  -12   13   -5  -16    5   10   -4    1
    1    5    6    1    2    1    3    0       640    4  -15   -8   -7   -1   12   -2    8    8   -4    4   -2   11  -11   -6   -8   -6   17
    1    5    7    1    3    5    1    0       760   14  -11    9  -11   -9   -6   12  -10   -1    9  -12    8   -5  -14   -3    5   -5    3
    1    5    8    1    1    4    3    0       586    6  -13    7   11   -1    1   10    8  -10  -10   -4  -12    2   -2   -1   13    2    4
    1    5    9    1    1    1    2    0       676    5  -16    4   19    0    0   -9   15   -9  -11   -4  -14    2   -3    0   14    4    7
    1    5   10    1    1    5    1    1       506    6  -15    5    9   -5   -1   -1   17  -11   -7   -1  -10    2   -3    1   10   -3   11
    1    5   11    1    2    4    1    0      1975    3  -13   -7   -6    8   17   -2    8    5   -2    3   -1   10  -13   -4   -8   -2   15
    1    5   12    1    2    5    2    1       890   13  -21   -7   -5    2   10   -2   15    6  -10    4    4    0  -21   -7  -10   -4   16
    1    5   13    1    3    4    2    0      1144   17  -10   10   -7   -6   -7   12   -8   -3    8  -17    3   -9  -12   16   20   -1   -1
    1    5   14    1    1    2    1    1       795    4  -17   10    6    5   -3    1   17   -8   -9   -1  -10    2   -2    0   12    2    6
    1    5   15    1    1    3    2    0      1356    4  -16    8    9   -2   -1    3   16  -11  -10   -1  -11    0   -2    5   19    4    4
    1    6    1    1    3    2    1    0      1576   14  -13    9    1   -1    0   13  -10   -1    9   -7    7   -7  -15    8   10   -2   -9
    1    6    2    1    1    2    1    1      1049    4  -17   10    6    5   -3    1   17   -8   -9   -1  -10    2   -2    0   12    2    6
    1    6    3    1    1    1    2    0      1201    5  -16    4   19    0    0   -9   15   -9  -11   -4  -14    2   -3    0   14    4    7
    1    6    4    1    1    5    3    0       802    6  -15    5    9   -5   -1   -1   17  -11   -7   -1  -10    2   -3    1   10   -3   11
    1    6    5    1    3    5    1    0      1363   14  -11    9  -11   -9   -6   12  -10   -1    9  -12    8   -5  -14   -3    5   -5    3
    1    6    6    1    2    1    2    1      1390    4  -15   -8   -7   -1   12   -2    8    8   -4    4   -2   11  -11   -6   -8   -6   17
    1    6    7    1    3    1    3    1       760   16  -13    9   -5   -9   -9   13   -8   -1    9  -12    7   -8  -15    5    9    4   -3
    1    6    8    1    2    3    3    0      2186    3  -13   -7   -5   -4   10    5    7    4   -4   -2    1   18   -7   -7   -9   -4   15
    1    6    9    1    2    2    3    0       708    5  -15   -7   -6    1   14   -1   11    6   -5    4    2   12  -12   -5  -10   -5   16
    1    6   10    1    3    3    1    0       985   14  -11   11   -7   -7   -7   12  -10   -1   10  -12   13   -5  -16    5   10   -4    1
    1    6   11    1    3    4    2    0      1315   17  -10   10   -7   -6   -7   12   -8   -3    8  -17    3   -9  -12   16   20   -1   -1
    1    6   12    1    1    3    3    0       928    4  -16    8    9   -2   -1    3   16  -11  -10   -1  -11    0   -2    5   19    4    4
    1    6   13    1    2    4    1    0      1436    3  -13   -7   -6    8   17   -2    8    5   -2    3   -1   10  -13   -4   -8   -2   15
    1    6   14    1    1    4    2    0       788    6  -13    7   11   -1    1   10    8  -10  -10   -4  -12    2   -2   -1   13    2    4
    1    6   15    1    2    5    2    1       902   13  -21   -7   -5    2   10   -2   15    6  -10    4    4    0  -21   -7  -10   -4   16
    1    7    1    1    1    1    1    1      1443    5  -16    4   19    0    0   -9   15   -9  -11   -4  -14    2   -3    0   14    4    7
    1    7    2    1    1    5    2    0      1002    6  -15    5    9   -5   -1   -1   17  -11   -7   -1  -10    2   -3    1   10   -3   11
    1    7    3    1    3    4    3    1      1444   17  -10   10   -7   -6   -7   12   -8   -3    8  -17    3   -9  -12   16   20   -1   -1
    1    7    4    1    2    5    2    1      1019   13  -21   -7   -5    2   10   -2   15    6  -10    4    4    0  -21   -7  -10   -4   16
    1    7    5    1    3    3    2    0      1251   14  -11   11   -7   -7   -7   12  -10   -1   10  -12   13   -5  -16    5   10   -4    1
    1    7    6    1    3    5    3    1       483   14  -11    9  -11   -9   -6   12  -10   -1    9  -12    8   -5  -14   -3    5   -5    3
    1    7    7    1    2    1    2    1       977    4  -15   -8   -7   -1   12   -2    8    8   -4    4   -2   11  -11   -6   -8   -6   17
    1    7    8    1    2    4    3    0      2443    3  -13   -7   -6    8   17   -2    8    5   -2    3   -1   10  -13   -4   -8   -2   15
    1    7    9    1    2    2    2    1       586    5  -15   -7   -6    1   14   -1   11    6   -5    4    2   12  -12   -5  -10   -5   16
    1    7   10    1    3    1    3    1       900   16  -13    9   -5   -9   -9   13   -8   -1    9  -12    7   -8  -15    5    9    4   -3
    1    7   11    1    1    4    2    0      1825    6  -13    7   11   -1    1   10    8  -10  -10   -4  -12    2   -2   -1   13    2    4
    1    7   12    1    1    3    1    1       506    4  -16    8    9   -2   -1    3   16  -11  -10   -1  -11    0   -2    5   19    4    4
    1    7   13    1    1    2    1    1       471    4  -17   10    6    5   -3    1   17   -8   -9   -1  -10    2   -2    0   12    2    6
    1    7   14    1    2    3    3    0      1253    3  -13   -7   -5   -4   10    5    7    4   -4   -2    1   18   -7   -7   -9   -4   15
    1    7   15    1    3    2    3    1       997   14  -13    9    1   -1    0   13  -10   -1    9   -7    7   -7  -15    8   10   -2   -9
    1    8    1    1    1    1    2    0       958    5  -16    4   19    0    0   -9   15   -9  -11   -4  -14    2   -3    0   14    4    7
    1    8    2    1    1    2    1    1      1113    4  -17   10    6    5   -3    1   17   -8   -9   -1  -10    2   -2    0   12    2    6
    1    8    3    1    2    2    2    1      2206    5  -15   -7   -6    1   14   -1   11    6   -5    4    2   12  -12   -5  -10   -5   16
    1    8    4    1    2    3    3    0       967    3  -13   -7   -5   -4   10    5    7    4   -4   -2    1   18   -7   -7   -9   -4   15
    1    8    5    1    2    1    2    1       530    4  -15   -8   -7   -1   12   -2    8    8   -4    4   -2   11  -11   -6   -8   -6   17
    1    8    6    1    2    4    2    1       846    3  -13   -7   -6    8   17   -2    8    5   -2    3   -1   10  -13   -4   -8   -2   15
    1    8    7    1    1    5    1    1       765    6  -15    5    9   -5   -1   -1   17  -11   -7   -1  -10    2   -3    1   10   -3   11
    1    8    8    1    3    1    3    1      2576   16  -13    9   -5   -9   -9   13   -8   -1    9  -12    7   -8  -15    5    9    4   -3
    1    8    9    1    1    3    1    1      1050    4  -16    8    9   -2   -1    3   16  -11  -10   -1  -11    0   -2    5   19    4    4
    1    8   10    1    3    5    2    0      1345   14  -11    9  -11   -9   -6   12  -10   -1    9  -12    8   -5  -14   -3    5   -5    3
    1    8   11    1    2    5    3    0       909   13  -21   -7   -5    2   10   -2   15    6  -10    4    4    0  -21   -7  -10   -4   16
    1    8   12    1    1    4    1    1      2058    6  -13    7   11   -1    1   10    8  -10  -10   -4  -12    2   -2   -1   13    2    4
    1    8   13    1    3    3    1    0       777   14  -11   11   -7   -7   -7   12  -10   -1   10  -12   13   -5  -16    5   10   -4    1
    1    8   14    1    3    2    2    0      1003   14  -13    9    1   -1    0   13  -10   -1    9   -7    7   -7  -15    8   10   -2   -9
    1    8   15    1    3    4    3    1       596   17  -10   10   -7   -6   -7   12   -8   -3    8  -17    3   -9  -12   16   20   -1   -1
    1    9    1    1    2    3    3    0       638    3  -13   -7   -5   -4   10    5    7    4   -4   -2    1   18   -7   -7   -9   -4   15
    1    9    2    1    1    2    1    1      1365    4  -17   10    6    5   -3    1   17   -8   -9   -1  -10    2   -2    0   12    2    6
    1    9    3    1    2    1    2    1       704    4  -15   -8   -7   -1   12   -2    8    8   -4    4   -2   11  -11   -6   -8   -6   17
    1    9    4    1    2    4    2    1      1669    3  -13   -7   -6    8   17   -2    8    5   -2    3   -1   10  -13   -4   -8   -2   15
    1    9    5    1    3    4    3    1       932   17  -10   10   -7   -6   -7   12   -8   -3    8  -17    3   -9  -12   16   20   -1   -1
    1    9    6    1    1    4    3    0       944    6  -13    7   11   -1    1   10    8  -10  -10   -4  -12    2   -2   -1   13    2    4
    1    9    7    1    2    2    3    0       443    5  -15   -7   -6    1   14   -1   11    6   -5    4    2   12  -12   -5  -10   -5   16
    1    9    8    1    1    5    3    0      1226    6  -15    5    9   -5   -1   -1   17  -11   -7   -1  -10    2   -3    1   10   -3   11
    1    9    9    1    1    1    1    1      3482    5  -16    4   19    0    0   -9   15   -9  -11   -4  -14    2   -3    0   14    4    7
    1    9   10    1    1    3    1    1      1216    4  -16    8    9   -2   -1    3   16  -11  -10   -1  -11    0   -2    5   19    4    4
    1    9   11    1    3    3    2    0      3345   14  -11   11   -7   -7   -7   12  -10   -1   10  -12   13   -5  -16    5   10   -4    1
    1    9   12    1    3    5    3    1       700   14  -11    9  -11   -9   -6   12  -10   -1    9  -12    8   -5  -14   -3    5   -5    3
    1    9   13    1    3    1    3    1       545   16  -13    9   -5   -9   -9   13   -8   -1    9  -12    7   -8  -15    5    9    4   -3
    1    9   14    1    2    5    1    0      1484   13  -21   -7   -5    2   10   -2   15    6  -10    4    4    0  -21   -7  -10   -4   16
    1    9   15    1    3    2    2    0      1458   14  -13    9    1   -1    0   13  -10   -1    9   -7    7   -7  -15    8   10   -2   -9
    1   10    1    1    3    4    3    1       650   17  -10   10   -7   -6   -7   12   -8   -3    8  -17    3   -9  -12   16   20   -1   -1
    1   10    2    1    2    4    3    0      1457    3  -13   -7   -6    8   17   -2    8    5   -2    3   -1   10  -13   -4   -8   -2   15
    1   10    3    1    3    5    2    0      2632   14  -11    9  -11   -9   -6   12  -10   -1    9  -12    8   -5  -14   -3    5   -5    3
    1   10    4    1    2    3    3    0      1120    3  -13   -7   -5   -4   10    5    7    4   -4   -2    1   18   -7   -7   -9   -4   15
    1   10    5    1    1    5    3    0       869    6  -15    5    9   -5   -1   -1   17  -11   -7   -1  -10    2   -3    1   10   -3   11
    1   10    6    1    2    5    3    0         0   13  -21   -7   -5    2   10   -2   15    6  -10    4    4    0  -21   -7  -10   -4   16
    1   10    7    1    1    4    3    0         0    6  -13    7   11   -1    1   10    8  -10  -10   -4  -12    2   -2   -1   13    2    4
    1   10    8    1    3    3    3    1         0   14  -11   11   -7   -7   -7   12  -10   -1   10  -12   13   -5  -16    5   10   -4    1
    1   10    9    1    1    1    1    1      2183    5  -16    4   19    0    0   -9   15   -9  -11   -4  -14    2   -3    0   14    4    7
    1   10   10    1    2    1    2    1      1649    4  -15   -8   -7   -1   12   -2    8    8   -4    4   -2   11  -11   -6   -8   -6   17
    1   10   11    1    1    3    3    0      1712    4  -16    8    9   -2   -1    3   16  -11  -10   -1  -11    0   -2    5   19    4    4
    1   10   12    1    3    1    3    1      1213   16  -13    9   -5   -9   -9   13   -8   -1    9  -12    7   -8  -15    5    9    4   -3
    1   10   13    1    1    2    1    1       733    4  -17   10    6    5   -3    1   17   -8   -9   -1  -10    2   -2    0   12    2    6
    1   10   14    1    2    2    3    0      2017    5  -15   -7   -6    1   14   -1   11    6   -5    4    2   12  -12   -5  -10   -5   16
    1   10   15    1    3    2    3    1       962   14  -13    9    1   -1    0   13  -10   -1    9   -7    7   -7  -15    8   10   -2   -9
    1   11    1    1    1    4    3    0      2044    6  -13    7   11   -1    1   10    8  -10  -10   -4  -12    2   -2   -1   13    2    4
    1   11    2    1    2    4    2    1       764    3  -13   -7   -6    8   17   -2    8    5   -2    3   -1   10  -13   -4   -8   -2   15
    1   11    3    1    2    1    2    1      1198    4  -15   -8   -7   -1   12   -2    8    8   -4    4   -2   11  -11   -6   -8   -6   17
    1   11    4    1    1    1    1    1      1648    5  -16    4   19    0    0   -9   15   -9  -11   -4  -14    2   -3    0   14    4    7
    1   11    5    1    3    1    3    1      1583   16  -13    9   -5   -9   -9   13   -8   -1    9  -12    7   -8  -15    5    9    4   -3
    1   11    6    1    2    5    2    1      1713   13  -21   -7   -5    2   10   -2   15    6  -10    4    4    0  -21   -7  -10   -4   16
    1   11    7    1    3    3    3    1      1405   14  -11   11   -7   -7   -7   12  -10   -1   10  -12   13   -5  -16    5   10   -4    1
    1   11    8    1    3    4    3    1      1319   17  -10   10   -7   -6   -7   12   -8   -3    8  -17    3   -9  -12   16   20   -1   -1
    1   11    9    1    2    2    2    1      1299    5  -15   -7   -6    1   14   -1   11    6   -5    4    2   12  -12   -5  -10   -5   16
    1   11   10    1    1    3    1    1      1408    4  -16    8    9   -2   -1    3   16  -11  -10   -1  -11    0   -2    5   19    4    4
    1   11   11    1    3    5    3    1      1034   14  -11    9  -11   -9   -6   12  -10   -1    9  -12    8   -5  -14   -3    5   -5    3
    1   11   12    1    2    3    2    1      1073    3  -13   -7   -5   -4   10    5    7    4   -4   -2    1   18   -7   -7   -9   -4   15
    1   11   13    1    1    5    1    1      2536    6  -15    5    9   -5   -1   -1   17  -11   -7   -1  -10    2   -3    1   10   -3   11
    1   11   14    1    3    2    2    0      1172   14  -13    9    1   -1    0   13  -10   -1    9   -7    7   -7  -15    8   10   -2   -9
    1   11   15    1    1    2    1    1      1319    4  -17   10    6    5   -3    1   17   -8   -9   -1  -10    2   -2    0   12    2    6
    1   12    1    1    3    3    3    1      1939   14  -11   11   -7   -7   -7   12  -10   -1   10  -12   13   -5  -16    5   10   -4    1
    1   12    2    1    2    2    3    0      1271    5  -15   -7   -6    1   14   -1   11    6   -5    4    2   12  -12   -5  -10   -5   16
    1   12    3    1    1    4    1    1       758    6  -13    7   11   -1    1   10    8  -10  -10   -4  -12    2   -2   -1   13    2    4
    1   12    4    1    3    1    2    0      1465   16  -13    9   -5   -9   -9   13   -8   -1    9  -12    7   -8  -15    5    9    4   -3
    1   12    5    1    2    1    2    1      1136    4  -15   -8   -7   -1   12   -2    8    8   -4    4   -2   11  -11   -6   -8   -6   17
    1   12    6    1    3    5    3    1       372   14  -11    9  -11   -9   -6   12  -10   -1    9  -12    8   -5  -14   -3    5   -5    3
    1   12    7    1    1    2    1    1       854    4  -17   10    6    5   -3    1   17   -8   -9   -1  -10    2   -2    0   12    2    6
    1   12    8    1    1    5    1    1      1381    6  -15    5    9   -5   -1   -1   17  -11   -7   -1  -10    2   -3    1   10   -3   11
    1   12    9    1    2    4    2    1      1359    3  -13   -7   -6    8   17   -2    8    5   -2    3   -1   10  -13   -4   -8   -2   15
    1   12   10    1    3    2    2    0      2954   14  -13    9    1   -1    0   13  -10   -1    9   -7    7   -7  -15    8   10   -2   -9
    1   12   11    1    2    5    2    1       917   13  -21   -7   -5    2   10   -2   15    6  -10    4    4    0  -21   -7  -10   -4   16
    1   12   12    1    2    3    3    0       418    3  -13   -7   -5   -4   10    5    7    4   -4   -2    1   18   -7   -7   -9   -4   15
    1   12   13    1    1    1    1    1      1890    5  -16    4   19    0    0   -9   15   -9  -11   -4  -14    2   -3    0   14    4    7
    1   12   14    1    3    4    1    0      2168   17  -10   10   -7   -6   -7   12   -8   -3    8  -17    3   -9  -12   16   20   -1   -1
    1   12   15    1    1    3    2    0      1347    4  -16    8    9   -2   -1    3   16  -11  -10   -1  -11    0   -2    5   19    4    4
    1   13    1    1    3    5    3    1      2174   14  -11    9  -11   -9   -6   12  -10   -1    9  -12    8   -5  -14   -3    5   -5    3
    1   13    2    1    1    5    2    0      1577    6  -15    5    9   -5   -1   -1   17  -11   -7   -1  -10    2   -3    1   10   -3   11
    1   13    3    1    3    1    3    1      3082   16  -13    9   -5   -9   -9   13   -8   -1    9  -12    7   -8  -15    5    9    4   -3
    1   13    4    1    3    3    3    1       736   14  -11   11   -7   -7   -7   12  -10   -1   10  -12   13   -5  -16    5   10   -4    1
    1   13    5    1    2    1    2    1       772    4  -15   -8   -7   -1   12   -2    8    8   -4    4   -2   11  -11   -6   -8   -6   17
    1   13    6    1    2    5    1    0      1815   13  -21   -7   -5    2   10   -2   15    6  -10    4    4    0  -21   -7  -10   -4   16
    1   13    7    1    1    2    1    1       847    4  -17   10    6    5   -3    1   17   -8   -9   -1  -10    2   -2    0   12    2    6
    1   13    8    1    2    4    2    1       927    3  -13   -7   -6    8   17   -2    8    5   -2    3   -1   10  -13   -4   -8   -2   15
    1   13    9    1    3    4    3    1      1946   17  -10   10   -7   -6   -7   12   -8   -3    8  -17    3   -9  -12   16   20   -1   -1
    1   13   10    1    2    2    2    1      1262    5  -15   -7   -6    1   14   -1   11    6   -5    4    2   12  -12   -5  -10   -5   16
    1   13   11    1    1    4    1    1      1612    6  -13    7   11   -1    1   10    8  -10  -10   -4  -12    2   -2   -1   13    2    4
    1   13   12    1    1    1    2    0      1437    5  -16    4   19    0    0   -9   15   -9  -11   -4  -14    2   -3    0   14    4    7
    1   13   13    1    1    3    2    0       869    4  -16    8    9   -2   -1    3   16  -11  -10   -1  -11    0   -2    5   19    4    4
    1   13   14    1    3    2    3    1       899   14  -13    9    1   -1    0   13  -10   -1    9   -7    7   -7  -15    8   10   -2   -9
    1   13   15    1    2    3    3    0      1201    3  -13   -7   -5   -4   10    5    7    4   -4   -2    1   18   -7   -7   -9   -4   15
    1   14    1    1    2    3    2    1       706    3  -13   -7   -5   -4   10    5    7    4   -4   -2    1   18   -7   -7   -9   -4   15
    1   14    2    1    2    4    1    0       855    3  -13   -7   -6    8   17   -2    8    5   -2    3   -1   10  -13   -4   -8   -2   15
    1   14    3    1    3    1    3    1      1319   16  -13    9   -5   -9   -9   13   -8   -1    9  -12    7   -8  -15    5    9    4   -3
    1   14    4    1    1    2    1    1       787    4  -17   10    6    5   -3    1   17   -8   -9   -1  -10    2   -2    0   12    2    6
    1   14    5    1    3    2    2    0       741   14  -13    9    1   -1    0   13  -10   -1    9   -7    7   -7  -15    8   10   -2   -9
    1   14    6    1    1    3    3    0       553    4  -16    8    9   -2   -1    3   16  -11  -10   -1  -11    0   -2    5   19    4    4
    1   14    7    1    2    5    1    0       724   13  -21   -7   -5    2   10   -2   15    6  -10    4    4    0  -21   -7  -10   -4   16
    1   14    8    1    2    2    2    1       777    5  -15   -7   -6    1   14   -1   11    6   -5    4    2   12  -12   -5  -10   -5   16
    1   14    9    1    1    4    3    0      2875    6  -13    7   11   -1    1   10    8  -10  -10   -4  -12    2   -2   -1   13    2    4
    1   14   10    1    3    4    3    1      1785   17  -10   10   -7   -6   -7   12   -8   -3    8  -17    3   -9  -12   16   20   -1   -1
    1   14   11    1    3    5    3    1      1651   14  -11    9  -11   -9   -6   12  -10   -1    9  -12    8   -5  -14   -3    5   -5    3
    1   14   12    1    2    1    2    1       787    4  -15   -8   -7   -1   12   -2    8    8   -4    4   -2   11  -11   -6   -8   -6   17
    1   14   13    1    1    5    1    1      1653    6  -15    5    9   -5   -1   -1   17  -11   -7   -1  -10    2   -3    1   10   -3   11
    1   14   14    1    1    1    1    1      1428    5  -16    4   19    0    0   -9   15   -9  -11   -4  -14    2   -3    0   14    4    7
    1   14   15    1    3    3    3    1      2172   14  -11   11   -7   -7   -7   12  -10   -1   10  -12   13   -5  -16    5   10   -4    1
    1   15    1    1    1    1    1    1      1078    5  -16    4   19    0    0   -9   15   -9  -11   -4  -14    2   -3    0   14    4    7
    1   15    2    1    3    3    3    1       956   14  -11   11   -7   -7   -7   12  -10   -1   10  -12   13   -5  -16    5   10   -4    1
    1   15    3    1    1    5    1    1      1176    6  -15    5    9   -5   -1   -1   17  -11   -7   -1  -10    2   -3    1   10   -3   11
    1   15    4    1    2    1    2    1      1033    4  -15   -8   -7   -1   12   -2    8    8   -4    4   -2   11  -11   -6   -8   -6   17
    1   15    5    1    3    4    3    1      1361   17  -10   10   -7   -6   -7   12   -8   -3    8  -17    3   -9  -12   16   20   -1   -1
    1   15    6    1    2    3    2    1       668    3  -13   -7   -5   -4   10    5    7    4   -4   -2    1   18   -7   -7   -9   -4   15
    1   15    7    1    3    1    3    1      1154   16  -13    9   -5   -9   -9   13   -8   -1    9  -12    7   -8  -15    5    9    4   -3
    1   15    8    1    1    3    1    1       854    4  -16    8    9   -2   -1    3   16  -11  -10   -1  -11    0   -2    5   19    4    4
    1   15    9    1    2    4    2    1       725    3  -13   -7   -6    8   17   -2    8    5   -2    3   -1   10  -13   -4   -8   -2   15
    1   15   10    1    1    2    1    1      1386    4  -17   10    6    5   -3    1   17   -8   -9   -1  -10    2   -2    0   12    2    6
    1   15   11    1    2    2    2    1       675    5  -15   -7   -6    1   14   -1   11    6   -5    4    2   12  -12   -5  -10   -5   16
    1   15   12    1    1    4    3    0       682    6  -13    7   11   -1    1   10    8  -10  -10   -4  -12    2   -2   -1   13    2    4
    1   15   13    1    3    2    1    0      1552   14  -13    9    1   -1    0   13  -10   -1    9   -7    7   -7  -15    8   10   -2   -9
    1   15   14    1    3    5    3    1       707   14  -11    9  -11   -9   -6   12  -10   -1    9  -12    8   -5  -14   -3    5   -5    3
    1   15   15    1    2    5    3    0       937   13  -21   -7   -5    2   10   -2   15    6  -10    4    4    0  -21   -7  -10   -4   16
    2    1    1    4    2    1    1    0      1497    5  -15   -6   -6    1    9   -2   10    4   -4   -2    1   11  -12   -4   -9   -4   14
    2    1    2    2    1    0    1    0      1918    5  -15    7   10   -3   -2    1   15   -9   -9   -2  -12    1   -2   -1   12    3    5
    2    1    3    1    1    2    1    1      1043    4  -17   10    6    5   -3    1   17   -8   -9   -1  -10    2   -2    0   12    2    6
    2    1    4    4    3    3    2    1      4458   16  -11   10   -5   -7  -10   12  -10   -3    9  -13    5   -5  -13    6    9   -1    0
    2    1    5    1    3    2    1    1      1353   14  -13    9    1   -1    0   13  -10   -1    9   -7    7   -7  -15    8   10   -2   -9
    2    1    6    2    3    0    1    0       708   16  -12   10   -6   -7   -8   13   -9   -2   10  -11    7   -7  -14    7   10   -3    1
    2    1    7    4    1    5    2    1      2394    7  -18    2   19   -4   -2    2   15   -8   -7   -2  -13    6   -3   -3   11    1    3
    2    1    8    6    0    0    2    1      1451  -10   11   15   11   -2  -11    1    5   -2   15   -7   -1    0   12    3   -7   14  -13
    2    1    9    4    1    3    1    0       738    3  -24   11   11   -5    0    1   14   -7   -8   -4  -13    0    6   -1   13    0    3
    2    1   10    6    0    0    2    1      2342   13    6    6  -13   12    4   16   15    2   -3  -11   20    1   10    1   -7   14    9
    2    1   11    6    0    0    2    1      1050   12    5    7  -12    4   13   24   15   -1    8  -10   16    1    7    3    2   15    6
    2    1   12    4    2    3    1    0      2145    3  -14   -9   -4   -3    3    0    7    6   -4    0    1   10  -21   -6   -8   -3   14
    2    1   13    4    2    2    1    0      1340   -3  -22   -9   -5    3   10   -9   10    2   -7    3   -2    9   -7   -5  -10   -3   13
    2    1   14    4    1    2    1    0      2024    5  -19    6   10   -1   -1    1   16  -11  -10   -3  -14    6   -5   -2   12   -7    6
    2    1   15    1    3    4    1    1      1289   17  -10   10   -7   -6   -7   12   -8   -3    8  -17    3   -9  -12   16   20   -1   -1
    2    1   16    4    2    4    2    1      1287   14  -10   -7   -6    2   11   -2   10    6   -3    1    0    1   -6   -7  -10   -1   20
    2    1   17    1    2    5    1    1       693   13  -21   -7   -5    2   10   -2   15    6  -10    4    4    0  -21   -7  -10   -4   16
    2    1   18    1    3    5    1    1      4666   14  -11    9  -11   -9   -6   12  -10   -1    9  -12    8   -5  -14   -3    5   -5    3
    2    1   19    1    3    3    1    1      1024   14  -11   11   -7   -7   -7   12  -10   -1   10  -12   13   -5  -16    5   10   -4    1
    2    1   20    6    0    0    1    0      1721   -5    2  -11  -14    6    0   -6    7    8   13   19   12  -11    4    7   10   16   -5
    2    1   21    1    2    2    1    1      8085    5  -15   -7   -6    1   14   -1   11    6   -5    4    2   12  -12   -5  -10   -5   16
    2    1   22    4    3    2    1    0       963   15  -12   10  -12   -5  -10   11  -17   -1   12  -10    7   -4   -7    8    8   -3    5
    2    1   23    1    3    1    1    1       718   16  -13    9   -5   -9   -9   13   -8   -1    9  -12    7   -8  -15    5    9    4   -3
    2    1   24    4    2    5    2    1      1682    5  -17   -7   -6   -7    2   -2    9   10  -10    7   -2   10  -18   -7   -9    2   16
    2    1   25    1    1    5    2    0      1136    6  -15    5    9   -5   -1   -1   17  -11   -7   -1  -10    2   -3    1   10   -3   11
    2    1   26    1    2    1    2    0      2100    4  -15   -8   -7   -1   12   -2    8    8   -4    4   -2   11  -11   -6   -8   -6   17
    2    1   27    4    1    1    2    1      1633    3  -13    9   20   -6    6   11   15   -7   -9   -1  -10   -1   -3   -1   13   -6   -3
    2    1   28    6    0    0    2    1      4241   -9   10   15   18   -2  -10   11    3   -2   17   -5   -3   -5   11   -1   -8   15  -16
    2    1   29    1    2    3    1    1      1305    3  -13   -7   -5   -4   10    5    7    4   -4   -2    1   18   -7   -7   -9   -4   15
    2    1   30    4    1    4    1    0       807    4  -15    6    8   -3   -3    0   17   -8   -9   -2  -13    0   -1    0   12    1    3
    2    1   31    4    3    1    2    1      1656   15  -13    9   -6   -6   -8   13   -7    0   11  -16    9   -6  -15   -3   19   -4    8
    2    1   32    4    3    4    2    1      5783   16  -14    9   -3  -12   -4   13  -11   -1   10  -12    6   -9  -17    7   12   -4    0
    2    1   33    1    1    4    1    1      6305    6  -13    7   11   -1    1   10    8  -10  -10   -4  -12    2   -2   -1   13    2    4
    2    1   34    4    3    5    1    0      1174   14  -11   10   -8   -6   -9   19   -9   -2    8   -9    6   -8  -13    7    9   -3    0
    2    1   35    1    1    3    1    1      2968    4  -16    8    9   -2   -1    3   16  -11  -10   -1  -11    0   -2    5   19    4    4
    2    1   36    1    2    4    2    0      2755    3  -13   -7   -6    8   17   -2    8    5   -2    3   -1   10  -13   -4   -8   -2   15
    2    1   37    1    1    1    1    1     11030    5  -16    4   19    0    0   -9   15   -9  -11   -4  -14    2   -3    0   14    4    7
    2    1   38    6    0    0    2    1      1102   -2   10  -10   -7    5    1   -4    6    6   15   17   15   -5   12   10   11   17   -9
    2    1   39    2    2    0    1    0      1059    4  -14   -8   -6    1   10   -1    9    5   -3    2   -1   10  -12   -6   -9   -3   15
