    1    1    1    1    2    1    3    0      1982    8   -9  -15    3   -6   -6    1    5  -12   -8   -4   14   15    0   -9    7   -4    8
    1    1    2    1    1    4    1    1       871   -9   -7   16    2    7   10   -1   12  -13   18   12   14  -17  -17    4   -7    1   -4
    1    1    3    1    2    5    2    1       757    7  -12   -6    7   -1   -6    2    2  -13   -8   -1   11    8    1  -11    6   -4    6
    1    1    4    1    3    2    1    0       648    0   14   -7    6  -11   -5   13   -2   15    4    7    5   -9    1   -1    1   -8  -19
    1    1    5    1    1    1    2    0       831   -5  -12   17    1    7   10   -3   12  -12   18   11   12   -9   -8    7   -7    0   -7
    1    1    6    1    1    3    1    1       719   -5  -11   19    5    9   10   -3   12  -12   15   14   18   -9   -9    5   -4   -2   -4
    1    1    7    1    1    5    1    1       867   -5  -13   17    2    6   11   -2   11  -13   15    8   18   -4   -8    6   -6  -10  -10
    1    1    8    1    3    3    3    1       962   -4   16   -8    5   -3  -16   13   -2   24    2   19    7   -9    2    0    1  -16  -12
    1    1    9    1    3    4    2    0       572    0   15   -8    4  -12   -6   16   -1   11    5   11   11   -7   -1   -6    5  -17  -16
    1    1   10    1    3    5    1    0       663   -2   16  -12    3  -13   -2   13   -4   15    4   12   15   -6    0    3    0  -16  -15
    1    1   11    1    3    1    3    1       974   -3   14  -17   10  -13   -6   24  -11   15    2   10   15   -7    1   -1    0  -14  -14
    1    1   12    1    2    3    2    1       952    7   -9  -21   -4   -7   -4    2    5   -3   -1   -2   13   17    0  -11    6   -6    8
    1    1   13    1    2    4    2    1      1395    9   -9  -14    1   -6   -7    1    2  -11   -7    5   11   23    9   -8    6   -4    8
    1    1   14    1    2    2    2    1      1069   12   -7  -12    4   -7   -6    0    4  -11   -9   -7    9   18   -2   -9    8   -4    9
    1    1   15    1    1    2    1    1       595  -13  -13   16    0    7    7   -1    9  -19   21   14   15  -12   -7   -2  -15    2   -6
    1    2    1    1    3    1    3    1       653   -3   14  -17   10  -13   -6   24  -11   15    2   10   15   -7    1   -1    0  -14  -14
    1    2    2    1    2    1    2    1       516    8   -9  -15    3   -6   -6    1    5  -12   -8   -4   14   15    0   -9    7   -4    8
    1    2    3    1    2    3    2    1       817    7   -9  -21   -4   -7   -4    2    5   -3   -1   -2   13   17    0  -11    6   -6    8
    1    2    4    1    3    4    1    0       673    0   15   -8    4  -12   -6   16   -1   11    5   11   11   -7   -1   -6    5  -17  -16
    1    2    5    1    2    4    2    1       664    9   -9  -14    1   -6   -7    1    2  -11   -7    5   11   23    9   -8    6   -4    8
    1    2    6    1    1    5    1    1       814   -5  -13   17    2    6   11   -2   11  -13   15    8   18   -4   -8    6   -6  -10  -10
    1    2    7    1    1    4    1    1       911   -9   -7   16    2    7   10   -1   12  -13   18   12   14  -17  -17    4   -7    1   -4
    1    2    8    1    2    5    2    1       652    7  -12   -6    7   -1   -6    2    2  -13   -8   -1   11    8    1  -11    6   -4    6
    1    2    9    1    2    2    3    0       883   12   -7  -12    4   -7   -6    0    4  -11   -9   -7    9   18   -2   -9    8   -4    9
    1    2   10    1    1    1    1    1       561   -5  -12   17    1    7   10   -3   12  -12   18   11   12   -9   -8    7   -7    0   -7
    1    2   11    1    1    3    1    1       587   -5  -11   19    5    9   10   -3   12  -12   15   14   18   -9   -9    5   -4   -2   -4
    1    2   12    1    3    5    3    1      2821   -2   16  -12    3  -13   -2   13   -4   15    4   12   15   -6    0    3    0  -16  -15
    1    2   13    1    1    2    1    1      1190  -13  -13   16    0    7    7   -1    9  -19   21   14   15  -12   -7   -2  -15    2   -6
    1    2   14    1    3    3    3    1       728   -4   16   -8    5   -3  -16   13   -2   24    2   19    7   -9    2    0    1  -16  -12
    1    2   15    1    3    2    3    1       972    0   14   -7    6  -11   -5   13   -2   15    4    7    5   -9    1   -1    1   -8  -19
    1    3    1    1    1    1    1    1       886   -5  -12   17    1    7   10   -3   12  -12   18   11   12   -9   -8    7   -7    0   -7
    1    3    2    1    1    5    1    1       420   -5  -13   17    2    6   11   -2   11  -13   15    8   18   -4   -8    6   -6  -10  -10
    1    3    3    1    3    2    3    1       773    0   14   -7    6  -11   -5   13   -2   15    4    7    5   -9    1   -1    1   -8  -19
    1    3    4    1    2    1    2    1       584    8   -9  -15    3   -6   -6    1    5  -12   -8   -4   14   15    0   -9    7   -4    8
    1    3    5    1    3    5    3    1       737   -2   16  -12    3  -13   -2   13   -4   15    4   12   15   -6    0    3    0  -16  -15
    1    3    6    1    1    2    1    1       549  -13  -13   16    0    7    7   -1    9  -19   21   14   15  -12   -7   -2  -15    2   -6
    1    3    7    1    3    1    3    1       609   -3   14  -17   10  -13   -6   24  -11   15    2   10   15   -7    1   -1    0  -14  -14
    1    3    8    1    2    2    2    1       570   12   -7  -12    4   -7   -6    0    4  -11   -9   -7    9   18   -2   -9    8   -4    9
    1    3    9    1    2    4    2    1       469    9   -9  -14    1   -6   -7    1    2  -11   -7    5   11   23    9   -8    6   -4    8
    1    3   10    1    3    4    1    0       691    0   15   -8    4  -12   -6   16   -1   11    5   11   11   -7   -1   -6    5  -17  -16
    1    3   11    1    1    4    2    0       601   -9   -7   16    2    7   10   -1   12  -13   18   12   14  -17  -17    4   -7    1   -4
    1    3   12    1    2    5    2    1       754    7  -12   -6    7   -1   -6    2    2  -13   -8   -1   11    8    1  -11    6   -4    6
    1    3   13    1    2    3    2    1       966    7   -9  -21   -4   -7   -4    2    5   -3   -1   -2   13   17    0  -11    6   -6    8
    1    3   14    1    3    3    3    1       496   -4   16   -8    5   -3  -16   13   -2   24    2   19    7   -9    2    0    1  -16  -12
    1    3   15    1    1    3    1    1       734   -5  -11   19    5    9   10   -3   12  -12   15   14   18   -9   -9    5   -4   -2   -4
    1    4    1    1    3    5    3    1       546   -2   16  -12    3  -13   -2   13   -4   15    4   12   15   -6    0    3    0  -16  -15
    1    4    2    1    2    1    2    1       365    8   -9  -15    3   -6   -6    1    5  -12   -8   -4   14   15    0   -9    7   -4    8
    1    4    3    1    2    5    3    0       559    7  -12   -6    7   -1   -6    2    2  -13   -8   -1   11    8    1  -11    6   -4    6
    1    4    4    1    2    2    2    1       746   12   -7  -12    4   -7   -6    0    4  -11   -9   -7    9   18   -2   -9    8   -4    9
    1    4    5    1    1    5    1    1       941   -5  -13   17    2    6   11   -2   11  -13   15    8   18   -4   -8    6   -6  -10  -10
    1    4    6    1    1    2    1    1       601  -13  -13   16    0    7    7   -1    9  -19   21   14   15  -12   -7   -2  -15    2   -6
    1    4    7    1    3    3    3    1       771   -4   16   -8    5   -3  -16   13   -2   24    2   19    7   -9    2    0    1  -16  -12
    1    4    8    1    3    1    3    1       629   -3   14  -17   10  -13   -6   24  -11   15    2   10   15   -7    1   -1    0  -14  -14
    1    4    9    1    1    4    2    0       605   -9   -7   16    2    7   10   -1   12  -13   18   12   14  -17  -17    4   -7    1   -4
    1    4   10    1    3    2    3    1       790    0   14   -7    6  -11   -5   13   -2   15    4    7    5   -9    1   -1    1   -8  -19
    1    4   11    1    1    3    1    1       664   -5  -11   19    5    9   10   -3   12  -12   15   14   18   -9   -9    5   -4   -2   -4
    1    4   12    1    1    1    1    1       575   -5  -12   17    1    7   10   -3   12  -12   18   11   12   -9   -8    7   -7    0   -7
    1    4   13    1    2    3    2    1       697    7   -9  -21   -4   -7   -4    2    5   -3   -1   -2   13   17    0  -11    6   -6    8
    1    4   14    1    2    4    2    1       543    9   -9  -14    1   -6   -7    1    2  -11   -7    5   11   23    9   -8    6   -4    8
    1    4   15    1    3    4    1    0       682    0   15   -8    4  -12   -6   16   -1   11    5   11   11   -7   -1   -6    5  -17  -16
    1    5    1    1    2    2    2    1       768   12   -7  -12    4   -7   -6    0    4  -11   -9   -7    9   18   -2   -9    8   -4    9
    1    5    2    1    2    3    2    1       659    7   -9  -21   -4   -7   -4    2    5   -3   -1   -2   13   17    0  -11    6   -6    8
    1    5    3    1    1    3    1    1       682   -5  -11   19    5    9   10   -3   12  -12   15   14   18   -9   -9    5   -4   -2   -4
    1    5    4    1    3    3    3    1       544   -4   16   -8    5   -3  -16   13   -2   24    2   19    7   -9    2    0    1  -16  -12
    1    5    5    1    1    5    2    0       523   -5  -13   17    2    6   11   -2   11  -13   15    8   18   -4   -8    6   -6  -10  -10
    1    5    6    1    1    2    1    1       904  -13  -13   16    0    7    7   -1    9  -19   21   14   15  -12   -7   -2  -15    2   -6
    1    5    7    1    1    1    1    1       581   -5  -12   17    1    7   10   -3   12  -12   18   11   12   -9   -8    7   -7    0   -7
    1    5    8    1    2    5    2    1       831    7  -12   -6    7   -1   -6    2    2  -13   -8   -1   11    8    1  -11    6   -4    6
    1    5    9    1    3    5    3    1       607   -2   16  -12    3  -13   -2   13   -4   15    4   12   15   -6    0    3    0  -16  -15
    1    5   10    1    2    4    2    1       632    9   -9  -14    1   -6   -7    1    2  -11   -7    5   11   23    9   -8    6   -4    8
    1    5   11    1    2    1    2    1       432    8   -9  -15    3   -6   -6    1    5  -12   -8   -4   14   15    0   -9    7   -4    8
    1    5   12    1    3    1    1    0       560   -3   14  -17   10  -13   -6   24  -11   15    2   10   15   -7    1   -1    0  -14  -14
    1    5   13    1    3    2    3    1       778    0   14   -7    6  -11   -5   13   -2   15    4    7    5   -9    1   -1    1   -8  -19
    1    5   14    1    3    4    3    1       876    0   15   -8    4  -12   -6   16   -1   11    5   11   11   -7   -1   -6    5  -17  -16
    1    5   15    1    1    4    2    0       730   -9   -7   16    2    7   10   -1   12  -13   18   12   14  -17  -17    4   -7    1   -4
    1    6    1    1    1    4    1    1       590   -9   -7   16    2    7   10   -1   12  -13   18   12   14  -17  -17    4   -7    1   -4
    1    6    2    1    1    2    1    1       776  -13  -13   16    0    7    7   -1    9  -19   21   14   15  -12   -7   -2  -15    2   -6
    1    6    3    1    2    4    2    1       570    9   -9  -14    1   -6   -7    1    2  -11   -7    5   11   23    9   -8    6   -4    8
    1    6    4    1    2    2    2    1       645   12   -7  -12    4   -7   -6    0    4  -11   -9   -7    9   18   -2   -9    8   -4    9
    1    6    5    1    2    3    2    1       604    7   -9  -21   -4   -7   -4    2    5   -3   -1   -2   13   17    0  -11    6   -6    8
    1    6    6    1    1    3    1    1       613   -5  -11   19    5    9   10   -3   12  -12   15   14   18   -9   -9    5   -4   -2   -4
    1    6    7    1    2    5    2    1       990    7  -12   -6    7   -1   -6    2    2  -13   -8   -1   11    8    1  -11    6   -4    6
    1    6    8    1    3    3    3    1       744   -4   16   -8    5   -3  -16   13   -2   24    2   19    7   -9    2    0    1  -16  -12
    1    6    9    1    2    1    2    1       731    8   -9  -15    3   -6   -6    1    5  -12   -8   -4   14   15    0   -9    7   -4    8
    1    6   10    1    3    2    3    1      1039    0   14   -7    6  -11   -5   13   -2   15    4    7    5   -9    1   -1    1   -8  -19
    1    6   11    1    3    1    2    0       535   -3   14  -17   10  -13   -6   24  -11   15    2   10   15   -7    1   -1    0  -14  -14
    1    6   12    1    1    5    1    1       531   -5  -13   17    2    6   11   -2   11  -13   15    8   18   -4   -8    6   -6  -10  -10
    1    6   13    1    3    4    3    1      1151    0   15   -8    4  -12   -6   16   -1   11    5   11   11   -7   -1   -6    5  -17  -16
    1    6   14    1    1    1    1    1      1426   -5  -12   17    1    7   10   -3   12  -12   18   11   12   -9   -8    7   -7    0   -7
    1    6   15    1    3    5    3    1      1802   -2   16  -12    3  -13   -2   13   -4   15    4   12   15   -6    0    3    0  -16  -15
    1    7    1    1    3    1    3    1       595   -3   14  -17   10  -13   -6   24  -11   15    2   10   15   -7    1   -1    0  -14  -14
    1    7    2    1    3    3    3    1       781   -4   16   -8    5   -3  -16   13   -2   24    2   19    7   -9    2    0    1  -16  -12
    1    7    3    1    2    5    2    1       559    7  -12   -6    7   -1   -6    2    2  -13   -8   -1   11    8    1  -11    6   -4    6
    1    7    4    1    1    5    1    1       266   -5  -13   17    2    6   11   -2   11  -13   15    8   18   -4   -8    6   -6  -10  -10
    1    7    5    1    3    5    3    1       881   -2   16  -12    3  -13   -2   13   -4   15    4   12   15   -6    0    3    0  -16  -15
    1    7    6    1    1    1    1    1       910   -5  -12   17    1    7   10   -3   12  -12   18   11   12   -9   -8    7   -7    0   -7
    1    7    7    1    2    2    2    1       779   12   -7  -12    4   -7   -6    0    4  -11   -9   -7    9   18   -2   -9    8   -4    9
    1    7    8    1    3    2    3    1      1357    0   14   -7    6  -11   -5   13   -2   15    4    7    5   -9    1   -1    1   -8  -19
    1    7    9    1    2    4    2    1       690    9   -9  -14    1   -6   -7    1    2  -11   -7    5   11   23    9   -8    6   -4    8
    1    7   10    1    1    3    3    0       766   -5  -11   19    5    9   10   -3   12  -12   15   14   18   -9   -9    5   -4   -2   -4
    1    7   11    1    2    1    2    1      1056    8   -9  -15    3   -6   -6    1    5  -12   -8   -4   14   15    0   -9    7   -4    8
    1    7   12    1    1    2    1    1       631  -13  -13   16    0    7    7   -1    9  -19   21   14   15  -12   -7   -2  -15    2   -6
    1    7   13    1    1    4    1    1       847   -9   -7   16    2    7   10   -1   12  -13   18   12   14  -17  -17    4   -7    1   -4
    1    7   14    1    2    3    2    1       862    7   -9  -21   -4   -7   -4    2    5   -3   -1   -2   13   17    0  -11    6   -6    8
    1    7   15    1    3    4    3    1      1309    0   15   -8    4  -12   -6   16   -1   11    5   11   11   -7   -1   -6    5  -17  -16
    1    8    1    1    3    2    3    1      1242    0   14   -7    6  -11   -5   13   -2   15    4    7    5   -9    1   -1    1   -8  -19
    1    8    2    1    1    1    2    0       522   -5  -12   17    1    7   10   -3   12  -12   18   11   12   -9   -8    7   -7    0   -7
    1    8    3    1    2    2    1    0      3494   12   -7  -12    4   -7   -6    0    4  -11   -9   -7    9   18   -2   -9    8   -4    9
    1    8    4    1    1    2    1    1       731  -13  -13   16    0    7    7   -1    9  -19   21   14   15  -12   -7   -2  -15    2   -6
    1    8    5    1    1    5    1    1       991   -5  -13   17    2    6   11   -2   11  -13   15    8   18   -4   -8    6   -6  -10  -10
    1    8    6    1    1    3    1    1       921   -5  -11   19    5    9   10   -3   12  -12   15   14   18   -9   -9    5   -4   -2   -4
    1    8    7    1    3    5    3    1      2454   -2   16  -12    3  -13   -2   13   -4   15    4   12   15   -6    0    3    0  -16  -15
    1    8    8    1    2    4    2    1       645    9   -9  -14    1   -6   -7    1    2  -11   -7    5   11   23    9   -8    6   -4    8
    1    8    9    1    3    3    3    1      1788   -4   16   -8    5   -3  -16   13   -2   24    2   19    7   -9    2    0    1  -16  -12
    1    8   10    1    2    5    2    1      1798    7  -12   -6    7   -1   -6    2    2  -13   -8   -1   11    8    1  -11    6   -4    6
    1    8   11    1    2    1    2    1       624    8   -9  -15    3   -6   -6    1    5  -12   -8   -4   14   15    0   -9    7   -4    8
    1    8   12    1    3    4    3    1      3464    0   15   -8    4  -12   -6   16   -1   11    5   11   11   -7   -1   -6    5  -17  -16
    1    8   13    1    1    4    1    1      1039   -9   -7   16    2    7   10   -1   12  -13   18   12   14  -17  -17    4   -7    1   -4
    1    8   14    1    3    1    3    1       934   -3   14  -17   10  -13   -6   24  -11   15    2   10   15   -7    1   -1    0  -14  -14
    1    8   15    1    2    3    2    1       691    7   -9  -21   -4   -7   -4    2    5   -3   -1   -2   13   17    0  -11    6   -6    8
    1    9    1    1    1    3    1    1      1305   -5  -11   19    5    9   10   -3   12  -12   15   14   18   -9   -9    5   -4   -2   -4
    1    9    2    1    3    5    3    1       806   -2   16  -12    3  -13   -2   13   -4   15    4   12   15   -6    0    3    0  -16  -15
    1    9    3    1    1    1    1    1       855   -5  -12   17    1    7   10   -3   12  -12   18   11   12   -9   -8    7   -7    0   -7
    1    9    4    1    1    2    1    1       550  -13  -13   16    0    7    7   -1    9  -19   21   14   15  -12   -7   -2  -15    2   -6
    1    9    5    1    2    1    2    1       530    8   -9  -15    3   -6   -6    1    5  -12   -8   -4   14   15    0   -9    7   -4    8
    1    9    6    1    2    5    2    1       526    7  -12   -6    7   -1   -6    2    2  -13   -8   -1   11    8    1  -11    6   -4    6
    1    9    7    1    3    4    1    0      1098    0   15   -8    4  -12   -6   16   -1   11    5   11   11   -7   -1   -6    5  -17  -16
    1    9    8    1    3    1    2    0       719   -3   14  -17   10  -13   -6   24  -11   15    2   10   15   -7    1   -1    0  -14  -14
    1    9    9    1    3    2    3    1      1204    0   14   -7    6  -11   -5   13   -2   15    4    7    5   -9    1   -1    1   -8  -19
    1    9   10    1    2    2    3    0       805   12   -7  -12    4   -7   -6    0    4  -11   -9   -7    9   18   -2   -9    8   -4    9
    1    9   11    1    2    4    2    1      2374    9   -9  -14    1   -6   -7    1    2  -11   -7    5   11   23    9   -8    6   -4    8
    1    9   12    1    3    3    3    1      1161   -4   16   -8    5   -3  -16   13   -2   24    2   19    7   -9    2    0    1  -16  -12
    1    9   13    1    1    5    1    1      2299   -5  -13   17    2    6   11   -2   11  -13   15    8   18   -4   -8    6   -6  -10  -10
    1    9   14    1    2    3    2    1       545    7   -9  -21   -4   -7   -4    2    5   -3   -1   -2   13   17    0  -11    6   -6    8
    1    9   15    1    1    4    1    1       956   -9   -7   16    2    7   10   -1   12  -13   18   12   14  -17  -17    4   -7    1   -4
    1   10    1    1    2    5    2    1       679    7  -12   -6    7   -1   -6    2    2  -13   -8   -1   11    8    1  -11    6   -4    6
    1   10    2    1    2    3    2    1       477    7   -9  -21   -4   -7   -4    2    5   -3   -1   -2   13   17    0  -11    6   -6    8
    1   10    3    1    1    3    1    1       459   -5  -11   19    5    9   10   -3   12  -12   15   14   18   -9   -9    5   -4   -2   -4
    1   10    4    1    1    2    1    1       602  -13  -13   16    0    7    7   -1    9  -19   21   14   15  -12   -7   -2  -15    2   -6
    1   10    5    1    3    4    3    1       915    0   15   -8    4  -12   -6   16   -1   11    5   11   11   -7   -1   -6    5  -17  -16
    1   10    6    1    2    1    2    1       592    8   -9  -15    3   -6   -6    1    5  -12   -8   -4   14   15    0   -9    7   -4    8
    1   10    7    1    1    5    1    1       506   -5  -13   17    2    6   11   -2   11  -13   15    8   18   -4   -8    6   -6  -10  -10
    1   10    8    1    3    5    3    1       679   -2   16  -12    3  -13   -2   13   -4   15    4   12   15   -6    0    3    0  -16  -15
    1   10    9    1    1    1    2    0       317   -5  -12   17    1    7   10   -3   12  -12   18   11   12   -9   -8    7   -7    0   -7
    1   10   10    1    1    4    2    0       738   -9   -7   16    2    7   10   -1   12  -13   18   12   14  -17  -17    4   -7    1   -4
    1   10   11    1    3    3    1    0       837   -4   16   -8    5   -3  -16   13   -2   24    2   19    7   -9    2    0    1  -16  -12
    1   10   12    1    2    2    2    1       742   12   -7  -12    4   -7   -6    0    4  -11   -9   -7    9   18   -2   -9    8   -4    9
    1   10   13    1    3    1    1    0      2377   -3   14  -17   10  -13   -6   24  -11   15    2   10   15   -7    1   -1    0  -14  -14
    1   10   14    1    2    4    2    1       571    9   -9  -14    1   -6   -7    1    2  -11   -7    5   11   23    9   -8    6   -4    8
    1   10   15    1    3    2    3    1      1222    0   14   -7    6  -11   -5   13   -2   15    4    7    5   -9    1   -1    1   -8  -19
    1   11    1    1    3    3    3    1       631   -4   16   -8    5   -3  -16   13   -2   24    2   19    7   -9    2    0    1  -16  -12
    1   11    2    1    2    3    3    0       382    7   -9  -21   -4   -7   -4    2    5   -3   -1   -2   13   17    0  -11    6   -6    8
    1   11    3    1    1    2    1    1       448  -13  -13   16    0    7    7   -1    9  -19   21   14   15  -12   -7   -2  -15    2   -6
    1   11    4    1    2    4    2    1       496    9   -9  -14    1   -6   -7    1    2  -11   -7    5   11   23    9   -8    6   -4    8
    1   11    5    1    2    1    2    1       701    8   -9  -15    3   -6   -6    1    5  -12   -8   -4   14   15    0   -9    7   -4    8
    1   11    6    1    3    5    3    1       706   -2   16  -12    3  -13   -2   13   -4   15    4   12   15   -6    0    3    0  -16  -15
    1   11    7    1    1    4    2    0      2519   -9   -7   16    2    7   10   -1   12  -13   18   12   14  -17  -17    4   -7    1   -4
    1   11    8    1    2    5    2    1       692    7  -12   -6    7   -1   -6    2    2  -13   -8   -1   11    8    1  -11    6   -4    6
    1   11    9    1    3    1    3    1       810   -3   14  -17   10  -13   -6   24  -11   15    2   10   15   -7    1   -1    0  -14  -14
    1   11   10    1    1    3    2    0       635   -5  -11   19    5    9   10   -3   12  -12   15   14   18   -9   -9    5   -4   -2   -4
    1   11   11    1    3    2    3    1      1410    0   14   -7    6  -11   -5   13   -2   15    4    7    5   -9    1   -1    1   -8  -19
    1   11   12    1    1    5    1    1       651   -5  -13   17    2    6   11   -2   11  -13   15    8   18   -4   -8    6   -6  -10  -10
    1   11   13    1    1    1    1    1      1042   -5  -12   17    1    7   10   -3   12  -12   18   11   12   -9   -8    7   -7    0   -7
    1   11   14    1    3    4    3    1       713    0   15   -8    4  -12   -6   16   -1   11    5   11   11   -7   -1   -6    5  -17  -16
    1   11   15    1    2    2    2    1       510   12   -7  -12    4   -7   -6    0    4  -11   -9   -7    9   18   -2   -9    8   -4    9
    1   12    1    1    1    1    1    1       571   -5  -12   17    1    7   10   -3   12  -12   18   11   12   -9   -8    7   -7    0   -7
    1   12    2    1    3    3    3    1       789   -4   16   -8    5   -3  -16   13   -2   24    2   19    7   -9    2    0    1  -16  -12
    1   12    3    1    3    5    2    0      1239   -2   16  -12    3  -13   -2   13   -4   15    4   12   15   -6    0    3    0  -16  -15
    1   12    4    1    3    4    1    0      1319    0   15   -8    4  -12   -6   16   -1   11    5   11   11   -7   -1   -6    5  -17  -16
    1   12    5    1    2    1    2    1       484    8   -9  -15    3   -6   -6    1    5  -12   -8   -4   14   15    0   -9    7   -4    8
    1   12    6    1    1    2    1    1       546  -13  -13   16    0    7    7   -1    9  -19   21   14   15  -12   -7   -2  -15    2   -6
    1   12    7    1    1    3    1    1       877   -5  -11   19    5    9   10   -3   12  -12   15   14   18   -9   -9    5   -4   -2   -4
    1   12    8    1    2    4    2    1       603    9   -9  -14    1   -6   -7    1    2  -11   -7    5   11   23    9   -8    6   -4    8
    1   12    9    1    2    2    2    1       788   12   -7  -12    4   -7   -6    0    4  -11   -9   -7    9   18   -2   -9    8   -4    9
    1   12   10    1    2    3    2    1       646    7   -9  -21   -4   -7   -4    2    5   -3   -1   -2   13   17    0  -11    6   -6    8
    1   12   11    1    1    5    1    1       846   -5  -13   17    2    6   11   -2   11  -13   15    8   18   -4   -8    6   -6  -10  -10
    1   12   12    1    3    2    1    0       973    0   14   -7    6  -11   -5   13   -2   15    4    7    5   -9    1   -1    1   -8  -19
    1   12   13    1    3    1    2    0       647   -3   14  -17   10  -13   -6   24  -11   15    2   10   15   -7    1   -1    0  -14  -14
    1   12   14    1    1    4    2    0       687   -9   -7   16    2    7   10   -1   12  -13   18   12   14  -17  -17    4   -7    1   -4
    1   12   15    1    2    5    2    1      1252    7  -12   -6    7   -1   -6    2    2  -13   -8   -1   11    8    1  -11    6   -4    6
    1   13    1    1    2    2    2    1       612   12   -7  -12    4   -7   -6    0    4  -11   -9   -7    9   18   -2   -9    8   -4    9
    1   13    2    1    1    4    2    0       924   -9   -7   16    2    7   10   -1   12  -13   18   12   14  -17  -17    4   -7    1   -4
    1   13    3    1    1    2    1    1       953  -13  -13   16    0    7    7   -1    9  -19   21   14   15  -12   -7   -2  -15    2   -6
    1   13    4    1    3    5    3    1      1060   -2   16  -12    3  -13   -2   13   -4   15    4   12   15   -6    0    3    0  -16  -15
    1   13    5    1    3    2    2    0       683    0   14   -7    6  -11   -5   13   -2   15    4    7    5   -9    1   -1    1   -8  -19
    1   13    6    1    2    3    2    1       993    7   -9  -21   -4   -7   -4    2    5   -3   -1   -2   13   17    0  -11    6   -6    8
    1   13    7    1    1    3    1    1       682   -5  -11   19    5    9   10   -3   12  -12   15   14   18   -9   -9    5   -4   -2   -4
    1   13    8    1    1    1    1    1       624   -5  -12   17    1    7   10   -3   12  -12   18   11   12   -9   -8    7   -7    0   -7
    1   13    9    1    1    5    1    1       489   -5  -13   17    2    6   11   -2   11  -13   15    8   18   -4   -8    6   -6  -10  -10
    1   13   10    1    3    4    3    1       839    0   15   -8    4  -12   -6   16   -1   11    5   11   11   -7   -1   -6    5  -17  -16
    1   13   11    1    2    4    2    1       455    9   -9  -14    1   -6   -7    1    2  -11   -7    5   11   23    9   -8    6   -4    8
    1   13   12    1    2    1    2    1       598    8   -9  -15    3   -6   -6    1    5  -12   -8   -4   14   15    0   -9    7   -4    8
    1   13   13    1    3    3    1    0       895   -4   16   -8    5   -3  -16   13   -2   24    2   19    7   -9    2    0    1  -16  -12
    1   13   14    1    3    1    1    0       540   -3   14  -17   10  -13   -6   24  -11   15    2   10   15   -7    1   -1    0  -14  -14
    1   13   15    1    2    5    2    1       776    7  -12   -6    7   -1   -6    2    2  -13   -8   -1   11    8    1  -11    6   -4    6
    1   14    1    1    1    1    3    0       922   -5  -12   17    1    7   10   -3   12  -12   18   11   12   -9   -8    7   -7    0   -7
    1   14    2    1    1    4    2    0       823   -9   -7   16    2    7   10   -1   12  -13   18   12   14  -17  -17    4   -7    1   -4
    1   14    3    1    3    5    1    0       487   -2   16  -12    3  -13   -2   13   -4   15    4   12   15   -6    0    3    0  -16  -15
    1   14    4    1    1    2    1    1       757  -13  -13   16    0    7    7   -1    9  -19   21   14   15  -12   -7   -2  -15    2   -6
    1   14    5    1    1    5    2    0       585   -5  -13   17    2    6   11   -2   11  -13   15    8   18   -4   -8    6   -6  -10  -10
    1   14    6    1    2    4    2    1       739    9   -9  -14    1   -6   -7    1    2  -11   -7    5   11   23    9   -8    6   -4    8
    1   14    7    1    3    3    3    1      1398   -4   16   -8    5   -3  -16   13   -2   24    2   19    7   -9    2    0    1  -16  -12
    1   14    8    1    2    5    2    1       768    7  -12   -6    7   -1   -6    2    2  -13   -8   -1   11    8    1  -11    6   -4    6
    1   14    9    1    2    1    2    1       466    8   -9  -15    3   -6   -6    1    5  -12   -8   -4   14   15    0   -9    7   -4    8
    1   14   10    1    3    2    1    0       817    0   14   -7    6  -11   -5   13   -2   15    4    7    5   -9    1   -1    1   -8  -19
    1   14   11    1    3    4    1    0       738    0   15   -8    4  -12   -6   16   -1   11    5   11   11   -7   -1   -6    5  -17  -16
    1   14   12    1    2    2    2    1       581   12   -7  -12    4   -7   -6    0    4  -11   -9   -7    9   18   -2   -9    8   -4    9
    1   14   13    1    1    3    2    0       687   -5  -11   19    5    9   10   -3   12  -12   15   14   18   -9   -9    5   -4   -2   -4
    1   14   14    1    2    3    1    0       901    7   -9  -21   -4   -7   -4    2    5   -3   -1   -2   13   17    0  -11    6   -6    8
    1   14   15    1    3    1    3    1       595   -3   14  -17   10  -13   -6   24  -11   15    2   10   15   -7    1   -1    0  -14  -14
    1   15    1    1    1    1    2    0       588   -5  -12   17    1    7   10   -3   12  -12   18   11   12   -9   -8    7   -7    0   -7
    1   15    2    1    2    4    2    1       534    9   -9  -14    1   -6   -7    1    2  -11   -7    5   11   23    9   -8    6   -4    8
    1   15    3    1    2    2    2    1       738   12   -7  -12    4   -7   -6    0    4  -11   -9   -7    9   18   -2   -9    8   -4    9
    1   15    4    1    3    1    3    1      2342   -3   14  -17   10  -13   -6   24  -11   15    2   10   15   -7    1   -1    0  -14  -14
    1   15    5    1    3    5    3    1       666   -2   16  -12    3  -13   -2   13   -4   15    4   12   15   -6    0    3    0  -16  -15
    1   15    6    1    1    2    1    1       656  -13  -13   16    0    7    7   -1    9  -19   21   14   15  -12   -7   -2  -15    2   -6
    1   15    7    1    2    5    2    1       567    7  -12   -6    7   -1   -6    2    2  -13   -8   -1   11    8    1  -11    6   -4    6
    1   15    8    1    2    3    2    1       530    7   -9  -21   -4   -7   -4    2    5   -3   -1   -2   13   17    0  -11    6   -6    8
    1   15    9    1    3    4    1    0       846    0   15   -8    4  -12   -6   16   -1   11    5   11   11   -7   -1   -6    5  -17  -16
    1   15   10    1    1    3    1    1      1101   -5  -11   19    5    9   10   -3   12  -12   15   14   18   -9   -9    5   -4   -2   -4
    1   15   11    1    3    3    3    1      2371   -4   16   -8    5   -3  -16   13   -2   24    2   19    7   -9    2    0    1  -16  -12
    1   15   12    1    2    1    2    1       677    8   -9  -15    3   -6   -6    1    5  -12   -8   -4   14   15    0   -9    7   -4    8
    1   15   13    1    1    4    1    1       539   -9   -7   16    2    7   10   -1   12  -13   18   12   14  -17  -17    4   -7    1   -4
    1   15   14    1    3    2    3    1       791    0   14   -7    6  -11   -5   13   -2   15    4    7    5   -9    1   -1    1   -8  -19
    1   15   15    1    1    5    2    0       489   -5  -13   17    2    6   11   -2   11  -13   15    8   18   -4   -8    6   -6  -10  -10
    2    1    1    4    3    1    1    0      3023   -2   15   -7    5  -10   -7   16   -4   16    5   12   14   -8    0    0    2  -10  -16
    2    1    2    2    3    0    1    0       855   -2   14   -7    4  -11   -6   14   -3   15    3   11   15   -8    1    1    1  -15  -14
    2    1    3    4    2    2    1    0      1478    9   -6  -16    3   -6   -7    0    1  -12   -8   -5   13   17    0  -11    7   -3    9
    2    1    4    1    1    4    2    0      2508   -9   -7   16    2    7   10   -1   12  -13   18   12   14  -17  -17    4   -7    1   -4
    2    1    5    6    0    0    2    1      1418   13    0    3   16   13  -12    2   11    7    8  -11   10  -12   -8   -6   -3   13    7
    2    1    6    1    3    5    1    1       930   -2   16  -12    3  -13   -2   13   -4   15    4   12   15   -6    0    3    0  -16  -15
    2    1    7    4    1    3    2    1       990   -6  -10   18   -3   10    9    0   10  -15   16   14   11   -9   -8    6   -3    5  -11
    2    1    8    4    2    1    2    1      1784    9   -9  -13    4   -8   -4   -1    5  -12   -9    0   12   23    0  -14   16   -5    7
    2    1    9    4    1    4    2    1       754  -13   -2   14    3   -2    7    0   11  -10   12   13   11   -9   -8    5   -4   -2   -6
    2    1   10    6    0    0    2    1       773  -11  -17   -4    3  -11   -9   -1  -10   -8    9   -8   -4    1    5   -6    6    8   10
    2    1   11    1    2    5    2    0       648    7  -12   -6    7   -1   -6    2    2  -13   -8   -1   11    8    1  -11    6   -4    6
    2    1   12    4    2    4    2    1       703    7   -9  -13    2   -3   -8    1    3  -11   -7   -5   14   15    0  -10    7   -6    8
    2    1   13    1    3    1    1    1      2836   -3   14  -17   10  -13   -6   24  -11   15    2   10   15   -7    1   -1    0  -14  -14
    2    1   14    1    3    2    2    0       788    0   14   -7    6  -11   -5   13   -2   15    4    7    5   -9    1   -1    1   -8  -19
    2    1   15    4    3    3    1    0      1030   -1   15   -6    4  -11   -7   15   -3   15    5   14   19   -7    2    1   -1   -6   -4
    2    1   16    6    0    0    2    1       942  -12   -9   -7    0   -9   -9   -1  -10   -7   11    2   -1    8   10   -5    4   11   13
    2    1   17    1    1    2    1    1       986  -13  -13   16    0    7    7   -1    9  -19   21   14   15  -12   -7   -2  -15    2   -6
    2    1   18    1    2    1    1    1       884    8   -9  -15    3   -6   -6    1    5  -12   -8   -4   14   15    0   -9    7   -4    8
    2    1   19    1    2    2    2    0       818   12   -7  -12    4   -7   -6    0    4  -11   -9   -7    9   18   -2   -9    8   -4    9
    2    1   20    1    2    3    2    0       818    7   -9  -21   -4   -7   -4    2    5   -3   -1   -2   13   17    0  -11    6   -6    8
    2    1   21    4    1    5    1    0       579   -6  -15   15    1    4   19   -2   11   -9   16   14   12   -9  -10    4   -4   -3   -5
    2    1   22    6    0    0    1    0       605   17   -4    1   17    8   -6    2   10    3    1  -10   11  -15   -5   -7   -5   10    5
    2    1   23    4    3    2    1    0      1062   -1   20   -6    3  -11   -5   15   -2   19    6    9   17   -8    0    0    0  -14  -13
    2    1   24    4    1    1    1    0       781   -6   -9   16    0    7    8   -3   12  -16   16    7   13  -11   -6    7   -7   -2   -4
    2    1   25    6    0    0    2    1       975   12    5   15   -9  -11  -14    9   -6   14   -2  -10   13    3   -1   21    5   -1   -8
    2    1   26    2    1    0    1    0       713   -7  -12   16    1    8    9   -1   11  -14   16   13   13  -10   -8    5   -5    0   -6
    2    1   27    4    3    4    2    1      2654   -2   16   -7    3  -12   -6   15   -3   16    5    7   15   -1   -2    0    1  -11  -22
    2    1   28    1    3    3    1    1      1301   -4   16   -8    5   -3  -16   13   -2   24    2   19    7   -9    2    0    1  -16  -12
    2    1   29    2    2    0    1    0       914    8  -10  -14    2   -6   -5    0    3  -11   -8   -4   12   16    0  -10    6   -5    8
    2    1   30    1    1    3    1    1       703   -5  -11   19    5    9   10   -3   12  -12   15   14   18   -9   -9    5   -4   -2   -4
    2    1   31    1    3    4    2    0      1044    0   15   -8    4  -12   -6   16   -1   11    5   11   11   -7   -1   -6    5  -17  -16
    2    1   32    4    3    5    2    1       572   -2   15  -11   -2  -10   -9   18    0   17   -2   11   16   -6    2   -1    2  -15  -12
    2    1   33    1    1    1    1    1       726   -5  -12   17    1    7   10   -3   12  -12   18   11   12   -9   -8    7   -7    0   -7
    2    1   34    1    2    4    1    1       490    9   -9  -14    1   -6   -7    1    2  -11   -7    5   11   23    9   -8    6   -4    8
    2    1   35    4    1    2    1    0       840   -5  -14   15    1    9    8   -3   10  -13   15   15   11  -11   -6    8  -11    1   -9
    2    1   36    1    1    5    1    1      1240   -5  -13   17    2    6   11   -2   11  -13   15    8   18   -4   -8    6   -6  -10  -10
    2    1   37    4    2    3    1    0       616   13   -8  -16    2  -10   -3    0    2  -10  -10   -2   11   14    2  -12    8   -4    8
    2    1   38    6    0    0    1    0       929   14    7   15   -9  -17  -14    1   -4    5    2   -8   16   10   -8   14   10    2   -6
    2    1   39    4    2    5    1    0       493    6  -14  -12    2  -15   -8   -9    1   -9  -10    6   18   17   -1  -11    7   -3    7
