    1    1    1    1    2    4    1    0      5094   10  -14  -12    6   16   -8   17   -5   19    8   -8   -2    0    4    6   11  -20   20
    1    1    2    1    1    4    2    0      4874   -2  -10    7   -4    3   14   -2    5   -2   11    3    9  -10   12   -9    6    8    3
    1    1    3    1    1    1    3    0      1129   -3   -8   -1  -10   -8   13   -2    6   -6   12   10   10   -5    8   -8    6   10    0
    1    1    4    1    1    2    1    1      3390   -4  -11   -1  -10   -7   15   -2    5   -7   11    9    7   -4   11   -6    6    9    0
    1    1    5    1    2    2    2    1       760   11  -14  -12    4   16  -10   15    4   10   13   -8   -2   -2    1    6   11  -16   13
    1    1    6    1    2    5    3    0       603   11  -15  -12    3   11  -12   18    3    8    7   -6    8   10    5   11   10  -16   11
    1    1    7    1    3    4    3    1      1157  -10   -3   13   15   -6    7   -9   -9   21   16    5    7   -6   -7   -3  -11    0  -17
    1    1    8    1    2    3    2    1      2296    9  -11  -12    6   14   -9   12   -6    8   13  -10   -1   18   12    5   10   -9   12
    1    1    9    1    1    3    1    1      2335   -1  -11    2  -11   -4   15   -2    3   -6   20    8    7  -10    6   -8    4    8    3
    1    1   10    1    3    3    2    0      1795  -12   -6   12   15   -8    7  -17   -9   17   15    7    7   -8   -6  -11   -8    4  -12
    1    1   11    1    3    1    3    1       876  -12   -5   15   11    2   10  -15   -6   18   14    6    8  -11   -2  -12  -12   -2  -16
    1    1   12    1    1    5    2    0      2379  -10  -17    0   -7   -3   14   -6    5   -3   11    6    8  -13   11   -9    4   11    2
    1    1   13    1    3    2    2    0      1214  -12   -5   14   17   -6    4  -14   -9   15    3    6    9   -8   -9   -2   -4    1  -15
    1    1   14    1    3    5    1    0      1840  -10   -5    6   20   -4    8  -15  -10   14   14    4    7   -6   -8  -13   -5    1  -13
    1    1   15    1    2    1    3    0       791   11  -13  -13    2   17  -10   16    6   11   14   -7   -3   10    8    7   12  -13   14
    1    2    1    1    1    2    1    1       794   -4  -11   -1  -10   -7   15   -2    5   -7   11    9    7   -4   11   -6    6    9    0
    1    2    2    1    2    5    2    1      2556   11  -15  -12    3   11  -12   18    3    8    7   -6    8   10    5   11   10  -16   11
    1    2    3    1    1    3    2    0      1319   -1  -11    2  -11   -4   15   -2    3   -6   20    8    7  -10    6   -8    4    8    3
    1    2    4    1    3    5    3    1      1540  -10   -5    6   20   -4    8  -15  -10   14   14    4    7   -6   -8  -13   -5    1  -13
    1    2    5    1    3    3    3    1       728  -12   -6   12   15   -8    7  -17   -9   17   15    7    7   -8   -6  -11   -8    4  -12
    1    2    6    1    2    4    2    1      1853   10  -14  -12    6   16   -8   17   -5   19    8   -8   -2    0    4    6   11  -20   20
    1    2    7    1    2    2    2    1       580   11  -14  -12    4   16  -10   15    4   10   13   -8   -2   -2    1    6   11  -16   13
    1    2    8    1    2    3    2    1       735    9  -11  -12    6   14   -9   12   -6    8   13  -10   -1   18   12    5   10   -9   12
    1    2    9    1    3    2    2    0      2995  -12   -5   14   17   -6    4  -14   -9   15    3    6    9   -8   -9   -2   -4    1  -15
    1    2   10    1    1    5    2    0      2109  -10  -17    0   -7   -3   14   -6    5   -3   11    6    8  -13   11   -9    4   11    2
    1    2   11    1    1    1    3    0      1754   -3   -8   -1  -10   -8   13   -2    6   -6   12   10   10   -5    8   -8    6   10    0
    1    2   12    1    3    1    3    1      1142  -12   -5   15   11    2   10  -15   -6   18   14    6    8  -11   -2  -12  -12   -2  -16
    1    2   13    1    2    1    3    0      1882   11  -13  -13    2   17  -10   16    6   11   14   -7   -3   10    8    7   12  -13   14
    1    2   14    1    1    4    1    1      1712   -2  -10    7   -4    3   14   -2    5   -2   11    3    9  -10   12   -9    6    8    3
    1    2   15    1    3    4    2    0      2317  -10   -3   13   15   -6    7   -9   -9   21   16    5    7   -6   -7   -3  -11    0  -17
    1    3    1    1    3    5    3    1      1794  -10   -5    6   20   -4    8  -15  -10   14   14    4    7   -6   -8  -13   -5    1  -13
    1    3    2    1    3    1    2    0      1500  -12   -5   15   11    2   10  -15   -6   18   14    6    8  -11   -2  -12  -12   -2  -16
    1    3    3    1    2    4    2    1      1058   10  -14  -12    6   16   -8   17   -5   19    8   -8   -2    0    4    6   11  -20   20
    1    3    4    1    1    1    2    0      1417   -3   -8   -1  -10   -8   13   -2    6   -6   12   10   10   -5    8   -8    6   10    0
    1    3    5    1    2    5    2    1      1266   11  -15  -12    3   11  -12   18    3    8    7   -6    8   10    5   11   10  -16   11
    1    3    6    1    3    2    2    0      1025  -12   -5   14   17   -6    4  -14   -9   15    3    6    9   -8   -9   -2   -4    1  -15
    1    3    7    1    3    3    3    1      2569  -12   -6   12   15   -8    7  -17   -9   17   15    7    7   -8   -6  -11   -8    4  -12
    1    3    8    1    1    3    2    0      2036   -1  -11    2  -11   -4   15   -2    3   -6   20    8    7  -10    6   -8    4    8    3
    1    3    9    1    1    4    3    0      1700   -2  -10    7   -4    3   14   -2    5   -2   11    3    9  -10   12   -9    6    8    3
    1    3   10    1    2    2    2    1      1073   11  -14  -12    4   16  -10   15    4   10   13   -8   -2   -2    1    6   11  -16   13
    1    3   11    1    1    5    1    1      2728  -10  -17    0   -7   -3   14   -6    5   -3   11    6    8  -13   11   -9    4   11    2
    1    3   12    1    2    3    2    1      1101    9  -11  -12    6   14   -9   12   -6    8   13  -10   -1   18   12    5   10   -9   12
    1    3   13    1    3    4    3    1       978  -10   -3   13   15   -6    7   -9   -9   21   16    5    7   -6   -7   -3  -11    0  -17
    1    3   14    1    1    2    3    0      1037   -4  -11   -1  -10   -7   15   -2    5   -7   11    9    7   -4   11   -6    6    9    0
    1    3   15    1    2    1    2    1       709   11  -13  -13    2   17  -10   16    6   11   14   -7   -3   10    8    7   12  -13   14
    1    4    1    1    2    1    2    1       635   11  -13  -13    2   17  -10   16    6   11   14   -7   -3   10    8    7   12  -13   14
    1    4    2    1    2    2    2    1       995   11  -14  -12    4   16  -10   15    4   10   13   -8   -2   -2    1    6   11  -16   13
    1    4    3    1    1    3    1    1      1197   -1  -11    2  -11   -4   15   -2    3   -6   20    8    7  -10    6   -8    4    8    3
    1    4    4    1    1    5    3    0      2415  -10  -17    0   -7   -3   14   -6    5   -3   11    6    8  -13   11   -9    4   11    2
    1    4    5    1    2    3    2    1       896    9  -11  -12    6   14   -9   12   -6    8   13  -10   -1   18   12    5   10   -9   12
    1    4    6    1    3    2    3    1      2222  -12   -5   14   17   -6    4  -14   -9   15    3    6    9   -8   -9   -2   -4    1  -15
    1    4    7    1    3    4    3    1      1734  -10   -3   13   15   -6    7   -9   -9   21   16    5    7   -6   -7   -3  -11    0  -17
    1    4    8    1    3    3    3    1       898  -12   -6   12   15   -8    7  -17   -9   17   15    7    7   -8   -6  -11   -8    4  -12
    1    4    9    1    2    4    2    1       832   10  -14  -12    6   16   -8   17   -5   19    8   -8   -2    0    4    6   11  -20   20
    1    4   10    1    1    1    2    0      1616   -3   -8   -1  -10   -8   13   -2    6   -6   12   10   10   -5    8   -8    6   10    0
    1    4   11    1    3    1    3    1      2689  -12   -5   15   11    2   10  -15   -6   18   14    6    8  -11   -2  -12  -12   -2  -16
    1    4   12    1    1    2    1    1      1175   -4  -11   -1  -10   -7   15   -2    5   -7   11    9    7   -4   11   -6    6    9    0
    1    4   13    1    3    5    3    1      2105  -10   -5    6   20   -4    8  -15  -10   14   14    4    7   -6   -8  -13   -5    1  -13
    1    4   14    1    2    5    2    1       887   11  -15  -12    3   11  -12   18    3    8    7   -6    8   10    5   11   10  -16   11
    1    4   15    1    1    4    1    1      1029   -2  -10    7   -4    3   14   -2    5   -2   11    3    9  -10   12   -9    6    8    3
    1    5    1    1    1    1    1    1      1150   -3   -8   -1  -10   -8   13   -2    6   -6   12   10   10   -5    8   -8    6   10    0
    1    5    2    1    3    4    3    1      1121  -10   -3   13   15   -6    7   -9   -9   21   16    5    7   -6   -7   -3  -11    0  -17
    1    5    3    1    2    4    2    1       597   10  -14  -12    6   16   -8   17   -5   19    8   -8   -2    0    4    6   11  -20   20
    1    5    4    1    2    1    2    1       527   11  -13  -13    2   17  -10   16    6   11   14   -7   -3   10    8    7   12  -13   14
    1    5    5    1    3    3    3    1      1276  -12   -6   12   15   -8    7  -17   -9   17   15    7    7   -8   -6  -11   -8    4  -12
    1    5    6    1    2    2    2    1       731   11  -14  -12    4   16  -10   15    4   10   13   -8   -2   -2    1    6   11  -16   13
    1    5    7    1    2    3    2    1       576    9  -11  -12    6   14   -9   12   -6    8   13  -10   -1   18   12    5   10   -9   12
    1    5    8    1    1    5    1    1      2266  -10  -17    0   -7   -3   14   -6    5   -3   11    6    8  -13   11   -9    4   11    2
    1    5    9    1    3    1    3    1       865  -12   -5   15   11    2   10  -15   -6   18   14    6    8  -11   -2  -12  -12   -2  -16
    1    5   10    1    3    5    3    1       800  -10   -5    6   20   -4    8  -15  -10   14   14    4    7   -6   -8  -13   -5    1  -13
    1    5   11    1    1    2    1    1      1137   -4  -11   -1  -10   -7   15   -2    5   -7   11    9    7   -4   11   -6    6    9    0
    1    5   12    1    1    4    1    1      1061   -2  -10    7   -4    3   14   -2    5   -2   11    3    9  -10   12   -9    6    8    3
    1    5   13    1    3    2    1    0      2205  -12   -5   14   17   -6    4  -14   -9   15    3    6    9   -8   -9   -2   -4    1  -15
    1    5   14    1    1    3    1    1      1062   -1  -11    2  -11   -4   15   -2    3   -6   20    8    7  -10    6   -8    4    8    3
    1    5   15    1    2    5    2    1       798   11  -15  -12    3   11  -12   18    3    8    7   -6    8   10    5   11   10  -16   11
    1    6    1    1    3    2    3    1       943  -12   -5   14   17   -6    4  -14   -9   15    3    6    9   -8   -9   -2   -4    1  -15
    1    6    2    1    1    3    1    1       619   -1  -11    2  -11   -4   15   -2    3   -6   20    8    7  -10    6   -8    4    8    3
    1    6    3    1    2    1    2    1       740   11  -13  -13    2   17  -10   16    6   11   14   -7   -3   10    8    7   12  -13   14
    1    6    4    1    3    5    3    1       536  -10   -5    6   20   -4    8  -15  -10   14   14    4    7   -6   -8  -13   -5    1  -13
    1    6    5    1    2    2    2    1      1300   11  -14  -12    4   16  -10   15    4   10   13   -8   -2   -2    1    6   11  -16   13
    1    6    6    1    2    4    2    1       690   10  -14  -12    6   16   -8   17   -5   19    8   -8   -2    0    4    6   11  -20   20
    1    6    7    1    2    3    2    1      1320    9  -11  -12    6   14   -9   12   -6    8   13  -10   -1   18   12    5   10   -9   12
    1    6    8    1    1    5    1    1       805  -10  -17    0   -7   -3   14   -6    5   -3   11    6    8  -13   11   -9    4   11    2
    1    6    9    1    2    5    2    1       742   11  -15  -12    3   11  -12   18    3    8    7   -6    8   10    5   11   10  -16   11
    1    6   10    1    3    1    3    1       634  -12   -5   15   11    2   10  -15   -6   18   14    6    8  -11   -2  -12  -12   -2  -16
    1    6   11    1    1    4    1    1      1074   -2  -10    7   -4    3   14   -2    5   -2   11    3    9  -10   12   -9    6    8    3
    1    6   12    1    1    1    2    0       553   -3   -8   -1  -10   -8   13   -2    6   -6   12   10   10   -5    8   -8    6   10    0
    1    6   13    1    3    3    3    1       708  -12   -6   12   15   -8    7  -17   -9   17   15    7    7   -8   -6  -11   -8    4  -12
    1    6   14    1    1    2    1    1       841   -4  -11   -1  -10   -7   15   -2    5   -7   11    9    7   -4   11   -6    6    9    0
    1    6   15    1    3    4    3    1       857  -10   -3   13   15   -6    7   -9   -9   21   16    5    7   -6   -7   -3  -11    0  -17
    1    7    1    1    2    3    2    1       601    9  -11  -12    6   14   -9   12   -6    8   13  -10   -1   18   12    5   10   -9   12
    1    7    2    1    2    2    2    1       594   11  -14  -12    4   16  -10   15    4   10   13   -8   -2   -2    1    6   11  -16   13
    1    7    3    1    3    5    3    1       668  -10   -5    6   20   -4    8  -15  -10   14   14    4    7   -6   -8  -13   -5    1  -13
    1    7    4    1    1    2    1    1      1523   -4  -11   -1  -10   -7   15   -2    5   -7   11    9    7   -4   11   -6    6    9    0
    1    7    5    1    3    3    3    1      1864  -12   -6   12   15   -8    7  -17   -9   17   15    7    7   -8   -6  -11   -8    4  -12
    1    7    6    1    3    1    3    1      1039  -12   -5   15   11    2   10  -15   -6   18   14    6    8  -11   -2  -12  -12   -2  -16
    1    7    7    1    2    1    2    1       679   11  -13  -13    2   17  -10   16    6   11   14   -7   -3   10    8    7   12  -13   14
    1    7    8    1    3    2    3    1       622  -12   -5   14   17   -6    4  -14   -9   15    3    6    9   -8   -9   -2   -4    1  -15
    1    7    9    1    1    4    1    1       663   -2  -10    7   -4    3   14   -2    5   -2   11    3    9  -10   12   -9    6    8    3
    1    7   10    1    3    4    3    1       606  -10   -3   13   15   -6    7   -9   -9   21   16    5    7   -6   -7   -3  -11    0  -17
    1    7   11    1    2    4    3    0       695   10  -14  -12    6   16   -8   17   -5   19    8   -8   -2    0    4    6   11  -20   20
    1    7   12    1    1    1    1    1      1070   -3   -8   -1  -10   -8   13   -2    6   -6   12   10   10   -5    8   -8    6   10    0
    1    7   13    1    1    3    1    1       581   -1  -11    2  -11   -4   15   -2    3   -6   20    8    7  -10    6   -8    4    8    3
    1    7   14    1    2    5    2    1       703   11  -15  -12    3   11  -12   18    3    8    7   -6    8   10    5   11   10  -16   11
    1    7   15    1    1    5    2    0       484  -10  -17    0   -7   -3   14   -6    5   -3   11    6    8  -13   11   -9    4   11    2
    1    8    1    1    3    1    3    1       611  -12   -5   15   11    2   10  -15   -6   18   14    6    8  -11   -2  -12  -12   -2  -16
    1    8    2    1    1    5    1    1       956  -10  -17    0   -7   -3   14   -6    5   -3   11    6    8  -13   11   -9    4   11    2
    1    8    3    1    2    3    2    1       567    9  -11  -12    6   14   -9   12   -6    8   13  -10   -1   18   12    5   10   -9   12
    1    8    4    1    2    4    2    1       562   10  -14  -12    6   16   -8   17   -5   19    8   -8   -2    0    4    6   11  -20   20
    1    8    5    1    3    5    3    1       701  -10   -5    6   20   -4    8  -15  -10   14   14    4    7   -6   -8  -13   -5    1  -13
    1    8    6    1    3    3    3    1       675  -12   -6   12   15   -8    7  -17   -9   17   15    7    7   -8   -6  -11   -8    4  -12
    1    8    7    1    3    4    3    1       874  -10   -3   13   15   -6    7   -9   -9   21   16    5    7   -6   -7   -3  -11    0  -17
    1    8    8    1    1    1    1    1      1416   -3   -8   -1  -10   -8   13   -2    6   -6   12   10   10   -5    8   -8    6   10    0
    1    8    9    1    2    5    2    1      1505   11  -15  -12    3   11  -12   18    3    8    7   -6    8   10    5   11   10  -16   11
    1    8   10    1    1    2    1    1       966   -4  -11   -1  -10   -7   15   -2    5   -7   11    9    7   -4   11   -6    6    9    0
    1    8   11    1    2    2    2    1      1073   11  -14  -12    4   16  -10   15    4   10   13   -8   -2   -2    1    6   11  -16   13
    1    8   12    1    2    1    2    1       792   11  -13  -13    2   17  -10   16    6   11   14   -7   -3   10    8    7   12  -13   14
    1    8   13    1    1    4    1    1       986   -2  -10    7   -4    3   14   -2    5   -2   11    3    9  -10   12   -9    6    8    3
    1    8   14    1    3    2    3    1      1604  -12   -5   14   17   -6    4  -14   -9   15    3    6    9   -8   -9   -2   -4    1  -15
    1    8   15    1    1    3    1    1      1045   -1  -11    2  -11   -4   15   -2    3   -6   20    8    7  -10    6   -8    4    8    3
    1    9    1    1    3    4    3    1      1421  -10   -3   13   15   -6    7   -9   -9   21   16    5    7   -6   -7   -3  -11    0  -17
    1    9    2    1    1    1    1    1       902   -3   -8   -1  -10   -8   13   -2    6   -6   12   10   10   -5    8   -8    6   10    0
    1    9    3    1    2    5    2    1       724   11  -15  -12    3   11  -12   18    3    8    7   -6    8   10    5   11   10  -16   11
    1    9    4    1    3    2    3    1       856  -12   -5   14   17   -6    4  -14   -9   15    3    6    9   -8   -9   -2   -4    1  -15
    1    9    5    1    2    2    2    1       696   11  -14  -12    4   16  -10   15    4   10   13   -8   -2   -2    1    6   11  -16   13
    1    9    6    1    3    5    3    1      1070  -10   -5    6   20   -4    8  -15  -10   14   14    4    7   -6   -8  -13   -5    1  -13
    1    9    7    1    1    3    1    1       581   -1  -11    2  -11   -4   15   -2    3   -6   20    8    7  -10    6   -8    4    8    3
    1    9    8    1    1    2    1    1       719   -4  -11   -1  -10   -7   15   -2    5   -7   11    9    7   -4   11   -6    6    9    0
    1    9    9    1    2    3    2    1       628    9  -11  -12    6   14   -9   12   -6    8   13  -10   -1   18   12    5   10   -9   12
    1    9   10    1    1    4    1    1       685   -2  -10    7   -4    3   14   -2    5   -2   11    3    9  -10   12   -9    6    8    3
    1    9   11    1    2    1    2    1       595   11  -13  -13    2   17  -10   16    6   11   14   -7   -3   10    8    7   12  -13   14
    1    9   12    1    1    5    1    1       637  -10  -17    0   -7   -3   14   -6    5   -3   11    6    8  -13   11   -9    4   11    2
    1    9   13    1    2    4    2    1       597   10  -14  -12    6   16   -8   17   -5   19    8   -8   -2    0    4    6   11  -20   20
    1    9   14    1    3    1    1    0       463  -12   -5   15   11    2   10  -15   -6   18   14    6    8  -11   -2  -12  -12   -2  -16
    1    9   15    1    3    3    3    1       734  -12   -6   12   15   -8    7  -17   -9   17   15    7    7   -8   -6  -11   -8    4  -12
    1   10    1    1    3    5    3    1       754  -10   -5    6   20   -4    8  -15  -10   14   14    4    7   -6   -8  -13   -5    1  -13
    1   10    2    1    3    4    3    1       662  -10   -3   13   15   -6    7   -9   -9   21   16    5    7   -6   -7   -3  -11    0  -17
    1   10    3    1    2    5    2    1       589   11  -15  -12    3   11  -12   18    3    8    7   -6    8   10    5   11   10  -16   11
    1   10    4    1    1    1    1    1       487   -3   -8   -1  -10   -8   13   -2    6   -6   12   10   10   -5    8   -8    6   10    0
    1   10    5    1    2    1    2    1       645   11  -13  -13    2   17  -10   16    6   11   14   -7   -3   10    8    7   12  -13   14
    1   10    6    1    3    2    1    0      1117  -12   -5   14   17   -6    4  -14   -9   15    3    6    9   -8   -9   -2   -4    1  -15
    1   10    7    1    2    2    2    1       722   11  -14  -12    4   16  -10   15    4   10   13   -8   -2   -2    1    6   11  -16   13
    1   10    8    1    1    2    1    1       679   -4  -11   -1  -10   -7   15   -2    5   -7   11    9    7   -4   11   -6    6    9    0
    1   10    9    1    3    1    3    1      1054  -12   -5   15   11    2   10  -15   -6   18   14    6    8  -11   -2  -12  -12   -2  -16
    1   10   10    1    2    3    2    1       677    9  -11  -12    6   14   -9   12   -6    8   13  -10   -1   18   12    5   10   -9   12
    1   10   11    1    2    4    2    1       779   10  -14  -12    6   16   -8   17   -5   19    8   -8   -2    0    4    6   11  -20   20
    1   10   12    1    1    5    1    1       718  -10  -17    0   -7   -3   14   -6    5   -3   11    6    8  -13   11   -9    4   11    2
    1   10   13    1    3    3    3    1       515  -12   -6   12   15   -8    7  -17   -9   17   15    7    7   -8   -6  -11   -8    4  -12
    1   10   14    1    1    3    1    1       640   -1  -11    2  -11   -4   15   -2    3   -6   20    8    7  -10    6   -8    4    8    3
    1   10   15    1    1    4    2    0       424   -2  -10    7   -4    3   14   -2    5   -2   11    3    9  -10   12   -9    6    8    3
    1   11    1    1    3    2    3    1      1400  -12   -5   14   17   -6    4  -14   -9   15    3    6    9   -8   -9   -2   -4    1  -15
    1   11    2    1    2    3    2    1       658    9  -11  -12    6   14   -9   12   -6    8   13  -10   -1   18   12    5   10   -9   12
    1   11    3    1    2    5    2    1      1289   11  -15  -12    3   11  -12   18    3    8    7   -6    8   10    5   11   10  -16   11
    1   11    4    1    1    4    1    1       615   -2  -10    7   -4    3   14   -2    5   -2   11    3    9  -10   12   -9    6    8    3
    1   11    5    1    3    3    3    1       528  -12   -6   12   15   -8    7  -17   -9   17   15    7    7   -8   -6  -11   -8    4  -12
    1   11    6    1    3    1    3    1       525  -12   -5   15   11    2   10  -15   -6   18   14    6    8  -11   -2  -12  -12   -2  -16
    1   11    7    1    2    4    2    1       554   10  -14  -12    6   16   -8   17   -5   19    8   -8   -2    0    4    6   11  -20   20
    1   11    8    1    1    5    1    1       469  -10  -17    0   -7   -3   14   -6    5   -3   11    6    8  -13   11   -9    4   11    2
    1   11    9    1    3    5    3    1       611  -10   -5    6   20   -4    8  -15  -10   14   14    4    7   -6   -8  -13   -5    1  -13
    1   11   10    1    1    2    1    1       541   -4  -11   -1  -10   -7   15   -2    5   -7   11    9    7   -4   11   -6    6    9    0
    1   11   11    1    1    3    2    0       585   -1  -11    2  -11   -4   15   -2    3   -6   20    8    7  -10    6   -8    4    8    3
    1   11   12    1    2    2    2    1       611   11  -14  -12    4   16  -10   15    4   10   13   -8   -2   -2    1    6   11  -16   13
    1   11   13    1    3    4    3    1       748  -10   -3   13   15   -6    7   -9   -9   21   16    5    7   -6   -7   -3  -11    0  -17
    1   11   14    1    2    1    2    1       544   11  -13  -13    2   17  -10   16    6   11   14   -7   -3   10    8    7   12  -13   14
    1   11   15    1    1    1    1    1       940   -3   -8   -1  -10   -8   13   -2    6   -6   12   10   10   -5    8   -8    6   10    0
    1   12    1    1    3    2    3    1       648  -12   -5   14   17   -6    4  -14   -9   15    3    6    9   -8   -9   -2   -4    1  -15
    1   12    2    1    2    1    2    1       624   11  -13  -13    2   17  -10   16    6   11   14   -7   -3   10    8    7   12  -13   14
    1   12    3    1    2    4    2    1       584   10  -14  -12    6   16   -8   17   -5   19    8   -8   -2    0    4    6   11  -20   20
    1   12    4    1    3    4    3    1       690  -10   -3   13   15   -6    7   -9   -9   21   16    5    7   -6   -7   -3  -11    0  -17
    1   12    5    1    3    5    3    1       744  -10   -5    6   20   -4    8  -15  -10   14   14    4    7   -6   -8  -13   -5    1  -13
    1   12    6    1    1    3    1    1       700   -1  -11    2  -11   -4   15   -2    3   -6   20    8    7  -10    6   -8    4    8    3
    1   12    7    1    2    2    2    1       770   11  -14  -12    4   16  -10   15    4   10   13   -8   -2   -2    1    6   11  -16   13
    1   12    8    1    1    5    1    1      1461  -10  -17    0   -7   -3   14   -6    5   -3   11    6    8  -13   11   -9    4   11    2
    1   12    9    1    2    5    2    1       636   11  -15  -12    3   11  -12   18    3    8    7   -6    8   10    5   11   10  -16   11
    1   12   10    1    2    3    2    1       580    9  -11  -12    6   14   -9   12   -6    8   13  -10   -1   18   12    5   10   -9   12
    1   12   11    1    1    4    1    1       623   -2  -10    7   -4    3   14   -2    5   -2   11    3    9  -10   12   -9    6    8    3
    1   12   12    1    1    2    1    1       552   -4  -11   -1  -10   -7   15   -2    5   -7   11    9    7   -4   11   -6    6    9    0
    1   12   13    1    3    3    3    1      1027  -12   -6   12   15   -8    7  -17   -9   17   15    7    7   -8   -6  -11   -8    4  -12
    1   12   14    1    1    1    1    1       603   -3   -8   -1  -10   -8   13   -2    6   -6   12   10   10   -5    8   -8    6   10    0
    1   12   15    1    3    1    3    1       565  -12   -5   15   11    2   10  -15   -6   18   14    6    8  -11   -2  -12  -12   -2  -16
    1   13    1    1    2    2    2    1      1360   11  -14  -12    4   16  -10   15    4   10   13   -8   -2   -2    1    6   11  -16   13
    1   13    2    1    3    4    3    1       811  -10   -3   13   15   -6    7   -9   -9   21   16    5    7   -6   -7   -3  -11    0  -17
    1   13    3    1    1    3    1    1       428   -1  -11    2  -11   -4   15   -2    3   -6   20    8    7  -10    6   -8    4    8    3
    1   13    4    1    1    1    1    1       669   -3   -8   -1  -10   -8   13   -2    6   -6   12   10   10   -5    8   -8    6   10    0
    1   13    5    1    1    4    1    1       484   -2  -10    7   -4    3   14   -2    5   -2   11    3    9  -10   12   -9    6    8    3
    1   13    6    1    2    1    3    0       434   11  -13  -13    2   17  -10   16    6   11   14   -7   -3   10    8    7   12  -13   14
    1   13    7    1    2    3    2    1       690    9  -11  -12    6   14   -9   12   -6    8   13  -10   -1   18   12    5   10   -9   12
    1   13    8    1    3    1    3    1       552  -12   -5   15   11    2   10  -15   -6   18   14    6    8  -11   -2  -12  -12   -2  -16
    1   13    9    1    3    3    3    1       547  -12   -6   12   15   -8    7  -17   -9   17   15    7    7   -8   -6  -11   -8    4  -12
    1   13   10    1    1    2    1    1       528   -4  -11   -1  -10   -7   15   -2    5   -7   11    9    7   -4   11   -6    6    9    0
    1   13   11    1    2    5    2    1       636   11  -15  -12    3   11  -12   18    3    8    7   -6    8   10    5   11   10  -16   11
    1   13   12    1    3    5    3    1       580  -10   -5    6   20   -4    8  -15  -10   14   14    4    7   -6   -8  -13   -5    1  -13
    1   13   13    1    3    2    3    1       591  -12   -5   14   17   -6    4  -14   -9   15    3    6    9   -8   -9   -2   -4    1  -15
    1   13   14    1    2    4    2    1       729   10  -14  -12    6   16   -8   17   -5   19    8   -8   -2    0    4    6   11  -20   20
    1   13   15    1    1    5    1    1       494  -10  -17    0   -7   -3   14   -6    5   -3   11    6    8  -13   11   -9    4   11    2
    1   14    1    1    3    5    3    1       732  -10   -5    6   20   -4    8  -15  -10   14   14    4    7   -6   -8  -13   -5    1  -13
    1   14    2    1    2    3    2    1       640    9  -11  -12    6   14   -9   12   -6    8   13  -10   -1   18   12    5   10   -9   12
    1   14    3    1    1    4    1    1       616   -2  -10    7   -4    3   14   -2    5   -2   11    3    9  -10   12   -9    6    8    3
    1   14    4    1    3    2    3    1       608  -12   -5   14   17   -6    4  -14   -9   15    3    6    9   -8   -9   -2   -4    1  -15
    1   14    5    1    1    5    1    1       570  -10  -17    0   -7   -3   14   -6    5   -3   11    6    8  -13   11   -9    4   11    2
    1   14    6    1    1    3    1    1       645   -1  -11    2  -11   -4   15   -2    3   -6   20    8    7  -10    6   -8    4    8    3
    1   14    7    1    1    2    1    1       813   -4  -11   -1  -10   -7   15   -2    5   -7   11    9    7   -4   11   -6    6    9    0
    1   14    8    1    2    1    2    1       686   11  -13  -13    2   17  -10   16    6   11   14   -7   -3   10    8    7   12  -13   14
    1   14    9    1    3    4    3    1       644  -10   -3   13   15   -6    7   -9   -9   21   16    5    7   -6   -7   -3  -11    0  -17
    1   14   10    1    3    3    3    1       764  -12   -6   12   15   -8    7  -17   -9   17   15    7    7   -8   -6  -11   -8    4  -12
    1   14   11    1    1    1    1    1       624   -3   -8   -1  -10   -8   13   -2    6   -6   12   10   10   -5    8   -8    6   10    0
    1   14   12    1    2    2    2    1       520   11  -14  -12    4   16  -10   15    4   10   13   -8   -2   -2    1    6   11  -16   13
    1   14   13    1    2    5    2    1       901   11  -15  -12    3   11  -12   18    3    8    7   -6    8   10    5   11   10  -16   11
    1   14   14    1    2    4    2    1       850   10  -14  -12    6   16   -8   17   -5   19    8   -8   -2    0    4    6   11  -20   20
    1   14   15    1    3    1    3    1       770  -12   -5   15   11    2   10  -15   -6   18   14    6    8  -11   -2  -12  -12   -2  -16
    1   15    1    1    1    2    1    1       581   -4  -11   -1  -10   -7   15   -2    5   -7   11    9    7   -4   11   -6    6    9    0
    1   15    2    1    3    3    3    1       767  -12   -6   12   15   -8    7  -17   -9   17   15    7    7   -8   -6  -11   -8    4  -12
    1   15    3    1    1    4    1    1       562   -2  -10    7   -4    3   14   -2    5   -2   11    3    9  -10   12   -9    6    8    3
    1   15    4    1    2    3    2    1       893    9  -11  -12    6   14   -9   12   -6    8   13  -10   -1   18   12    5   10   -9   12
    1   15    5    1    2    1    2    1       412   11  -13  -13    2   17  -10   16    6   11   14   -7   -3   10    8    7   12  -13   14
    1   15    6    1    2    4    2    1       397   10  -14  -12    6   16   -8   17   -5   19    8   -8   -2    0    4    6   11  -20   20
    1   15    7    1    3    1    3    1       559  -12   -5   15   11    2   10  -15   -6   18   14    6    8  -11   -2  -12  -12   -2  -16
    1   15    8    1    3    2    3    1      1098  -12   -5   14   17   -6    4  -14   -9   15    3    6    9   -8   -9   -2   -4    1  -15
    1   15    9    1    1    1    1    1       544   -3   -8   -1  -10   -8   13   -2    6   -6   12   10   10   -5    8   -8    6   10    0
    1   15   10    1    1    5    1    1       716  -10  -17    0   -7   -3   14   -6    5   -3   11    6    8  -13   11   -9    4   11    2
    1   15   11    1    3    4    3    1       752  -10   -3   13   15   -6    7   -9   -9   21   16    5    7   -6   -7   -3  -11    0  -17
    1   15   12    1    3    5    3    1       516  -10   -5    6   20   -4    8  -15  -10   14   14    4    7   -6   -8  -13   -5    1  -13
    1   15   13    1    2    2    2    1       593   11  -14  -12    4   16  -10   15    4   10   13   -8   -2   -2    1    6   11  -16   13
    1   15   14    1    1    3    1    1       538   -1  -11    2  -11   -4   15   -2    3   -6   20    8    7  -10    6   -8    4    8    3
    1   15   15    1    2    5    2    1       935   11  -15  -12    3   11  -12   18    3    8    7   -6    8   10    5   11   10  -16   11
    2    1    1    6    0    0    2    1      2007    1  -11   14   10   15   -6   -9   -4    3    2  -12  -10   -8    1    2   -1   -3    3
    2    1    2    4    1    1    1    0      1864   -2   -9    3   -7    3   19   -2    5   -2   11    6    8  -11   10   -8    5    8    2
    2    1    3    1    3    4    1    1      1183  -10   -3   13   15   -6    7   -9   -9   21   16    5    7   -6   -7   -3  -11    0  -17
    2    1    4    4    1    2    2    1      1697   -5  -11   -2  -13   -5   17   -2    5    0    8    8    6  -13    9   -5    4    9    1
    2    1    5    4    1    5    2    1      2047   -8  -12   -7  -20   -3   15   -1    3   -5   10    7    6   -9    8   -7    4   10    3
    2    1    6    6    0    0    2    1      1104    4   -5    9    5   18   -2   10    9    8   -2  -15   11  -10   -7   -2  -12   -5    1
    2    1    7    4    2    5    2    1      1109    9  -12  -11    4    7   -1   16    5    9   14   -8   -4    8    8    6   11  -13    5
    2    1    8    4    2    4    1    0       778   11  -13  -14    4   17   -9   18    6    8   14   -9   -1    7    7   11   11  -15   13
    2    1    9    1    1    2    1    1       925   -4  -11   -1  -10   -7   15   -2    5   -7   11    9    7   -4   11   -6    6    9    0
    2    1   10    1    1    1    1    1       954   -3   -8   -1  -10   -8   13   -2    6   -6   12   10   10   -5    8   -8    6   10    0
    2    1   11    6    0    0    2    1       757    8   -6    0    7   12   -7  -13    4    0   -4    2   -3   14   -3   -9    1   -2  -14
    2    1   12    1    2    3    1    1       649    9  -11  -12    6   14   -9   12   -6    8   13  -10   -1   18   12    5   10   -9   12
    2    1   13    1    2    4    1    1       832   10  -14  -12    6   16   -8   17   -5   19    8   -8   -2    0    4    6   11  -20   20
    2    1   14    4    3    2    2    1       672   -6   -9   10    9   -4    8  -15   -7   16   11    7    9  -15  -16  -11   -8   -1  -13
    2    1   15    1    3    2    1    1      3255  -12   -5   14   17   -6    4  -14   -9   15    3    6    9   -8   -9   -2   -4    1  -15
    2    1   16    4    1    4    1    0      1446   -5  -10   -3  -11   -4   17   -6    0   -8   14    0    8  -13   10   -7    3   11    0
    2    1   17    1    3    5    1    1       718  -10   -5    6   20   -4    8  -15  -10   14   14    4    7   -6   -8  -13   -5    1  -13
    2    1   18    2    2    0    1    0       579   10  -13  -13    4   16   -9   16    4   10   12   -9   -2    8    7    7   11  -14   14
    2    1   19    4    2    1    1    0       606   11  -11  -12    3   15   -9   19    0    8   10   -7   -1    7    7    6   13  -12   16
    2    1   20    6    0    0    2    1       679    5   -7    8    6   15   -3   12    7    7    0  -14   12  -10   -9    6  -10   -6    0
    2    1   21    1    1    5    1    1      1502  -10  -17    0   -7   -3   14   -6    5   -3   11    6    8  -13   11   -9    4   11    2
    2    1   22    4    3    1    2    1      3779  -10   -7   12   17   -8    4  -16   -7   18   10   -2   16  -10  -10  -13   -8   -3  -12
    2    1   23    1    2    2    1    1       846   11  -14  -12    4   16  -10   15    4   10   13   -8   -2   -2    1    6   11  -16   13
    2    1   24    4    3    3    1    0      2558  -13   -4   17   16   -6    4  -15   -6   15   11   15    4   -9   -7   -8  -11    0  -17
    2    1   25    4    2    3    1    0       633    9  -13  -14    5   18  -11   23   -2   10   14  -11   -3    8    6    6   10  -14   10
    2    1   26    1    3    3    1    1       674  -12   -6   12   15   -8    7  -17   -9   17   15    7    7   -8   -6  -11   -8    4  -12
    2    1   27    1    1    3    2    0      1560   -1  -11    2  -11   -4   15   -2    3   -6   20    8    7  -10    6   -8    4    8    3
    2    1   28    1    2    1    1    1       748   11  -13  -13    2   17  -10   16    6   11   14   -7   -3   10    8    7   12  -13   14
    2    1   29    4    3    4    2    1       767  -12   -1   14   14   -4    6  -10   -6   15   12    5    7   -8   -8  -14    3    7  -22
    2    1   30    6    0    0    2    1       722    3  -11   11   12   15   -6   -7   -4    3    4  -14  -12   -9    2    1    1  -12    4
    2    1   31    1    2    5    1    1      1591   11  -15  -12    3   11  -12   18    3    8    7   -6    8   10    5   11   10  -16   11
    2    1   32    1    3    1    1    1      1129  -12   -5   15   11    2   10  -15   -6   18   14    6    8  -11   -2  -12  -12   -2  -16
    2    1   33    4    3    5    2    1       973  -11   -4   23   14   -4    4  -16   -8   15   10    5    9   -5   -9  -11   -7    1  -16
    2    1   34    1    1    4    1    1      1240   -2  -10    7   -4    3   14   -2    5   -2   11    3    9  -10   12   -9    6    8    3
    2    1   35    2    3    0    1    0       792  -12   -4   14   15   -6    6  -15   -8   16   12    5    8   -7   -7  -12   -7    0  -15
    2    1   36    2    1    0    1    0      1306   -3  -10   -1  -11   -5   15   -2    4   -4   10    7    7  -11    9   -7    5   10    1
    2    1   37    6    0    0    2    1       664    6   -6   -1    9   13   -1  -15   11    3  -12   -3    8   10   -9  -21   13   -2  -15
    2    1   38    4    2    2    2    1      1167   11  -14  -12    3   14  -10   15    4   11   11  -10   -4    9    9    0   14  -15    9
    2    1   39    4    1    3    2    1      1250   -6  -10   -3  -13   -4   14   -2    3    0   12    5    6  -13   14   -8    6    8    0
