    1    1    1    1    3    5    1    0     22107   -3   -5   -3   -2  -13  -13    8    8    9   -9  -14   10   -8    7  -10    6   -3    2
    1    1    2    1    3    2    3    1      2848   -1   -5    0   -8   -6  -19    7    6   11  -12  -10    8  -12   10   -3    5  -13   -1
    1    1    3    1    1    1    2    0      1896    5   17   -5   -8   -5  -14  -11    2   -2  -14    6    5   -1   13  -12   -1   -5    7
    1    1    4    1    2    5    1    0      4014    1   16   -2    9   -4   -2  -15  -10  -10   11   -4    4   22  -20  -12   -7  -18   -3
    1    1    5    1    1    2    2    0      4296    8   16   -2   -7   -7  -11  -12    4    0  -15    4    4    0   13   -9    4   -3    7
    1    1    6    1    2    4    1    0      4782   -6   11    5    3   -2    0  -14  -13   -9   12   -4    3   13  -13  -14   -8   -5   -8
    1    1    7    1    3    3    3    1      2081   -2   -5   -3   -8  -11  -10    9    7    9  -10  -13    7  -11    3   -9    5   -9   -2
    1    1    8    1    2    3    1    0      2304   10   12   -2    6    0   -2  -16  -15   -8    8    1    9   17  -11  -16   -5  -18  -17
    1    1    9    1    1    4    1    1      1678    9   19   -4   -8   -9  -14  -11    2    0  -14    3    6   -2   12  -15   -1   -5    9
    1    1   10    1    1    5    2    0      1613   12   18   -4   -5   -6  -11  -20   -8   -1  -13    6    7  -11    2  -13    0   -1   15
    1    1   11    1    2    1    3    0      1342    7   15   -4    5    2    2  -13  -11   -8   15   -6    6   14  -10  -14   -9   -7   -5
    1    1   12    1    3    1    3    1      2915    0   -8   -4   -6  -13  -14    8    5   19   -9  -13    8  -12    5   -7    9  -13   -4
    1    1   13    1    3    4    3    1       784    0   -4    2    1  -11  -15    8    6   12  -11  -11    8  -14    5   -7    6   -9   -2
    1    1   14    1    1    3    2    0      1274    6   15   -6   -7   -8  -10  -12    2   -2  -13    4    4    1    3  -12   -3   -6   10
    1    1   15    1    2    2    3    0      1121    2   16   -1    9   -3    1  -17  -17   -4    4   -7    4   14  -13  -21   -4   -5   -2
    1    2    1    1    1    1    1    1      1766    5   17   -5   -8   -5  -14  -11    2   -2  -14    6    5   -1   13  -12   -1   -5    7
    1    2    2    1    1    2    3    0      2545    8   16   -2   -7   -7  -11  -12    4    0  -15    4    4    0   13   -9    4   -3    7
    1    2    3    1    3    2    2    0      1142   -1   -5    0   -8   -6  -19    7    6   11  -12  -10    8  -12   10   -3    5  -13   -1
    1    2    4    1    2    2    2    1      1474    2   16   -1    9   -3    1  -17  -17   -4    4   -7    4   14  -13  -21   -4   -5   -2
    1    2    5    1    2    4    2    1      1857   -6   11    5    3   -2    0  -14  -13   -9   12   -4    3   13  -13  -14   -8   -5   -8
    1    2    6    1    3    4    3    1      1193    0   -4    2    1  -11  -15    8    6   12  -11  -11    8  -14    5   -7    6   -9   -2
    1    2    7    1    1    4    3    0      1187    9   19   -4   -8   -9  -14  -11    2    0  -14    3    6   -2   12  -15   -1   -5    9
    1    2    8    1    3    3    3    1      1414   -2   -5   -3   -8  -11  -10    9    7    9  -10  -13    7  -11    3   -9    5   -9   -2
    1    2    9    1    1    5    2    0      1495   12   18   -4   -5   -6  -11  -20   -8   -1  -13    6    7  -11    2  -13    0   -1   15
    1    2   10    1    2    5    2    1      2285    1   16   -2    9   -4   -2  -15  -10  -10   11   -4    4   22  -20  -12   -7  -18   -3
    1    2   11    1    2    1    2    1      1124    7   15   -4    5    2    2  -13  -11   -8   15   -6    6   14  -10  -14   -9   -7   -5
    1    2   12    1    1    3    1    1      5833    6   15   -6   -7   -8  -10  -12    2   -2  -13    4    4    1    3  -12   -3   -6   10
    1    2   13    1    3    1    3    1      1010    0   -8   -4   -6  -13  -14    8    5   19   -9  -13    8  -12    5   -7    9  -13   -4
    1    2   14    1    2    3    2    1       947   10   12   -2    6    0   -2  -16  -15   -8    8    1    9   17  -11  -16   -5  -18  -17
    1    2   15    1    3    5    3    1      1047   -3   -5   -3   -2  -13  -13    8    8    9   -9  -14   10   -8    7  -10    6   -3    2
    1    3    1    1    3    1    3    1       711    0   -8   -4   -6  -13  -14    8    5   19   -9  -13    8  -12    5   -7    9  -13   -4
    1    3    2    1    2    3    2    1      1004   10   12   -2    6    0   -2  -16  -15   -8    8    1    9   17  -11  -16   -5  -18  -17
    1    3    3    1    1    1    1    1      1262    5   17   -5   -8   -5  -14  -11    2   -2  -14    6    5   -1   13  -12   -1   -5    7
    1    3    4    1    1    2    3    0      1622    8   16   -2   -7   -7  -11  -12    4    0  -15    4    4    0   13   -9    4   -3    7
    1    3    5    1    2    4    2    1      1471   -6   11    5    3   -2    0  -14  -13   -9   12   -4    3   13  -13  -14   -8   -5   -8
    1    3    6    1    3    4    3    1       734    0   -4    2    1  -11  -15    8    6   12  -11  -11    8  -14    5   -7    6   -9   -2
    1    3    7    1    3    5    3    1       707   -3   -5   -3   -2  -13  -13    8    8    9   -9  -14   10   -8    7  -10    6   -3    2
    1    3    8    1    2    2    2    1      1592    2   16   -1    9   -3    1  -17  -17   -4    4   -7    4   14  -13  -21   -4   -5   -2
    1    3    9    1    1    3    1    1      1402    6   15   -6   -7   -8  -10  -12    2   -2  -13    4    4    1    3  -12   -3   -6   10
    1    3   10    1    2    1    3    0      3860    7   15   -4    5    2    2  -13  -11   -8   15   -6    6   14  -10  -14   -9   -7   -5
    1    3   11    1    1    5    2    0      1188   12   18   -4   -5   -6  -11  -20   -8   -1  -13    6    7  -11    2  -13    0   -1   15
    1    3   12    1    1    4    3    0       790    9   19   -4   -8   -9  -14  -11    2    0  -14    3    6   -2   12  -15   -1   -5    9
    1    3   13    1    3    2    3    1       608   -1   -5    0   -8   -6  -19    7    6   11  -12  -10    8  -12   10   -3    5  -13   -1
    1    3   14    1    3    3    3    1       666   -2   -5   -3   -8  -11  -10    9    7    9  -10  -13    7  -11    3   -9    5   -9   -2
    1    3   15    1    2    5    2    1      1193    1   16   -2    9   -4   -2  -15  -10  -10   11   -4    4   22  -20  -12   -7  -18   -3
    1    4    1    1    1    2    2    0      1979    8   16   -2   -7   -7  -11  -12    4    0  -15    4    4    0   13   -9    4   -3    7
    1    4    2    1    1    4    3    0      1095    9   19   -4   -8   -9  -14  -11    2    0  -14    3    6   -2   12  -15   -1   -5    9
    1    4    3    1    3    1    3    1      1341    0   -8   -4   -6  -13  -14    8    5   19   -9  -13    8  -12    5   -7    9  -13   -4
    1    4    4    1    2    5    1    0      1593    1   16   -2    9   -4   -2  -15  -10  -10   11   -4    4   22  -20  -12   -7  -18   -3
    1    4    5    1    1    3    1    1      2612    6   15   -6   -7   -8  -10  -12    2   -2  -13    4    4    1    3  -12   -3   -6   10
    1    4    6    1    2    2    2    1      1566    2   16   -1    9   -3    1  -17  -17   -4    4   -7    4   14  -13  -21   -4   -5   -2
    1    4    7    1    2    1    2    1      1617    7   15   -4    5    2    2  -13  -11   -8   15   -6    6   14  -10  -14   -9   -7   -5
    1    4    8    1    3    3    3    1       746   -2   -5   -3   -8  -11  -10    9    7    9  -10  -13    7  -11    3   -9    5   -9   -2
    1    4    9    1    2    4    1    0      3086   -6   11    5    3   -2    0  -14  -13   -9   12   -4    3   13  -13  -14   -8   -5   -8
    1    4   10    1    3    2    3    1       909   -1   -5    0   -8   -6  -19    7    6   11  -12  -10    8  -12   10   -3    5  -13   -1
    1    4   11    1    1    1    2    0      3066    5   17   -5   -8   -5  -14  -11    2   -2  -14    6    5   -1   13  -12   -1   -5    7
    1    4   12    1    1    5    2    0       970   12   18   -4   -5   -6  -11  -20   -8   -1  -13    6    7  -11    2  -13    0   -1   15
    1    4   13    1    3    5    3    1       845   -3   -5   -3   -2  -13  -13    8    8    9   -9  -14   10   -8    7  -10    6   -3    2
    1    4   14    1    3    4    2    0      1389    0   -4    2    1  -11  -15    8    6   12  -11  -11    8  -14    5   -7    6   -9   -2
    1    4   15    1    2    3    2    1      1471   10   12   -2    6    0   -2  -16  -15   -8    8    1    9   17  -11  -16   -5  -18  -17
    1    5    1    1    2    4    1    0      1662   -6   11    5    3   -2    0  -14  -13   -9   12   -4    3   13  -13  -14   -8   -5   -8
    1    5    2    1    3    4    2    0      1326    0   -4    2    1  -11  -15    8    6   12  -11  -11    8  -14    5   -7    6   -9   -2
    1    5    3    1    2    2    2    1      1339    2   16   -1    9   -3    1  -17  -17   -4    4   -7    4   14  -13  -21   -4   -5   -2
    1    5    4    1    3    1    3    1       568    0   -8   -4   -6  -13  -14    8    5   19   -9  -13    8  -12    5   -7    9  -13   -4
    1    5    5    1    1    2    2    0      2195    8   16   -2   -7   -7  -11  -12    4    0  -15    4    4    0   13   -9    4   -3    7
    1    5    6    1    1    4    1    1       933    9   19   -4   -8   -9  -14  -11    2    0  -14    3    6   -2   12  -15   -1   -5    9
    1    5    7    1    1    5    1    1      2105   12   18   -4   -5   -6  -11  -20   -8   -1  -13    6    7  -11    2  -13    0   -1   15
    1    5    8    1    3    5    3    1       975   -3   -5   -3   -2  -13  -13    8    8    9   -9  -14   10   -8    7  -10    6   -3    2
    1    5    9    1    2    5    3    0      1138    1   16   -2    9   -4   -2  -15  -10  -10   11   -4    4   22  -20  -12   -7  -18   -3
    1    5   10    1    2    3    2    1      1470   10   12   -2    6    0   -2  -16  -15   -8    8    1    9   17  -11  -16   -5  -18  -17
    1    5   11    1    1    3    2    0       918    6   15   -6   -7   -8  -10  -12    2   -2  -13    4    4    1    3  -12   -3   -6   10
    1    5   12    1    3    3    3    1       826   -2   -5   -3   -8  -11  -10    9    7    9  -10  -13    7  -11    3   -9    5   -9   -2
    1    5   13    1    3    2    3    1       868   -1   -5    0   -8   -6  -19    7    6   11  -12  -10    8  -12   10   -3    5  -13   -1
    1    5   14    1    1    1    1    1      2323    5   17   -5   -8   -5  -14  -11    2   -2  -14    6    5   -1   13  -12   -1   -5    7
    1    5   15    1    2    1    1    0       784    7   15   -4    5    2    2  -13  -11   -8   15   -6    6   14  -10  -14   -9   -7   -5
    1    6    1    1    3    2    3    1      1242   -1   -5    0   -8   -6  -19    7    6   11  -12  -10    8  -12   10   -3    5  -13   -1
    1    6    2    1    2    2    2    1      1082    2   16   -1    9   -3    1  -17  -17   -4    4   -7    4   14  -13  -21   -4   -5   -2
    1    6    3    1    2    1    2    1      2161    7   15   -4    5    2    2  -13  -11   -8   15   -6    6   14  -10  -14   -9   -7   -5
    1    6    4    1    3    5    3    1       748   -3   -5   -3   -2  -13  -13    8    8    9   -9  -14   10   -8    7  -10    6   -3    2
    1    6    5    1    3    1    3    1       552    0   -8   -4   -6  -13  -14    8    5   19   -9  -13    8  -12    5   -7    9  -13   -4
    1    6    6    1    1    1    1    1      1956    5   17   -5   -8   -5  -14  -11    2   -2  -14    6    5   -1   13  -12   -1   -5    7
    1    6    7    1    1    2    2    0      1975    8   16   -2   -7   -7  -11  -12    4    0  -15    4    4    0   13   -9    4   -3    7
    1    6    8    1    1    3    2    0      1547    6   15   -6   -7   -8  -10  -12    2   -2  -13    4    4    1    3  -12   -3   -6   10
    1    6    9    1    1    5    1    1       863   12   18   -4   -5   -6  -11  -20   -8   -1  -13    6    7  -11    2  -13    0   -1   15
    1    6   10    1    2    3    1    0      1726   10   12   -2    6    0   -2  -16  -15   -8    8    1    9   17  -11  -16   -5  -18  -17
    1    6   11    1    2    5    2    1      2051    1   16   -2    9   -4   -2  -15  -10  -10   11   -4    4   22  -20  -12   -7  -18   -3
    1    6   12    1    2    4    2    1       827   -6   11    5    3   -2    0  -14  -13   -9   12   -4    3   13  -13  -14   -8   -5   -8
    1    6   13    1    1    4    2    0       836    9   19   -4   -8   -9  -14  -11    2    0  -14    3    6   -2   12  -15   -1   -5    9
    1    6   14    1    3    3    3    1       684   -2   -5   -3   -8  -11  -10    9    7    9  -10  -13    7  -11    3   -9    5   -9   -2
    1    6   15    1    3    4    3    1      1771    0   -4    2    1  -11  -15    8    6   12  -11  -11    8  -14    5   -7    6   -9   -2
    1    7    1    1    3    1    3    1       486    0   -8   -4   -6  -13  -14    8    5   19   -9  -13    8  -12    5   -7    9  -13   -4
    1    7    2    1    1    4    3    0      1076    9   19   -4   -8   -9  -14  -11    2    0  -14    3    6   -2   12  -15   -1   -5    9
    1    7    3    1    1    3    2    0      1379    6   15   -6   -7   -8  -10  -12    2   -2  -13    4    4    1    3  -12   -3   -6   10
    1    7    4    1    3    3    3    1       862   -2   -5   -3   -8  -11  -10    9    7    9  -10  -13    7  -11    3   -9    5   -9   -2
    1    7    5    1    2    1    3    0      3805    7   15   -4    5    2    2  -13  -11   -8   15   -6    6   14  -10  -14   -9   -7   -5
    1    7    6    1    3    2    3    1       672   -1   -5    0   -8   -6  -19    7    6   11  -12  -10    8  -12   10   -3    5  -13   -1
    1    7    7    1    1    1    1    1      1718    5   17   -5   -8   -5  -14  -11    2   -2  -14    6    5   -1   13  -12   -1   -5    7
    1    7    8    1    2    4    2    1      1292   -6   11    5    3   -2    0  -14  -13   -9   12   -4    3   13  -13  -14   -8   -5   -8
    1    7    9    1    3    5    3    1       706   -3   -5   -3   -2  -13  -13    8    8    9   -9  -14   10   -8    7  -10    6   -3    2
    1    7   10    1    3    4    3    1       616    0   -4    2    1  -11  -15    8    6   12  -11  -11    8  -14    5   -7    6   -9   -2
    1    7   11    1    1    2    2    0      1440    8   16   -2   -7   -7  -11  -12    4    0  -15    4    4    0   13   -9    4   -3    7
    1    7   12    1    2    5    1    0      3729    1   16   -2    9   -4   -2  -15  -10  -10   11   -4    4   22  -20  -12   -7  -18   -3
    1    7   13    1    2    3    2    1       886   10   12   -2    6    0   -2  -16  -15   -8    8    1    9   17  -11  -16   -5  -18  -17
    1    7   14    1    1    5    2    0      1796   12   18   -4   -5   -6  -11  -20   -8   -1  -13    6    7  -11    2  -13    0   -1   15
    1    7   15    1    2    2    1    0      1062    2   16   -1    9   -3    1  -17  -17   -4    4   -7    4   14  -13  -21   -4   -5   -2
    1    8    1    1    3    2    3    1       990   -1   -5    0   -8   -6  -19    7    6   11  -12  -10    8  -12   10   -3    5  -13   -1
    1    8    2    1    1    1    1    1      1256    5   17   -5   -8   -5  -14  -11    2   -2  -14    6    5   -1   13  -12   -1   -5    7
    1    8    3    1    2    3    1    0       856   10   12   -2    6    0   -2  -16  -15   -8    8    1    9   17  -11  -16   -5  -18  -17
    1    8    4    1    2    2    1    0      1944    2   16   -1    9   -3    1  -17  -17   -4    4   -7    4   14  -13  -21   -4   -5   -2
    1    8    5    1    1    2    3    0      1940    8   16   -2   -7   -7  -11  -12    4    0  -15    4    4    0   13   -9    4   -3    7
    1    8    6    1    2    5    1    0      1768    1   16   -2    9   -4   -2  -15  -10  -10   11   -4    4   22  -20  -12   -7  -18   -3
    1    8    7    1    2    4    2    1      2116   -6   11    5    3   -2    0  -14  -13   -9   12   -4    3   13  -13  -14   -8   -5   -8
    1    8    8    1    1    4    1    1      2705    9   19   -4   -8   -9  -14  -11    2    0  -14    3    6   -2   12  -15   -1   -5    9
    1    8    9    1    1    3    2    0      2327    6   15   -6   -7   -8  -10  -12    2   -2  -13    4    4    1    3  -12   -3   -6   10
    1    8   10    1    1    5    1    1      2420   12   18   -4   -5   -6  -11  -20   -8   -1  -13    6    7  -11    2  -13    0   -1   15
    1    8   11    1    3    4    3    1       845    0   -4    2    1  -11  -15    8    6   12  -11  -11    8  -14    5   -7    6   -9   -2
    1    8   12    1    3    5    3    1       750   -3   -5   -3   -2  -13  -13    8    8    9   -9  -14   10   -8    7  -10    6   -3    2
    1    8   13    1    3    1    2    0      1449    0   -8   -4   -6  -13  -14    8    5   19   -9  -13    8  -12    5   -7    9  -13   -4
    1    8   14    1    3    3    3    1       825   -2   -5   -3   -8  -11  -10    9    7    9  -10  -13    7  -11    3   -9    5   -9   -2
    1    8   15    1    2    1    2    1      1346    7   15   -4    5    2    2  -13  -11   -8   15   -6    6   14  -10  -14   -9   -7   -5
    1    9    1    1    2    5    2    1      2454    1   16   -2    9   -4   -2  -15  -10  -10   11   -4    4   22  -20  -12   -7  -18   -3
    1    9    2    1    3    5    3    1       750   -3   -5   -3   -2  -13  -13    8    8    9   -9  -14   10   -8    7  -10    6   -3    2
    1    9    3    1    2    4    1    0      1626   -6   11    5    3   -2    0  -14  -13   -9   12   -4    3   13  -13  -14   -8   -5   -8
    1    9    4    1    1    2    2    0      1707    8   16   -2   -7   -7  -11  -12    4    0  -15    4    4    0   13   -9    4   -3    7
    1    9    5    1    2    2    2    1      2953    2   16   -1    9   -3    1  -17  -17   -4    4   -7    4   14  -13  -21   -4   -5   -2
    1    9    6    1    2    3    2    1      2005   10   12   -2    6    0   -2  -16  -15   -8    8    1    9   17  -11  -16   -5  -18  -17
    1    9    7    1    2    1    2    1       934    7   15   -4    5    2    2  -13  -11   -8   15   -6    6   14  -10  -14   -9   -7   -5
    1    9    8    1    3    1    3    1      1307    0   -8   -4   -6  -13  -14    8    5   19   -9  -13    8  -12    5   -7    9  -13   -4
    1    9    9    1    3    3    3    1       544   -2   -5   -3   -8  -11  -10    9    7    9  -10  -13    7  -11    3   -9    5   -9   -2
    1    9   10    1    3    2    3    1       453   -1   -5    0   -8   -6  -19    7    6   11  -12  -10    8  -12   10   -3    5  -13   -1
    1    9   11    1    3    4    3    1       372    0   -4    2    1  -11  -15    8    6   12  -11  -11    8  -14    5   -7    6   -9   -2
    1    9   12    1    1    5    2    0      2815   12   18   -4   -5   -6  -11  -20   -8   -1  -13    6    7  -11    2  -13    0   -1   15
    1    9   13    1    1    1    1    1      1256    5   17   -5   -8   -5  -14  -11    2   -2  -14    6    5   -1   13  -12   -1   -5    7
    1    9   14    1    1    4    1    1      1272    9   19   -4   -8   -9  -14  -11    2    0  -14    3    6   -2   12  -15   -1   -5    9
    1    9   15    1    1    3    2    0      1735    6   15   -6   -7   -8  -10  -12    2   -2  -13    4    4    1    3  -12   -3   -6   10
    1   10    1    1    1    2    2    0      1252    8   16   -2   -7   -7  -11  -12    4    0  -15    4    4    0   13   -9    4   -3    7
    1   10    2    1    2    3    2    1       915   10   12   -2    6    0   -2  -16  -15   -8    8    1    9   17  -11  -16   -5  -18  -17
    1   10    3    1    1    5    2    0       664   12   18   -4   -5   -6  -11  -20   -8   -1  -13    6    7  -11    2  -13    0   -1   15
    1   10    4    1    3    5    3    1       999   -3   -5   -3   -2  -13  -13    8    8    9   -9  -14   10   -8    7  -10    6   -3    2
    1   10    5    1    3    4    3    1       625    0   -4    2    1  -11  -15    8    6   12  -11  -11    8  -14    5   -7    6   -9   -2
    1   10    6    1    3    1    3    1       554    0   -8   -4   -6  -13  -14    8    5   19   -9  -13    8  -12    5   -7    9  -13   -4
    1   10    7    1    2    2    3    0       821    2   16   -1    9   -3    1  -17  -17   -4    4   -7    4   14  -13  -21   -4   -5   -2
    1   10    8    1    2    4    1    0      7638   -6   11    5    3   -2    0  -14  -13   -9   12   -4    3   13  -13  -14   -8   -5   -8
    1   10    9    1    2    5    2    1      3360    1   16   -2    9   -4   -2  -15  -10  -10   11   -4    4   22  -20  -12   -7  -18   -3
    1   10   10    1    1    3    2    0      2876    6   15   -6   -7   -8  -10  -12    2   -2  -13    4    4    1    3  -12   -3   -6   10
    1   10   11    1    3    2    3    1       651   -1   -5    0   -8   -6  -19    7    6   11  -12  -10    8  -12   10   -3    5  -13   -1
    1   10   12    1    1    4    3    0       994    9   19   -4   -8   -9  -14  -11    2    0  -14    3    6   -2   12  -15   -1   -5    9
    1   10   13    1    1    1    2    0       829    5   17   -5   -8   -5  -14  -11    2   -2  -14    6    5   -1   13  -12   -1   -5    7
    1   10   14    1    3    3    3    1       654   -2   -5   -3   -8  -11  -10    9    7    9  -10  -13    7  -11    3   -9    5   -9   -2
    1   10   15    1    2    1    2    1      2333    7   15   -4    5    2    2  -13  -11   -8   15   -6    6   14  -10  -14   -9   -7   -5
    1   11    1    1    2    1    2    1       586    7   15   -4    5    2    2  -13  -11   -8   15   -6    6   14  -10  -14   -9   -7   -5
    1   11    2    1    2    4    2    1       980   -6   11    5    3   -2    0  -14  -13   -9   12   -4    3   13  -13  -14   -8   -5   -8
    1   11    3    1    3    4    3    1      1326    0   -4    2    1  -11  -15    8    6   12  -11  -11    8  -14    5   -7    6   -9   -2
    1   11    4    1    2    2    2    1      2604    2   16   -1    9   -3    1  -17  -17   -4    4   -7    4   14  -13  -21   -4   -5   -2
    1   11    5    1    3    3    3    1       605   -2   -5   -3   -8  -11  -10    9    7    9  -10  -13    7  -11    3   -9    5   -9   -2
    1   11    6    1    3    5    3    1       855   -3   -5   -3   -2  -13  -13    8    8    9   -9  -14   10   -8    7  -10    6   -3    2
    1   11    7    1    1    1    2    0      1351    5   17   -5   -8   -5  -14  -11    2   -2  -14    6    5   -1   13  -12   -1   -5    7
    1   11    8    1    2    3    1    0       898   10   12   -2    6    0   -2  -16  -15   -8    8    1    9   17  -11  -16   -5  -18  -17
    1   11    9    1    1    3    2    0      1368    6   15   -6   -7   -8  -10  -12    2   -2  -13    4    4    1    3  -12   -3   -6   10
    1   11   10    1    1    4    2    0      1499    9   19   -4   -8   -9  -14  -11    2    0  -14    3    6   -2   12  -15   -1   -5    9
    1   11   11    1    3    2    3    1       769   -1   -5    0   -8   -6  -19    7    6   11  -12  -10    8  -12   10   -3    5  -13   -1
    1   11   12    1    1    5    2    0      3148   12   18   -4   -5   -6  -11  -20   -8   -1  -13    6    7  -11    2  -13    0   -1   15
    1   11   13    1    1    2    2    0      1207    8   16   -2   -7   -7  -11  -12    4    0  -15    4    4    0   13   -9    4   -3    7
    1   11   14    1    3    1    3    1       865    0   -8   -4   -6  -13  -14    8    5   19   -9  -13    8  -12    5   -7    9  -13   -4
    1   11   15    1    2    5    1    0      1440    1   16   -2    9   -4   -2  -15  -10  -10   11   -4    4   22  -20  -12   -7  -18   -3
    1   12    1    1    3    1    3    1       857    0   -8   -4   -6  -13  -14    8    5   19   -9  -13    8  -12    5   -7    9  -13   -4
    1   12    2    1    2    5    2    1      1208    1   16   -2    9   -4   -2  -15  -10  -10   11   -4    4   22  -20  -12   -7  -18   -3
    1   12    3    1    1    1    1    1      1322    5   17   -5   -8   -5  -14  -11    2   -2  -14    6    5   -1   13  -12   -1   -5    7
    1   12    4    1    3    3    3    1       567   -2   -5   -3   -8  -11  -10    9    7    9  -10  -13    7  -11    3   -9    5   -9   -2
    1   12    5    1    1    5    1    1       778   12   18   -4   -5   -6  -11  -20   -8   -1  -13    6    7  -11    2  -13    0   -1   15
    1   12    6    1    1    3    2    0      1157    6   15   -6   -7   -8  -10  -12    2   -2  -13    4    4    1    3  -12   -3   -6   10
    1   12    7    1    2    2    2    1      1321    2   16   -1    9   -3    1  -17  -17   -4    4   -7    4   14  -13  -21   -4   -5   -2
    1   12    8    1    2    3    2    1      7614   10   12   -2    6    0   -2  -16  -15   -8    8    1    9   17  -11  -16   -5  -18  -17
    1   12    9    1    3    4    3    1       688    0   -4    2    1  -11  -15    8    6   12  -11  -11    8  -14    5   -7    6   -9   -2
    1   12   10    1    1    2    3    0      2262    8   16   -2   -7   -7  -11  -12    4    0  -15    4    4    0   13   -9    4   -3    7
    1   12   11    1    2    1    2    1      1638    7   15   -4    5    2    2  -13  -11   -8   15   -6    6   14  -10  -14   -9   -7   -5
    1   12   12    1    1    4    2    0      1270    9   19   -4   -8   -9  -14  -11    2    0  -14    3    6   -2   12  -15   -1   -5    9
    1   12   13    1    3    2    3    1      1189   -1   -5    0   -8   -6  -19    7    6   11  -12  -10    8  -12   10   -3    5  -13   -1
    1   12   14    1    3    5    3    1      1648   -3   -5   -3   -2  -13  -13    8    8    9   -9  -14   10   -8    7  -10    6   -3    2
    1   12   15    1    2    4    2    1      1415   -6   11    5    3   -2    0  -14  -13   -9   12   -4    3   13  -13  -14   -8   -5   -8
    1   13    1    1    3    2    3    1       680   -1   -5    0   -8   -6  -19    7    6   11  -12  -10    8  -12   10   -3    5  -13   -1
    1   13    2    1    2    3    2    1      1871   10   12   -2    6    0   -2  -16  -15   -8    8    1    9   17  -11  -16   -5  -18  -17
    1   13    3    1    3    5    3    1       582   -3   -5   -3   -2  -13  -13    8    8    9   -9  -14   10   -8    7  -10    6   -3    2
    1   13    4    1    2    5    2    1      1024    1   16   -2    9   -4   -2  -15  -10  -10   11   -4    4   22  -20  -12   -7  -18   -3
    1   13    5    1    3    4    3    1       833    0   -4    2    1  -11  -15    8    6   12  -11  -11    8  -14    5   -7    6   -9   -2
    1   13    6    1    1    2    2    0      1161    8   16   -2   -7   -7  -11  -12    4    0  -15    4    4    0   13   -9    4   -3    7
    1   13    7    1    1    4    1    1      1061    9   19   -4   -8   -9  -14  -11    2    0  -14    3    6   -2   12  -15   -1   -5    9
    1   13    8    1    1    3    1    1       965    6   15   -6   -7   -8  -10  -12    2   -2  -13    4    4    1    3  -12   -3   -6   10
    1   13    9    1    3    3    3    1       816   -2   -5   -3   -8  -11  -10    9    7    9  -10  -13    7  -11    3   -9    5   -9   -2
    1   13   10    1    2    4    1    0      1161   -6   11    5    3   -2    0  -14  -13   -9   12   -4    3   13  -13  -14   -8   -5   -8
    1   13   11    1    1    1    2    0       820    5   17   -5   -8   -5  -14  -11    2   -2  -14    6    5   -1   13  -12   -1   -5    7
    1   13   12    1    1    5    1    1       781   12   18   -4   -5   -6  -11  -20   -8   -1  -13    6    7  -11    2  -13    0   -1   15
    1   13   13    1    3    1    3    1       583    0   -8   -4   -6  -13  -14    8    5   19   -9  -13    8  -12    5   -7    9  -13   -4
    1   13   14    1    2    2    2    1      1338    2   16   -1    9   -3    1  -17  -17   -4    4   -7    4   14  -13  -21   -4   -5   -2
    1   13   15    1    2    1    1    0      1278    7   15   -4    5    2    2  -13  -11   -8   15   -6    6   14  -10  -14   -9   -7   -5
    1   14    1    1    1    2    2    0       901    8   16   -2   -7   -7  -11  -12    4    0  -15    4    4    0   13   -9    4   -3    7
    1   14    2    1    3    1    3    1       699    0   -8   -4   -6  -13  -14    8    5   19   -9  -13    8  -12    5   -7    9  -13   -4
    1   14    3    1    2    1    2    1      1049    7   15   -4    5    2    2  -13  -11   -8   15   -6    6   14  -10  -14   -9   -7   -5
    1   14    4    1    1    1    2    0       896    5   17   -5   -8   -5  -14  -11    2   -2  -14    6    5   -1   13  -12   -1   -5    7
    1   14    5    1    1    3    2    0      1351    6   15   -6   -7   -8  -10  -12    2   -2  -13    4    4    1    3  -12   -3   -6   10
    1   14    6    1    1    4    2    0      1458    9   19   -4   -8   -9  -14  -11    2    0  -14    3    6   -2   12  -15   -1   -5    9
    1   14    7    1    2    3    1    0      1018   10   12   -2    6    0   -2  -16  -15   -8    8    1    9   17  -11  -16   -5  -18  -17
    1   14    8    1    2    5    2    1      2291    1   16   -2    9   -4   -2  -15  -10  -10   11   -4    4   22  -20  -12   -7  -18   -3
    1   14    9    1    1    5    2    0       810   12   18   -4   -5   -6  -11  -20   -8   -1  -13    6    7  -11    2  -13    0   -1   15
    1   14   10    1    3    5    3    1       675   -3   -5   -3   -2  -13  -13    8    8    9   -9  -14   10   -8    7  -10    6   -3    2
    1   14   11    1    2    4    2    1      1018   -6   11    5    3   -2    0  -14  -13   -9   12   -4    3   13  -13  -14   -8   -5   -8
    1   14   12    1    2    2    2    1      1339    2   16   -1    9   -3    1  -17  -17   -4    4   -7    4   14  -13  -21   -4   -5   -2
    1   14   13    1    3    2    3    1       871   -1   -5    0   -8   -6  -19    7    6   11  -12  -10    8  -12   10   -3    5  -13   -1
    1   14   14    1    3    4    3    1       518    0   -4    2    1  -11  -15    8    6   12  -11  -11    8  -14    5   -7    6   -9   -2
    1   14   15    1    3    3    3    1       483   -2   -5   -3   -8  -11  -10    9    7    9  -10  -13    7  -11    3   -9    5   -9   -2
    1   15    1    1    2    2    2    1       746    2   16   -1    9   -3    1  -17  -17   -4    4   -7    4   14  -13  -21   -4   -5   -2
    1   15    2    1    1    1    2    0       766    5   17   -5   -8   -5  -14  -11    2   -2  -14    6    5   -1   13  -12   -1   -5    7
    1   15    3    1    2    5    2    1       745    1   16   -2    9   -4   -2  -15  -10  -10   11   -4    4   22  -20  -12   -7  -18   -3
    1   15    4    1    1    3    2    0      1581    6   15   -6   -7   -8  -10  -12    2   -2  -13    4    4    1    3  -12   -3   -6   10
    1   15    5    1    1    4    1    1      1720    9   19   -4   -8   -9  -14  -11    2    0  -14    3    6   -2   12  -15   -1   -5    9
    1   15    6    1    2    1    1    0       557    7   15   -4    5    2    2  -13  -11   -8   15   -6    6   14  -10  -14   -9   -7   -5
    1   15    7    1    1    2    2    0       560    8   16   -2   -7   -7  -11  -12    4    0  -15    4    4    0   13   -9    4   -3    7
    1   15    8    1    2    3    1    0       516   10   12   -2    6    0   -2  -16  -15   -8    8    1    9   17  -11  -16   -5  -18  -17
    1   15    9    1    3    4    3    1       753    0   -4    2    1  -11  -15    8    6   12  -11  -11    8  -14    5   -7    6   -9   -2
    1   15   10    1    3    3    3    1       701   -2   -5   -3   -8  -11  -10    9    7    9  -10  -13    7  -11    3   -9    5   -9   -2
    1   15   11    1    3    2    3    1       650   -1   -5    0   -8   -6  -19    7    6   11  -12  -10    8  -12   10   -3    5  -13   -1
    1   15   12    1    3    5    3    1       354   -3   -5   -3   -2  -13  -13    8    8    9   -9  -14   10   -8    7  -10    6   -3    2
    1   15   13    1    1    5    2    0       693   12   18   -4   -5   -6  -11  -20   -8   -1  -13    6    7  -11    2  -13    0   -1   15
    1   15   14    1    2    4    1    0       860   -6   11    5    3   -2    0  -14  -13   -9   12   -4    3   13  -13  -14   -8   -5   -8
    1   15   15    1    3    1    3    1       715    0   -8   -4   -6  -13  -14    8    5   19   -9  -13    8  -12    5   -7    9  -13   -4
    2    1    1    4    1    1    1    0      1640    9   15   -5   -6   -5  -13  -15    4    1  -12    3    3    1   15  -23    0   -5    8
    2    1    2    4    1    4    2    1      1392   -1    6   -3   -2   -7  -10  -13    3   -3  -17    0    4   -1   12  -16   -8   -3    8
    2    1    3    2    1    0    1    0       874    7   15   -4   -7   -6  -12  -13    2   -1  -14    5    4   -1   11  -13   -1   -4    8
    2    1    4    6    0    0    2    1      1249  -20   12    4   11  -10   14    8   -8    4    6   12  -13   13  -10   -2  -18   -9   -3
    2    1    5    4    3    5    1    0      2457   -1  -15   -4  -18  -18   -7   11    6   10  -10  -13    8  -11    5   -8    6  -11   -5
    2    1    6    1    1    3    1    1      1225    6   15   -6   -7   -8  -10  -12    2   -2  -13    4    4    1    3  -12   -3   -6   10
    2    1    7    1    2    2    1    1       682    2   16   -1    9   -3    1  -17  -17   -4    4   -7    4   14  -13  -21   -4   -5   -2
    2    1    8    4    3    2    1    0      2816    1   -8   -6  -10  -14  -15    8    5    9  -10   -9    4  -13    6   -7    8  -10   -3
    2    1    9    4    2    4    2    1      2778   -1   13   -1   10  -11    8  -18   -6   -6    8   -4    5   13  -17  -12  -10   -8   -7
    2    1   10    1    1    5    2    0      2365   12   18   -4   -5   -6  -11  -20   -8   -1  -13    6    7  -11    2  -13    0   -1   15
    2    1   11    1    3    4    1    1       808    0   -4    2    1  -11  -15    8    6   12  -11  -11    8  -14    5   -7    6   -9   -2
    2    1   12    4    2    5    1    0      4089    3   13    0    9   -3   -2  -18  -11  -10   11   -6    4    8  -14  -13   -7    1  -11
    2    1   13    4    2    1    2    1      3696    8   12   -1   12   -4    1  -16  -10   -9   11   -3    6   12   -9  -15   -8  -12   -9
    2    1   14    4    1    5    1    0      1302   10   12   -5   -8  -10  -17  -10   -2   -2  -12    3    4   -1   10  -19   -9   -3    9
    2    1   15    1    2    1    1    1      2604    7   15   -4    5    2    2  -13  -11   -8   15   -6    6   14  -10  -14   -9   -7   -5
    2    1   16    1    2    3    1    1      1278   10   12   -2    6    0   -2  -16  -15   -8    8    1    9   17  -11  -16   -5  -18  -17
    2    1   17    1    2    4    1    1       733   -6   11    5    3   -2    0  -14  -13   -9   12   -4    3   13  -13  -14   -8   -5   -8
    2    1   18    1    1    4    2    0      1177    9   19   -4   -8   -9  -14  -11    2    0  -14    3    6   -2   12  -15   -1   -5    9
    2    1   19    4    1    2    1    0       924    9   13   -5   -7   -8  -11  -14    2   -2  -13    5    3    0    9  -13   -2   -5    7
    2    1   20    4    3    3    2    1      1905   -1   -5   -8  -13  -13  -14    8    7    3  -11  -13    9  -10    3  -10    6  -10   -5
    2    1   21    1    3    3    1    1      1087   -2   -5   -3   -8  -11  -10    9    7    9  -10  -13    7  -11    3   -9    5   -9   -2
    2    1   22    1    1    2    1    1      2173    8   16   -2   -7   -7  -11  -12    4    0  -15    4    4    0   13   -9    4   -3    7
    2    1   23    4    1    3    2    1      2368    6   14   -1   -2   -8  -10  -12    2    0  -14    5    3   -2   13  -12   -1   -5    8
    2    1   24    2    3    0    1    0       948   -1   -6   -5   -8  -12  -14    9    6   10  -11  -12    8  -12    4   -8    7  -11   -3
    2    1   25    6    0    0    2    1       976   -8    9    3   11    3    2   16   -6  -13  -16   -9  -16    1   -1   -6    3   13    9
    2    1   26    4    3    1    1    0      1274   -7   -8   -4   -9  -12  -15   12   10   10  -10  -11    7  -11    3   -6    5  -13   -8
    2    1   27    4    3    4    2    1      1778    1   -8    2  -17  -11  -13   11    7   10  -10  -10   10  -11    0   -9   -2  -11   -5
    2    1   28    1    2    5    1    1       924    1   16   -2    9   -4   -2  -15  -10  -10   11   -4    4   22  -20  -12   -7  -18   -3
    2    1   29    2    2    0    1    0      2473    2   15    0    8   -3    0  -14  -11   -9   10   -5    4   13  -14  -13   -9   -8   -8
    2    1   30    4    2    2    1    0      1049    1   15    2    8   -2   -2  -12  -12   -8    9   -4   -5   15  -13  -12   -7   -9   -7
    2    1   31    1    3    2    2    0      1976   -1   -5    0   -8   -6  -19    7    6   11  -12  -10    8  -12   10   -3    5  -13   -1
    2    1   32    6    0    0    2    1      1300    4    9   15    7   -1  -11  -10  -10    1  -14   -8   13    7   -1    3   -8    5    2
    2    1   33    4    2    3    1    0       665    9   17   -1    6   -4    1  -13  -12   -8   10   -5    3   14   -8  -14  -10   -8   -7
    2    1   34    1    3    1    2    0      1896    0   -8   -4   -6  -13  -14    8    5   19   -9  -13    8  -12    5   -7    9  -13   -4
    2    1   35    6    0    0    2    1      1959   -6   13    8    8   11   -1   15   -5   -6  -14   -9  -13    5   -3   -5    4   13    7
    2    1   36    1    3    5    1    1      1066   -3   -5   -3   -2  -13  -13    8    8    9   -9  -14   10   -8    7  -10    6   -3    2
    2    1   37    1    1    1    1    1      1913    5   17   -5   -8   -5  -14  -11    2   -2  -14    6    5   -1   13  -12   -1   -5    7
    2    1   38    6    0    0    2    1      1142  -15   13    6    8  -12   14   14  -13    0    4   11  -19   12  -11   -6  -19   -8   -2
    2    1   39    6    0    0    1    0      1291    7    8   16   11    0   -9  -13  -10   -6  -21   -7   15    6   -4    4   -9   -6    4
