    1    1    1    1    2    2    1    0      8508  -11    1    7  -15   10   12   12   -2   20   10   -4    5    5   -6   16   -9   -3  -15
    1    1    2    1    2    1    2    1      1998  -10   -1    8  -13    8   10    6   -1   18    7    0    8   -1   -1   15  -12   -4  -13
    1    1    3    1    3    2    3    1      1776    7  -14   20  -17    6   -2   13    0    9   11   -6    0    7   14  -13   13   -8   -9
    1    1    4    1    3    5    3    1       794    8  -15   11   -7    2   -3   14   -2   12    6   -5    0   11   16  -14   19   -9   -9
    1    1    5    1    1    4    1    1      1300    5   15  -13   -6    1   -4  -11    3    9   -8    8   12   -3   10    3   -6   -7    7
    1    1    6    1    1    1    1    1       938    5   12  -15   -7    3   -4   -9    2   12  -12    8   11   -7   21    1   -8   -6    7
    1    1    7    1    1    3    1    1      1813    3   14  -14    2    5    1   -9    3   15   -5   11   17   -3   10    0   -4  -14    5
    1    1    8    1    2    3    1    0       807  -11    0    7  -13    9   10    6    0    5    2   -6    4    7   -3   13  -10    0  -13
    1    1    9    1    2    4    2    1       840  -12   -1    8  -15   10   12    6    2    8   14   -5    1   -1    1   14   -9   -1  -16
    1    1   10    1    1    5    1    1      1288    5   13  -13   -9    2   -3   -5   -2    9   -9    8   12   -3   14    1   -6   -8    7
    1    1   11    1    2    5    2    1      3838  -13    6   13  -17    8   11    5   -6   11    9   -3    2    0   -1   16  -11   -4  -16
    1    1   12    1    3    4    3    1      2318    2  -20   11   -8    6   -5    9   -1   11   13   -3    5   -4   21  -12   13  -12   -7
    1    1   13    1    3    1    3    1      2938    4  -13    9  -10    5   -1   14    3   10   11   -6    1    7   13  -10   14  -11   -9
    1    1   14    1    3    3    3    1      1086   11   -7    9   -6    2   -4   12   -4    9    8   -3    2    5   13  -12   13   -8   -6
    1    1   15    1    1    2    2    0      3013   -1   20  -12   -7   -2   -7  -11    5   11  -14    7   12   -3   10    1   -6   -7    9
    1    2    1    1    2    4    2    1      1238  -12   -1    8  -15   10   12    6    2    8   14   -5    1   -1    1   14   -9   -1  -16
    1    2    2    1    1    1    1    1       974    5   12  -15   -7    3   -4   -9    2   12  -12    8   11   -7   21    1   -8   -6    7
    1    2    3    1    2    1    2    1      9728  -10   -1    8  -13    8   10    6   -1   18    7    0    8   -1   -1   15  -12   -4  -13
    1    2    4    1    3    1    1    0       989    4  -13    9  -10    5   -1   14    3   10   11   -6    1    7   13  -10   14  -11   -9
    1    2    5    1    3    2    3    1       559    7  -14   20  -17    6   -2   13    0    9   11   -6    0    7   14  -13   13   -8   -9
    1    2    6    1    1    4    1    1      2162    5   15  -13   -6    1   -4  -11    3    9   -8    8   12   -3   10    3   -6   -7    7
    1    2    7    1    2    5    2    1       998  -13    6   13  -17    8   11    5   -6   11    9   -3    2    0   -1   16  -11   -4  -16
    1    2    8    1    2    2    2    1      1391  -11    1    7  -15   10   12   12   -2   20   10   -4    5    5   -6   16   -9   -3  -15
    1    2    9    1    3    5    3    1      2097    8  -15   11   -7    2   -3   14   -2   12    6   -5    0   11   16  -14   19   -9   -9
    1    2   10    1    1    5    1    1       791    5   13  -13   -9    2   -3   -5   -2    9   -9    8   12   -3   14    1   -6   -8    7
    1    2   11    1    2    3    1    0      1241  -11    0    7  -13    9   10    6    0    5    2   -6    4    7   -3   13  -10    0  -13
    1    2   12    1    3    4    3    1       649    2  -20   11   -8    6   -5    9   -1   11   13   -3    5   -4   21  -12   13  -12   -7
    1    2   13    1    3    3    3    1       881   11   -7    9   -6    2   -4   12   -4    9    8   -3    2    5   13  -12   13   -8   -6
    1    2   14    1    1    3    1    1       991    3   14  -14    2    5    1   -9    3   15   -5   11   17   -3   10    0   -4  -14    5
    1    2   15    1    1    2    2    0      1186   -1   20  -12   -7   -2   -7  -11    5   11  -14    7   12   -3   10    1   -6   -7    9
    1    3    1    1    1    2    1    1       947   -1   20  -12   -7   -2   -7  -11    5   11  -14    7   12   -3   10    1   -6   -7    9
    1    3    2    1    3    4    3    1      3719    2  -20   11   -8    6   -5    9   -1   11   13   -3    5   -4   21  -12   13  -12   -7
    1    3    3    1    3    3    3    1       635   11   -7    9   -6    2   -4   12   -4    9    8   -3    2    5   13  -12   13   -8   -6
    1    3    4    1    2    4    2    1       900  -12   -1    8  -15   10   12    6    2    8   14   -5    1   -1    1   14   -9   -1  -16
    1    3    5    1    2    2    2    1      1040  -11    1    7  -15   10   12   12   -2   20   10   -4    5    5   -6   16   -9   -3  -15
    1    3    6    1    2    1    2    1       561  -10   -1    8  -13    8   10    6   -1   18    7    0    8   -1   -1   15  -12   -4  -13
    1    3    7    1    3    1    3    1       788    4  -13    9  -10    5   -1   14    3   10   11   -6    1    7   13  -10   14  -11   -9
    1    3    8    1    1    5    1    1      1670    5   13  -13   -9    2   -3   -5   -2    9   -9    8   12   -3   14    1   -6   -8    7
    1    3    9    1    1    3    1    1       581    3   14  -14    2    5    1   -9    3   15   -5   11   17   -3   10    0   -4  -14    5
    1    3   10    1    2    3    1    0      1303  -11    0    7  -13    9   10    6    0    5    2   -6    4    7   -3   13  -10    0  -13
    1    3   11    1    2    5    2    1       948  -13    6   13  -17    8   11    5   -6   11    9   -3    2    0   -1   16  -11   -4  -16
    1    3   12    1    3    2    3    1       640    7  -14   20  -17    6   -2   13    0    9   11   -6    0    7   14  -13   13   -8   -9
    1    3   13    1    1    1    1    1       816    5   12  -15   -7    3   -4   -9    2   12  -12    8   11   -7   21    1   -8   -6    7
    1    3   14    1    3    5    3    1       560    8  -15   11   -7    2   -3   14   -2   12    6   -5    0   11   16  -14   19   -9   -9
    1    3   15    1    1    4    1    1      1027    5   15  -13   -6    1   -4  -11    3    9   -8    8   12   -3   10    3   -6   -7    7
    1    4    1    1    3    3    3    1       780   11   -7    9   -6    2   -4   12   -4    9    8   -3    2    5   13  -12   13   -8   -6
    1    4    2    1    1    2    2    0       743   -1   20  -12   -7   -2   -7  -11    5   11  -14    7   12   -3   10    1   -6   -7    9
    1    4    3    1    2    3    2    1      1643  -11    0    7  -13    9   10    6    0    5    2   -6    4    7   -3   13  -10    0  -13
    1    4    4    1    1    5    1    1      1515    5   13  -13   -9    2   -3   -5   -2    9   -9    8   12   -3   14    1   -6   -8    7
    1    4    5    1    3    5    3    1       559    8  -15   11   -7    2   -3   14   -2   12    6   -5    0   11   16  -14   19   -9   -9
    1    4    6    1    3    1    3    1      1554    4  -13    9  -10    5   -1   14    3   10   11   -6    1    7   13  -10   14  -11   -9
    1    4    7    1    3    4    3    1      5157    2  -20   11   -8    6   -5    9   -1   11   13   -3    5   -4   21  -12   13  -12   -7
    1    4    8    1    2    4    2    1      2033  -12   -1    8  -15   10   12    6    2    8   14   -5    1   -1    1   14   -9   -1  -16
    1    4    9    1    1    3    1    1      1025    3   14  -14    2    5    1   -9    3   15   -5   11   17   -3   10    0   -4  -14    5
    1    4   10    1    2    2    2    1      1882  -11    1    7  -15   10   12   12   -2   20   10   -4    5    5   -6   16   -9   -3  -15
    1    4   11    1    2    5    2    1       888  -13    6   13  -17    8   11    5   -6   11    9   -3    2    0   -1   16  -11   -4  -16
    1    4   12    1    1    4    1    1      1022    5   15  -13   -6    1   -4  -11    3    9   -8    8   12   -3   10    3   -6   -7    7
    1    4   13    1    2    1    2    1       671  -10   -1    8  -13    8   10    6   -1   18    7    0    8   -1   -1   15  -12   -4  -13
    1    4   14    1    1    1    2    0       981    5   12  -15   -7    3   -4   -9    2   12  -12    8   11   -7   21    1   -8   -6    7
    1    4   15    1    3    2    3    1       703    7  -14   20  -17    6   -2   13    0    9   11   -6    0    7   14  -13   13   -8   -9
    1    5    1    1    3    3    3    1       748   11   -7    9   -6    2   -4   12   -4    9    8   -3    2    5   13  -12   13   -8   -6
    1    5    2    1    1    2    1    1      1504   -1   20  -12   -7   -2   -7  -11    5   11  -14    7   12   -3   10    1   -6   -7    9
    1    5    3    1    2    1    2    1       933  -10   -1    8  -13    8   10    6   -1   18    7    0    8   -1   -1   15  -12   -4  -13
    1    5    4    1    1    3    1    1      1049    3   14  -14    2    5    1   -9    3   15   -5   11   17   -3   10    0   -4  -14    5
    1    5    5    1    1    4    1    1      1257    5   15  -13   -6    1   -4  -11    3    9   -8    8   12   -3   10    3   -6   -7    7
    1    5    6    1    1    1    2    0       664    5   12  -15   -7    3   -4   -9    2   12  -12    8   11   -7   21    1   -8   -6    7
    1    5    7    1    3    1    3    1       631    4  -13    9  -10    5   -1   14    3   10   11   -6    1    7   13  -10   14  -11   -9
    1    5    8    1    3    5    3    1       776    8  -15   11   -7    2   -3   14   -2   12    6   -5    0   11   16  -14   19   -9   -9
    1    5    9    1    2    3    2    1      1018  -11    0    7  -13    9   10    6    0    5    2   -6    4    7   -3   13  -10    0  -13
    1    5   10    1    2    2    2    1       947  -11    1    7  -15   10   12   12   -2   20   10   -4    5    5   -6   16   -9   -3  -15
    1    5   11    1    2    5    1    0      1535  -13    6   13  -17    8   11    5   -6   11    9   -3    2    0   -1   16  -11   -4  -16
    1    5   12    1    2    4    2    1      1075  -12   -1    8  -15   10   12    6    2    8   14   -5    1   -1    1   14   -9   -1  -16
    1    5   13    1    3    4    3    1       689    2  -20   11   -8    6   -5    9   -1   11   13   -3    5   -4   21  -12   13  -12   -7
    1    5   14    1    1    5    1    1      2039    5   13  -13   -9    2   -3   -5   -2    9   -9    8   12   -3   14    1   -6   -8    7
    1    5   15    1    3    2    3    1       639    7  -14   20  -17    6   -2   13    0    9   11   -6    0    7   14  -13   13   -8   -9
    1    6    1    1    1    2    2    0       816   -1   20  -12   -7   -2   -7  -11    5   11  -14    7   12   -3   10    1   -6   -7    9
    1    6    2    1    3    4    3    1       640    2  -20   11   -8    6   -5    9   -1   11   13   -3    5   -4   21  -12   13  -12   -7
    1    6    3    1    2    2    2    1       704  -11    1    7  -15   10   12   12   -2   20   10   -4    5    5   -6   16   -9   -3  -15
    1    6    4    1    2    3    2    1       645  -11    0    7  -13    9   10    6    0    5    2   -6    4    7   -3   13  -10    0  -13
    1    6    5    1    2    5    1    0       838  -13    6   13  -17    8   11    5   -6   11    9   -3    2    0   -1   16  -11   -4  -16
    1    6    6    1    2    1    1    0       597  -10   -1    8  -13    8   10    6   -1   18    7    0    8   -1   -1   15  -12   -4  -13
    1    6    7    1    1    5    1    1       695    5   13  -13   -9    2   -3   -5   -2    9   -9    8   12   -3   14    1   -6   -8    7
    1    6    8    1    1    1    1    1      1221    5   12  -15   -7    3   -4   -9    2   12  -12    8   11   -7   21    1   -8   -6    7
    1    6    9    1    3    2    3    1       589    7  -14   20  -17    6   -2   13    0    9   11   -6    0    7   14  -13   13   -8   -9
    1    6   10    1    1    3    1    1       792    3   14  -14    2    5    1   -9    3   15   -5   11   17   -3   10    0   -4  -14    5
    1    6   11    1    3    3    3    1       594   11   -7    9   -6    2   -4   12   -4    9    8   -3    2    5   13  -12   13   -8   -6
    1    6   12    1    1    4    1    1       707    5   15  -13   -6    1   -4  -11    3    9   -8    8   12   -3   10    3   -6   -7    7
    1    6   13    1    2    4    2    1       737  -12   -1    8  -15   10   12    6    2    8   14   -5    1   -1    1   14   -9   -1  -16
    1    6   14    1    3    5    3    1       557    8  -15   11   -7    2   -3   14   -2   12    6   -5    0   11   16  -14   19   -9   -9
    1    6   15    1    3    1    3    1       592    4  -13    9  -10    5   -1   14    3   10   11   -6    1    7   13  -10   14  -11   -9
    1    7    1    1    2    3    2    1      1178  -11    0    7  -13    9   10    6    0    5    2   -6    4    7   -3   13  -10    0  -13
    1    7    2    1    3    3    3    1       645   11   -7    9   -6    2   -4   12   -4    9    8   -3    2    5   13  -12   13   -8   -6
    1    7    3    1    2    2    2    1       789  -11    1    7  -15   10   12   12   -2   20   10   -4    5    5   -6   16   -9   -3  -15
    1    7    4    1    1    4    1    1       591    5   15  -13   -6    1   -4  -11    3    9   -8    8   12   -3   10    3   -6   -7    7
    1    7    5    1    3    2    3    1       633    7  -14   20  -17    6   -2   13    0    9   11   -6    0    7   14  -13   13   -8   -9
    1    7    6    1    3    4    3    1       609    2  -20   11   -8    6   -5    9   -1   11   13   -3    5   -4   21  -12   13  -12   -7
    1    7    7    1    1    2    1    1      1074   -1   20  -12   -7   -2   -7  -11    5   11  -14    7   12   -3   10    1   -6   -7    9
    1    7    8    1    1    3    1    1       641    3   14  -14    2    5    1   -9    3   15   -5   11   17   -3   10    0   -4  -14    5
    1    7    9    1    2    1    1    0       457  -10   -1    8  -13    8   10    6   -1   18    7    0    8   -1   -1   15  -12   -4  -13
    1    7   10    1    2    4    2    1       688  -12   -1    8  -15   10   12    6    2    8   14   -5    1   -1    1   14   -9   -1  -16
    1    7   11    1    1    5    1    1      2158    5   13  -13   -9    2   -3   -5   -2    9   -9    8   12   -3   14    1   -6   -8    7
    1    7   12    1    2    5    2    1       922  -13    6   13  -17    8   11    5   -6   11    9   -3    2    0   -1   16  -11   -4  -16
    1    7   13    1    3    5    3    1       622    8  -15   11   -7    2   -3   14   -2   12    6   -5    0   11   16  -14   19   -9   -9
    1    7   14    1    1    1    2    0      1927    5   12  -15   -7    3   -4   -9    2   12  -12    8   11   -7   21    1   -8   -6    7
    1    7   15    1    3    1    3    1       604    4  -13    9  -10    5   -1   14    3   10   11   -6    1    7   13  -10   14  -11   -9
    1    8    1    1    1    3    1    1      1893    3   14  -14    2    5    1   -9    3   15   -5   11   17   -3   10    0   -4  -14    5
    1    8    2    1    2    4    2    1       939  -12   -1    8  -15   10   12    6    2    8   14   -5    1   -1    1   14   -9   -1  -16
    1    8    3    1    3    2    3    1       519    7  -14   20  -17    6   -2   13    0    9   11   -6    0    7   14  -13   13   -8   -9
    1    8    4    1    3    1    3    1       700    4  -13    9  -10    5   -1   14    3   10   11   -6    1    7   13  -10   14  -11   -9
    1    8    5    1    1    4    1    1      4369    5   15  -13   -6    1   -4  -11    3    9   -8    8   12   -3   10    3   -6   -7    7
    1    8    6    1    1    1    1    1       580    5   12  -15   -7    3   -4   -9    2   12  -12    8   11   -7   21    1   -8   -6    7
    1    8    7    1    2    5    2    1       630  -13    6   13  -17    8   11    5   -6   11    9   -3    2    0   -1   16  -11   -4  -16
    1    8    8    1    3    4    3    1       415    2  -20   11   -8    6   -5    9   -1   11   13   -3    5   -4   21  -12   13  -12   -7
    1    8    9    1    2    3    2    1       911  -11    0    7  -13    9   10    6    0    5    2   -6    4    7   -3   13  -10    0  -13
    1    8   10    1    1    5    1    1       540    5   13  -13   -9    2   -3   -5   -2    9   -9    8   12   -3   14    1   -6   -8    7
    1    8   11    1    1    2    1    1       736   -1   20  -12   -7   -2   -7  -11    5   11  -14    7   12   -3   10    1   -6   -7    9
    1    8   12    1    3    3    3    1       644   11   -7    9   -6    2   -4   12   -4    9    8   -3    2    5   13  -12   13   -8   -6
    1    8   13    1    2    2    2    1       845  -11    1    7  -15   10   12   12   -2   20   10   -4    5    5   -6   16   -9   -3  -15
    1    8   14    1    3    5    3    1       477    8  -15   11   -7    2   -3   14   -2   12    6   -5    0   11   16  -14   19   -9   -9
    1    8   15    1    2    1    2    1       675  -10   -1    8  -13    8   10    6   -1   18    7    0    8   -1   -1   15  -12   -4  -13
    1    9    1    1    2    1    2    1       538  -10   -1    8  -13    8   10    6   -1   18    7    0    8   -1   -1   15  -12   -4  -13
    1    9    2    1    1    4    1    1       606    5   15  -13   -6    1   -4  -11    3    9   -8    8   12   -3   10    3   -6   -7    7
    1    9    3    1    1    2    2    0      1055   -1   20  -12   -7   -2   -7  -11    5   11  -14    7   12   -3   10    1   -6   -7    9
    1    9    4    1    3    1    3    1       591    4  -13    9  -10    5   -1   14    3   10   11   -6    1    7   13  -10   14  -11   -9
    1    9    5    1    1    3    1    1      2713    3   14  -14    2    5    1   -9    3   15   -5   11   17   -3   10    0   -4  -14    5
    1    9    6    1    3    2    3    1       574    7  -14   20  -17    6   -2   13    0    9   11   -6    0    7   14  -13   13   -8   -9
    1    9    7    1    2    2    2    1       689  -11    1    7  -15   10   12   12   -2   20   10   -4    5    5   -6   16   -9   -3  -15
    1    9    8    1    3    4    3    1       559    2  -20   11   -8    6   -5    9   -1   11   13   -3    5   -4   21  -12   13  -12   -7
    1    9    9    1    1    5    1    1       546    5   13  -13   -9    2   -3   -5   -2    9   -9    8   12   -3   14    1   -6   -8    7
    1    9   10    1    2    5    2    1       694  -13    6   13  -17    8   11    5   -6   11    9   -3    2    0   -1   16  -11   -4  -16
    1    9   11    1    1    1    1    1       692    5   12  -15   -7    3   -4   -9    2   12  -12    8   11   -7   21    1   -8   -6    7
    1    9   12    1    3    5    3    1       498    8  -15   11   -7    2   -3   14   -2   12    6   -5    0   11   16  -14   19   -9   -9
    1    9   13    1    2    3    2    1       911  -11    0    7  -13    9   10    6    0    5    2   -6    4    7   -3   13  -10    0  -13
    1    9   14    1    2    4    2    1       573  -12   -1    8  -15   10   12    6    2    8   14   -5    1   -1    1   14   -9   -1  -16
    1    9   15    1    3    3    3    1       600   11   -7    9   -6    2   -4   12   -4    9    8   -3    2    5   13  -12   13   -8   -6
    1   10    1    1    2    2    2    1      1225  -11    1    7  -15   10   12   12   -2   20   10   -4    5    5   -6   16   -9   -3  -15
    1   10    2    1    2    1    2    1       850  -10   -1    8  -13    8   10    6   -1   18    7    0    8   -1   -1   15  -12   -4  -13
    1   10    3    1    1    3    1    1       753    3   14  -14    2    5    1   -9    3   15   -5   11   17   -3   10    0   -4  -14    5
    1   10    4    1    1    2    1    1       908   -1   20  -12   -7   -2   -7  -11    5   11  -14    7   12   -3   10    1   -6   -7    9
    1   10    5    1    3    3    3    1       585   11   -7    9   -6    2   -4   12   -4    9    8   -3    2    5   13  -12   13   -8   -6
    1   10    6    1    1    1    1    1      2884    5   12  -15   -7    3   -4   -9    2   12  -12    8   11   -7   21    1   -8   -6    7
    1   10    7    1    2    3    2    1       681  -11    0    7  -13    9   10    6    0    5    2   -6    4    7   -3   13  -10    0  -13
    1   10    8    1    2    5    2    1      1008  -13    6   13  -17    8   11    5   -6   11    9   -3    2    0   -1   16  -11   -4  -16
    1   10    9    1    3    4    3    1       697    2  -20   11   -8    6   -5    9   -1   11   13   -3    5   -4   21  -12   13  -12   -7
    1   10   10    1    3    5    3    1       767    8  -15   11   -7    2   -3   14   -2   12    6   -5    0   11   16  -14   19   -9   -9
    1   10   11    1    3    1    3    1       482    4  -13    9  -10    5   -1   14    3   10   11   -6    1    7   13  -10   14  -11   -9
    1   10   12    1    1    5    1    1      1280    5   13  -13   -9    2   -3   -5   -2    9   -9    8   12   -3   14    1   -6   -8    7
    1   10   13    1    2    4    2    1       510  -12   -1    8  -15   10   12    6    2    8   14   -5    1   -1    1   14   -9   -1  -16
    1   10   14    1    3    2    3    1       564    7  -14   20  -17    6   -2   13    0    9   11   -6    0    7   14  -13   13   -8   -9
    1   10   15    1    1    4    1    1       751    5   15  -13   -6    1   -4  -11    3    9   -8    8   12   -3   10    3   -6   -7    7
    1   11    1    1    3    4    3    1       570    2  -20   11   -8    6   -5    9   -1   11   13   -3    5   -4   21  -12   13  -12   -7
    1   11    2    1    1    3    1    1      1005    3   14  -14    2    5    1   -9    3   15   -5   11   17   -3   10    0   -4  -14    5
    1   11    3    1    2    5    2    1       726  -13    6   13  -17    8   11    5   -6   11    9   -3    2    0   -1   16  -11   -4  -16
    1   11    4    1    2    4    2    1       859  -12   -1    8  -15   10   12    6    2    8   14   -5    1   -1    1   14   -9   -1  -16
    1   11    5    1    2    3    2    1       786  -11    0    7  -13    9   10    6    0    5    2   -6    4    7   -3   13  -10    0  -13
    1   11    6    1    3    5    3    1       668    8  -15   11   -7    2   -3   14   -2   12    6   -5    0   11   16  -14   19   -9   -9
    1   11    7    1    3    2    3    1       651    7  -14   20  -17    6   -2   13    0    9   11   -6    0    7   14  -13   13   -8   -9
    1   11    8    1    1    2    1    1      1010   -1   20  -12   -7   -2   -7  -11    5   11  -14    7   12   -3   10    1   -6   -7    9
    1   11    9    1    3    1    3    1       644    4  -13    9  -10    5   -1   14    3   10   11   -6    1    7   13  -10   14  -11   -9
    1   11   10    1    1    4    1    1      1652    5   15  -13   -6    1   -4  -11    3    9   -8    8   12   -3   10    3   -6   -7    7
    1   11   11    1    1    1    1    1       803    5   12  -15   -7    3   -4   -9    2   12  -12    8   11   -7   21    1   -8   -6    7
    1   11   12    1    3    3    3    1       541   11   -7    9   -6    2   -4   12   -4    9    8   -3    2    5   13  -12   13   -8   -6
    1   11   13    1    2    2    2    1       865  -11    1    7  -15   10   12   12   -2   20   10   -4    5    5   -6   16   -9   -3  -15
    1   11   14    1    1    5    1    1       735    5   13  -13   -9    2   -3   -5   -2    9   -9    8   12   -3   14    1   -6   -8    7
    1   11   15    1    2    1    2    1       531  -10   -1    8  -13    8   10    6   -1   18    7    0    8   -1   -1   15  -12   -4  -13
    1   12    1    1    2    4    2    1       759  -12   -1    8  -15   10   12    6    2    8   14   -5    1   -1    1   14   -9   -1  -16
    1   12    2    1    2    1    2    1       522  -10   -1    8  -13    8   10    6   -1   18    7    0    8   -1   -1   15  -12   -4  -13
    1   12    3    1    2    2    2    1       567  -11    1    7  -15   10   12   12   -2   20   10   -4    5    5   -6   16   -9   -3  -15
    1   12    4    1    1    4    1    1       570    5   15  -13   -6    1   -4  -11    3    9   -8    8   12   -3   10    3   -6   -7    7
    1   12    5    1    1    5    1    1      2660    5   13  -13   -9    2   -3   -5   -2    9   -9    8   12   -3   14    1   -6   -8    7
    1   12    6    1    3    4    3    1       620    2  -20   11   -8    6   -5    9   -1   11   13   -3    5   -4   21  -12   13  -12   -7
    1   12    7    1    3    5    3    1       381    8  -15   11   -7    2   -3   14   -2   12    6   -5    0   11   16  -14   19   -9   -9
    1   12    8    1    2    3    2    1       687  -11    0    7  -13    9   10    6    0    5    2   -6    4    7   -3   13  -10    0  -13
    1   12    9    1    3    3    3    1       597   11   -7    9   -6    2   -4   12   -4    9    8   -3    2    5   13  -12   13   -8   -6
    1   12   10    1    1    1    1    1       663    5   12  -15   -7    3   -4   -9    2   12  -12    8   11   -7   21    1   -8   -6    7
    1   12   11    1    3    1    3    1       502    4  -13    9  -10    5   -1   14    3   10   11   -6    1    7   13  -10   14  -11   -9
    1   12   12    1    2    5    2    1       451  -13    6   13  -17    8   11    5   -6   11    9   -3    2    0   -1   16  -11   -4  -16
    1   12   13    1    1    2    1    1       883   -1   20  -12   -7   -2   -7  -11    5   11  -14    7   12   -3   10    1   -6   -7    9
    1   12   14    1    3    2    3    1       521    7  -14   20  -17    6   -2   13    0    9   11   -6    0    7   14  -13   13   -8   -9
    1   12   15    1    1    3    1    1      2693    3   14  -14    2    5    1   -9    3   15   -5   11   17   -3   10    0   -4  -14    5
    1   13    1    1    2    2    2    1       523  -11    1    7  -15   10   12   12   -2   20   10   -4    5    5   -6   16   -9   -3  -15
    1   13    2    1    1    2    1    1      1000   -1   20  -12   -7   -2   -7  -11    5   11  -14    7   12   -3   10    1   -6   -7    9
    1   13    3    1    2    4    2    1       705  -12   -1    8  -15   10   12    6    2    8   14   -5    1   -1    1   14   -9   -1  -16
    1   13    4    1    3    1    3    1       575    4  -13    9  -10    5   -1   14    3   10   11   -6    1    7   13  -10   14  -11   -9
    1   13    5    1    3    3    3    1       602   11   -7    9   -6    2   -4   12   -4    9    8   -3    2    5   13  -12   13   -8   -6
    1   13    6    1    2    1    2    1      4419  -10   -1    8  -13    8   10    6   -1   18    7    0    8   -1   -1   15  -12   -4  -13
    1   13    7    1    1    5    1    1      1187    5   13  -13   -9    2   -3   -5   -2    9   -9    8   12   -3   14    1   -6   -8    7
    1   13    8    1    2    3    2    1       461  -11    0    7  -13    9   10    6    0    5    2   -6    4    7   -3   13  -10    0  -13
    1   13    9    1    3    2    3    1       413    7  -14   20  -17    6   -2   13    0    9   11   -6    0    7   14  -13   13   -8   -9
    1   13   10    1    1    1    1    1       742    5   12  -15   -7    3   -4   -9    2   12  -12    8   11   -7   21    1   -8   -6    7
    1   13   11    1    2    5    2    1       810  -13    6   13  -17    8   11    5   -6   11    9   -3    2    0   -1   16  -11   -4  -16
    1   13   12    1    3    5    3    1       443    8  -15   11   -7    2   -3   14   -2   12    6   -5    0   11   16  -14   19   -9   -9
    1   13   13    1    1    3    1    1      3596    3   14  -14    2    5    1   -9    3   15   -5   11   17   -3   10    0   -4  -14    5
    1   13   14    1    1    4    1    1      2958    5   15  -13   -6    1   -4  -11    3    9   -8    8   12   -3   10    3   -6   -7    7
    1   13   15    1    3    4    3    1       593    2  -20   11   -8    6   -5    9   -1   11   13   -3    5   -4   21  -12   13  -12   -7
    1   14    1    1    1    1    1    1       827    5   12  -15   -7    3   -4   -9    2   12  -12    8   11   -7   21    1   -8   -6    7
    1   14    2    1    3    1    3    1       524    4  -13    9  -10    5   -1   14    3   10   11   -6    1    7   13  -10   14  -11   -9
    1   14    3    1    2    4    2    1       624  -12   -1    8  -15   10   12    6    2    8   14   -5    1   -1    1   14   -9   -1  -16
    1   14    4    1    3    5    3    1       537    8  -15   11   -7    2   -3   14   -2   12    6   -5    0   11   16  -14   19   -9   -9
    1   14    5    1    3    2    3    1       685    7  -14   20  -17    6   -2   13    0    9   11   -6    0    7   14  -13   13   -8   -9
    1   14    6    1    2    5    2    1       699  -13    6   13  -17    8   11    5   -6   11    9   -3    2    0   -1   16  -11   -4  -16
    1   14    7    1    2    2    2    1       744  -11    1    7  -15   10   12   12   -2   20   10   -4    5    5   -6   16   -9   -3  -15
    1   14    8    1    2    3    2    1       900  -11    0    7  -13    9   10    6    0    5    2   -6    4    7   -3   13  -10    0  -13
    1   14    9    1    1    3    1    1       697    3   14  -14    2    5    1   -9    3   15   -5   11   17   -3   10    0   -4  -14    5
    1   14   10    1    3    3    3    1       639   11   -7    9   -6    2   -4   12   -4    9    8   -3    2    5   13  -12   13   -8   -6
    1   14   11    1    3    4    3    1       519    2  -20   11   -8    6   -5    9   -1   11   13   -3    5   -4   21  -12   13  -12   -7
    1   14   12    1    1    4    1    1       692    5   15  -13   -6    1   -4  -11    3    9   -8    8   12   -3   10    3   -6   -7    7
    1   14   13    1    2    1    2    1       418  -10   -1    8  -13    8   10    6   -1   18    7    0    8   -1   -1   15  -12   -4  -13
    1   14   14    1    1    5    1    1      1250    5   13  -13   -9    2   -3   -5   -2    9   -9    8   12   -3   14    1   -6   -8    7
    1   14   15    1    1    2    2    0       602   -1   20  -12   -7   -2   -7  -11    5   11  -14    7   12   -3   10    1   -6   -7    9
    1   15    1    1    2    4    2    1      1315  -12   -1    8  -15   10   12    6    2    8   14   -5    1   -1    1   14   -9   -1  -16
    1   15    2    1    1    2    1    1      1928   -1   20  -12   -7   -2   -7  -11    5   11  -14    7   12   -3   10    1   -6   -7    9
    1   15    3    1    2    3    2    1       860  -11    0    7  -13    9   10    6    0    5    2   -6    4    7   -3   13  -10    0  -13
    1   15    4    1    3    3    3    1       532   11   -7    9   -6    2   -4   12   -4    9    8   -3    2    5   13  -12   13   -8   -6
    1   15    5    1    3    2    3    1       552    7  -14   20  -17    6   -2   13    0    9   11   -6    0    7   14  -13   13   -8   -9
    1   15    6    1    3    5    3    1       435    8  -15   11   -7    2   -3   14   -2   12    6   -5    0   11   16  -14   19   -9   -9
    1   15    7    1    3    4    3    1       891    2  -20   11   -8    6   -5    9   -1   11   13   -3    5   -4   21  -12   13  -12   -7
    1   15    8    1    2    5    2    1      1065  -13    6   13  -17    8   11    5   -6   11    9   -3    2    0   -1   16  -11   -4  -16
    1   15    9    1    2    1    2    1       776  -10   -1    8  -13    8   10    6   -1   18    7    0    8   -1   -1   15  -12   -4  -13
    1   15   10    1    3    1    3    1       579    4  -13    9  -10    5   -1   14    3   10   11   -6    1    7   13  -10   14  -11   -9
    1   15   11    1    1    4    1    1       765    5   15  -13   -6    1   -4  -11    3    9   -8    8   12   -3   10    3   -6   -7    7
    1   15   12    1    2    2    2    1       464  -11    1    7  -15   10   12   12   -2   20   10   -4    5    5   -6   16   -9   -3  -15
    1   15   13    1    1    1    1    1       679    5   12  -15   -7    3   -4   -9    2   12  -12    8   11   -7   21    1   -8   -6    7
    1   15   14    1    1    5    2    0       454    5   13  -13   -9    2   -3   -5   -2    9   -9    8   12   -3   14    1   -6   -8    7
    1   15   15    1    1    3    1    1      4397    3   14  -14    2    5    1   -9    3   15   -5   11   17   -3   10    0   -4  -14    5
    2    1    1    6    0    0    2    1      6597  -22    2  -11   -1    0   -2   -4    0  -16   16    1  -11   -9   11    8   -2    6    2
    2    1    2    1    2    2    1    1      2390  -11    1    7  -15   10   12   12   -2   20   10   -4    5    5   -6   16   -9   -3  -15
    2    1    3    4    1    4    1    0      8296    4   16  -18   -4   -2   -8  -10    5    9  -10   13   11   -6   14   -2  -11   -8    7
    2    1    4    2    2    0    2    1      3766  -10    0    7  -14    9   11    5    0   11    8   -3    1    0   -2   15  -10   -2  -15
    2    1    5    6    0    0    1    0      1577   -6   -4   11  -11   -3   13   10   -8   10   -1    5   -1   -7   -9  -11    9    7   17
    2    1    6    4    3    3    2    1     11659    5  -13   10   -7    1  -10   13   -3   10   11   -6    1    5   14   -2   14   -7   -7
    2    1    7    1    2    3    2    0      3763  -11    0    7  -13    9   10    6    0    5    2   -6    4    7   -3   13  -10    0  -13
    2    1    8    4    2    5    2    1      2470  -11   -3    7  -13   10   13    7    1   12    8   -1    0    0   -3   13  -11   -2  -17
    2    1    9    1    2    5    1    1      3213  -13    6   13  -17    8   11    5   -6   11    9   -3    2    0   -1   16  -11   -4  -16
    2    1   10    4    1    2    2    1      7982    3   13  -15   -6    4   -1   -9    2    7   -7    4   15   -3   11    4   -7   -6    6
    2    1   11    4    3    4    1    0      2136    7  -14    1  -16    6   -1   14   -4   11   10  -12   -1   12    4  -14   14   -8   -7
    2    1   12    2    1    0    1    0      4748    4   15  -14   -7    3   -3  -11    4   10  -10    6   13   -3   12    2   -7   -8    8
    2    1   13    6    0    0    2    1      1776  -14    9   -8   -3    3  -12   -5    0  -16   15    6  -20   -7   10   15    5    3    0
    2    1   14    6    0    0    2    1      1747   -6  -19    6   11  -14    7   -4   13    1  -14   21   -1   -3    4   -5    9   -2   11
    2    1   15    4    3    1    2    1      4878    6  -14   15   -6    5   -4   13   -2   10   11  -10    3    0    9  -14   12   -8   -6
    2    1   16    2    3    0    1    0      1878    6  -13   10   -8    4   -3   12   -2    9   12   -5    1    6   13  -12   12   -9   -8
    2    1   17    4    3    2    1    0      5020    4  -15    7  -10    2   -2   12   -1    9   11   -4    0    4   15  -13   10  -11   -7
    2    1   18    1    1    1    1    1      1829    5   12  -15   -7    3   -4   -9    2   12  -12    8   11   -7   21    1   -8   -6    7
    2    1   19    1    2    4    2    0      3397  -12   -1    8  -15   10   12    6    2    8   14   -5    1   -1    1   14   -9   -1  -16
    2    1   20    4    2    4    2    1      4903  -11    0    8  -15    3    8    6   -1   12    7   -6    9    0    0   17  -11   -2  -16
    2    1   21    4    1    1    1    0      4389    6   13  -14   -8    3   -2  -10    5    9  -10    5   11   -2   11    3   -6   -9    7
    2    1   22    4    3    5    2    1      2799    7  -12    6   -3    3   -7   11   -1    9   11   -5   -2   -1   14  -12    7   -8   -9
    2    1   23    1    2    1    1    1      3768  -10   -1    8  -13    8   10    6   -1   18    7    0    8   -1   -1   15  -12   -4  -13
    2    1   24    4    1    5    2    1      2579    3   13  -14   -8    6  -13   -2    9   11  -11    7   12   -4   11    2   -6   -9    7
    2    1   25    1    3    3    1    1      1702   11   -7    9   -6    2   -4   12   -4    9    8   -3    2    5   13  -12   13   -8   -6
    2    1   26    1    1    5    2    0      2275    5   13  -13   -9    2   -3   -5   -2    9   -9    8   12   -3   14    1   -6   -8    7
    2    1   27    6    0    0    2    1      2714  -11   -1   12   -7  -10    5    5  -15    7   -9    7    6  -12   -5   -8   17    6   14
    2    1   28    1    1    4    1    1      1087    5   15  -13   -6    1   -4  -11    3    9   -8    8   12   -3   10    3   -6   -7    7
    2    1   29    4    1    3    2    1      2061    4   14  -16   -5   -5    5  -11    3   10   -8    8   15   -3   14    3   -5   -9    9
    2    1   30    1    3    2    1    1      1268    7  -14   20  -17    6   -2   13    0    9   11   -6    0    7   14  -13   13   -8   -9
    2    1   31    4    2    1    2    1      4035  -11    1    7  -13    8   10    9    5   12    8   -5    0   -3    1   14   -9   -1  -14
    2    1   32    1    3    4    1    1      4339    2  -20   11   -8    6   -5    9   -1   11   13   -3    5   -4   21  -12   13  -12   -7
    2    1   33    4    2    2    2    1      1127   -8   -3    5  -16    8   11    7    2   10    9   -4    3   -1   -2   13  -12   -5  -18
    2    1   34    4    2    3    1    0      2508  -16    6    8  -13    9   10    4    0   12    8   -4    1    0   -3   16  -10   -3  -14
    2    1   35    1    1    3    2    0      3937    3   14  -14    2    5    1   -9    3   15   -5   11   17   -3   10    0   -4  -14    5
    2    1   36    1    1    2    2    0      2181   -1   20  -12   -7   -2   -7  -11    5   11  -14    7   12   -3   10    1   -6   -7    9
    2    1   37    1    3    5    1    1      1047    8  -15   11   -7    2   -3   14   -2   12    6   -5    0   11   16  -14   19   -9   -9
    2    1   38    1    3    1    1    1      2239    4  -13    9  -10    5   -1   14    3   10   11   -6    1    7   13  -10   14  -11   -9
    2    1   39    6    0    0    2    1      2063  -11  -12    6   13  -14    4   -5   12    2  -19    8   -8   -6    8   -3   -2  -10    4
