    1    1    1    1    3    1    1    0      2615   -5    8   16   15    2    7   15    8  -10   -6   -1   -9  -10  -16   -6   -8    8   -2
    1    1    2    1    2    1    2    1      2477   18    2    8   -9    7   13   12   12   -7    2   11   -4  -13    8    5   15   10   13
    1    1    3    1    3    2    3    1      1116   -2    9   18   12    1    9   15   10  -11   -7   -1  -12  -16  -15   -3  -10   13    5
    1    1    4    1    1    4    1    1      1673   -7  -17    4   -9    6  -10   -4   17   -6   -7  -13    0    1  -10   -4   13    7   -2
    1    1    5    1    1    5    1    1      1080   -5  -14    8   -7    5  -12   -2   14   -5   -5  -12    4    1  -10   -2    9    5    3
    1    1    6    1    1    2    1    1       590   -6  -12    4  -10    9  -11    2   15   -7   -5  -13    1    3  -14    0    9    7    4
    1    1    7    1    2    5    2    1      2233   17    5   15    1    3   10    9   11   -5    4   11  -10  -15   12    6   17    9   14
    1    1    8    1    2    2    2    1      2369   19    1    7  -10    3   12   12   15   -5    4   12   -7  -14   14    6   16   10   12
    1    1    9    1    2    3    3    0      1180   16    6   10  -12    6   11   14   15   -8    3   10   -9  -14   12    8   16   10   14
    1    1   10    1    3    3    3    1      1207   -2   11   13   17    1    9   12   12   -9   -5   -1  -12   -3  -10  -12  -15   10    3
    1    1   11    1    1    3    1    1      1073   -7  -13    6   -8   10   -7   -4   16   -2   -5  -15    1    1  -10   -1   12    3    8
    1    1   12    1    1    1    2    0      2055   -5  -16   12   -6    6  -10   -6   15   -3   -8  -10   -1    2   -7    8    2    7    5
    1    1   13    1    3    4    3    1      1623    2    3   11   12    3    8   21   12  -18    1   -1  -12  -10  -17    1   -8    4    1
    1    1   14    1    3    5    1    0       881   -5    5   15   17    4    7   13    8  -10   -6   -1  -10  -10  -13    1  -12    6   -1
    1    1   15    1    2    4    2    1      2255   15    5    6   -8   12    2   14   12   -4   -1   10   -9  -13   13    8   16   10   11
    1    2    1    1    3    2    3    1      1998   -2    9   18   12    1    9   15   10  -11   -7   -1  -12  -16  -15   -3  -10   13    5
    1    2    2    1    3    1    2    0      4288   -5    8   16   15    2    7   15    8  -10   -6   -1   -9  -10  -16   -6   -8    8   -2
    1    2    3    1    2    2    1    0      1663   19    1    7  -10    3   12   12   15   -5    4   12   -7  -14   14    6   16   10   12
    1    2    4    1    2    4    2    1      1238   15    5    6   -8   12    2   14   12   -4   -1   10   -9  -13   13    8   16   10   11
    1    2    5    1    3    3    3    1       847   -2   11   13   17    1    9   12   12   -9   -5   -1  -12   -3  -10  -12  -15   10    3
    1    2    6    1    1    4    1    1       726   -7  -17    4   -9    6  -10   -4   17   -6   -7  -13    0    1  -10   -4   13    7   -2
    1    2    7    1    1    5    1    1       611   -5  -14    8   -7    5  -12   -2   14   -5   -5  -12    4    1  -10   -2    9    5    3
    1    2    8    1    2    1    1    0      3813   18    2    8   -9    7   13   12   12   -7    2   11   -4  -13    8    5   15   10   13
    1    2    9    1    3    4    3    1       839    2    3   11   12    3    8   21   12  -18    1   -1  -12  -10  -17    1   -8    4    1
    1    2   10    1    2    3    2    1      1047   16    6   10  -12    6   11   14   15   -8    3   10   -9  -14   12    8   16   10   14
    1    2   11    1    3    5    3    1      2007   -5    5   15   17    4    7   13    8  -10   -6   -1  -10  -10  -13    1  -12    6   -1
    1    2   12    1    1    2    1    1       657   -6  -12    4  -10    9  -11    2   15   -7   -5  -13    1    3  -14    0    9    7    4
    1    2   13    1    2    5    3    0      1032   17    5   15    1    3   10    9   11   -5    4   11  -10  -15   12    6   17    9   14
    1    2   14    1    1    1    2    0      1808   -5  -16   12   -6    6  -10   -6   15   -3   -8  -10   -1    2   -7    8    2    7    5
    1    2   15    1    1    3    2    0      2434   -7  -13    6   -8   10   -7   -4   16   -2   -5  -15    1    1  -10   -1   12    3    8
    1    3    1    1    3    2    3    1      1499   -2    9   18   12    1    9   15   10  -11   -7   -1  -12  -16  -15   -3  -10   13    5
    1    3    2    1    3    1    2    0      1417   -5    8   16   15    2    7   15    8  -10   -6   -1   -9  -10  -16   -6   -8    8   -2
    1    3    3    1    3    3    3    1       578   -2   11   13   17    1    9   12   12   -9   -5   -1  -12   -3  -10  -12  -15   10    3
    1    3    4    1    1    3    1    1      2197   -7  -13    6   -8   10   -7   -4   16   -2   -5  -15    1    1  -10   -1   12    3    8
    1    3    5    1    1    4    1    1      1671   -7  -17    4   -9    6  -10   -4   17   -6   -7  -13    0    1  -10   -4   13    7   -2
    1    3    6    1    2    4    2    1      1150   15    5    6   -8   12    2   14   12   -4   -1   10   -9  -13   13    8   16   10   11
    1    3    7    1    2    1    2    1       889   18    2    8   -9    7   13   12   12   -7    2   11   -4  -13    8    5   15   10   13
    1    3    8    1    2    2    2    1       719   19    1    7  -10    3   12   12   15   -5    4   12   -7  -14   14    6   16   10   12
    1    3    9    1    1    2    1    1       813   -6  -12    4  -10    9  -11    2   15   -7   -5  -13    1    3  -14    0    9    7    4
    1    3   10    1    2    5    2    1      1054   17    5   15    1    3   10    9   11   -5    4   11  -10  -15   12    6   17    9   14
    1    3   11    1    2    3    2    1       766   16    6   10  -12    6   11   14   15   -8    3   10   -9  -14   12    8   16   10   14
    1    3   12    1    1    5    1    1      2025   -5  -14    8   -7    5  -12   -2   14   -5   -5  -12    4    1  -10   -2    9    5    3
    1    3   13    1    3    5    3    1       722   -5    5   15   17    4    7   13    8  -10   -6   -1  -10  -10  -13    1  -12    6   -1
    1    3   14    1    1    1    1    1      1135   -5  -16   12   -6    6  -10   -6   15   -3   -8  -10   -1    2   -7    8    2    7    5
    1    3   15    1    3    4    3    1       819    2    3   11   12    3    8   21   12  -18    1   -1  -12  -10  -17    1   -8    4    1
    1    4    1    1    1    3    2    0      1292   -7  -13    6   -8   10   -7   -4   16   -2   -5  -15    1    1  -10   -1   12    3    8
    1    4    2    1    1    4    1    1       747   -7  -17    4   -9    6  -10   -4   17   -6   -7  -13    0    1  -10   -4   13    7   -2
    1    4    3    1    1    2    1    1       799   -6  -12    4  -10    9  -11    2   15   -7   -5  -13    1    3  -14    0    9    7    4
    1    4    4    1    2    5    2    1       656   17    5   15    1    3   10    9   11   -5    4   11  -10  -15   12    6   17    9   14
    1    4    5    1    2    2    2    1       624   19    1    7  -10    3   12   12   15   -5    4   12   -7  -14   14    6   16   10   12
    1    4    6    1    3    2    3    1       753   -2    9   18   12    1    9   15   10  -11   -7   -1  -12  -16  -15   -3  -10   13    5
    1    4    7    1    3    3    3    1      2157   -2   11   13   17    1    9   12   12   -9   -5   -1  -12   -3  -10  -12  -15   10    3
    1    4    8    1    2    1    2    1      1777   18    2    8   -9    7   13   12   12   -7    2   11   -4  -13    8    5   15   10   13
    1    4    9    1    1    5    1    1      1036   -5  -14    8   -7    5  -12   -2   14   -5   -5  -12    4    1  -10   -2    9    5    3
    1    4   10    1    2    4    2    1       932   15    5    6   -8   12    2   14   12   -4   -1   10   -9  -13   13    8   16   10   11
    1    4   11    1    2    3    2    1       632   16    6   10  -12    6   11   14   15   -8    3   10   -9  -14   12    8   16   10   14
    1    4   12    1    3    5    3    1       720   -5    5   15   17    4    7   13    8  -10   -6   -1  -10  -10  -13    1  -12    6   -1
    1    4   13    1    1    1    1    1       894   -5  -16   12   -6    6  -10   -6   15   -3   -8  -10   -1    2   -7    8    2    7    5
    1    4   14    1    3    1    3    1      1220   -5    8   16   15    2    7   15    8  -10   -6   -1   -9  -10  -16   -6   -8    8   -2
    1    4   15    1    3    4    3    1      2749    2    3   11   12    3    8   21   12  -18    1   -1  -12  -10  -17    1   -8    4    1
    1    5    1    1    1    1    1    1       537   -5  -16   12   -6    6  -10   -6   15   -3   -8  -10   -1    2   -7    8    2    7    5
    1    5    2    1    3    2    3    1      1365   -2    9   18   12    1    9   15   10  -11   -7   -1  -12  -16  -15   -3  -10   13    5
    1    5    3    1    2    5    2    1       960   17    5   15    1    3   10    9   11   -5    4   11  -10  -15   12    6   17    9   14
    1    5    4    1    2    1    2    1      3796   18    2    8   -9    7   13   12   12   -7    2   11   -4  -13    8    5   15   10   13
    1    5    5    1    1    2    1    1       655   -6  -12    4  -10    9  -11    2   15   -7   -5  -13    1    3  -14    0    9    7    4
    1    5    6    1    2    3    2    1      1566   16    6   10  -12    6   11   14   15   -8    3   10   -9  -14   12    8   16   10   14
    1    5    7    1    3    4    3    1       601    2    3   11   12    3    8   21   12  -18    1   -1  -12  -10  -17    1   -8    4    1
    1    5    8    1    3    5    3    1       803   -5    5   15   17    4    7   13    8  -10   -6   -1  -10  -10  -13    1  -12    6   -1
    1    5    9    1    2    4    2    1       620   15    5    6   -8   12    2   14   12   -4   -1   10   -9  -13   13    8   16   10   11
    1    5   10    1    1    3    2    0      2285   -7  -13    6   -8   10   -7   -4   16   -2   -5  -15    1    1  -10   -1   12    3    8
    1    5   11    1    3    3    3    1       772   -2   11   13   17    1    9   12   12   -9   -5   -1  -12   -3  -10  -12  -15   10    3
    1    5   12    1    1    4    1    1       775   -7  -17    4   -9    6  -10   -4   17   -6   -7  -13    0    1  -10   -4   13    7   -2
    1    5   13    1    3    1    3    1       818   -5    8   16   15    2    7   15    8  -10   -6   -1   -9  -10  -16   -6   -8    8   -2
    1    5   14    1    2    2    2    1       803   19    1    7  -10    3   12   12   15   -5    4   12   -7  -14   14    6   16   10   12
    1    5   15    1    1    5    1    1       396   -5  -14    8   -7    5  -12   -2   14   -5   -5  -12    4    1  -10   -2    9    5    3
    1    6    1    1    2    2    2    1       743   19    1    7  -10    3   12   12   15   -5    4   12   -7  -14   14    6   16   10   12
    1    6    2    1    2    5    2    1       611   17    5   15    1    3   10    9   11   -5    4   11  -10  -15   12    6   17    9   14
    1    6    3    1    3    3    3    1       837   -2   11   13   17    1    9   12   12   -9   -5   -1  -12   -3  -10  -12  -15   10    3
    1    6    4    1    3    4    1    0      1565    2    3   11   12    3    8   21   12  -18    1   -1  -12  -10  -17    1   -8    4    1
    1    6    5    1    2    4    2    1       760   15    5    6   -8   12    2   14   12   -4   -1   10   -9  -13   13    8   16   10   11
    1    6    6    1    2    1    2    1      1556   18    2    8   -9    7   13   12   12   -7    2   11   -4  -13    8    5   15   10   13
    1    6    7    1    3    1    3    1       783   -5    8   16   15    2    7   15    8  -10   -6   -1   -9  -10  -16   -6   -8    8   -2
    1    6    8    1    1    3    1    1       610   -7  -13    6   -8   10   -7   -4   16   -2   -5  -15    1    1  -10   -1   12    3    8
    1    6    9    1    3    5    3    1       635   -5    5   15   17    4    7   13    8  -10   -6   -1  -10  -10  -13    1  -12    6   -1
    1    6   10    1    3    2    3    1      1268   -2    9   18   12    1    9   15   10  -11   -7   -1  -12  -16  -15   -3  -10   13    5
    1    6   11    1    2    3    2    1      1266   16    6   10  -12    6   11   14   15   -8    3   10   -9  -14   12    8   16   10   14
    1    6   12    1    1    4    1    1       658   -7  -17    4   -9    6  -10   -4   17   -6   -7  -13    0    1  -10   -4   13    7   -2
    1    6   13    1    1    5    1    1       633   -5  -14    8   -7    5  -12   -2   14   -5   -5  -12    4    1  -10   -2    9    5    3
    1    6   14    1    1    2    1    1       786   -6  -12    4  -10    9  -11    2   15   -7   -5  -13    1    3  -14    0    9    7    4
    1    6   15    1    1    1    1    1       508   -5  -16   12   -6    6  -10   -6   15   -3   -8  -10   -1    2   -7    8    2    7    5
    1    7    1    1    3    5    3    1       937   -5    5   15   17    4    7   13    8  -10   -6   -1  -10  -10  -13    1  -12    6   -1
    1    7    2    1    3    4    3    1      3350    2    3   11   12    3    8   21   12  -18    1   -1  -12  -10  -17    1   -8    4    1
    1    7    3    1    2    4    2    1      1089   15    5    6   -8   12    2   14   12   -4   -1   10   -9  -13   13    8   16   10   11
    1    7    4    1    3    2    1    0       968   -2    9   18   12    1    9   15   10  -11   -7   -1  -12  -16  -15   -3  -10   13    5
    1    7    5    1    2    5    2    1      1011   17    5   15    1    3   10    9   11   -5    4   11  -10  -15   12    6   17    9   14
    1    7    6    1    3    1    3    1      3365   -5    8   16   15    2    7   15    8  -10   -6   -1   -9  -10  -16   -6   -8    8   -2
    1    7    7    1    1    1    1    1       824   -5  -16   12   -6    6  -10   -6   15   -3   -8  -10   -1    2   -7    8    2    7    5
    1    7    8    1    3    3    3    1       817   -2   11   13   17    1    9   12   12   -9   -5   -1  -12   -3  -10  -12  -15   10    3
    1    7    9    1    1    3    1    1      1906   -7  -13    6   -8   10   -7   -4   16   -2   -5  -15    1    1  -10   -1   12    3    8
    1    7   10    1    1    4    1    1       704   -7  -17    4   -9    6  -10   -4   17   -6   -7  -13    0    1  -10   -4   13    7   -2
    1    7   11    1    2    2    2    1       549   19    1    7  -10    3   12   12   15   -5    4   12   -7  -14   14    6   16   10   12
    1    7   12    1    1    5    1    1       553   -5  -14    8   -7    5  -12   -2   14   -5   -5  -12    4    1  -10   -2    9    5    3
    1    7   13    1    2    3    2    1       749   16    6   10  -12    6   11   14   15   -8    3   10   -9  -14   12    8   16   10   14
    1    7   14    1    1    2    1    1       520   -6  -12    4  -10    9  -11    2   15   -7   -5  -13    1    3  -14    0    9    7    4
    1    7   15    1    2    1    2    1       805   18    2    8   -9    7   13   12   12   -7    2   11   -4  -13    8    5   15   10   13
    1    8    1    1    3    2    3    1       631   -2    9   18   12    1    9   15   10  -11   -7   -1  -12  -16  -15   -3  -10   13    5
    1    8    2    1    2    3    2    1      6895   16    6   10  -12    6   11   14   15   -8    3   10   -9  -14   12    8   16   10   14
    1    8    3    1    1    3    1    1       598   -7  -13    6   -8   10   -7   -4   16   -2   -5  -15    1    1  -10   -1   12    3    8
    1    8    4    1    3    1    3    1       736   -5    8   16   15    2    7   15    8  -10   -6   -1   -9  -10  -16   -6   -8    8   -2
    1    8    5    1    1    2    1    1      1388   -6  -12    4  -10    9  -11    2   15   -7   -5  -13    1    3  -14    0    9    7    4
    1    8    6    1    2    5    2    1      1014   17    5   15    1    3   10    9   11   -5    4   11  -10  -15   12    6   17    9   14
    1    8    7    1    2    4    2    1      2471   15    5    6   -8   12    2   14   12   -4   -1   10   -9  -13   13    8   16   10   11
    1    8    8    1    2    1    2    1      1574   18    2    8   -9    7   13   12   12   -7    2   11   -4  -13    8    5   15   10   13
    1    8    9    1    1    5    1    1       578   -5  -14    8   -7    5  -12   -2   14   -5   -5  -12    4    1  -10   -2    9    5    3
    1    8   10    1    1    4    1    1      1917   -7  -17    4   -9    6  -10   -4   17   -6   -7  -13    0    1  -10   -4   13    7   -2
    1    8   11    1    3    4    3    1       682    2    3   11   12    3    8   21   12  -18    1   -1  -12  -10  -17    1   -8    4    1
    1    8   12    1    2    2    2    1       672   19    1    7  -10    3   12   12   15   -5    4   12   -7  -14   14    6   16   10   12
    1    8   13    1    3    5    3    1      1055   -5    5   15   17    4    7   13    8  -10   -6   -1  -10  -10  -13    1  -12    6   -1
    1    8   14    1    3    3    3    1       983   -2   11   13   17    1    9   12   12   -9   -5   -1  -12   -3  -10  -12  -15   10    3
    1    8   15    1    1    1    1    1       713   -5  -16   12   -6    6  -10   -6   15   -3   -8  -10   -1    2   -7    8    2    7    5
    1    9    1    1    3    3    3    1       775   -2   11   13   17    1    9   12   12   -9   -5   -1  -12   -3  -10  -12  -15   10    3
    1    9    2    1    1    5    1    1      2010   -5  -14    8   -7    5  -12   -2   14   -5   -5  -12    4    1  -10   -2    9    5    3
    1    9    3    1    3    2    3    1       628   -2    9   18   12    1    9   15   10  -11   -7   -1  -12  -16  -15   -3  -10   13    5
    1    9    4    1    2    3    2    1       860   16    6   10  -12    6   11   14   15   -8    3   10   -9  -14   12    8   16   10   14
    1    9    5    1    2    2    2    1       452   19    1    7  -10    3   12   12   15   -5    4   12   -7  -14   14    6   16   10   12
    1    9    6    1    2    1    2    1       515   18    2    8   -9    7   13   12   12   -7    2   11   -4  -13    8    5   15   10   13
    1    9    7    1    1    4    1    1       401   -7  -17    4   -9    6  -10   -4   17   -6   -7  -13    0    1  -10   -4   13    7   -2
    1    9    8    1    2    5    2    1       578   17    5   15    1    3   10    9   11   -5    4   11  -10  -15   12    6   17    9   14
    1    9    9    1    3    1    3    1       501   -5    8   16   15    2    7   15    8  -10   -6   -1   -9  -10  -16   -6   -8    8   -2
    1    9   10    1    1    2    1    1       635   -6  -12    4  -10    9  -11    2   15   -7   -5  -13    1    3  -14    0    9    7    4
    1    9   11    1    3    5    3    1       715   -5    5   15   17    4    7   13    8  -10   -6   -1  -10  -10  -13    1  -12    6   -1
    1    9   12    1    1    1    1    1      1016   -5  -16   12   -6    6  -10   -6   15   -3   -8  -10   -1    2   -7    8    2    7    5
    1    9   13    1    1    3    1    1       753   -7  -13    6   -8   10   -7   -4   16   -2   -5  -15    1    1  -10   -1   12    3    8
    1    9   14    1    3    4    3    1       901    2    3   11   12    3    8   21   12  -18    1   -1  -12  -10  -17    1   -8    4    1
    1    9   15    1    2    4    2    1       906   15    5    6   -8   12    2   14   12   -4   -1   10   -9  -13   13    8   16   10   11
    1   10    1    1    3    2    3    1       720   -2    9   18   12    1    9   15   10  -11   -7   -1  -12  -16  -15   -3  -10   13    5
    1   10    2    1    3    4    3    1      1133    2    3   11   12    3    8   21   12  -18    1   -1  -12  -10  -17    1   -8    4    1
    1   10    3    1    2    2    2    1      1113   19    1    7  -10    3   12   12   15   -5    4   12   -7  -14   14    6   16   10   12
    1   10    4    1    3    3    3    1       767   -2   11   13   17    1    9   12   12   -9   -5   -1  -12   -3  -10  -12  -15   10    3
    1   10    5    1    3    5    3    1       730   -5    5   15   17    4    7   13    8  -10   -6   -1  -10  -10  -13    1  -12    6   -1
    1   10    6    1    1    2    1    1       622   -6  -12    4  -10    9  -11    2   15   -7   -5  -13    1    3  -14    0    9    7    4
    1   10    7    1    2    4    2    1       703   15    5    6   -8   12    2   14   12   -4   -1   10   -9  -13   13    8   16   10   11
    1   10    8    1    2    5    2    1       581   17    5   15    1    3   10    9   11   -5    4   11  -10  -15   12    6   17    9   14
    1   10    9    1    1    4    1    1       615   -7  -17    4   -9    6  -10   -4   17   -6   -7  -13    0    1  -10   -4   13    7   -2
    1   10   10    1    1    5    1    1       528   -5  -14    8   -7    5  -12   -2   14   -5   -5  -12    4    1  -10   -2    9    5    3
    1   10   11    1    2    1    2    1       749   18    2    8   -9    7   13   12   12   -7    2   11   -4  -13    8    5   15   10   13
    1   10   12    1    3    1    3    1       624   -5    8   16   15    2    7   15    8  -10   -6   -1   -9  -10  -16   -6   -8    8   -2
    1   10   13    1    1    3    1    1       786   -7  -13    6   -8   10   -7   -4   16   -2   -5  -15    1    1  -10   -1   12    3    8
    1   10   14    1    2    3    2    1      1516   16    6   10  -12    6   11   14   15   -8    3   10   -9  -14   12    8   16   10   14
    1   10   15    1    1    1    1    1       945   -5  -16   12   -6    6  -10   -6   15   -3   -8  -10   -1    2   -7    8    2    7    5
    1   11    1    1    1    4    1    1       677   -7  -17    4   -9    6  -10   -4   17   -6   -7  -13    0    1  -10   -4   13    7   -2
    1   11    2    1    3    5    3    1       644   -5    5   15   17    4    7   13    8  -10   -6   -1  -10  -10  -13    1  -12    6   -1
    1   11    3    1    2    2    2    1       764   19    1    7  -10    3   12   12   15   -5    4   12   -7  -14   14    6   16   10   12
    1   11    4    1    1    5    1    1       983   -5  -14    8   -7    5  -12   -2   14   -5   -5  -12    4    1  -10   -2    9    5    3
    1   11    5    1    2    5    2    1       594   17    5   15    1    3   10    9   11   -5    4   11  -10  -15   12    6   17    9   14
    1   11    6    1    1    1    1    1       612   -5  -16   12   -6    6  -10   -6   15   -3   -8  -10   -1    2   -7    8    2    7    5
    1   11    7    1    1    2    1    1       598   -6  -12    4  -10    9  -11    2   15   -7   -5  -13    1    3  -14    0    9    7    4
    1   11    8    1    3    4    3    1       775    2    3   11   12    3    8   21   12  -18    1   -1  -12  -10  -17    1   -8    4    1
    1   11    9    1    1    3    1    1       818   -7  -13    6   -8   10   -7   -4   16   -2   -5  -15    1    1  -10   -1   12    3    8
    1   11   10    1    3    1    3    1       627   -5    8   16   15    2    7   15    8  -10   -6   -1   -9  -10  -16   -6   -8    8   -2
    1   11   11    1    2    4    2    1       676   15    5    6   -8   12    2   14   12   -4   -1   10   -9  -13   13    8   16   10   11
    1   11   12    1    2    1    2    1      1107   18    2    8   -9    7   13   12   12   -7    2   11   -4  -13    8    5   15   10   13
    1   11   13    1    2    3    2    1       745   16    6   10  -12    6   11   14   15   -8    3   10   -9  -14   12    8   16   10   14
    1   11   14    1    3    2    3    1       573   -2    9   18   12    1    9   15   10  -11   -7   -1  -12  -16  -15   -3  -10   13    5
    1   11   15    1    3    3    3    1       992   -2   11   13   17    1    9   12   12   -9   -5   -1  -12   -3  -10  -12  -15   10    3
    1   12    1    1    1    2    1    1       762   -6  -12    4  -10    9  -11    2   15   -7   -5  -13    1    3  -14    0    9    7    4
    1   12    2    1    2    3    2    1       838   16    6   10  -12    6   11   14   15   -8    3   10   -9  -14   12    8   16   10   14
    1   12    3    1    2    1    2    1       662   18    2    8   -9    7   13   12   12   -7    2   11   -4  -13    8    5   15   10   13
    1   12    4    1    3    2    3    1       918   -2    9   18   12    1    9   15   10  -11   -7   -1  -12  -16  -15   -3  -10   13    5
    1   12    5    1    2    5    2    1       979   17    5   15    1    3   10    9   11   -5    4   11  -10  -15   12    6   17    9   14
    1   12    6    1    3    5    3    1       862   -5    5   15   17    4    7   13    8  -10   -6   -1  -10  -10  -13    1  -12    6   -1
    1   12    7    1    2    4    2    1      2662   15    5    6   -8   12    2   14   12   -4   -1   10   -9  -13   13    8   16   10   11
    1   12    8    1    3    4    3    1      1125    2    3   11   12    3    8   21   12  -18    1   -1  -12  -10  -17    1   -8    4    1
    1   12    9    1    1    4    1    1       738   -7  -17    4   -9    6  -10   -4   17   -6   -7  -13    0    1  -10   -4   13    7   -2
    1   12   10    1    3    1    3    1       671   -5    8   16   15    2    7   15    8  -10   -6   -1   -9  -10  -16   -6   -8    8   -2
    1   12   11    1    2    2    2    1       622   19    1    7  -10    3   12   12   15   -5    4   12   -7  -14   14    6   16   10   12
    1   12   12    1    1    1    1    1       591   -5  -16   12   -6    6  -10   -6   15   -3   -8  -10   -1    2   -7    8    2    7    5
    1   12   13    1    3    3    3    1       761   -2   11   13   17    1    9   12   12   -9   -5   -1  -12   -3  -10  -12  -15   10    3
    1   12   14    1    1    3    1    1       564   -7  -13    6   -8   10   -7   -4   16   -2   -5  -15    1    1  -10   -1   12    3    8
    1   12   15    1    1    5    1    1       567   -5  -14    8   -7    5  -12   -2   14   -5   -5  -12    4    1  -10   -2    9    5    3
    1   13    1    1    2    2    2    1       642   19    1    7  -10    3   12   12   15   -5    4   12   -7  -14   14    6   16   10   12
    1   13    2    1    3    3    3    1       603   -2   11   13   17    1    9   12   12   -9   -5   -1  -12   -3  -10  -12  -15   10    3
    1   13    3    1    1    2    1    1       740   -6  -12    4  -10    9  -11    2   15   -7   -5  -13    1    3  -14    0    9    7    4
    1   13    4    1    1    5    1    1       865   -5  -14    8   -7    5  -12   -2   14   -5   -5  -12    4    1  -10   -2    9    5    3
    1   13    5    1    3    1    3    1      1280   -5    8   16   15    2    7   15    8  -10   -6   -1   -9  -10  -16   -6   -8    8   -2
    1   13    6    1    3    4    3    1      4950    2    3   11   12    3    8   21   12  -18    1   -1  -12  -10  -17    1   -8    4    1
    1   13    7    1    1    1    1    1      3019   -5  -16   12   -6    6  -10   -6   15   -3   -8  -10   -1    2   -7    8    2    7    5
    1   13    8    1    2    1    2    1      1020   18    2    8   -9    7   13   12   12   -7    2   11   -4  -13    8    5   15   10   13
    1   13    9    1    2    5    2    1       693   17    5   15    1    3   10    9   11   -5    4   11  -10  -15   12    6   17    9   14
    1   13   10    1    1    3    1    1       484   -7  -13    6   -8   10   -7   -4   16   -2   -5  -15    1    1  -10   -1   12    3    8
    1   13   11    1    3    2    3    1       754   -2    9   18   12    1    9   15   10  -11   -7   -1  -12  -16  -15   -3  -10   13    5
    1   13   12    1    2    3    2    1       957   16    6   10  -12    6   11   14   15   -8    3   10   -9  -14   12    8   16   10   14
    1   13   13    1    3    5    3    1      1185   -5    5   15   17    4    7   13    8  -10   -6   -1  -10  -10  -13    1  -12    6   -1
    1   13   14    1    2    4    2    1      1131   15    5    6   -8   12    2   14   12   -4   -1   10   -9  -13   13    8   16   10   11
    1   13   15    1    1    4    1    1       752   -7  -17    4   -9    6  -10   -4   17   -6   -7  -13    0    1  -10   -4   13    7   -2
    1   14    1    1    3    2    3    1       963   -2    9   18   12    1    9   15   10  -11   -7   -1  -12  -16  -15   -3  -10   13    5
    1   14    2    1    2    4    2    1       742   15    5    6   -8   12    2   14   12   -4   -1   10   -9  -13   13    8   16   10   11
    1   14    3    1    2    3    2    1       987   16    6   10  -12    6   11   14   15   -8    3   10   -9  -14   12    8   16   10   14
    1   14    4    1    3    3    3    1      1069   -2   11   13   17    1    9   12   12   -9   -5   -1  -12   -3  -10  -12  -15   10    3
    1   14    5    1    2    2    2    1      1052   19    1    7  -10    3   12   12   15   -5    4   12   -7  -14   14    6   16   10   12
    1   14    6    1    1    3    1    1       684   -7  -13    6   -8   10   -7   -4   16   -2   -5  -15    1    1  -10   -1   12    3    8
    1   14    7    1    2    1    2    1       682   18    2    8   -9    7   13   12   12   -7    2   11   -4  -13    8    5   15   10   13
    1   14    8    1    3    4    3    1      2408    2    3   11   12    3    8   21   12  -18    1   -1  -12  -10  -17    1   -8    4    1
    1   14    9    1    3    5    3    1      1194   -5    5   15   17    4    7   13    8  -10   -6   -1  -10  -10  -13    1  -12    6   -1
    1   14   10    1    1    2    1    1       732   -6  -12    4  -10    9  -11    2   15   -7   -5  -13    1    3  -14    0    9    7    4
    1   14   11    1    1    1    1    1       617   -5  -16   12   -6    6  -10   -6   15   -3   -8  -10   -1    2   -7    8    2    7    5
    1   14   12    1    3    1    3    1      3978   -5    8   16   15    2    7   15    8  -10   -6   -1   -9  -10  -16   -6   -8    8   -2
    1   14   13    1    1    4    1    1       565   -7  -17    4   -9    6  -10   -4   17   -6   -7  -13    0    1  -10   -4   13    7   -2
    1   14   14    1    2    5    2    1       800   17    5   15    1    3   10    9   11   -5    4   11  -10  -15   12    6   17    9   14
    1   14   15    1    1    5    1    1       642   -5  -14    8   -7    5  -12   -2   14   -5   -5  -12    4    1  -10   -2    9    5    3
    1   15    1    1    3    4    3    1      2426    2    3   11   12    3    8   21   12  -18    1   -1  -12  -10  -17    1   -8    4    1
    1   15    2    1    3    1    3    1       699   -5    8   16   15    2    7   15    8  -10   -6   -1   -9  -10  -16   -6   -8    8   -2
    1   15    3    1    2    4    2    1       657   15    5    6   -8   12    2   14   12   -4   -1   10   -9  -13   13    8   16   10   11
    1   15    4    1    2    5    2    1       672   17    5   15    1    3   10    9   11   -5    4   11  -10  -15   12    6   17    9   14
    1   15    5    1    1    2    1    1       999   -6  -12    4  -10    9  -11    2   15   -7   -5  -13    1    3  -14    0    9    7    4
    1   15    6    1    2    1    2    1      1521   18    2    8   -9    7   13   12   12   -7    2   11   -4  -13    8    5   15   10   13
    1   15    7    1    2    3    2    1       758   16    6   10  -12    6   11   14   15   -8    3   10   -9  -14   12    8   16   10   14
    1   15    8    1    3    2    3    1       586   -2    9   18   12    1    9   15   10  -11   -7   -1  -12  -16  -15   -3  -10   13    5
    1   15    9    1    1    3    1    1       740   -7  -13    6   -8   10   -7   -4   16   -2   -5  -15    1    1  -10   -1   12    3    8
    1   15   10    1    3    5    3    1       648   -5    5   15   17    4    7   13    8  -10   -6   -1  -10  -10  -13    1  -12    6   -1
    1   15   11    1    1    1    1    1       696   -5  -16   12   -6    6  -10   -6   15   -3   -8  -10   -1    2   -7    8    2    7    5
    1   15   12    1    1    5    1    1       662   -5  -14    8   -7    5  -12   -2   14   -5   -5  -12    4    1  -10   -2    9    5    3
    1   15   13    1    2    2    2    1       702   19    1    7  -10    3   12   12   15   -5    4   12   -7  -14   14    6   16   10   12
    1   15   14    1    1    4    1    1       803   -7  -17    4   -9    6  -10   -4   17   -6   -7  -13    0    1  -10   -4   13    7   -2
    1   15   15    1    3    3    3    1       805   -2   11   13   17    1    9   12   12   -9   -5   -1  -12   -3  -10  -12  -15   10    3
    2    1    1    1    2    3    1    1      2293   16    6   10  -12    6   11   14   15   -8    3   10   -9  -14   12    8   16   10   14
    2    1    2    4    3    1    2    1      1340   -4   12    9   20    0    7   11    8    0   -6    0  -13  -11  -13   -1   -9    6    0
    2    1    3    6    0    0    2    1      1968    3   -9   11    3    6    2   10   10  -10   15  -17    4   -4  -19    4   12    8   -9
    2    1    4    1    2    2    1    1      2395   19    1    7  -10    3   12   12   15   -5    4   12   -7  -14   14    6   16   10   12
    2    1    5    4    3    2    1    0      1302   -8   11   17    5    0    6   13   10  -12   -8    0  -12  -10  -16   -6   -9    6    0
    2    1    6    4    2    3    2    1      2403   11   -3    9   -8    3   11   12   13   -2    2   11   -7  -14   15    8   12    5    7
    2    1    7    4    3    3    1    0      1469   -7    9   17   16    1    6   12   10  -10   -8    1  -10  -10  -14   -4  -20    5   -1
    2    1    8    4    1    4    2    1      2077   -8  -18    8   -9    4  -10   -4   20   -8   -1  -14   -1    2   -8    0   12    6    3
    2    1    9    6    0    0    2    1      2531   10   -8   -7   14   13    3   -7  -10  -10  -13   -1    6   -3    5  -10    4   14   15
    2    1   10    4    2    1    1    0      2560   16    3    6  -10    3   10   12   15  -11    3    9   -7  -15    9    8   14    7   16
    2    1   11    4    2    2    1    0      1340   13    5    7   -7   13   11   13   15   -7    5   11   -8  -16   15    6   14   11   16
    2    1   12    1    3    4    1    1      1344    2    3   11   12    3    8   21   12  -18    1   -1  -12  -10  -17    1   -8    4    1
    2    1   13    2    2    0    1    0       829   16    4    7   -8    5   12   13   14   -7    3   10   -8  -14   13    7   14    9   13
    2    1   14    1    1    1    1    1      1318   -5  -16   12   -6    6  -10   -6   15   -3   -8  -10   -1    2   -7    8    2    7    5
    2    1   15    1    3    5    1    1       859   -5    5   15   17    4    7   13    8  -10   -6   -1  -10  -10  -13    1  -12    6   -1
    2    1   16    1    3    2    1    1       619   -2    9   18   12    1    9   15   10  -11   -7   -1  -12  -16  -15   -3  -10   13    5
    2    1   17    4    3    4    1    0      2811   -4    9   14   16   -1    3   15   11   -9   -8   -3  -11  -11  -15    2  -10    6   -1
    2    1   18    4    3    5    1    0       837   -6   11   17   17    1    7   12    8  -11   -1   -6   -6  -18  -14   -7   -3    4   -2
    2    1   19    1    3    3    1    1      2390   -2   11   13   17    1    9   12   12   -9   -5   -1  -12   -3  -10  -12  -15   10    3
    2    1   20    4    1    2    2    1       968    3  -23    5   -9    7  -10   -5   16   -5   -9  -13    1    2   -8   -6   11    6    2
    2    1   21    1    3    1    1    1       979   -5    8   16   15    2    7   15    8  -10   -6   -1   -9  -10  -16   -6   -8    8   -2
    2    1   22    6    0    0    2    1      1166    5  -12   12    3    1    1    8    9  -14    9  -12    4    4  -15    3   13    7  -10
    2    1   23    6    0    0    2    1      1881    9   -8   -9   14    3   12   -3   -9   -9  -14    3    0    1    1  -10    5   12   16
    2    1   24    1    2    5    1    1      1216   17    5   15    1    3   10    9   11   -5    4   11  -10  -15   12    6   17    9   14
    2    1   25    6    0    0    2    1       761  -15    0    1    1    9   -4    4  -14   -3  -12  -13  -14    6   -8    6   11    5    7
    2    1   26    1    2    4    1    1      1340   15    5    6   -8   12    2   14   12   -4   -1   10   -9  -13   13    8   16   10   11
    2    1   27    1    1    3    1    1      2345   -7  -13    6   -8   10   -7   -4   16   -2   -5  -15    1    1  -10   -1   12    3    8
    2    1   28    1    1    2    1    1      2109   -6  -12    4  -10    9  -11    2   15   -7   -5  -13    1    3  -14    0    9    7    4
    2    1   29    2    1    0    1    0      1083   -6  -14    6   -9    7  -11   -4   15   -5   -7  -14    0    3   -9   -1   10    7    3
    2    1   30    4    1    1    1    0      1177    0  -11    9   -5    7   -7   -1   19   -5   -8  -15    1    4   -7   -1    9    9    2
    2    1   31    2    3    0    1    0       988   -6   10   15   15    2    8   14   10  -10   -7   -1  -11  -10  -15   -4  -10    5    0
    2    1   32    1    1    5    1    1      1343   -5  -14    8   -7    5  -12   -2   14   -5   -5  -12    4    1  -10   -2    9    5    3
    2    1   33    4    1    3    2    1       995   -7  -13    5  -11    8  -10   -9   10   -3   -6  -15    5    3   -8   -4   15    8    2
    2    1   34    4    1    5    2    1      2045   -6  -16    1   -6    7  -19   -2   14   -4   -9  -14   -1    2   -9    1    9    8   12
    2    1   35    4    2    4    2    1      3126   15   -1    8   -8    3   17   12   16   -3    0    9   -6  -15   13   15    8    8   13
    2    1   36    1    2    1    2    0      3555   18    2    8   -9    7   13   12   12   -7    2   11   -4  -13    8    5   15   10   13
    2    1   37    6    0    0    2    1      1055  -13    3   -2    2   11   -6    3  -12   -2  -10  -14   -7    6  -10    1   12   -2    9
    2    1   38    4    2    5    2    1      1031   16    3    8   -8    6   14   13   15   -7    2    4   -7  -15   14    1   23    8   11
    2    1   39    1    1    4    1    1      1039   -7  -17    4   -9    6  -10   -4   17   -6   -7  -13    0    1  -10   -4   13    7   -2
