    1    1    1    1    3    3    1    0      4868  -11    7  -19    1   -6   -3   -3   16    2    6   -1    6  -11    2  -14    2    6   -3
    1    1    2    1    3    2    2    0      2391  -11   12  -15   -3   -7   -6   -4   19    1    6   -3    7   -2    1  -14    3    2   -3
    1    1    3    1    1    4    3    0       857   -6    5   14   -2   -6    0   -2   13  -12    5   -2  -16  -11   11   -6    9  -15   17
    1    1    4    1    2    2    2    1      1192   10   -8   -1   -6   13   11   -3    9   -9    3  -14   -7   -6    5    3   -7   -6  -10
    1    1    5    1    3    4    3    1      2042   -9    7  -23   -1   -5   -7    0   15    0    5   -3    8  -14    1  -14    6    3   -2
    1    1    6    1    1    3    1    1      1050   -5    7   12   -5   -8    5   -1   14  -11    4   -5  -14  -13   10   -9   10  -19   15
    1    1    7    1    2    5    2    1      1409   11   -8   -4  -13    9   12   -3    8    0    7  -13  -10   -6    8    4  -11   -9  -10
    1    1    8    1    3    1    3    1       987   -9    7  -12   -2   -5   -4   -3   15    0    2   -3    8  -11    1  -13    3    1   -3
    1    1    9    1    3    5    3    1      1061  -15    5  -15   -2   -6   -4   -3   15   -1    5   -5    6  -12    0  -13    6    2   -3
    1    1   10    1    1    2    2    0       940   -8    8   12   -2   -6    4   -1   14  -20    3   -5  -13  -12   10   -8   11   -5   19
    1    1   11    1    2    1    3    0      1704   10    0    0   -7   12    5  -12    5    0    7   -7   -7   -7    6    3   -7   -7  -10
    1    1   12    1    1    1    2    0      1029   -3    9   11   -3   -7    2   -2   23  -11    8   -5  -12  -12   10   -8   11  -16   16
    1    1   13    1    2    4    2    1      1374    7   -3    7  -11   10   10   -3    9    3    5  -11   -7   -5    4   -3   -1   -7   -9
    1    1   14    1    1    5    2    0      1433    6   18   12   -3    1    3    2   15  -11    2   -3  -16  -13   10   -8   10   -5   15
    1    1   15    1    2    3    3    0      1329    6   -5    0   -5   12   10   -4    7    2    6  -12   -9   -3    5    6  -13   -9  -20
    1    2    1    1    1    5    2    0       973    6   18   12   -3    1    3    2   15  -11    2   -3  -16  -13   10   -8   10   -5   15
    1    2    2    1    2    1    3    0       792   10    0    0   -7   12    5  -12    5    0    7   -7   -7   -7    6    3   -7   -7  -10
    1    2    3    1    1    4    2    0      1322   -6    5   14   -2   -6    0   -2   13  -12    5   -2  -16  -11   11   -6    9  -15   17
    1    2    4    1    3    1    2    0      1079   -9    7  -12   -2   -5   -4   -3   15    0    2   -3    8  -11    1  -13    3    1   -3
    1    2    5    1    2    2    1    0      3453   10   -8   -1   -6   13   11   -3    9   -9    3  -14   -7   -6    5    3   -7   -6  -10
    1    2    6    1    3    4    2    0      1076   -9    7  -23   -1   -5   -7    0   15    0    5   -3    8  -14    1  -14    6    3   -2
    1    2    7    1    1    3    3    0       907   -5    7   12   -5   -8    5   -1   14  -11    4   -5  -14  -13   10   -9   10  -19   15
    1    2    8    1    3    3    2    0       937  -11    7  -19    1   -6   -3   -3   16    2    6   -1    6  -11    2  -14    2    6   -3
    1    2    9    1    2    3    2    1       693    6   -5    0   -5   12   10   -4    7    2    6  -12   -9   -3    5    6  -13   -9  -20
    1    2   10    1    2    4    1    0      1035    7   -3    7  -11   10   10   -3    9    3    5  -11   -7   -5    4   -3   -1   -7   -9
    1    2   11    1    1    2    3    0       883   -8    8   12   -2   -6    4   -1   14  -20    3   -5  -13  -12   10   -8   11   -5   19
    1    2   12    1    1    1    3    0      1009   -3    9   11   -3   -7    2   -2   23  -11    8   -5  -12  -12   10   -8   11  -16   16
    1    2   13    1    3    2    2    0       922  -11   12  -15   -3   -7   -6   -4   19    1    6   -3    7   -2    1  -14    3    2   -3
    1    2   14    1    3    5    2    0       566  -15    5  -15   -2   -6   -4   -3   15   -1    5   -5    6  -12    0  -13    6    2   -3
    1    2   15    1    2    5    2    1      1809   11   -8   -4  -13    9   12   -3    8    0    7  -13  -10   -6    8    4  -11   -9  -10
    1    3    1    1    2    1    3    0       762   10    0    0   -7   12    5  -12    5    0    7   -7   -7   -7    6    3   -7   -7  -10
    1    3    2    1    1    1    1    1       942   -3    9   11   -3   -7    2   -2   23  -11    8   -5  -12  -12   10   -8   11  -16   16
    1    3    3    1    1    4    1    1      2010   -6    5   14   -2   -6    0   -2   13  -12    5   -2  -16  -11   11   -6    9  -15   17
    1    3    4    1    3    5    2    0      1147  -15    5  -15   -2   -6   -4   -3   15   -1    5   -5    6  -12    0  -13    6    2   -3
    1    3    5    1    2    5    3    0      1582   11   -8   -4  -13    9   12   -3    8    0    7  -13  -10   -6    8    4  -11   -9  -10
    1    3    6    1    1    2    3    0      1232   -8    8   12   -2   -6    4   -1   14  -20    3   -5  -13  -12   10   -8   11   -5   19
    1    3    7    1    3    2    2    0      1904  -11   12  -15   -3   -7   -6   -4   19    1    6   -3    7   -2    1  -14    3    2   -3
    1    3    8    1    1    3    2    0      1622   -5    7   12   -5   -8    5   -1   14  -11    4   -5  -14  -13   10   -9   10  -19   15
    1    3    9    1    3    1    2    0       758   -9    7  -12   -2   -5   -4   -3   15    0    2   -3    8  -11    1  -13    3    1   -3
    1    3   10    1    3    4    2    0      1114   -9    7  -23   -1   -5   -7    0   15    0    5   -3    8  -14    1  -14    6    3   -2
    1    3   11    1    1    5    1    1       782    6   18   12   -3    1    3    2   15  -11    2   -3  -16  -13   10   -8   10   -5   15
    1    3   12    1    2    3    2    1       864    6   -5    0   -5   12   10   -4    7    2    6  -12   -9   -3    5    6  -13   -9  -20
    1    3   13    1    2    4    1    0      2927    7   -3    7  -11   10   10   -3    9    3    5  -11   -7   -5    4   -3   -1   -7   -9
    1    3   14    1    3    3    3    1      1212  -11    7  -19    1   -6   -3   -3   16    2    6   -1    6  -11    2  -14    2    6   -3
    1    3   15    1    2    2    2    1      1421   10   -8   -1   -6   13   11   -3    9   -9    3  -14   -7   -6    5    3   -7   -6  -10
    1    4    1    1    2    3    2    1       966    6   -5    0   -5   12   10   -4    7    2    6  -12   -9   -3    5    6  -13   -9  -20
    1    4    2    1    3    5    3    1       848  -15    5  -15   -2   -6   -4   -3   15   -1    5   -5    6  -12    0  -13    6    2   -3
    1    4    3    1    2    1    3    0      1024   10    0    0   -7   12    5  -12    5    0    7   -7   -7   -7    6    3   -7   -7  -10
    1    4    4    1    1    3    1    1      1160   -5    7   12   -5   -8    5   -1   14  -11    4   -5  -14  -13   10   -9   10  -19   15
    1    4    5    1    3    4    2    0       892   -9    7  -23   -1   -5   -7    0   15    0    5   -3    8  -14    1  -14    6    3   -2
    1    4    6    1    1    5    2    0       906    6   18   12   -3    1    3    2   15  -11    2   -3  -16  -13   10   -8   10   -5   15
    1    4    7    1    2    5    2    1       999   11   -8   -4  -13    9   12   -3    8    0    7  -13  -10   -6    8    4  -11   -9  -10
    1    4    8    1    3    1    3    1       736   -9    7  -12   -2   -5   -4   -3   15    0    2   -3    8  -11    1  -13    3    1   -3
    1    4    9    1    1    4    2    0      1524   -6    5   14   -2   -6    0   -2   13  -12    5   -2  -16  -11   11   -6    9  -15   17
    1    4   10    1    3    2    2    0       809  -11   12  -15   -3   -7   -6   -4   19    1    6   -3    7   -2    1  -14    3    2   -3
    1    4   11    1    1    1    1    1       986   -3    9   11   -3   -7    2   -2   23  -11    8   -5  -12  -12   10   -8   11  -16   16
    1    4   12    1    2    4    2    1      1492    7   -3    7  -11   10   10   -3    9    3    5  -11   -7   -5    4   -3   -1   -7   -9
    1    4   13    1    3    3    1    0      1034  -11    7  -19    1   -6   -3   -3   16    2    6   -1    6  -11    2  -14    2    6   -3
    1    4   14    1    2    2    2    1      1122   10   -8   -1   -6   13   11   -3    9   -9    3  -14   -7   -6    5    3   -7   -6  -10
    1    4   15    1    1    2    3    0      1175   -8    8   12   -2   -6    4   -1   14  -20    3   -5  -13  -12   10   -8   11   -5   19
    1    5    1    1    3    5    3    1       858  -15    5  -15   -2   -6   -4   -3   15   -1    5   -5    6  -12    0  -13    6    2   -3
    1    5    2    1    2    2    1    0      1321   10   -8   -1   -6   13   11   -3    9   -9    3  -14   -7   -6    5    3   -7   -6  -10
    1    5    3    1    2    3    2    1       918    6   -5    0   -5   12   10   -4    7    2    6  -12   -9   -3    5    6  -13   -9  -20
    1    5    4    1    1    5    1    1       898    6   18   12   -3    1    3    2   15  -11    2   -3  -16  -13   10   -8   10   -5   15
    1    5    5    1    1    3    1    1       832   -5    7   12   -5   -8    5   -1   14  -11    4   -5  -14  -13   10   -9   10  -19   15
    1    5    6    1    3    2    2    0      1488  -11   12  -15   -3   -7   -6   -4   19    1    6   -3    7   -2    1  -14    3    2   -3
    1    5    7    1    3    4    2    0      1157   -9    7  -23   -1   -5   -7    0   15    0    5   -3    8  -14    1  -14    6    3   -2
    1    5    8    1    1    2    3    0       905   -8    8   12   -2   -6    4   -1   14  -20    3   -5  -13  -12   10   -8   11   -5   19
    1    5    9    1    1    1    1    1       838   -3    9   11   -3   -7    2   -2   23  -11    8   -5  -12  -12   10   -8   11  -16   16
    1    5   10    1    2    5    3    0      1542   11   -8   -4  -13    9   12   -3    8    0    7  -13  -10   -6    8    4  -11   -9  -10
    1    5   11    1    2    1    3    0       986   10    0    0   -7   12    5  -12    5    0    7   -7   -7   -7    6    3   -7   -7  -10
    1    5   12    1    2    4    2    1       964    7   -3    7  -11   10   10   -3    9    3    5  -11   -7   -5    4   -3   -1   -7   -9
    1    5   13    1    3    3    3    1      3551  -11    7  -19    1   -6   -3   -3   16    2    6   -1    6  -11    2  -14    2    6   -3
    1    5   14    1    3    1    3    1       850   -9    7  -12   -2   -5   -4   -3   15    0    2   -3    8  -11    1  -13    3    1   -3
    1    5   15    1    1    4    1    1      1010   -6    5   14   -2   -6    0   -2   13  -12    5   -2  -16  -11   11   -6    9  -15   17
    1    6    1    1    3    1    3    1      1099   -9    7  -12   -2   -5   -4   -3   15    0    2   -3    8  -11    1  -13    3    1   -3
    1    6    2    1    3    5    3    1       816  -15    5  -15   -2   -6   -4   -3   15   -1    5   -5    6  -12    0  -13    6    2   -3
    1    6    3    1    2    5    2    1       913   11   -8   -4  -13    9   12   -3    8    0    7  -13  -10   -6    8    4  -11   -9  -10
    1    6    4    1    2    2    1    0      1502   10   -8   -1   -6   13   11   -3    9   -9    3  -14   -7   -6    5    3   -7   -6  -10
    1    6    5    1    3    2    3    1      2131  -11   12  -15   -3   -7   -6   -4   19    1    6   -3    7   -2    1  -14    3    2   -3
    1    6    6    1    1    1    1    1       959   -3    9   11   -3   -7    2   -2   23  -11    8   -5  -12  -12   10   -8   11  -16   16
    1    6    7    1    3    3    3    1      1723  -11    7  -19    1   -6   -3   -3   16    2    6   -1    6  -11    2  -14    2    6   -3
    1    6    8    1    3    4    3    1      2775   -9    7  -23   -1   -5   -7    0   15    0    5   -3    8  -14    1  -14    6    3   -2
    1    6    9    1    1    3    1    1      1130   -5    7   12   -5   -8    5   -1   14  -11    4   -5  -14  -13   10   -9   10  -19   15
    1    6   10    1    1    5    1    1      1950    6   18   12   -3    1    3    2   15  -11    2   -3  -16  -13   10   -8   10   -5   15
    1    6   11    1    1    4    1    1      1265   -6    5   14   -2   -6    0   -2   13  -12    5   -2  -16  -11   11   -6    9  -15   17
    1    6   12    1    2    4    2    1      1168    7   -3    7  -11   10   10   -3    9    3    5  -11   -7   -5    4   -3   -1   -7   -9
    1    6   13    1    1    2    3    0      2627   -8    8   12   -2   -6    4   -1   14  -20    3   -5  -13  -12   10   -8   11   -5   19
    1    6   14    1    2    3    2    1      1051    6   -5    0   -5   12   10   -4    7    2    6  -12   -9   -3    5    6  -13   -9  -20
    1    6   15    1    2    1    3    0      1219   10    0    0   -7   12    5  -12    5    0    7   -7   -7   -7    6    3   -7   -7  -10
    1    7    1    1    1    3    1    1       723   -5    7   12   -5   -8    5   -1   14  -11    4   -5  -14  -13   10   -9   10  -19   15
    1    7    2    1    2    1    2    1      1016   10    0    0   -7   12    5  -12    5    0    7   -7   -7   -7    6    3   -7   -7  -10
    1    7    3    1    3    4    3    1      2353   -9    7  -23   -1   -5   -7    0   15    0    5   -3    8  -14    1  -14    6    3   -2
    1    7    4    1    2    4    2    1       724    7   -3    7  -11   10   10   -3    9    3    5  -11   -7   -5    4   -3   -1   -7   -9
    1    7    5    1    1    5    1    1      1001    6   18   12   -3    1    3    2   15  -11    2   -3  -16  -13   10   -8   10   -5   15
    1    7    6    1    3    1    3    1       978   -9    7  -12   -2   -5   -4   -3   15    0    2   -3    8  -11    1  -13    3    1   -3
    1    7    7    1    2    5    2    1      1005   11   -8   -4  -13    9   12   -3    8    0    7  -13  -10   -6    8    4  -11   -9  -10
    1    7    8    1    1    2    1    1      1606   -8    8   12   -2   -6    4   -1   14  -20    3   -5  -13  -12   10   -8   11   -5   19
    1    7    9    1    1    4    1    1       935   -6    5   14   -2   -6    0   -2   13  -12    5   -2  -16  -11   11   -6    9  -15   17
    1    7   10    1    2    2    2    1      1603   10   -8   -1   -6   13   11   -3    9   -9    3  -14   -7   -6    5    3   -7   -6  -10
    1    7   11    1    3    3    3    1      1045  -11    7  -19    1   -6   -3   -3   16    2    6   -1    6  -11    2  -14    2    6   -3
    1    7   12    1    1    1    1    1       765   -3    9   11   -3   -7    2   -2   23  -11    8   -5  -12  -12   10   -8   11  -16   16
    1    7   13    1    3    2    3    1      1183  -11   12  -15   -3   -7   -6   -4   19    1    6   -3    7   -2    1  -14    3    2   -3
    1    7   14    1    2    3    2    1       977    6   -5    0   -5   12   10   -4    7    2    6  -12   -9   -3    5    6  -13   -9  -20
    1    7   15    1    3    5    3    1       892  -15    5  -15   -2   -6   -4   -3   15   -1    5   -5    6  -12    0  -13    6    2   -3
    1    8    1    1    1    5    1    1      1002    6   18   12   -3    1    3    2   15  -11    2   -3  -16  -13   10   -8   10   -5   15
    1    8    2    1    3    5    3    1       771  -15    5  -15   -2   -6   -4   -3   15   -1    5   -5    6  -12    0  -13    6    2   -3
    1    8    3    1    1    3    1    1       806   -5    7   12   -5   -8    5   -1   14  -11    4   -5  -14  -13   10   -9   10  -19   15
    1    8    4    1    2    1    2    1       935   10    0    0   -7   12    5  -12    5    0    7   -7   -7   -7    6    3   -7   -7  -10
    1    8    5    1    3    2    3    1      1539  -11   12  -15   -3   -7   -6   -4   19    1    6   -3    7   -2    1  -14    3    2   -3
    1    8    6    1    3    4    3    1      1703   -9    7  -23   -1   -5   -7    0   15    0    5   -3    8  -14    1  -14    6    3   -2
    1    8    7    1    3    1    3    1      1300   -9    7  -12   -2   -5   -4   -3   15    0    2   -3    8  -11    1  -13    3    1   -3
    1    8    8    1    2    5    2    1      1090   11   -8   -4  -13    9   12   -3    8    0    7  -13  -10   -6    8    4  -11   -9  -10
    1    8    9    1    3    3    3    1       808  -11    7  -19    1   -6   -3   -3   16    2    6   -1    6  -11    2  -14    2    6   -3
    1    8   10    1    2    3    2    1       825    6   -5    0   -5   12   10   -4    7    2    6  -12   -9   -3    5    6  -13   -9  -20
    1    8   11    1    1    2    3    0      1434   -8    8   12   -2   -6    4   -1   14  -20    3   -5  -13  -12   10   -8   11   -5   19
    1    8   12    1    1    4    1    1       850   -6    5   14   -2   -6    0   -2   13  -12    5   -2  -16  -11   11   -6    9  -15   17
    1    8   13    1    2    4    2    1       785    7   -3    7  -11   10   10   -3    9    3    5  -11   -7   -5    4   -3   -1   -7   -9
    1    8   14    1    2    2    1    0      3075   10   -8   -1   -6   13   11   -3    9   -9    3  -14   -7   -6    5    3   -7   -6  -10
    1    8   15    1    1    1    1    1       698   -3    9   11   -3   -7    2   -2   23  -11    8   -5  -12  -12   10   -8   11  -16   16
    1    9    1    1    3    4    3    1      2447   -9    7  -23   -1   -5   -7    0   15    0    5   -3    8  -14    1  -14    6    3   -2
    1    9    2    1    1    5    1    1       910    6   18   12   -3    1    3    2   15  -11    2   -3  -16  -13   10   -8   10   -5   15
    1    9    3    1    1    4    1    1      2076   -6    5   14   -2   -6    0   -2   13  -12    5   -2  -16  -11   11   -6    9  -15   17
    1    9    4    1    2    1    3    0      1434   10    0    0   -7   12    5  -12    5    0    7   -7   -7   -7    6    3   -7   -7  -10
    1    9    5    1    1    3    1    1       802   -5    7   12   -5   -8    5   -1   14  -11    4   -5  -14  -13   10   -9   10  -19   15
    1    9    6    1    3    2    3    1      1044  -11   12  -15   -3   -7   -6   -4   19    1    6   -3    7   -2    1  -14    3    2   -3
    1    9    7    1    3    1    3    1       844   -9    7  -12   -2   -5   -4   -3   15    0    2   -3    8  -11    1  -13    3    1   -3
    1    9    8    1    1    1    1    1       620   -3    9   11   -3   -7    2   -2   23  -11    8   -5  -12  -12   10   -8   11  -16   16
    1    9    9    1    2    4    2    1       692    7   -3    7  -11   10   10   -3    9    3    5  -11   -7   -5    4   -3   -1   -7   -9
    1    9   10    1    3    3    3    1      1162  -11    7  -19    1   -6   -3   -3   16    2    6   -1    6  -11    2  -14    2    6   -3
    1    9   11    1    2    3    2    1      1054    6   -5    0   -5   12   10   -4    7    2    6  -12   -9   -3    5    6  -13   -9  -20
    1    9   12    1    3    5    3    1       997  -15    5  -15   -2   -6   -4   -3   15   -1    5   -5    6  -12    0  -13    6    2   -3
    1    9   13    1    2    2    2    1      1662   10   -8   -1   -6   13   11   -3    9   -9    3  -14   -7   -6    5    3   -7   -6  -10
    1    9   14    1    2    5    2    1       798   11   -8   -4  -13    9   12   -3    8    0    7  -13  -10   -6    8    4  -11   -9  -10
    1    9   15    1    1    2    1    1      1823   -8    8   12   -2   -6    4   -1   14  -20    3   -5  -13  -12   10   -8   11   -5   19
    1   10    1    1    3    5    3    1       760  -15    5  -15   -2   -6   -4   -3   15   -1    5   -5    6  -12    0  -13    6    2   -3
    1   10    2    1    1    3    1    1      1051   -5    7   12   -5   -8    5   -1   14  -11    4   -5  -14  -13   10   -9   10  -19   15
    1   10    3    1    1    1    1    1       706   -3    9   11   -3   -7    2   -2   23  -11    8   -5  -12  -12   10   -8   11  -16   16
    1   10    4    1    1    4    1    1       952   -6    5   14   -2   -6    0   -2   13  -12    5   -2  -16  -11   11   -6    9  -15   17
    1   10    5    1    3    4    3    1      2067   -9    7  -23   -1   -5   -7    0   15    0    5   -3    8  -14    1  -14    6    3   -2
    1   10    6    1    1    5    1    1      1138    6   18   12   -3    1    3    2   15  -11    2   -3  -16  -13   10   -8   10   -5   15
    1   10    7    1    2    3    2    1       710    6   -5    0   -5   12   10   -4    7    2    6  -12   -9   -3    5    6  -13   -9  -20
    1   10    8    1    2    1    3    0      1243   10    0    0   -7   12    5  -12    5    0    7   -7   -7   -7    6    3   -7   -7  -10
    1   10    9    1    1    2    3    0      1723   -8    8   12   -2   -6    4   -1   14  -20    3   -5  -13  -12   10   -8   11   -5   19
    1   10   10    1    2    2    2    1      1256   10   -8   -1   -6   13   11   -3    9   -9    3  -14   -7   -6    5    3   -7   -6  -10
    1   10   11    1    3    1    3    1       775   -9    7  -12   -2   -5   -4   -3   15    0    2   -3    8  -11    1  -13    3    1   -3
    1   10   12    1    3    3    3    1       841  -11    7  -19    1   -6   -3   -3   16    2    6   -1    6  -11    2  -14    2    6   -3
    1   10   13    1    2    4    2    1       791    7   -3    7  -11   10   10   -3    9    3    5  -11   -7   -5    4   -3   -1   -7   -9
    1   10   14    1    2    5    2    1       667   11   -8   -4  -13    9   12   -3    8    0    7  -13  -10   -6    8    4  -11   -9  -10
    1   10   15    1    3    2    3    1      9634  -11   12  -15   -3   -7   -6   -4   19    1    6   -3    7   -2    1  -14    3    2   -3
    1   11    1    1    2    3    2    1       786    6   -5    0   -5   12   10   -4    7    2    6  -12   -9   -3    5    6  -13   -9  -20
    1   11    2    1    3    1    3    1       724   -9    7  -12   -2   -5   -4   -3   15    0    2   -3    8  -11    1  -13    3    1   -3
    1   11    3    1    2    1    2    1      1097   10    0    0   -7   12    5  -12    5    0    7   -7   -7   -7    6    3   -7   -7  -10
    1   11    4    1    1    5    1    1      1150    6   18   12   -3    1    3    2   15  -11    2   -3  -16  -13   10   -8   10   -5   15
    1   11    5    1    1    2    1    1      1265   -8    8   12   -2   -6    4   -1   14  -20    3   -5  -13  -12   10   -8   11   -5   19
    1   11    6    1    1    3    1    1       800   -5    7   12   -5   -8    5   -1   14  -11    4   -5  -14  -13   10   -9   10  -19   15
    1   11    7    1    2    5    2    1       738   11   -8   -4  -13    9   12   -3    8    0    7  -13  -10   -6    8    4  -11   -9  -10
    1   11    8    1    2    4    2    1       773    7   -3    7  -11   10   10   -3    9    3    5  -11   -7   -5    4   -3   -1   -7   -9
    1   11    9    1    1    4    1    1       696   -6    5   14   -2   -6    0   -2   13  -12    5   -2  -16  -11   11   -6    9  -15   17
    1   11   10    1    3    4    3    1      2909   -9    7  -23   -1   -5   -7    0   15    0    5   -3    8  -14    1  -14    6    3   -2
    1   11   11    1    3    2    3    1      1387  -11   12  -15   -3   -7   -6   -4   19    1    6   -3    7   -2    1  -14    3    2   -3
    1   11   12    1    1    1    1    1       741   -3    9   11   -3   -7    2   -2   23  -11    8   -5  -12  -12   10   -8   11  -16   16
    1   11   13    1    2    2    2    1      1145   10   -8   -1   -6   13   11   -3    9   -9    3  -14   -7   -6    5    3   -7   -6  -10
    1   11   14    1    3    3    3    1       973  -11    7  -19    1   -6   -3   -3   16    2    6   -1    6  -11    2  -14    2    6   -3
    1   11   15    1    3    5    3    1       855  -15    5  -15   -2   -6   -4   -3   15   -1    5   -5    6  -12    0  -13    6    2   -3
    1   12    1    1    2    1    2    1      1047   10    0    0   -7   12    5  -12    5    0    7   -7   -7   -7    6    3   -7   -7  -10
    1   12    2    1    3    5    3    1      1614  -15    5  -15   -2   -6   -4   -3   15   -1    5   -5    6  -12    0  -13    6    2   -3
    1   12    3    1    3    2    3    1      1311  -11   12  -15   -3   -7   -6   -4   19    1    6   -3    7   -2    1  -14    3    2   -3
    1   12    4    1    2    5    2    1       908   11   -8   -4  -13    9   12   -3    8    0    7  -13  -10   -6    8    4  -11   -9  -10
    1   12    5    1    3    4    3    1      1881   -9    7  -23   -1   -5   -7    0   15    0    5   -3    8  -14    1  -14    6    3   -2
    1   12    6    1    2    4    2    1       591    7   -3    7  -11   10   10   -3    9    3    5  -11   -7   -5    4   -3   -1   -7   -9
    1   12    7    1    3    1    3    1       921   -9    7  -12   -2   -5   -4   -3   15    0    2   -3    8  -11    1  -13    3    1   -3
    1   12    8    1    1    2    1    1      1446   -8    8   12   -2   -6    4   -1   14  -20    3   -5  -13  -12   10   -8   11   -5   19
    1   12    9    1    1    1    1    1       814   -3    9   11   -3   -7    2   -2   23  -11    8   -5  -12  -12   10   -8   11  -16   16
    1   12   10    1    3    3    3    1       943  -11    7  -19    1   -6   -3   -3   16    2    6   -1    6  -11    2  -14    2    6   -3
    1   12   11    1    1    5    1    1      1339    6   18   12   -3    1    3    2   15  -11    2   -3  -16  -13   10   -8   10   -5   15
    1   12   12    1    2    3    2    1       823    6   -5    0   -5   12   10   -4    7    2    6  -12   -9   -3    5    6  -13   -9  -20
    1   12   13    1    1    3    1    1       903   -5    7   12   -5   -8    5   -1   14  -11    4   -5  -14  -13   10   -9   10  -19   15
    1   12   14    1    1    4    1    1       677   -6    5   14   -2   -6    0   -2   13  -12    5   -2  -16  -11   11   -6    9  -15   17
    1   12   15    1    2    2    2    1      1067   10   -8   -1   -6   13   11   -3    9   -9    3  -14   -7   -6    5    3   -7   -6  -10
    1   13    1    1    2    3    2    1       786    6   -5    0   -5   12   10   -4    7    2    6  -12   -9   -3    5    6  -13   -9  -20
    1   13    2    1    1    5    1    1       980    6   18   12   -3    1    3    2   15  -11    2   -3  -16  -13   10   -8   10   -5   15
    1   13    3    1    1    3    1    1       718   -5    7   12   -5   -8    5   -1   14  -11    4   -5  -14  -13   10   -9   10  -19   15
    1   13    4    1    1    4    1    1       595   -6    5   14   -2   -6    0   -2   13  -12    5   -2  -16  -11   11   -6    9  -15   17
    1   13    5    1    2    1    2    1       972   10    0    0   -7   12    5  -12    5    0    7   -7   -7   -7    6    3   -7   -7  -10
    1   13    6    1    2    4    2    1       599    7   -3    7  -11   10   10   -3    9    3    5  -11   -7   -5    4   -3   -1   -7   -9
    1   13    7    1    2    2    2    1      1281   10   -8   -1   -6   13   11   -3    9   -9    3  -14   -7   -6    5    3   -7   -6  -10
    1   13    8    1    3    4    3    1      1198   -9    7  -23   -1   -5   -7    0   15    0    5   -3    8  -14    1  -14    6    3   -2
    1   13    9    1    1    1    1    1       720   -3    9   11   -3   -7    2   -2   23  -11    8   -5  -12  -12   10   -8   11  -16   16
    1   13   10    1    1    2    3    0       948   -8    8   12   -2   -6    4   -1   14  -20    3   -5  -13  -12   10   -8   11   -5   19
    1   13   11    1    3    1    3    1      2944   -9    7  -12   -2   -5   -4   -3   15    0    2   -3    8  -11    1  -13    3    1   -3
    1   13   12    1    2    5    2    1       780   11   -8   -4  -13    9   12   -3    8    0    7  -13  -10   -6    8    4  -11   -9  -10
    1   13   13    1    3    2    3    1      1870  -11   12  -15   -3   -7   -6   -4   19    1    6   -3    7   -2    1  -14    3    2   -3
    1   13   14    1    3    3    3    1       789  -11    7  -19    1   -6   -3   -3   16    2    6   -1    6  -11    2  -14    2    6   -3
    1   13   15    1    3    5    3    1       694  -15    5  -15   -2   -6   -4   -3   15   -1    5   -5    6  -12    0  -13    6    2   -3
    1   14    1    1    3    1    3    1      1132   -9    7  -12   -2   -5   -4   -3   15    0    2   -3    8  -11    1  -13    3    1   -3
    1   14    2    1    1    5    1    1       864    6   18   12   -3    1    3    2   15  -11    2   -3  -16  -13   10   -8   10   -5   15
    1   14    3    1    1    1    1    1       751   -3    9   11   -3   -7    2   -2   23  -11    8   -5  -12  -12   10   -8   11  -16   16
    1   14    4    1    2    3    2    1       802    6   -5    0   -5   12   10   -4    7    2    6  -12   -9   -3    5    6  -13   -9  -20
    1   14    5    1    3    5    3    1       788  -15    5  -15   -2   -6   -4   -3   15   -1    5   -5    6  -12    0  -13    6    2   -3
    1   14    6    1    2    5    2    1       758   11   -8   -4  -13    9   12   -3    8    0    7  -13  -10   -6    8    4  -11   -9  -10
    1   14    7    1    1    4    1    1       777   -6    5   14   -2   -6    0   -2   13  -12    5   -2  -16  -11   11   -6    9  -15   17
    1   14    8    1    3    2    3    1      2684  -11   12  -15   -3   -7   -6   -4   19    1    6   -3    7   -2    1  -14    3    2   -3
    1   14    9    1    1    2    1    1      2210   -8    8   12   -2   -6    4   -1   14  -20    3   -5  -13  -12   10   -8   11   -5   19
    1   14   10    1    1    3    1    1       971   -5    7   12   -5   -8    5   -1   14  -11    4   -5  -14  -13   10   -9   10  -19   15
    1   14   11    1    2    1    2    1      1270   10    0    0   -7   12    5  -12    5    0    7   -7   -7   -7    6    3   -7   -7  -10
    1   14   12    1    3    3    3    1      1060  -11    7  -19    1   -6   -3   -3   16    2    6   -1    6  -11    2  -14    2    6   -3
    1   14   13    1    3    4    3    1      1148   -9    7  -23   -1   -5   -7    0   15    0    5   -3    8  -14    1  -14    6    3   -2
    1   14   14    1    2    4    2    1       655    7   -3    7  -11   10   10   -3    9    3    5  -11   -7   -5    4   -3   -1   -7   -9
    1   14   15    1    2    2    2    1       790   10   -8   -1   -6   13   11   -3    9   -9    3  -14   -7   -6    5    3   -7   -6  -10
    1   15    1    1    2    2    2    1       441   10   -8   -1   -6   13   11   -3    9   -9    3  -14   -7   -6    5    3   -7   -6  -10
    1   15    2    1    2    1    2    1      1432   10    0    0   -7   12    5  -12    5    0    7   -7   -7   -7    6    3   -7   -7  -10
    1   15    3    1    1    3    1    1       880   -5    7   12   -5   -8    5   -1   14  -11    4   -5  -14  -13   10   -9   10  -19   15
    1   15    4    1    3    1    3    1       990   -9    7  -12   -2   -5   -4   -3   15    0    2   -3    8  -11    1  -13    3    1   -3
    1   15    5    1    1    4    1    1       696   -6    5   14   -2   -6    0   -2   13  -12    5   -2  -16  -11   11   -6    9  -15   17
    1   15    6    1    2    5    2    1       926   11   -8   -4  -13    9   12   -3    8    0    7  -13  -10   -6    8    4  -11   -9  -10
    1   15    7    1    3    4    3    1       954   -9    7  -23   -1   -5   -7    0   15    0    5   -3    8  -14    1  -14    6    3   -2
    1   15    8    1    1    5    1    1       934    6   18   12   -3    1    3    2   15  -11    2   -3  -16  -13   10   -8   10   -5   15
    1   15    9    1    3    2    3    1       913  -11   12  -15   -3   -7   -6   -4   19    1    6   -3    7   -2    1  -14    3    2   -3
    1   15   10    1    3    3    3    1       702  -11    7  -19    1   -6   -3   -3   16    2    6   -1    6  -11    2  -14    2    6   -3
    1   15   11    1    1    2    1    1      1572   -8    8   12   -2   -6    4   -1   14  -20    3   -5  -13  -12   10   -8   11   -5   19
    1   15   12    1    1    1    1    1       694   -3    9   11   -3   -7    2   -2   23  -11    8   -5  -12  -12   10   -8   11  -16   16
    1   15   13    1    3    5    3    1       876  -15    5  -15   -2   -6   -4   -3   15   -1    5   -5    6  -12    0  -13    6    2   -3
    1   15   14    1    2    3    2    1       875    6   -5    0   -5   12   10   -4    7    2    6  -12   -9   -3    5    6  -13   -9  -20
    1   15   15    1    2    4    2    1       986    7   -3    7  -11   10   10   -3    9    3    5  -11   -7   -5    4   -3   -1   -7   -9
    2    1    1    6    0    0    2    1      1254   -9   -3   13   -2   12    6    9  -12  -12    4   -9    2   -4    4   -4  -12   -8   11
    2    1    2    1    3    2    1    1      1029  -11   12  -15   -3   -7   -6   -4   19    1    6   -3    7   -2    1  -14    3    2   -3
    2    1    3    4    3    2    2    1      1182   -8   14  -13   -1   -4   -6   -3   14    0    7   -4    8  -14    1  -15    5    2   -4
    2    1    4    1    1    3    1    1      1744   -5    7   12   -5   -8    5   -1   14  -11    4   -5  -14  -13   10   -9   10  -19   15
    2    1    5    4    1    2    2    1      2588   -6   11   12   -6   -4    2   -1   14  -13    3   -3  -14  -15   11   -9   10  -16   17
    2    1    6    1    3    5    1    1       758  -15    5  -15   -2   -6   -4   -3   15   -1    5   -5    6  -12    0  -13    6    2   -3
    2    1    7    4    3    1    1    0      2297  -15   10  -22   -4   -5   -6   -5   18    1    5   -4    7  -13    0  -13    4    4   -2
    2    1    8    1    1    2    1    1      2239   -8    8   12   -2   -6    4   -1   14  -20    3   -5  -13  -12   10   -8   11   -5   19
    2    1    9    4    3    4    1    0      3415   -9    9  -13    1   -4   -3   -3   18   -1    5    3    3  -14   -3  -16    5    3   -5
    2    1   10    6    0    0    2    1       847   -9    0   13   -4   13    7   10  -16  -12    3   -5    1   -3    7   -6   -5  -10   12
    2    1   11    4    1    5    2    1      1871   -3   10   12   -3   -4    1   -1   17  -12    2   -5  -13   -9    8   -6   15  -16   17
    2    1   12    4    2    5    2    1       965    7   -4    8  -16    3   15   -6    8   -1    1   -9   -2   -1   13    6  -10   -9  -11
    2    1   13    1    2    2    1    1      3408   10   -8   -1   -6   13   11   -3    9   -9    3  -14   -7   -6    5    3   -7   -6  -10
    2    1   14    1    3    1    1    1      3817   -9    7  -12   -2   -5   -4   -3   15    0    2   -3    8  -11    1  -13    3    1   -3
    2    1   15    4    1    4    1    0      2114   -4    6   13   -5   -6    4    1   15  -18    6   -6  -13  -11    8  -11   20  -13   14
    2    1   16    1    2    1    2    0      6350   10    0    0   -7   12    5  -12    5    0    7   -7   -7   -7    6    3   -7   -7  -10
    2    1   17    1    2    3    2    0      2098    6   -5    0   -5   12   10   -4    7    2    6  -12   -9   -3    5    6  -13   -9  -20
    2    1   18    2    3    0    1    0      1055  -10    9  -14   -1   -5   -5   -4   16    0    6   -3    6  -12    1  -14    4    3   -3
    2    1   19    6    0    0    2    1       967  -13   -2  -12  -13    5    1    6  -14    0   -9    3    2   13    9  -13    7   13    4
    2    1   20    4    2    1    2    1      1937    4   -5   -1   -5   21    9   -5    4    2    6  -12   -9   -8    7    7   -9   -7  -11
    2    1   21    1    2    4    2    0      5589    7   -3    7  -11   10   10   -3    9    3    5  -11   -7   -5    4   -3   -1   -7   -9
    2    1   22    2    2    0    1    0      1319    5   -4    0   -6   11   10   -4    9    1    6  -13   -9   -6    6    5   -9   -8  -11
    2    1   23    4    2    4    2    1      2532    5   -5    2   -7   13    8   -5   10   -1    6  -14  -10   -5    6    2  -10   -8  -12
    2    1   24    4    2    2    2    1      1296    2  -11   -4   -7   10   10    0   12    2    6  -14   -9   -4    8    6   -9  -10  -10
    2    1   25    1    1    1    1    1      1486   -3    9   11   -3   -7    2   -2   23  -11    8   -5  -12  -12   10   -8   11  -16   16
    2    1   26    1    3    4    1    1      1284   -9    7  -23   -1   -5   -7    0   15    0    5   -3    8  -14    1  -14    6    3   -2
    2    1   27    1    3    3    1    1      1154  -11    7  -19    1   -6   -3   -3   16    2    6   -1    6  -11    2  -14    2    6   -3
    2    1   28    4    3    5    2    1      1045   -9    9  -16   -1   -5   -6   -2   15    1    0   -5    1  -11    0  -18    8   11    1
    2    1   29    1    1    5    1    1      1693    6   18   12   -3    1    3    2   15  -11    2   -3  -16  -13   10   -8   10   -5   15
    2    1   30    4    1    3    2    1      4539   -5   10   13   -5   -8    1   -4   16  -13    6   -3  -15  -13    9   -6    8  -14   14
    2    1   31    4    1    1    2    1      1239   -2    9   14    6   -7    4   -2   12  -12    4   -4  -15  -11   10  -12    0  -14   18
    2    1   32    6    0    0    2    1      1015  -13    5    8   14   15   -5    4   -8   -6   15   11  -18  -14   13   20   -9   -5  -11
    2    1   33    1    1    4    1    1       992   -6    5   14   -2   -6    0   -2   13  -12    5   -2  -16  -11   11   -6    9  -15   17
    2    1   34    6    0    0    2    1       922  -13    5   11   20   17   -1    7   -9   -6   16    2   -7  -16    9   16  -15   -6  -11
    2    1   35    4    3    3    1    0      2742  -11   10  -14    1   -6   -4   -6   16   -2   13    0    8  -12    3  -15    5    3   -4
    2    1   36    6    0    0    2    1       874  -14  -10   -7  -15    7    7    8  -12    8   -7   -1    4    9    5  -13    4    4    3
    2    1   37    1    2    5    1    1      2649   11   -8   -4  -13    9   12   -3    8    0    7  -13  -10   -6    8    4  -11   -9  -10
    2    1   38    2    1    0    1    0      1744   -4    9   12   -4   -6    2    0   14  -13    4   -4  -14  -12    9   -7   10  -15   16
    2    1   39    4    2    3    2    1      2524   -1    1   -4  -10   10    8   -6    9    3    6  -12   -9   -8   11    4  -14   -7  -12
