    1    1    1    1    2    4    1    0      2747   -3  -12  -11   12   -6    7    5   -9  -11  -10  -11    1    2    1    4   12   -4    1
    1    1    2    1    1    5    1    1      1444   12  -12    3    6    7   -6    1   -3  -13   -2    3   10   17   24   -9   -2  -10  -14
    1    1    3    1    1    4    2    0      1740    3   -7    8    3    4   -3    2   -5  -15   -8   12    5   16   15   -5    0   -8  -13
    1    1    4    1    2    3    2    1      3448  -10  -15  -13   12   -3    5    6   -6   -6   -8  -14   -3   -1    3    9   15   -8   -5
    1    1    5    1    1    2    1    1      2416    5   -4   -1   -2    8    0   -1   -6  -13   -4    4    9   13   17   -4   -1   -6  -22
    1    1    6    1    3    3    1    0      2849  -16    7  -15   11   -8   12   -8  -15   -4    3    5   -8   16   10    9   -7  -11    0
    1    1    7    1    3    1    2    0      3648   -9    8  -19   16   -8   11   -1  -16   -4    3   -3   -5   14    6    7   -6  -13    0
    1    1    8    1    3    2    3    1       992  -11    6  -12   10  -14    6    1  -13   -4    3   -4   -7   15    6    6   -6  -11    1
    1    1    9    1    1    1    1    1      2650   -4  -12    6   -1    8   -5    0   -4  -14   -3    2   10    5   10   -3    1   -8  -17
    1    1   10    1    2    5    3    0       881   -5  -14  -15   10   -5    6    5   -9   -7   -6  -13   -2    2    2    8   16   -5    2
    1    1   11    1    1    3    1    1      2351    4   -7    5   -1    5  -10    1   -2  -13   -3    2    7   16   13   -6    0   -9  -16
    1    1   12    1    2    2    2    1      2307   -4  -14  -11   15   -6    6    5   -9   -5   -5  -16   -2    1    2   10   16   -3    1
    1    1   13    1    3    4    3    1      1672   -8    6  -14   12  -10   13   -8  -15   -2    0    1   -3   16   13   14  -15  -11    0
    1    1   14    1    3    5    3    1      3079   -9    8  -12   12  -10   10   -5  -14   -3    2   -2   -7   15    7   15  -14  -10   -1
    1    1   15    1    2    1    1    0      1102   -5  -12  -19   21   -4    6    1   -5   -5   -6  -13   -2    1    4    6   14   -6    0
    1    2    1    1    1    2    1    1      1283    5   -4   -1   -2    8    0   -1   -6  -13   -4    4    9   13   17   -4   -1   -6  -22
    1    2    2    1    3    4    2    0       769   -8    6  -14   12  -10   13   -8  -15   -2    0    1   -3   16   13   14  -15  -11    0
    1    2    3    1    2    4    2    1      1012   -3  -12  -11   12   -6    7    5   -9  -11  -10  -11    1    2    1    4   12   -4    1
    1    2    4    1    1    3    3    0      1022    4   -7    5   -1    5  -10    1   -2  -13   -3    2    7   16   13   -6    0   -9  -16
    1    2    5    1    1    4    3    0       790    3   -7    8    3    4   -3    2   -5  -15   -8   12    5   16   15   -5    0   -8  -13
    1    2    6    1    2    2    1    0      1192   -4  -14  -11   15   -6    6    5   -9   -5   -5  -16   -2    1    2   10   16   -3    1
    1    2    7    1    3    5    2    0      1450   -9    8  -12   12  -10   10   -5  -14   -3    2   -2   -7   15    7   15  -14  -10   -1
    1    2    8    1    2    3    1    0      1586  -10  -15  -13   12   -3    5    6   -6   -6   -8  -14   -3   -1    3    9   15   -8   -5
    1    2    9    1    3    3    2    0      1268  -16    7  -15   11   -8   12   -8  -15   -4    3    5   -8   16   10    9   -7  -11    0
    1    2   10    1    2    5    2    1       898   -5  -14  -15   10   -5    6    5   -9   -7   -6  -13   -2    2    2    8   16   -5    2
    1    2   11    1    1    1    1    1       896   -4  -12    6   -1    8   -5    0   -4  -14   -3    2   10    5   10   -3    1   -8  -17
    1    2   12    1    2    1    2    1       638   -5  -12  -19   21   -4    6    1   -5   -5   -6  -13   -2    1    4    6   14   -6    0
    1    2   13    1    3    1    3    1       582   -9    8  -19   16   -8   11   -1  -16   -4    3   -3   -5   14    6    7   -6  -13    0
    1    2   14    1    1    5    1    1       960   12  -12    3    6    7   -6    1   -3  -13   -2    3   10   17   24   -9   -2  -10  -14
    1    2   15    1    3    2    2    0       923  -11    6  -12   10  -14    6    1  -13   -4    3   -4   -7   15    6    6   -6  -11    1
    1    3    1    1    3    1    2    0       696   -9    8  -19   16   -8   11   -1  -16   -4    3   -3   -5   14    6    7   -6  -13    0
    1    3    2    1    3    3    3    1       974  -16    7  -15   11   -8   12   -8  -15   -4    3    5   -8   16   10    9   -7  -11    0
    1    3    3    1    1    4    1    1      1721    3   -7    8    3    4   -3    2   -5  -15   -8   12    5   16   15   -5    0   -8  -13
    1    3    4    1    3    5    1    0       550   -9    8  -12   12  -10   10   -5  -14   -3    2   -2   -7   15    7   15  -14  -10   -1
    1    3    5    1    2    5    2    1      1489   -5  -14  -15   10   -5    6    5   -9   -7   -6  -13   -2    2    2    8   16   -5    2
    1    3    6    1    1    1    1    1      1223   -4  -12    6   -1    8   -5    0   -4  -14   -3    2   10    5   10   -3    1   -8  -17
    1    3    7    1    2    1    3    0      2264   -5  -12  -19   21   -4    6    1   -5   -5   -6  -13   -2    1    4    6   14   -6    0
    1    3    8    1    2    2    2    1       943   -4  -14  -11   15   -6    6    5   -9   -5   -5  -16   -2    1    2   10   16   -3    1
    1    3    9    1    2    3    2    1      1243  -10  -15  -13   12   -3    5    6   -6   -6   -8  -14   -3   -1    3    9   15   -8   -5
    1    3   10    1    3    4    3    1       635   -8    6  -14   12  -10   13   -8  -15   -2    0    1   -3   16   13   14  -15  -11    0
    1    3   11    1    3    2    1    0       723  -11    6  -12   10  -14    6    1  -13   -4    3   -4   -7   15    6    6   -6  -11    1
    1    3   12    1    1    3    1    1       952    4   -7    5   -1    5  -10    1   -2  -13   -3    2    7   16   13   -6    0   -9  -16
    1    3   13    1    1    5    1    1      1108   12  -12    3    6    7   -6    1   -3  -13   -2    3   10   17   24   -9   -2  -10  -14
    1    3   14    1    2    4    2    1      1049   -3  -12  -11   12   -6    7    5   -9  -11  -10  -11    1    2    1    4   12   -4    1
    1    3   15    1    1    2    3    0       688    5   -4   -1   -2    8    0   -1   -6  -13   -4    4    9   13   17   -4   -1   -6  -22
    1    4    1    1    1    5    1    1      1094   12  -12    3    6    7   -6    1   -3  -13   -2    3   10   17   24   -9   -2  -10  -14
    1    4    2    1    2    2    2    1       685   -4  -14  -11   15   -6    6    5   -9   -5   -5  -16   -2    1    2   10   16   -3    1
    1    4    3    1    1    4    3    0      4306    3   -7    8    3    4   -3    2   -5  -15   -8   12    5   16   15   -5    0   -8  -13
    1    4    4    1    1    1    1    1      2264   -4  -12    6   -1    8   -5    0   -4  -14   -3    2   10    5   10   -3    1   -8  -17
    1    4    5    1    2    5    2    1      1167   -5  -14  -15   10   -5    6    5   -9   -7   -6  -13   -2    2    2    8   16   -5    2
    1    4    6    1    2    3    1    0      1282  -10  -15  -13   12   -3    5    6   -6   -6   -8  -14   -3   -1    3    9   15   -8   -5
    1    4    7    1    3    3    3    1      3264  -16    7  -15   11   -8   12   -8  -15   -4    3    5   -8   16   10    9   -7  -11    0
    1    4    8    1    3    4    3    1      2175   -8    6  -14   12  -10   13   -8  -15   -2    0    1   -3   16   13   14  -15  -11    0
    1    4    9    1    3    5    2    0      1738   -9    8  -12   12  -10   10   -5  -14   -3    2   -2   -7   15    7   15  -14  -10   -1
    1    4   10    1    2    4    2    1       758   -3  -12  -11   12   -6    7    5   -9  -11  -10  -11    1    2    1    4   12   -4    1
    1    4   11    1    2    1    1    0      1385   -5  -12  -19   21   -4    6    1   -5   -5   -6  -13   -2    1    4    6   14   -6    0
    1    4   12    1    1    3    1    1       803    4   -7    5   -1    5  -10    1   -2  -13   -3    2    7   16   13   -6    0   -9  -16
    1    4   13    1    1    2    1    1       677    5   -4   -1   -2    8    0   -1   -6  -13   -4    4    9   13   17   -4   -1   -6  -22
    1    4   14    1    3    1    2    0       828   -9    8  -19   16   -8   11   -1  -16   -4    3   -3   -5   14    6    7   -6  -13    0
    1    4   15    1    3    2    2    0       908  -11    6  -12   10  -14    6    1  -13   -4    3   -4   -7   15    6    6   -6  -11    1
    1    5    1    1    3    1    3    1      5818   -9    8  -19   16   -8   11   -1  -16   -4    3   -3   -5   14    6    7   -6  -13    0
    1    5    2    1    1    3    3    0      1011    4   -7    5   -1    5  -10    1   -2  -13   -3    2    7   16   13   -6    0   -9  -16
    1    5    3    1    2    5    2    1       828   -5  -14  -15   10   -5    6    5   -9   -7   -6  -13   -2    2    2    8   16   -5    2
    1    5    4    1    2    3    1    0       813  -10  -15  -13   12   -3    5    6   -6   -6   -8  -14   -3   -1    3    9   15   -8   -5
    1    5    5    1    2    2    2    1       974   -4  -14  -11   15   -6    6    5   -9   -5   -5  -16   -2    1    2   10   16   -3    1
    1    5    6    1    3    4    1    0      2777   -8    6  -14   12  -10   13   -8  -15   -2    0    1   -3   16   13   14  -15  -11    0
    1    5    7    1    3    2    2    0      1067  -11    6  -12   10  -14    6    1  -13   -4    3   -4   -7   15    6    6   -6  -11    1
    1    5    8    1    2    1    2    1      1314   -5  -12  -19   21   -4    6    1   -5   -5   -6  -13   -2    1    4    6   14   -6    0
    1    5    9    1    2    4    2    1      1039   -3  -12  -11   12   -6    7    5   -9  -11  -10  -11    1    2    1    4   12   -4    1
    1    5   10    1    3    3    3    1      3255  -16    7  -15   11   -8   12   -8  -15   -4    3    5   -8   16   10    9   -7  -11    0
    1    5   11    1    1    2    1    1      1303    5   -4   -1   -2    8    0   -1   -6  -13   -4    4    9   13   17   -4   -1   -6  -22
    1    5   12    1    1    1    3    0      2180   -4  -12    6   -1    8   -5    0   -4  -14   -3    2   10    5   10   -3    1   -8  -17
    1    5   13    1    1    4    1    1      1311    3   -7    8    3    4   -3    2   -5  -15   -8   12    5   16   15   -5    0   -8  -13
    1    5   14    1    3    5    3    1      3340   -9    8  -12   12  -10   10   -5  -14   -3    2   -2   -7   15    7   15  -14  -10   -1
    1    5   15    1    1    5    2    0      1064   12  -12    3    6    7   -6    1   -3  -13   -2    3   10   17   24   -9   -2  -10  -14
    1    6    1    1    1    2    2    0       671    5   -4   -1   -2    8    0   -1   -6  -13   -4    4    9   13   17   -4   -1   -6  -22
    1    6    2    1    2    2    2    1       678   -4  -14  -11   15   -6    6    5   -9   -5   -5  -16   -2    1    2   10   16   -3    1
    1    6    3    1    3    2    2    0      1277  -11    6  -12   10  -14    6    1  -13   -4    3   -4   -7   15    6    6   -6  -11    1
    1    6    4    1    1    3    3    0      6235    4   -7    5   -1    5  -10    1   -2  -13   -3    2    7   16   13   -6    0   -9  -16
    1    6    5    1    1    5    1    1      1268   12  -12    3    6    7   -6    1   -3  -13   -2    3   10   17   24   -9   -2  -10  -14
    1    6    6    1    3    1    2    0       963   -9    8  -19   16   -8   11   -1  -16   -4    3   -3   -5   14    6    7   -6  -13    0
    1    6    7    1    3    3    3    1      1390  -16    7  -15   11   -8   12   -8  -15   -4    3    5   -8   16   10    9   -7  -11    0
    1    6    8    1    2    1    3    0      2536   -5  -12  -19   21   -4    6    1   -5   -5   -6  -13   -2    1    4    6   14   -6    0
    1    6    9    1    1    4    3    0      4116    3   -7    8    3    4   -3    2   -5  -15   -8   12    5   16   15   -5    0   -8  -13
    1    6   10    1    2    4    2    1       737   -3  -12  -11   12   -6    7    5   -9  -11  -10  -11    1    2    1    4   12   -4    1
    1    6   11    1    2    5    2    1      2213   -5  -14  -15   10   -5    6    5   -9   -7   -6  -13   -2    2    2    8   16   -5    2
    1    6   12    1    2    3    2    1      1758  -10  -15  -13   12   -3    5    6   -6   -6   -8  -14   -3   -1    3    9   15   -8   -5
    1    6   13    1    3    4    3    1       730   -8    6  -14   12  -10   13   -8  -15   -2    0    1   -3   16   13   14  -15  -11    0
    1    6   14    1    3    5    1    0       671   -9    8  -12   12  -10   10   -5  -14   -3    2   -2   -7   15    7   15  -14  -10   -1
    1    6   15    1    1    1    1    1       950   -4  -12    6   -1    8   -5    0   -4  -14   -3    2   10    5   10   -3    1   -8  -17
    1    7    1    1    3    3    1    0      3313  -16    7  -15   11   -8   12   -8  -15   -4    3    5   -8   16   10    9   -7  -11    0
    1    7    2    1    2    2    2    1       782   -4  -14  -11   15   -6    6    5   -9   -5   -5  -16   -2    1    2   10   16   -3    1
    1    7    3    1    3    5    3    1       912   -9    8  -12   12  -10   10   -5  -14   -3    2   -2   -7   15    7   15  -14  -10   -1
    1    7    4    1    1    2    3    0      1806    5   -4   -1   -2    8    0   -1   -6  -13   -4    4    9   13   17   -4   -1   -6  -22
    1    7    5    1    3    2    3    1      1159  -11    6  -12   10  -14    6    1  -13   -4    3   -4   -7   15    6    6   -6  -11    1
    1    7    6    1    2    1    3    0      1963   -5  -12  -19   21   -4    6    1   -5   -5   -6  -13   -2    1    4    6   14   -6    0
    1    7    7    1    1    1    3    0      1422   -4  -12    6   -1    8   -5    0   -4  -14   -3    2   10    5   10   -3    1   -8  -17
    1    7    8    1    3    4    1    0      1015   -8    6  -14   12  -10   13   -8  -15   -2    0    1   -3   16   13   14  -15  -11    0
    1    7    9    1    2    5    2    1       863   -5  -14  -15   10   -5    6    5   -9   -7   -6  -13   -2    2    2    8   16   -5    2
    1    7   10    1    2    4    2    1       847   -3  -12  -11   12   -6    7    5   -9  -11  -10  -11    1    2    1    4   12   -4    1
    1    7   11    1    1    4    1    1       751    3   -7    8    3    4   -3    2   -5  -15   -8   12    5   16   15   -5    0   -8  -13
    1    7   12    1    1    5    1    1      1602   12  -12    3    6    7   -6    1   -3  -13   -2    3   10   17   24   -9   -2  -10  -14
    1    7   13    1    3    1    1    0       948   -9    8  -19   16   -8   11   -1  -16   -4    3   -3   -5   14    6    7   -6  -13    0
    1    7   14    1    2    3    2    1       831  -10  -15  -13   12   -3    5    6   -6   -6   -8  -14   -3   -1    3    9   15   -8   -5
    1    7   15    1    1    3    1    1      1647    4   -7    5   -1    5  -10    1   -2  -13   -3    2    7   16   13   -6    0   -9  -16
    1    8    1    1    1    3    1    1       719    4   -7    5   -1    5  -10    1   -2  -13   -3    2    7   16   13   -6    0   -9  -16
    1    8    2    1    1    5    2    0      2020   12  -12    3    6    7   -6    1   -3  -13   -2    3   10   17   24   -9   -2  -10  -14
    1    8    3    1    2    4    2    1       709   -3  -12  -11   12   -6    7    5   -9  -11  -10  -11    1    2    1    4   12   -4    1
    1    8    4    1    2    1    2    1      1722   -5  -12  -19   21   -4    6    1   -5   -5   -6  -13   -2    1    4    6   14   -6    0
    1    8    5    1    3    1    3    1       855   -9    8  -19   16   -8   11   -1  -16   -4    3   -3   -5   14    6    7   -6  -13    0
    1    8    6    1    2    2    2    1       774   -4  -14  -11   15   -6    6    5   -9   -5   -5  -16   -2    1    2   10   16   -3    1
    1    8    7    1    1    1    1    1      1305   -4  -12    6   -1    8   -5    0   -4  -14   -3    2   10    5   10   -3    1   -8  -17
    1    8    8    1    1    2    1    1      1254    5   -4   -1   -2    8    0   -1   -6  -13   -4    4    9   13   17   -4   -1   -6  -22
    1    8    9    1    3    3    3    1      1062  -16    7  -15   11   -8   12   -8  -15   -4    3    5   -8   16   10    9   -7  -11    0
    1    8   10    1    2    3    1    0      2029  -10  -15  -13   12   -3    5    6   -6   -6   -8  -14   -3   -1    3    9   15   -8   -5
    1    8   11    1    1    4    1    1      1326    3   -7    8    3    4   -3    2   -5  -15   -8   12    5   16   15   -5    0   -8  -13
    1    8   12    1    3    4    1    0      1115   -8    6  -14   12  -10   13   -8  -15   -2    0    1   -3   16   13   14  -15  -11    0
    1    8   13    1    3    2    1    0       976  -11    6  -12   10  -14    6    1  -13   -4    3   -4   -7   15    6    6   -6  -11    1
    1    8   14    1    2    5    2    1       778   -5  -14  -15   10   -5    6    5   -9   -7   -6  -13   -2    2    2    8   16   -5    2
    1    8   15    1    3    5    1    0      1405   -9    8  -12   12  -10   10   -5  -14   -3    2   -2   -7   15    7   15  -14  -10   -1
    1    9    1    1    2    4    2    1       758   -3  -12  -11   12   -6    7    5   -9  -11  -10  -11    1    2    1    4   12   -4    1
    1    9    2    1    3    1    3    1      1178   -9    8  -19   16   -8   11   -1  -16   -4    3   -3   -5   14    6    7   -6  -13    0
    1    9    3    1    3    4    1    0       893   -8    6  -14   12  -10   13   -8  -15   -2    0    1   -3   16   13   14  -15  -11    0
    1    9    4    1    1    3    1    1       907    4   -7    5   -1    5  -10    1   -2  -13   -3    2    7   16   13   -6    0   -9  -16
    1    9    5    1    2    3    1    0       760  -10  -15  -13   12   -3    5    6   -6   -6   -8  -14   -3   -1    3    9   15   -8   -5
    1    9    6    1    1    1    1    1       955   -4  -12    6   -1    8   -5    0   -4  -14   -3    2   10    5   10   -3    1   -8  -17
    1    9    7    1    1    2    1    1      2407    5   -4   -1   -2    8    0   -1   -6  -13   -4    4    9   13   17   -4   -1   -6  -22
    1    9    8    1    2    5    2    1       760   -5  -14  -15   10   -5    6    5   -9   -7   -6  -13   -2    2    2    8   16   -5    2
    1    9    9    1    3    3    1    0      1180  -16    7  -15   11   -8   12   -8  -15   -4    3    5   -8   16   10    9   -7  -11    0
    1    9   10    1    2    2    2    1       638   -4  -14  -11   15   -6    6    5   -9   -5   -5  -16   -2    1    2   10   16   -3    1
    1    9   11    1    3    5    3    1      1062   -9    8  -12   12  -10   10   -5  -14   -3    2   -2   -7   15    7   15  -14  -10   -1
    1    9   12    1    2    1    2    1      1406   -5  -12  -19   21   -4    6    1   -5   -5   -6  -13   -2    1    4    6   14   -6    0
    1    9   13    1    1    5    1    1      1639   12  -12    3    6    7   -6    1   -3  -13   -2    3   10   17   24   -9   -2  -10  -14
    1    9   14    1    3    2    2    0      1031  -11    6  -12   10  -14    6    1  -13   -4    3   -4   -7   15    6    6   -6  -11    1
    1    9   15    1    1    4    1    1       703    3   -7    8    3    4   -3    2   -5  -15   -8   12    5   16   15   -5    0   -8  -13
    1   10    1    1    3    1    3    1      1845   -9    8  -19   16   -8   11   -1  -16   -4    3   -3   -5   14    6    7   -6  -13    0
    1   10    2    1    2    1    2    1       573   -5  -12  -19   21   -4    6    1   -5   -5   -6  -13   -2    1    4    6   14   -6    0
    1   10    3    1    1    2    1    1      1288    5   -4   -1   -2    8    0   -1   -6  -13   -4    4    9   13   17   -4   -1   -6  -22
    1   10    4    1    3    2    3    1       774  -11    6  -12   10  -14    6    1  -13   -4    3   -4   -7   15    6    6   -6  -11    1
    1   10    5    1    1    1    1    1      1064   -4  -12    6   -1    8   -5    0   -4  -14   -3    2   10    5   10   -3    1   -8  -17
    1   10    6    1    1    3    3    0      3999    4   -7    5   -1    5  -10    1   -2  -13   -3    2    7   16   13   -6    0   -9  -16
    1   10    7    1    3    3    3    1      1168  -16    7  -15   11   -8   12   -8  -15   -4    3    5   -8   16   10    9   -7  -11    0
    1   10    8    1    2    5    2    1       675   -5  -14  -15   10   -5    6    5   -9   -7   -6  -13   -2    2    2    8   16   -5    2
    1   10    9    1    2    2    2    1       522   -4  -14  -11   15   -6    6    5   -9   -5   -5  -16   -2    1    2   10   16   -3    1
    1   10   10    1    2    3    2    1      2391  -10  -15  -13   12   -3    5    6   -6   -6   -8  -14   -3   -1    3    9   15   -8   -5
    1   10   11    1    3    5    3    1      1417   -9    8  -12   12  -10   10   -5  -14   -3    2   -2   -7   15    7   15  -14  -10   -1
    1   10   12    1    1    5    1    1       881   12  -12    3    6    7   -6    1   -3  -13   -2    3   10   17   24   -9   -2  -10  -14
    1   10   13    1    1    4    1    1       848    3   -7    8    3    4   -3    2   -5  -15   -8   12    5   16   15   -5    0   -8  -13
    1   10   14    1    3    4    1    0      1904   -8    6  -14   12  -10   13   -8  -15   -2    0    1   -3   16   13   14  -15  -11    0
    1   10   15    1    2    4    2    1       709   -3  -12  -11   12   -6    7    5   -9  -11  -10  -11    1    2    1    4   12   -4    1
    1   11    1    1    2    2    2    1       714   -4  -14  -11   15   -6    6    5   -9   -5   -5  -16   -2    1    2   10   16   -3    1
    1   11    2    1    1    2    1    1      1039    5   -4   -1   -2    8    0   -1   -6  -13   -4    4    9   13   17   -4   -1   -6  -22
    1   11    3    1    1    5    1    1       903   12  -12    3    6    7   -6    1   -3  -13   -2    3   10   17   24   -9   -2  -10  -14
    1   11    4    1    3    4    1    0       997   -8    6  -14   12  -10   13   -8  -15   -2    0    1   -3   16   13   14  -15  -11    0
    1   11    5    1    2    3    2    1       831  -10  -15  -13   12   -3    5    6   -6   -6   -8  -14   -3   -1    3    9   15   -8   -5
    1   11    6    1    2    4    2    1       623   -3  -12  -11   12   -6    7    5   -9  -11  -10  -11    1    2    1    4   12   -4    1
    1   11    7    1    3    2    3    1      1352  -11    6  -12   10  -14    6    1  -13   -4    3   -4   -7   15    6    6   -6  -11    1
    1   11    8    1    2    1    1    0      1092   -5  -12  -19   21   -4    6    1   -5   -5   -6  -13   -2    1    4    6   14   -6    0
    1   11    9    1    3    5    3    1      1369   -9    8  -12   12  -10   10   -5  -14   -3    2   -2   -7   15    7   15  -14  -10   -1
    1   11   10    1    1    1    1    1       788   -4  -12    6   -1    8   -5    0   -4  -14   -3    2   10    5   10   -3    1   -8  -17
    1   11   11    1    1    4    1    1       822    3   -7    8    3    4   -3    2   -5  -15   -8   12    5   16   15   -5    0   -8  -13
    1   11   12    1    3    1    3    1      1095   -9    8  -19   16   -8   11   -1  -16   -4    3   -3   -5   14    6    7   -6  -13    0
    1   11   13    1    3    3    3    1       941  -16    7  -15   11   -8   12   -8  -15   -4    3    5   -8   16   10    9   -7  -11    0
    1   11   14    1    2    5    2    1       745   -5  -14  -15   10   -5    6    5   -9   -7   -6  -13   -2    2    2    8   16   -5    2
    1   11   15    1    1    3    1    1      1005    4   -7    5   -1    5  -10    1   -2  -13   -3    2    7   16   13   -6    0   -9  -16
    1   12    1    1    2    3    2    1       743  -10  -15  -13   12   -3    5    6   -6   -6   -8  -14   -3   -1    3    9   15   -8   -5
    1   12    2    1    3    1    3    1      1594   -9    8  -19   16   -8   11   -1  -16   -4    3   -3   -5   14    6    7   -6  -13    0
    1   12    3    1    3    5    3    1      1405   -9    8  -12   12  -10   10   -5  -14   -3    2   -2   -7   15    7   15  -14  -10   -1
    1   12    4    1    2    1    1    0      3270   -5  -12  -19   21   -4    6    1   -5   -5   -6  -13   -2    1    4    6   14   -6    0
    1   12    5    1    2    4    2    1       773   -3  -12  -11   12   -6    7    5   -9  -11  -10  -11    1    2    1    4   12   -4    1
    1   12    6    1    3    2    3    1      1848  -11    6  -12   10  -14    6    1  -13   -4    3   -4   -7   15    6    6   -6  -11    1
    1   12    7    1    3    4    1    0       879   -8    6  -14   12  -10   13   -8  -15   -2    0    1   -3   16   13   14  -15  -11    0
    1   12    8    1    1    2    3    0      2190    5   -4   -1   -2    8    0   -1   -6  -13   -4    4    9   13   17   -4   -1   -6  -22
    1   12    9    1    1    4    1    1       712    3   -7    8    3    4   -3    2   -5  -15   -8   12    5   16   15   -5    0   -8  -13
    1   12   10    1    3    3    1    0       989  -16    7  -15   11   -8   12   -8  -15   -4    3    5   -8   16   10    9   -7  -11    0
    1   12   11    1    2    5    2    1       727   -5  -14  -15   10   -5    6    5   -9   -7   -6  -13   -2    2    2    8   16   -5    2
    1   12   12    1    2    2    2    1       636   -4  -14  -11   15   -6    6    5   -9   -5   -5  -16   -2    1    2   10   16   -3    1
    1   12   13    1    1    3    1    1      1444    4   -7    5   -1    5  -10    1   -2  -13   -3    2    7   16   13   -6    0   -9  -16
    1   12   14    1    1    1    1    1      1084   -4  -12    6   -1    8   -5    0   -4  -14   -3    2   10    5   10   -3    1   -8  -17
    1   12   15    1    1    5    1    1       787   12  -12    3    6    7   -6    1   -3  -13   -2    3   10   17   24   -9   -2  -10  -14
    1   13    1    1    1    4    1    1       740    3   -7    8    3    4   -3    2   -5  -15   -8   12    5   16   15   -5    0   -8  -13
    1   13    2    1    2    5    2    1       809   -5  -14  -15   10   -5    6    5   -9   -7   -6  -13   -2    2    2    8   16   -5    2
    1   13    3    1    3    5    3    1       858   -9    8  -12   12  -10   10   -5  -14   -3    2   -2   -7   15    7   15  -14  -10   -1
    1   13    4    1    3    3    3    1      1913  -16    7  -15   11   -8   12   -8  -15   -4    3    5   -8   16   10    9   -7  -11    0
    1   13    5    1    1    3    1    1      1263    4   -7    5   -1    5  -10    1   -2  -13   -3    2    7   16   13   -6    0   -9  -16
    1   13    6    1    1    1    1    1      1758   -4  -12    6   -1    8   -5    0   -4  -14   -3    2   10    5   10   -3    1   -8  -17
    1   13    7    1    1    5    1    1       778   12  -12    3    6    7   -6    1   -3  -13   -2    3   10   17   24   -9   -2  -10  -14
    1   13    8    1    2    3    2    1       796  -10  -15  -13   12   -3    5    6   -6   -6   -8  -14   -3   -1    3    9   15   -8   -5
    1   13    9    1    2    4    2    1      1102   -3  -12  -11   12   -6    7    5   -9  -11  -10  -11    1    2    1    4   12   -4    1
    1   13   10    1    3    2    3    1       868  -11    6  -12   10  -14    6    1  -13   -4    3   -4   -7   15    6    6   -6  -11    1
    1   13   11    1    2    1    3    0      1475   -5  -12  -19   21   -4    6    1   -5   -5   -6  -13   -2    1    4    6   14   -6    0
    1   13   12    1    1    2    1    1      1113    5   -4   -1   -2    8    0   -1   -6  -13   -4    4    9   13   17   -4   -1   -6  -22
    1   13   13    1    3    1    3    1      1326   -9    8  -19   16   -8   11   -1  -16   -4    3   -3   -5   14    6    7   -6  -13    0
    1   13   14    1    3    4    1    0      2315   -8    6  -14   12  -10   13   -8  -15   -2    0    1   -3   16   13   14  -15  -11    0
    1   13   15    1    2    2    2    1       624   -4  -14  -11   15   -6    6    5   -9   -5   -5  -16   -2    1    2   10   16   -3    1
    1   14    1    1    2    3    2    1      1049  -10  -15  -13   12   -3    5    6   -6   -6   -8  -14   -3   -1    3    9   15   -8   -5
    1   14    2    1    3    4    1    0      1104   -8    6  -14   12  -10   13   -8  -15   -2    0    1   -3   16   13   14  -15  -11    0
    1   14    3    1    2    2    2    1       534   -4  -14  -11   15   -6    6    5   -9   -5   -5  -16   -2    1    2   10   16   -3    1
    1   14    4    1    3    5    3    1      1026   -9    8  -12   12  -10   10   -5  -14   -3    2   -2   -7   15    7   15  -14  -10   -1
    1   14    5    1    2    1    3    0      1546   -5  -12  -19   21   -4    6    1   -5   -5   -6  -13   -2    1    4    6   14   -6    0
    1   14    6    1    3    3    3    1      2798  -16    7  -15   11   -8   12   -8  -15   -4    3    5   -8   16   10    9   -7  -11    0
    1   14    7    1    2    5    2    1      2336   -5  -14  -15   10   -5    6    5   -9   -7   -6  -13   -2    2    2    8   16   -5    2
    1   14    8    1    3    1    3    1      1060   -9    8  -19   16   -8   11   -1  -16   -4    3   -3   -5   14    6    7   -6  -13    0
    1   14    9    1    1    5    1    1       747   12  -12    3    6    7   -6    1   -3  -13   -2    3   10   17   24   -9   -2  -10  -14
    1   14   10    1    3    2    3    1      1936  -11    6  -12   10  -14    6    1  -13   -4    3   -4   -7   15    6    6   -6  -11    1
    1   14   11    1    1    4    1    1       676    3   -7    8    3    4   -3    2   -5  -15   -8   12    5   16   15   -5    0   -8  -13
    1   14   12    1    2    4    2    1       682   -3  -12  -11   12   -6    7    5   -9  -11  -10  -11    1    2    1    4   12   -4    1
    1   14   13    1    1    3    3    0      3984    4   -7    5   -1    5  -10    1   -2  -13   -3    2    7   16   13   -6    0   -9  -16
    1   14   14    1    1    1    1    1      1026   -4  -12    6   -1    8   -5    0   -4  -14   -3    2   10    5   10   -3    1   -8  -17
    1   14   15    1    1    2    1    1       923    5   -4   -1   -2    8    0   -1   -6  -13   -4    4    9   13   17   -4   -1   -6  -22
    1   15    1    1    1    5    1    1       776   12  -12    3    6    7   -6    1   -3  -13   -2    3   10   17   24   -9   -2  -10  -14
    1   15    2    1    2    2    2    1       587   -4  -14  -11   15   -6    6    5   -9   -5   -5  -16   -2    1    2   10   16   -3    1
    1   15    3    1    1    4    1    1       773    3   -7    8    3    4   -3    2   -5  -15   -8   12    5   16   15   -5    0   -8  -13
    1   15    4    1    3    3    3    1      1464  -16    7  -15   11   -8   12   -8  -15   -4    3    5   -8   16   10    9   -7  -11    0
    1   15    5    1    2    3    2    1       607  -10  -15  -13   12   -3    5    6   -6   -6   -8  -14   -3   -1    3    9   15   -8   -5
    1   15    6    1    3    4    3    1      1016   -8    6  -14   12  -10   13   -8  -15   -2    0    1   -3   16   13   14  -15  -11    0
    1   15    7    1    2    1    3    0      1745   -5  -12  -19   21   -4    6    1   -5   -5   -6  -13   -2    1    4    6   14   -6    0
    1   15    8    1    3    5    3    1      1661   -9    8  -12   12  -10   10   -5  -14   -3    2   -2   -7   15    7   15  -14  -10   -1
    1   15    9    1    2    4    2    1       717   -3  -12  -11   12   -6    7    5   -9  -11  -10  -11    1    2    1    4   12   -4    1
    1   15   10    1    1    1    1    1       801   -4  -12    6   -1    8   -5    0   -4  -14   -3    2   10    5   10   -3    1   -8  -17
    1   15   11    1    1    3    1    1      2067    4   -7    5   -1    5  -10    1   -2  -13   -3    2    7   16   13   -6    0   -9  -16
    1   15   12    1    3    2    3    1       961  -11    6  -12   10  -14    6    1  -13   -4    3   -4   -7   15    6    6   -6  -11    1
    1   15   13    1    1    2    1    1      1405    5   -4   -1   -2    8    0   -1   -6  -13   -4    4    9   13   17   -4   -1   -6  -22
    1   15   14    1    3    1    3    1      1062   -9    8  -19   16   -8   11   -1  -16   -4    3   -3   -5   14    6    7   -6  -13    0
    1   15   15    1    2    5    3    0      1454   -5  -14  -15   10   -5    6    5   -9   -7   -6  -13   -2    2    2    8   16   -5    2
    2    1    1    6    0    0    2    1      3842    1   13   13    5    4   -8  -11   -6    7   10   -8    0   -8  -14   12   -7    1    8
    2    1    2    4    2    1    2    1      6187   -6  -12  -12   14   -3    6    9   -5    4    3  -13   -1   -1    3   10   16   -3   -1
    2    1    3    4    1    3    2    1      2757    4   -6    3    2    7   -6    1  -14  -17    5    2   10   15   14   -7    0   -4  -25
    2    1    4    4    2    3    2    1      1704    0  -17  -12   15   -2    6    7   -9   -5   -6  -17  -12   -8   -6    0    7   -5   -1
    2    1    5    4    3    2    1    0      1062  -12    9  -15   12   -9    4   -8  -13   -5    2    0    2   14   10    9   -8  -11    0
    2    1    6    1    3    5    1    1       813   -9    8  -12   12  -10   10   -5  -14   -3    2   -2   -7   15    7   15  -14  -10   -1
    2    1    7    4    3    5    2    1      1278  -12   11  -15   12   -7   15   -5  -15   -5    2   -7  -16   16    7    6   -9  -13    2
    2    1    8    4    1    4    1    0      2045    1   -6    5    0    4   -7    1   -3  -11   -4    4    8   15   13   -9   -5   -6  -16
    2    1    9    4    1    2    1    0      5661    7   -2   12    3    6   -6    0   -4  -12   -4    8    5   16   14   -4    1   -9  -14
    2    1   10    1    2    2    1    1      1693   -4  -14  -11   15   -6    6    5   -9   -5   -5  -16   -2    1    2   10   16   -3    1
    2    1   11    1    3    3    1    1       987  -16    7  -15   11   -8   12   -8  -15   -4    3    5   -8   16   10    9   -7  -11    0
    2    1   12    1    2    5    1    1       837   -5  -14  -15   10   -5    6    5   -9   -7   -6  -13   -2    2    2    8   16   -5    2
    2    1   13    1    3    4    1    1       869   -8    6  -14   12  -10   13   -8  -15   -2    0    1   -3   16   13   14  -15  -11    0
    2    1   14    4    2    2    2    1      1236  -10   -5  -11   15   -3    7    4   -8   -6   -5   -7   -2   -1    3   16   15   -3   -1
    2    1   15    6    0    0    2    1      1092    6   13   -7   10    3  -12   -5    6  -11    7  -13    2   -6   -5   11   -9  -15   13
    2    1   16    2    2    0    1    0       698   -5  -13  -11   14   -4    5    5   -8   -6   -6  -13   -3    0    3    8   15   -4    0
    2    1   17    4    3    4    1    0       879  -10    6  -17    7   -7    1   -6  -13   -5    2   -3   -6   17   10    7   -8  -13    1
    2    1   18    1    1    3    1    1      1550    4   -7    5   -1    5  -10    1   -2  -13   -3    2    7   16   13   -6    0   -9  -16
    2    1   19    6    0    0    2    1       785    7   14  -10    9    5   -6   -8   12   -6    9  -10    2  -12    3   10  -12  -14   12
    2    1   20    1    2    4    1    1       868   -3  -12  -11   12   -6    7    5   -9  -11  -10  -11    1    2    1    4   12   -4    1
    2    1   21    1    1    2    1    1       770    5   -4   -1   -2    8    0   -1   -6  -13   -4    4    9   13   17   -4   -1   -6  -22
    2    1   22    1    2    1    1    1      1365   -5  -12  -19   21   -4    6    1   -5   -5   -6  -13   -2    1    4    6   14   -6    0
    2    1   23    6    0    0    2    1       864    4   11   13    1    4   -7   -9   -3    7    8   -8   15   -7  -10   11   -9   -1    9
    2    1   24    6    0    0    2    1      1247    9    4    8   13   -9   -4  -11   -5  -19  -10   14   13   -6  -15   15  -10    7  -14
    2    1   25    1    3    2    1    1       943  -11    6  -12   10  -14    6    1  -13   -4    3   -4   -7   15    6    6   -6  -11    1
    2    1   26    4    1    5    2    1       875    3   -8    0   -3    6   -2    1   -6  -13   -5    4   10   23   10   -7    0  -11  -19
    2    1   27    4    1    1    2    1      2266    5   -8    6    4    4   -5    1   -5  -12   -4    4    9   15   14   -5    3   -7  -16
    2    1   28    2    1    0    1    0      1121    3   -6    4    0    6   -5    1   -4  -12   -3    3    9   14   15   -5   -1   -8  -15
    2    1   29    6    0    0    2    1       806    9    7    4    5   -9   -6  -11   -7  -15   -3   15   17   -1   -3   14  -10    0   -8
    2    1   30    1    1    4    2    0       839    3   -7    8    3    4   -3    2   -5  -15   -8   12    5   16   15   -5    0   -8  -13
    2    1   31    2    3    0    1    0       935  -10    8  -14   11   -9   10   -6  -14   -5    3   -3   -7   15    8    8   -7  -12    1
    2    1   32    4    2    4    2    1       947    1  -23  -11   16   -6    4    6  -10   -4   -8  -15   -1   -2    5   10   13   -6   -2
    2    1   33    1    1    5    1    1       799   12  -12    3    6    7   -6    1   -3  -13   -2    3   10   17   24   -9   -2  -10  -14
    2    1   34    1    3    1    2    0      2928   -9    8  -19   16   -8   11   -1  -16   -4    3   -3   -5   14    6    7   -6  -13    0
    2    1   35    1    2    3    1    1      1133  -10  -15  -13   12   -3    5    6   -6   -6   -8  -14   -3   -1    3    9   15   -8   -5
    2    1   36    1    1    1    1    1       785   -4  -12    6   -1    8   -5    0   -4  -14   -3    2   10    5   10   -3    1   -8  -17
    2    1   37    4    3    3    2    1      1043   -9    7  -16   13  -11   10   -6  -16   -3    4   -2  -12   14    9    9   -6   -5    2
    2    1   38    4    3    1    2    1      1243   -9    7  -14   12    0    4   -7  -15   -6    3    2  -16   14    8    9   -8   -7   -2
    2    1   39    4    2    5    2    1       891  -13   -8  -11   12   -3    4    3   -7   -6   -7  -12   -2    1    4    8   17   -2   -1
