    1    1    1    1    3    5    1    0      3048    1   -9   14    4    9   11  -13   -3    8    0    7   -6    8   -9   13    6    9    2
    1    1    2    1    1    1    2    0      7172   -9   -6   -7  -13   -3  -13  -16  -10    5   -8    0    5    6   -6   14    3   11   -8
    1    1    3    1    3    3    2    0      1591    2  -10   14    2   13   13  -18   -3    8    0    6   -5    9   -7   16    8    6    7
    1    1    4    1    3    1    2    0      2169    1  -11   12    1   10   12  -20   11    0   -5    8   -5    7   -7   13    7    9    3
    1    1    5    1    2    1    1    0      1475   13   22   17    9   -3   14    2   -2   -1   -4   17   -6    8    4    2  -11  -10   -2
    1    1    6    1    1    2    1    1      1882   -6  -10   -2   -9   -4  -11   -8  -13    3  -13    1    9   -1   -7   17    0   13   -8
    1    1    7    1    2    2    3    0      1904   11   14   13    6   -2   10    7   -6   -2   -4   15   -7    3    7    1  -11  -11    0
    1    1    8    1    1    4    3    0       709  -11   -5   -4  -10   -4  -13  -15   -7    8  -13    0    9   -3    2   15    0   13   -9
    1    1    9    1    3    4    2    0       522   -1  -10   15    2   12   11  -14    1   10   -3    6   -5    6  -12   13    9    8    4
    1    1   10    1    2    3    2    1       423   12   13   11   11    5    6   12    0   -4   -2   17   -7    1    7    5   -8  -10   -1
    1    1   11    1    1    5    2    0      2936  -10   -4   -2  -10   -5  -12  -14   -4    3   -8    2    9   -4   -1   10    6    9  -10
    1    1   12    1    1    3    1    1      1204   -8   -6  -13   -6    6   -5  -15   -5    0  -13    1    9    0    2   22   -6   11   -9
    1    1   13    1    2    4    2    1      1061   22    6   17   20    1   10   12   -1   -1   -4   17   -8    3    2    1  -12   -7   -1
    1    1   14    1    2    5    1    0      1164   12   13   14   12    1    7   10    0    3    5   17   -6   -6    4    0   -9   -8   -3
    1    1   15    1    3    2    2    0      1103   -6  -20   13    4   12   10  -20   10    1    5    7   -7    8  -10   14    7    3   -1
    1    2    1    1    2    5    3    0      2580   12   13   14   12    1    7   10    0    3    5   17   -6   -6    4    0   -9   -8   -3
    1    2    2    1    1    1    3    0      1422   -9   -6   -7  -13   -3  -13  -16  -10    5   -8    0    5    6   -6   14    3   11   -8
    1    2    3    1    3    5    3    1      2503    1   -9   14    4    9   11  -13   -3    8    0    7   -6    8   -9   13    6    9    2
    1    2    4    1    3    1    2    0      3412    1  -11   12    1   10   12  -20   11    0   -5    8   -5    7   -7   13    7    9    3
    1    2    5    1    1    2    1    1      1245   -6  -10   -2   -9   -4  -11   -8  -13    3  -13    1    9   -1   -7   17    0   13   -8
    1    2    6    1    1    5    1    1       797  -10   -4   -2  -10   -5  -12  -14   -4    3   -8    2    9   -4   -1   10    6    9  -10
    1    2    7    1    2    1    3    0      1374   13   22   17    9   -3   14    2   -2   -1   -4   17   -6    8    4    2  -11  -10   -2
    1    2    8    1    1    4    1    1      1145  -11   -5   -4  -10   -4  -13  -15   -7    8  -13    0    9   -3    2   15    0   13   -9
    1    2    9    1    3    4    2    0      1117   -1  -10   15    2   12   11  -14    1   10   -3    6   -5    6  -12   13    9    8    4
    1    2   10    1    1    3    1    1       722   -8   -6  -13   -6    6   -5  -15   -5    0  -13    1    9    0    2   22   -6   11   -9
    1    2   11    1    2    4    3    0       950   22    6   17   20    1   10   12   -1   -1   -4   17   -8    3    2    1  -12   -7   -1
    1    2   12    1    2    2    1    0      1554   11   14   13    6   -2   10    7   -6   -2   -4   15   -7    3    7    1  -11  -11    0
    1    2   13    1    3    2    2    0      1125   -6  -20   13    4   12   10  -20   10    1    5    7   -7    8  -10   14    7    3   -1
    1    2   14    1    2    3    3    0      1737   12   13   11   11    5    6   12    0   -4   -2   17   -7    1    7    5   -8  -10   -1
    1    2   15    1    3    3    2    0      1749    2  -10   14    2   13   13  -18   -3    8    0    6   -5    9   -7   16    8    6    7
    1    3    1    1    1    4    2    0      1889  -11   -5   -4  -10   -4  -13  -15   -7    8  -13    0    9   -3    2   15    0   13   -9
    1    3    2    1    3    4    2    0       839   -1  -10   15    2   12   11  -14    1   10   -3    6   -5    6  -12   13    9    8    4
    1    3    3    1    2    2    2    1      1063   11   14   13    6   -2   10    7   -6   -2   -4   15   -7    3    7    1  -11  -11    0
    1    3    4    1    2    3    2    1      2094   12   13   11   11    5    6   12    0   -4   -2   17   -7    1    7    5   -8  -10   -1
    1    3    5    1    1    3    1    1       588   -8   -6  -13   -6    6   -5  -15   -5    0  -13    1    9    0    2   22   -6   11   -9
    1    3    6    1    2    5    1    0      1254   12   13   14   12    1    7   10    0    3    5   17   -6   -6    4    0   -9   -8   -3
    1    3    7    1    2    4    2    1      1493   22    6   17   20    1   10   12   -1   -1   -4   17   -8    3    2    1  -12   -7   -1
    1    3    8    1    3    5    3    1      1003    1   -9   14    4    9   11  -13   -3    8    0    7   -6    8   -9   13    6    9    2
    1    3    9    1    3    3    3    1       996    2  -10   14    2   13   13  -18   -3    8    0    6   -5    9   -7   16    8    6    7
    1    3   10    1    2    1    2    1      1998   13   22   17    9   -3   14    2   -2   -1   -4   17   -6    8    4    2  -11  -10   -2
    1    3   11    1    1    2    1    1       959   -6  -10   -2   -9   -4  -11   -8  -13    3  -13    1    9   -1   -7   17    0   13   -8
    1    3   12    1    1    1    1    1       954   -9   -6   -7  -13   -3  -13  -16  -10    5   -8    0    5    6   -6   14    3   11   -8
    1    3   13    1    3    2    3    1      1333   -6  -20   13    4   12   10  -20   10    1    5    7   -7    8  -10   14    7    3   -1
    1    3   14    1    1    5    1    1       961  -10   -4   -2  -10   -5  -12  -14   -4    3   -8    2    9   -4   -1   10    6    9  -10
    1    3   15    1    3    1    2    0      1277    1  -11   12    1   10   12  -20   11    0   -5    8   -5    7   -7   13    7    9    3
    1    4    1    1    3    3    3    1      1163    2  -10   14    2   13   13  -18   -3    8    0    6   -5    9   -7   16    8    6    7
    1    4    2    1    1    3    1    1      1518   -8   -6  -13   -6    6   -5  -15   -5    0  -13    1    9    0    2   22   -6   11   -9
    1    4    3    1    3    4    2    0       738   -1  -10   15    2   12   11  -14    1   10   -3    6   -5    6  -12   13    9    8    4
    1    4    4    1    2    1    3    0       695   13   22   17    9   -3   14    2   -2   -1   -4   17   -6    8    4    2  -11  -10   -2
    1    4    5    1    1    2    1    1      1452   -6  -10   -2   -9   -4  -11   -8  -13    3  -13    1    9   -1   -7   17    0   13   -8
    1    4    6    1    1    1    1    1       756   -9   -6   -7  -13   -3  -13  -16  -10    5   -8    0    5    6   -6   14    3   11   -8
    1    4    7    1    1    4    1    1      1159  -11   -5   -4  -10   -4  -13  -15   -7    8  -13    0    9   -3    2   15    0   13   -9
    1    4    8    1    2    4    3    0      1434   22    6   17   20    1   10   12   -1   -1   -4   17   -8    3    2    1  -12   -7   -1
    1    4    9    1    3    1    2    0      1026    1  -11   12    1   10   12  -20   11    0   -5    8   -5    7   -7   13    7    9    3
    1    4   10    1    3    5    2    0      1371    1   -9   14    4    9   11  -13   -3    8    0    7   -6    8   -9   13    6    9    2
    1    4   11    1    1    5    1    1       549  -10   -4   -2  -10   -5  -12  -14   -4    3   -8    2    9   -4   -1   10    6    9  -10
    1    4   12    1    2    5    1    0       705   12   13   14   12    1    7   10    0    3    5   17   -6   -6    4    0   -9   -8   -3
    1    4   13    1    2    3    1    0      1286   12   13   11   11    5    6   12    0   -4   -2   17   -7    1    7    5   -8  -10   -1
    1    4   14    1    3    2    2    0      1284   -6  -20   13    4   12   10  -20   10    1    5    7   -7    8  -10   14    7    3   -1
    1    4   15    1    2    2    3    0      1538   11   14   13    6   -2   10    7   -6   -2   -4   15   -7    3    7    1  -11  -11    0
    1    5    1    1    3    3    2    0       966    2  -10   14    2   13   13  -18   -3    8    0    6   -5    9   -7   16    8    6    7
    1    5    2    1    3    1    2    0      1121    1  -11   12    1   10   12  -20   11    0   -5    8   -5    7   -7   13    7    9    3
    1    5    3    1    1    2    1    1       885   -6  -10   -2   -9   -4  -11   -8  -13    3  -13    1    9   -1   -7   17    0   13   -8
    1    5    4    1    2    4    3    0      1075   22    6   17   20    1   10   12   -1   -1   -4   17   -8    3    2    1  -12   -7   -1
    1    5    5    1    3    4    3    1       922   -1  -10   15    2   12   11  -14    1   10   -3    6   -5    6  -12   13    9    8    4
    1    5    6    1    1    5    1    1      1990  -10   -4   -2  -10   -5  -12  -14   -4    3   -8    2    9   -4   -1   10    6    9  -10
    1    5    7    1    2    5    1    0      1336   12   13   14   12    1    7   10    0    3    5   17   -6   -6    4    0   -9   -8   -3
    1    5    8    1    3    5    2    0       772    1   -9   14    4    9   11  -13   -3    8    0    7   -6    8   -9   13    6    9    2
    1    5    9    1    2    1    3    0      1655   13   22   17    9   -3   14    2   -2   -1   -4   17   -6    8    4    2  -11  -10   -2
    1    5   10    1    1    4    2    0      1062  -11   -5   -4  -10   -4  -13  -15   -7    8  -13    0    9   -3    2   15    0   13   -9
    1    5   11    1    3    2    2    0       829   -6  -20   13    4   12   10  -20   10    1    5    7   -7    8  -10   14    7    3   -1
    1    5   12    1    2    3    1    0      1149   12   13   11   11    5    6   12    0   -4   -2   17   -7    1    7    5   -8  -10   -1
    1    5   13    1    1    3    1    1       593   -8   -6  -13   -6    6   -5  -15   -5    0  -13    1    9    0    2   22   -6   11   -9
    1    5   14    1    1    1    1    1       619   -9   -6   -7  -13   -3  -13  -16  -10    5   -8    0    5    6   -6   14    3   11   -8
    1    5   15    1    2    2    3    0      1699   11   14   13    6   -2   10    7   -6   -2   -4   15   -7    3    7    1  -11  -11    0
    1    6    1    1    1    3    1    1       880   -8   -6  -13   -6    6   -5  -15   -5    0  -13    1    9    0    2   22   -6   11   -9
    1    6    2    1    2    1    2    1      1727   13   22   17    9   -3   14    2   -2   -1   -4   17   -6    8    4    2  -11  -10   -2
    1    6    3    1    2    2    2    1      1099   11   14   13    6   -2   10    7   -6   -2   -4   15   -7    3    7    1  -11  -11    0
    1    6    4    1    1    4    3    0      2128  -11   -5   -4  -10   -4  -13  -15   -7    8  -13    0    9   -3    2   15    0   13   -9
    1    6    5    1    3    5    2    0      1917    1   -9   14    4    9   11  -13   -3    8    0    7   -6    8   -9   13    6    9    2
    1    6    6    1    2    4    2    1      1169   22    6   17   20    1   10   12   -1   -1   -4   17   -8    3    2    1  -12   -7   -1
    1    6    7    1    2    3    1    0      3172   12   13   11   11    5    6   12    0   -4   -2   17   -7    1    7    5   -8  -10   -1
    1    6    8    1    1    2    1    1       903   -6  -10   -2   -9   -4  -11   -8  -13    3  -13    1    9   -1   -7   17    0   13   -8
    1    6    9    1    3    1    3    1      1396    1  -11   12    1   10   12  -20   11    0   -5    8   -5    7   -7   13    7    9    3
    1    6   10    1    3    4    2    0      1869   -1  -10   15    2   12   11  -14    1   10   -3    6   -5    6  -12   13    9    8    4
    1    6   11    1    2    5    1    0       884   12   13   14   12    1    7   10    0    3    5   17   -6   -6    4    0   -9   -8   -3
    1    6   12    1    1    5    1    1      2274  -10   -4   -2  -10   -5  -12  -14   -4    3   -8    2    9   -4   -1   10    6    9  -10
    1    6   13    1    1    1    1    1      1753   -9   -6   -7  -13   -3  -13  -16  -10    5   -8    0    5    6   -6   14    3   11   -8
    1    6   14    1    3    2    2    0      1252   -6  -20   13    4   12   10  -20   10    1    5    7   -7    8  -10   14    7    3   -1
    1    6   15    1    3    3    2    0      1187    2  -10   14    2   13   13  -18   -3    8    0    6   -5    9   -7   16    8    6    7
    1    7    1    1    3    5    3    1      1173    1   -9   14    4    9   11  -13   -3    8    0    7   -6    8   -9   13    6    9    2
    1    7    2    1    2    4    3    0       920   22    6   17   20    1   10   12   -1   -1   -4   17   -8    3    2    1  -12   -7   -1
    1    7    3    1    3    4    1    0      1540   -1  -10   15    2   12   11  -14    1   10   -3    6   -5    6  -12   13    9    8    4
    1    7    4    1    3    2    2    0      1048   -6  -20   13    4   12   10  -20   10    1    5    7   -7    8  -10   14    7    3   -1
    1    7    5    1    1    3    1    1      1408   -8   -6  -13   -6    6   -5  -15   -5    0  -13    1    9    0    2   22   -6   11   -9
    1    7    6    1    2    2    2    1      1849   11   14   13    6   -2   10    7   -6   -2   -4   15   -7    3    7    1  -11  -11    0
    1    7    7    1    3    1    2    0       896    1  -11   12    1   10   12  -20   11    0   -5    8   -5    7   -7   13    7    9    3
    1    7    8    1    1    2    1    1       893   -6  -10   -2   -9   -4  -11   -8  -13    3  -13    1    9   -1   -7   17    0   13   -8
    1    7    9    1    2    3    2    1      1867   12   13   11   11    5    6   12    0   -4   -2   17   -7    1    7    5   -8  -10   -1
    1    7   10    1    2    5    2    1      1618   12   13   14   12    1    7   10    0    3    5   17   -6   -6    4    0   -9   -8   -3
    1    7   11    1    3    3    2    0      1283    2  -10   14    2   13   13  -18   -3    8    0    6   -5    9   -7   16    8    6    7
    1    7   12    1    1    5    1    1      1712  -10   -4   -2  -10   -5  -12  -14   -4    3   -8    2    9   -4   -1   10    6    9  -10
    1    7   13    1    1    4    2    0      1374  -11   -5   -4  -10   -4  -13  -15   -7    8  -13    0    9   -3    2   15    0   13   -9
    1    7   14    1    2    1    2    1      1352   13   22   17    9   -3   14    2   -2   -1   -4   17   -6    8    4    2  -11  -10   -2
    1    7   15    1    1    1    1    1      1044   -9   -6   -7  -13   -3  -13  -16  -10    5   -8    0    5    6   -6   14    3   11   -8
    1    8    1    1    2    2    1    0      1724   11   14   13    6   -2   10    7   -6   -2   -4   15   -7    3    7    1  -11  -11    0
    1    8    2    1    1    1    1    1      1624   -9   -6   -7  -13   -3  -13  -16  -10    5   -8    0    5    6   -6   14    3   11   -8
    1    8    3    1    3    5    2    0      2409    1   -9   14    4    9   11  -13   -3    8    0    7   -6    8   -9   13    6    9    2
    1    8    4    1    1    4    2    0      1962  -11   -5   -4  -10   -4  -13  -15   -7    8  -13    0    9   -3    2   15    0   13   -9
    1    8    5    1    3    2    3    1      1341   -6  -20   13    4   12   10  -20   10    1    5    7   -7    8  -10   14    7    3   -1
    1    8    6    1    3    4    3    1       665   -1  -10   15    2   12   11  -14    1   10   -3    6   -5    6  -12   13    9    8    4
    1    8    7    1    2    1    3    0       912   13   22   17    9   -3   14    2   -2   -1   -4   17   -6    8    4    2  -11  -10   -2
    1    8    8    1    1    3    1    1      1021   -8   -6  -13   -6    6   -5  -15   -5    0  -13    1    9    0    2   22   -6   11   -9
    1    8    9    1    2    5    1    0       790   12   13   14   12    1    7   10    0    3    5   17   -6   -6    4    0   -9   -8   -3
    1    8   10    1    3    1    2    0      1000    1  -11   12    1   10   12  -20   11    0   -5    8   -5    7   -7   13    7    9    3
    1    8   11    1    1    2    1    1      1057   -6  -10   -2   -9   -4  -11   -8  -13    3  -13    1    9   -1   -7   17    0   13   -8
    1    8   12    1    2    3    2    1      1256   12   13   11   11    5    6   12    0   -4   -2   17   -7    1    7    5   -8  -10   -1
    1    8   13    1    3    3    3    1      1288    2  -10   14    2   13   13  -18   -3    8    0    6   -5    9   -7   16    8    6    7
    1    8   14    1    1    5    1    1      2230  -10   -4   -2  -10   -5  -12  -14   -4    3   -8    2    9   -4   -1   10    6    9  -10
    1    8   15    1    2    4    3    0      2030   22    6   17   20    1   10   12   -1   -1   -4   17   -8    3    2    1  -12   -7   -1
    1    9    1    1    3    3    2    0      1165    2  -10   14    2   13   13  -18   -3    8    0    6   -5    9   -7   16    8    6    7
    1    9    2    1    3    4    3    1       928   -1  -10   15    2   12   11  -14    1   10   -3    6   -5    6  -12   13    9    8    4
    1    9    3    1    3    1    2    0      1580    1  -11   12    1   10   12  -20   11    0   -5    8   -5    7   -7   13    7    9    3
    1    9    4    1    2    3    2    1      2207   12   13   11   11    5    6   12    0   -4   -2   17   -7    1    7    5   -8  -10   -1
    1    9    5    1    2    1    2    1      1576   13   22   17    9   -3   14    2   -2   -1   -4   17   -6    8    4    2  -11  -10   -2
    1    9    6    1    3    2    3    1      1306   -6  -20   13    4   12   10  -20   10    1    5    7   -7    8  -10   14    7    3   -1
    1    9    7    1    1    4    1    1      2552  -11   -5   -4  -10   -4  -13  -15   -7    8  -13    0    9   -3    2   15    0   13   -9
    1    9    8    1    1    1    1    1      1139   -9   -6   -7  -13   -3  -13  -16  -10    5   -8    0    5    6   -6   14    3   11   -8
    1    9    9    1    1    5    1    1      1047  -10   -4   -2  -10   -5  -12  -14   -4    3   -8    2    9   -4   -1   10    6    9  -10
    1    9   10    1    2    4    3    0      2238   22    6   17   20    1   10   12   -1   -1   -4   17   -8    3    2    1  -12   -7   -1
    1    9   11    1    2    5    1    0      2070   12   13   14   12    1    7   10    0    3    5   17   -6   -6    4    0   -9   -8   -3
    1    9   12    1    1    2    1    1       853   -6  -10   -2   -9   -4  -11   -8  -13    3  -13    1    9   -1   -7   17    0   13   -8
    1    9   13    1    2    2    2    1      1220   11   14   13    6   -2   10    7   -6   -2   -4   15   -7    3    7    1  -11  -11    0
    1    9   14    1    1    3    1    1       853   -8   -6  -13   -6    6   -5  -15   -5    0  -13    1    9    0    2   22   -6   11   -9
    1    9   15    1    3    5    3    1      1604    1   -9   14    4    9   11  -13   -3    8    0    7   -6    8   -9   13    6    9    2
    1   10    1    1    2    4    3    0       581   22    6   17   20    1   10   12   -1   -1   -4   17   -8    3    2    1  -12   -7   -1
    1   10    2    1    2    2    2    1      2735   11   14   13    6   -2   10    7   -6   -2   -4   15   -7    3    7    1  -11  -11    0
    1   10    3    1    2    1    2    1       803   13   22   17    9   -3   14    2   -2   -1   -4   17   -6    8    4    2  -11  -10   -2
    1   10    4    1    3    4    3    1      1860   -1  -10   15    2   12   11  -14    1   10   -3    6   -5    6  -12   13    9    8    4
    1   10    5    1    3    1    3    1       588    1  -11   12    1   10   12  -20   11    0   -5    8   -5    7   -7   13    7    9    3
    1   10    6    1    1    4    2    0      1494  -11   -5   -4  -10   -4  -13  -15   -7    8  -13    0    9   -3    2   15    0   13   -9
    1   10    7    1    3    5    3    1      2972    1   -9   14    4    9   11  -13   -3    8    0    7   -6    8   -9   13    6    9    2
    1   10    8    1    2    3    2    1      1702   12   13   11   11    5    6   12    0   -4   -2   17   -7    1    7    5   -8  -10   -1
    1   10    9    1    2    5    2    1      2067   12   13   14   12    1    7   10    0    3    5   17   -6   -6    4    0   -9   -8   -3
    1   10   10    1    1    3    1    1       786   -8   -6  -13   -6    6   -5  -15   -5    0  -13    1    9    0    2   22   -6   11   -9
    1   10   11    1    3    3    3    1      2228    2  -10   14    2   13   13  -18   -3    8    0    6   -5    9   -7   16    8    6    7
    1   10   12    1    1    1    1    1      1197   -9   -6   -7  -13   -3  -13  -16  -10    5   -8    0    5    6   -6   14    3   11   -8
    1   10   13    1    3    2    3    1      1102   -6  -20   13    4   12   10  -20   10    1    5    7   -7    8  -10   14    7    3   -1
    1   10   14    1    1    5    1    1      1539  -10   -4   -2  -10   -5  -12  -14   -4    3   -8    2    9   -4   -1   10    6    9  -10
    1   10   15    1    1    2    1    1      2375   -6  -10   -2   -9   -4  -11   -8  -13    3  -13    1    9   -1   -7   17    0   13   -8
    1   11    1    1    2    1    2    1      1194   13   22   17    9   -3   14    2   -2   -1   -4   17   -6    8    4    2  -11  -10   -2
    1   11    2    1    1    2    1    1      2172   -6  -10   -2   -9   -4  -11   -8  -13    3  -13    1    9   -1   -7   17    0   13   -8
    1   11    3    1    1    5    1    1      3062  -10   -4   -2  -10   -5  -12  -14   -4    3   -8    2    9   -4   -1   10    6    9  -10
    1   11    4    1    2    2    2    1      1661   11   14   13    6   -2   10    7   -6   -2   -4   15   -7    3    7    1  -11  -11    0
    1   11    5    1    3    2    3    1       781   -6  -20   13    4   12   10  -20   10    1    5    7   -7    8  -10   14    7    3   -1
    1   11    6    1    1    3    1    1      1087   -8   -6  -13   -6    6   -5  -15   -5    0  -13    1    9    0    2   22   -6   11   -9
    1   11    7    1    1    4    1    1      3301  -11   -5   -4  -10   -4  -13  -15   -7    8  -13    0    9   -3    2   15    0   13   -9
    1   11    8    1    2    5    2    1      1858   12   13   14   12    1    7   10    0    3    5   17   -6   -6    4    0   -9   -8   -3
    1   11    9    1    2    3    2    1      2521   12   13   11   11    5    6   12    0   -4   -2   17   -7    1    7    5   -8  -10   -1
    1   11   10    1    3    1    3    1       822    1  -11   12    1   10   12  -20   11    0   -5    8   -5    7   -7   13    7    9    3
    1   11   11    1    3    3    3    1       582    2  -10   14    2   13   13  -18   -3    8    0    6   -5    9   -7   16    8    6    7
    1   11   12    1    2    4    3    0       848   22    6   17   20    1   10   12   -1   -1   -4   17   -8    3    2    1  -12   -7   -1
    1   11   13    1    1    1    1    1      1360   -9   -6   -7  -13   -3  -13  -16  -10    5   -8    0    5    6   -6   14    3   11   -8
    1   11   14    1    3    5    2    0      1275    1   -9   14    4    9   11  -13   -3    8    0    7   -6    8   -9   13    6    9    2
    1   11   15    1    3    4    3    1       713   -1  -10   15    2   12   11  -14    1   10   -3    6   -5    6  -12   13    9    8    4
    1   12    1    1    1    3    1    1       862   -8   -6  -13   -6    6   -5  -15   -5    0  -13    1    9    0    2   22   -6   11   -9
    1   12    2    1    3    2    3    1      1086   -6  -20   13    4   12   10  -20   10    1    5    7   -7    8  -10   14    7    3   -1
    1   12    3    1    1    1    1    1      1059   -9   -6   -7  -13   -3  -13  -16  -10    5   -8    0    5    6   -6   14    3   11   -8
    1   12    4    1    3    3    3    1       875    2  -10   14    2   13   13  -18   -3    8    0    6   -5    9   -7   16    8    6    7
    1   12    5    1    2    2    2    1      1833   11   14   13    6   -2   10    7   -6   -2   -4   15   -7    3    7    1  -11  -11    0
    1   12    6    1    3    4    3    1       833   -1  -10   15    2   12   11  -14    1   10   -3    6   -5    6  -12   13    9    8    4
    1   12    7    1    1    2    1    1      2145   -6  -10   -2   -9   -4  -11   -8  -13    3  -13    1    9   -1   -7   17    0   13   -8
    1   12    8    1    1    4    2    0      3085  -11   -5   -4  -10   -4  -13  -15   -7    8  -13    0    9   -3    2   15    0   13   -9
    1   12    9    1    3    1    3    1       883    1  -11   12    1   10   12  -20   11    0   -5    8   -5    7   -7   13    7    9    3
    1   12   10    1    2    5    2    1      1841   12   13   14   12    1    7   10    0    3    5   17   -6   -6    4    0   -9   -8   -3
    1   12   11    1    1    5    1    1      1769  -10   -4   -2  -10   -5  -12  -14   -4    3   -8    2    9   -4   -1   10    6    9  -10
    1   12   12    1    2    4    3    0      1700   22    6   17   20    1   10   12   -1   -1   -4   17   -8    3    2    1  -12   -7   -1
    1   12   13    1    2    3    2    1      1953   12   13   11   11    5    6   12    0   -4   -2   17   -7    1    7    5   -8  -10   -1
    1   12   14    1    3    5    3    1      1956    1   -9   14    4    9   11  -13   -3    8    0    7   -6    8   -9   13    6    9    2
    1   12   15    1    2    1    2    1      1656   13   22   17    9   -3   14    2   -2   -1   -4   17   -6    8    4    2  -11  -10   -2
    1   13    1    1    3    1    3    1      1639    1  -11   12    1   10   12  -20   11    0   -5    8   -5    7   -7   13    7    9    3
    1   13    2    1    1    1    1    1      1175   -9   -6   -7  -13   -3  -13  -16  -10    5   -8    0    5    6   -6   14    3   11   -8
    1   13    3    1    2    5    1    0      1081   12   13   14   12    1    7   10    0    3    5   17   -6   -6    4    0   -9   -8   -3
    1   13    4    1    2    4    3    0      1007   22    6   17   20    1   10   12   -1   -1   -4   17   -8    3    2    1  -12   -7   -1
    1   13    5    1    1    5    1    1      1001  -10   -4   -2  -10   -5  -12  -14   -4    3   -8    2    9   -4   -1   10    6    9  -10
    1   13    6    1    1    4    2    0      1234  -11   -5   -4  -10   -4  -13  -15   -7    8  -13    0    9   -3    2   15    0   13   -9
    1   13    7    1    2    1    2    1       930   13   22   17    9   -3   14    2   -2   -1   -4   17   -6    8    4    2  -11  -10   -2
    1   13    8    1    1    2    1    1      1358   -6  -10   -2   -9   -4  -11   -8  -13    3  -13    1    9   -1   -7   17    0   13   -8
    1   13    9    1    3    2    3    1       905   -6  -20   13    4   12   10  -20   10    1    5    7   -7    8  -10   14    7    3   -1
    1   13   10    1    1    3    1    1      1046   -8   -6  -13   -6    6   -5  -15   -5    0  -13    1    9    0    2   22   -6   11   -9
    1   13   11    1    3    4    3    1       910   -1  -10   15    2   12   11  -14    1   10   -3    6   -5    6  -12   13    9    8    4
    1   13   12    1    3    3    3    1       923    2  -10   14    2   13   13  -18   -3    8    0    6   -5    9   -7   16    8    6    7
    1   13   13    1    3    5    3    1       712    1   -9   14    4    9   11  -13   -3    8    0    7   -6    8   -9   13    6    9    2
    1   13   14    1    2    2    2    1      1165   11   14   13    6   -2   10    7   -6   -2   -4   15   -7    3    7    1  -11  -11    0
    1   13   15    1    2    3    2    1       912   12   13   11   11    5    6   12    0   -4   -2   17   -7    1    7    5   -8  -10   -1
    1   14    1    1    2    2    2    1       669   11   14   13    6   -2   10    7   -6   -2   -4   15   -7    3    7    1  -11  -11    0
    1   14    2    1    3    1    3    1       915    1  -11   12    1   10   12  -20   11    0   -5    8   -5    7   -7   13    7    9    3
    1   14    3    1    1    5    1    1       864  -10   -4   -2  -10   -5  -12  -14   -4    3   -8    2    9   -4   -1   10    6    9  -10
    1   14    4    1    3    4    3    1      2175   -1  -10   15    2   12   11  -14    1   10   -3    6   -5    6  -12   13    9    8    4
    1   14    5    1    2    3    2    1      1193   12   13   11   11    5    6   12    0   -4   -2   17   -7    1    7    5   -8  -10   -1
    1   14    6    1    3    5    3    1       843    1   -9   14    4    9   11  -13   -3    8    0    7   -6    8   -9   13    6    9    2
    1   14    7    1    1    3    1    1       859   -8   -6  -13   -6    6   -5  -15   -5    0  -13    1    9    0    2   22   -6   11   -9
    1   14    8    1    2    5    2    1      3130   12   13   14   12    1    7   10    0    3    5   17   -6   -6    4    0   -9   -8   -3
    1   14    9    1    2    1    2    1      1182   13   22   17    9   -3   14    2   -2   -1   -4   17   -6    8    4    2  -11  -10   -2
    1   14   10    1    1    1    1    1      1040   -9   -6   -7  -13   -3  -13  -16  -10    5   -8    0    5    6   -6   14    3   11   -8
    1   14   11    1    1    2    2    0      1240   -6  -10   -2   -9   -4  -11   -8  -13    3  -13    1    9   -1   -7   17    0   13   -8
    1   14   12    1    3    2    3    1      1016   -6  -20   13    4   12   10  -20   10    1    5    7   -7    8  -10   14    7    3   -1
    1   14   13    1    1    4    2    0      1505  -11   -5   -4  -10   -4  -13  -15   -7    8  -13    0    9   -3    2   15    0   13   -9
    1   14   14    1    2    4    2    1      4758   22    6   17   20    1   10   12   -1   -1   -4   17   -8    3    2    1  -12   -7   -1
    1   14   15    1    3    3    3    1      1049    2  -10   14    2   13   13  -18   -3    8    0    6   -5    9   -7   16    8    6    7
    1   15    1    1    1    4    1    1      8512  -11   -5   -4  -10   -4  -13  -15   -7    8  -13    0    9   -3    2   15    0   13   -9
    1   15    2    1    1    1    2    0      3934   -9   -6   -7  -13   -3  -13  -16  -10    5   -8    0    5    6   -6   14    3   11   -8
    1   15    3    1    3    3    3    1      9105    2  -10   14    2   13   13  -18   -3    8    0    6   -5    9   -7   16    8    6    7
    1   15    4    1    1    3    1    1      6439   -8   -6  -13   -6    6   -5  -15   -5    0  -13    1    9    0    2   22   -6   11   -9
    1   15    5    1    2    1    2    1      4214   13   22   17    9   -3   14    2   -2   -1   -4   17   -6    8    4    2  -11  -10   -2
    1   15    6    1    3    4    3    1      2095   -1  -10   15    2   12   11  -14    1   10   -3    6   -5    6  -12   13    9    8    4
    1   15    7    1    2    4    3    0       797   22    6   17   20    1   10   12   -1   -1   -4   17   -8    3    2    1  -12   -7   -1
    1   15    8    1    2    5    2    1      1455   12   13   14   12    1    7   10    0    3    5   17   -6   -6    4    0   -9   -8   -3
    1   15    9    1    3    1    3    1      1078    1  -11   12    1   10   12  -20   11    0   -5    8   -5    7   -7   13    7    9    3
    1   15   10    1    2    3    1    0      1340   12   13   11   11    5    6   12    0   -4   -2   17   -7    1    7    5   -8  -10   -1
    1   15   11    1    2    2    2    1      2216   11   14   13    6   -2   10    7   -6   -2   -4   15   -7    3    7    1  -11  -11    0
    1   15   12    1    3    5    3    1      1121    1   -9   14    4    9   11  -13   -3    8    0    7   -6    8   -9   13    6    9    2
    1   15   13    1    1    5    1    1      1094  -10   -4   -2  -10   -5  -12  -14   -4    3   -8    2    9   -4   -1   10    6    9  -10
    1   15   14    1    3    2    2    0       987   -6  -20   13    4   12   10  -20   10    1    5    7   -7    8  -10   14    7    3   -1
    1   15   15    1    1    2    1    1       853   -6  -10   -2   -9   -4  -11   -8  -13    3  -13    1    9   -1   -7   17    0   13   -8
    2    1    1    1    2    1    1    1      1201   13   22   17    9   -3   14    2   -2   -1   -4   17   -6    8    4    2  -11  -10   -2
    2    1    2    4    1    2    2    1      4610   -8   -7   -2  -10   -1  -12  -14   -4    4  -10    7   20   -3    2   18    1   12  -10
    2    1    3    4    2    5    2    1      1147   15   11   13   13   -2    9   10   -1    7    5   15   -4    1    9    3  -11  -18    0
    2    1    4    6    0    0    2    1      1294   11   12   -3   -1   -6   -1   -4    9   12    1   -1   -7    9  -13   14   -7    5    2
    2    1    5    4    1    5    2    1      3372  -14   -8   -4   -7   -5  -12  -12   -7    2  -10   -6   20  -12    0   14    1    9  -12
    2    1    6    4    2    3    2    1      2630   15   15   10    7   -1    8   12   -3    7    6   14   -5    1    7    2  -10   -8   -2
    2    1    7    2    1    0    2    1      2719   -7   -8   -3   -9   -3  -12  -14   -5    4   -9    1   10   -4    0   15    2   11  -11
    2    1    8    1    2    2    1    1      1331   11   14   13    6   -2   10    7   -6   -2   -4   15   -7    3    7    1  -11  -11    0
    2    1    9    1    3    1    1    1       543    1  -11   12    1   10   12  -20   11    0   -5    8   -5    7   -7   13    7    9    3
    2    1   10    2    3    0    1    0       651    1  -10   14    3   11   12  -14    2   10   -2    6   -6    7   -8   14    8    8    3
    2    1   11    1    1    2    1    1       786   -6  -10   -2   -9   -4  -11   -8  -13    3  -13    1    9   -1   -7   17    0   13   -8
    2    1   12    1    2    4    1    1       724   22    6   17   20    1   10   12   -1   -1   -4   17   -8    3    2    1  -12   -7   -1
    2    1   13    4    3    3    1    0       665    3   -8   14    1   12   10  -13    3    0    0   16  -12    8  -10   15   10    8    4
    2    1   14    6    0    0    2    1      1536   19  -24   10  -13   14  -13    8   14   22    8    9  -11   -9   14   -5  -13   22  -22
    2    1   15    6    0    0    2    1      1604   11  -20   13  -15   13  -10   11   16   18   11   11  -11  -10   13    0  -11   14  -12
    2    1   16    4    1    4    2    1      2517   -8  -10   -4   -9    0  -11  -13   -7    2  -10   -7    2   -3    0   10    9   12  -12
    2    1   17    4    3    4    1    0       770    0  -10   13    1   11   10  -12    1   10   -3   12   -7   13  -14   14   10    7    4
    2    1   18    1    1    4    1    1       724  -11   -5   -4  -10   -4  -13  -15   -7    8  -13    0    9   -3    2   15    0   13   -9
    2    1   19    4    2    1    1    0      2425   11   12   13   10    6   15   12   -3   -2   -4   15   -8    1    9    1   -8   -9   -3
    2    1   20    4    3    5    1    0       713    2   -8   15    2   11   13  -12   -3   10    0    5   -5    7   -7   10    5    7    3
    2    1   21    4    2    4    2    1      1918   12    9   14   12   -1   11   10    0   -4   -4   15   -7    4    7    0  -12   -7   -2
    2    1   22    1    1    1    1    1      1139   -9   -6   -7  -13   -3  -13  -16  -10    5   -8    0    5    6   -6   14    3   11   -8
    2    1   23    4    3    2    2    1      3623    0   -9    9    0   12   11  -21    4    7  -10   13    1    5   -9   18   12    8    4
    2    1   24    2    2    0    1    0      1079   13   12   15   11    0    9   11   -1   -3   -2   15   -6    2    8    1  -10   -9   -2
    2    1   25    1    3    4    1    1       654   -1  -10   15    2   12   11  -14    1   10   -3    6   -5    6  -12   13    9    8    4
    2    1   26    1    2    3    2    0      3813   12   13   11   11    5    6   12    0   -4   -2   17   -7    1    7    5   -8  -10   -1
    2    1   27    1    1    3    1    1      1197   -8   -6  -13   -6    6   -5  -15   -5    0  -13    1    9    0    2   22   -6   11   -9
    2    1   28    4    1    1    2    1      1807   -8   -7   -2  -12    1  -11  -15   -5   13  -12    0   10   -3   -3   15    3    9  -11
    2    1   29    6    0    0    2    1      1416    7   -8   -9    6   -6    5  -13   -3  -14  -10  -11  -10  -11   17   -8  -12    9  -13
    2    1   30    4    3    1    1    0       737    0  -12   18    2   12   12   -8    5   11   -3    5   -5    7  -10   13    6    8    5
    2    1   31    6    0    0    2    1      2213    9   11    0    4   -9    0   -3    9   13    2   -1    0   10  -15   14   -8    6    4
    2    1   32    1    2    5    1    1       957   12   13   14   12    1    7   10    0    3    5   17   -6   -6    4    0   -9   -8   -3
    2    1   33    1    3    2    1    1       776   -6  -20   13    4   12   10  -20   10    1    5    7   -7    8  -10   14    7    3   -1
    2    1   34    1    3    3    1    1      1211    2  -10   14    2   13   13  -18   -3    8    0    6   -5    9   -7   16    8    6    7
    2    1   35    1    1    5    1    1      1180  -10   -4   -2  -10   -5  -12  -14   -4    3   -8    2    9   -4   -1   10    6    9  -10
    2    1   36    6    0    0    2    1       942    7   -4  -10    4  -10   13  -12   -3  -19  -13   -9   -2  -12   17    0   -8    6   -7
    2    1   37    1    3    5    1    1       666    1   -9   14    4    9   11  -13   -3    8    0    7   -6    8   -9   13    6    9    2
    2    1   38    4    2    2    2    1      1361   13   10   17   10   -1   10   10    0   -5   -2   14   -8    5    1   -1  -10   -9   -3
    2    1   39    4    1    3    2    1      2156   -7   -9  -12   -8   -2  -10  -15   -3    6  -10   -1    8   -4   -1   15    3   11  -13
