    1    1    1    1    1    4    1    1      2582   -7  -14    5    7    9  -11   -7   -5    1   11   -6  -10  -13   12    8   -9    6   -4
    1    1    2    1    2    3    2    1       586    3   -7    9  -12   -6  -14   22   -8   -3   12    7   -9  -14   -9  -12   -4  -11    2
    1    1    3    1    2    2    3    0       948  -13    6   10  -11   -2   -7    2    5   -2   17    6   -7  -12   -8   -5  -14   -4    3
    1    1    4    1    3    5    1    0       800   -9   12   -5  -15   14   -5    9    6  -16    6    4  -10  -11  -10    3   10   -3  -13
    1    1    5    1    1    1    2    0      1137    1  -14   -2    0    5  -11   -7   -6   -3    5  -10   -8  -13   12    3   -5    6   -5
    1    1    6    1    3    4    1    0       917   -6   11  -15  -10   11   -9   11    4  -18   -2    6  -12  -16   -3    5   10   -1  -13
    1    1    7    1    1    5    1    1      1298   -2  -12    3    9    9  -11   -5  -15    0   14   -7  -10   -5    6    4   -6    4    1
    1    1    8    1    2    4    2    1       735   -5   -5    8  -12    2  -11   13    8   -2   11   16    0  -12   -8   -1  -14  -10    3
    1    1    9    1    2    1    3    0       643   -7   -8    9  -11    0  -10   14    2   -1   11    2  -14  -17   -7   -4  -12   -9    5
    1    1   10    1    2    5    3    0       667   -6   -5   11   -5    2  -11   10    3   -3   10    4   -7  -13   -9   -2  -14  -10    6
    1    1   11    1    3    1    1    0       706   -6   11  -15   -4   10   -7   11    3  -13    8    5  -13  -10   -8    5    8   -1  -15
    1    1   12    1    1    2    1    1       807   -4  -10    2    9    9  -11   -4   -5    1   12   -8   -8  -12   13    5   -5    9   -4
    1    1   13    1    1    3    1    1      1001   -4  -13    4   10   10  -10   -6   -7   -1   14   -9   -9  -22    7    5   -7    8   -3
    1    1   14    1    3    2    2    0      2706   -9   15  -15  -11   13   -7   14    3  -14    7   -4  -14  -13   -8    0    6    0  -15
    1    1   15    1    3    3    3    1       824   -9    8  -14  -11   13   -9   22    4  -16   11    3  -11  -13   -9    4    8   -4  -16
    1    2    1    1    3    2    2    0      1416   -9   15  -15  -11   13   -7   14    3  -14    7   -4  -14  -13   -8    0    6    0  -15
    1    2    2    1    2    5    1    0      1057   -6   -5   11   -5    2  -11   10    3   -3   10    4   -7  -13   -9   -2  -14  -10    6
    1    2    3    1    1    4    1    1      1048   -7  -14    5    7    9  -11   -7   -5    1   11   -6  -10  -13   12    8   -9    6   -4
    1    2    4    1    2    2    1    0      2736  -13    6   10  -11   -2   -7    2    5   -2   17    6   -7  -12   -8   -5  -14   -4    3
    1    2    5    1    1    3    1    1      1044   -4  -13    4   10   10  -10   -6   -7   -1   14   -9   -9  -22    7    5   -7    8   -3
    1    2    6    1    3    5    3    1       604   -9   12   -5  -15   14   -5    9    6  -16    6    4  -10  -11  -10    3   10   -3  -13
    1    2    7    1    1    1    2    0       789    1  -14   -2    0    5  -11   -7   -6   -3    5  -10   -8  -13   12    3   -5    6   -5
    1    2    8    1    2    1    2    1       760   -7   -8    9  -11    0  -10   14    2   -1   11    2  -14  -17   -7   -4  -12   -9    5
    1    2    9    1    2    3    2    1       891    3   -7    9  -12   -6  -14   22   -8   -3   12    7   -9  -14   -9  -12   -4  -11    2
    1    2   10    1    3    1    1    0       809   -6   11  -15   -4   10   -7   11    3  -13    8    5  -13  -10   -8    5    8   -1  -15
    1    2   11    1    3    4    1    0       538   -6   11  -15  -10   11   -9   11    4  -18   -2    6  -12  -16   -3    5   10   -1  -13
    1    2   12    1    2    4    2    1       950   -5   -5    8  -12    2  -11   13    8   -2   11   16    0  -12   -8   -1  -14  -10    3
    1    2   13    1    1    2    1    1      1138   -4  -10    2    9    9  -11   -4   -5    1   12   -8   -8  -12   13    5   -5    9   -4
    1    2   14    1    3    3    3    1       582   -9    8  -14  -11   13   -9   22    4  -16   11    3  -11  -13   -9    4    8   -4  -16
    1    2   15    1    1    5    2    0       896   -2  -12    3    9    9  -11   -5  -15    0   14   -7  -10   -5    6    4   -6    4    1
    1    3    1    1    1    3    2    0       654   -4  -13    4   10   10  -10   -6   -7   -1   14   -9   -9  -22    7    5   -7    8   -3
    1    3    2    1    1    4    2    0       485   -7  -14    5    7    9  -11   -7   -5    1   11   -6  -10  -13   12    8   -9    6   -4
    1    3    3    1    2    4    3    0      1587   -5   -5    8  -12    2  -11   13    8   -2   11   16    0  -12   -8   -1  -14  -10    3
    1    3    4    1    2    3    3    0       854    3   -7    9  -12   -6  -14   22   -8   -3   12    7   -9  -14   -9  -12   -4  -11    2
    1    3    5    1    2    5    2    1       757   -6   -5   11   -5    2  -11   10    3   -3   10    4   -7  -13   -9   -2  -14  -10    6
    1    3    6    1    3    5    3    1       936   -9   12   -5  -15   14   -5    9    6  -16    6    4  -10  -11  -10    3   10   -3  -13
    1    3    7    1    2    2    1    0       676  -13    6   10  -11   -2   -7    2    5   -2   17    6   -7  -12   -8   -5  -14   -4    3
    1    3    8    1    2    1    1    0       907   -7   -8    9  -11    0  -10   14    2   -1   11    2  -14  -17   -7   -4  -12   -9    5
    1    3    9    1    3    2    1    0      1080   -9   15  -15  -11   13   -7   14    3  -14    7   -4  -14  -13   -8    0    6    0  -15
    1    3   10    1    1    2    2    0       703   -4  -10    2    9    9  -11   -4   -5    1   12   -8   -8  -12   13    5   -5    9   -4
    1    3   11    1    1    1    1    1      1316    1  -14   -2    0    5  -11   -7   -6   -3    5  -10   -8  -13   12    3   -5    6   -5
    1    3   12    1    1    5    2    0       513   -2  -12    3    9    9  -11   -5  -15    0   14   -7  -10   -5    6    4   -6    4    1
    1    3   13    1    3    4    3    1       575   -6   11  -15  -10   11   -9   11    4  -18   -2    6  -12  -16   -3    5   10   -1  -13
    1    3   14    1    3    3    2    0       313   -9    8  -14  -11   13   -9   22    4  -16   11    3  -11  -13   -9    4    8   -4  -16
    1    3   15    1    3    1    3    1       703   -6   11  -15   -4   10   -7   11    3  -13    8    5  -13  -10   -8    5    8   -1  -15
    1    4    1    1    1    5    2    0       756   -2  -12    3    9    9  -11   -5  -15    0   14   -7  -10   -5    6    4   -6    4    1
    1    4    2    1    1    3    2    0       472   -4  -13    4   10   10  -10   -6   -7   -1   14   -9   -9  -22    7    5   -7    8   -3
    1    4    3    1    3    4    3    1       790   -6   11  -15  -10   11   -9   11    4  -18   -2    6  -12  -16   -3    5   10   -1  -13
    1    4    4    1    3    3    3    1       760   -9    8  -14  -11   13   -9   22    4  -16   11    3  -11  -13   -9    4    8   -4  -16
    1    4    5    1    1    2    3    0       924   -4  -10    2    9    9  -11   -4   -5    1   12   -8   -8  -12   13    5   -5    9   -4
    1    4    6    1    2    5    2    1       440   -6   -5   11   -5    2  -11   10    3   -3   10    4   -7  -13   -9   -2  -14  -10    6
    1    4    7    1    2    2    2    1       729  -13    6   10  -11   -2   -7    2    5   -2   17    6   -7  -12   -8   -5  -14   -4    3
    1    4    8    1    3    5    3    1       973   -9   12   -5  -15   14   -5    9    6  -16    6    4  -10  -11  -10    3   10   -3  -13
    1    4    9    1    2    1    1    0       904   -7   -8    9  -11    0  -10   14    2   -1   11    2  -14  -17   -7   -4  -12   -9    5
    1    4   10    1    2    4    2    1       517   -5   -5    8  -12    2  -11   13    8   -2   11   16    0  -12   -8   -1  -14  -10    3
    1    4   11    1    3    2    3    1       786   -9   15  -15  -11   13   -7   14    3  -14    7   -4  -14  -13   -8    0    6    0  -15
    1    4   12    1    1    4    1    1       772   -7  -14    5    7    9  -11   -7   -5    1   11   -6  -10  -13   12    8   -9    6   -4
    1    4   13    1    2    3    3    0       679    3   -7    9  -12   -6  -14   22   -8   -3   12    7   -9  -14   -9  -12   -4  -11    2
    1    4   14    1    1    1    2    0       958    1  -14   -2    0    5  -11   -7   -6   -3    5  -10   -8  -13   12    3   -5    6   -5
    1    4   15    1    3    1    3    1       889   -6   11  -15   -4   10   -7   11    3  -13    8    5  -13  -10   -8    5    8   -1  -15
    1    5    1    1    1    5    2    0       759   -2  -12    3    9    9  -11   -5  -15    0   14   -7  -10   -5    6    4   -6    4    1
    1    5    2    1    2    1    1    0       314   -7   -8    9  -11    0  -10   14    2   -1   11    2  -14  -17   -7   -4  -12   -9    5
    1    5    3    1    2    2    1    0       639  -13    6   10  -11   -2   -7    2    5   -2   17    6   -7  -12   -8   -5  -14   -4    3
    1    5    4    1    1    3    2    0      1207   -4  -13    4   10   10  -10   -6   -7   -1   14   -9   -9  -22    7    5   -7    8   -3
    1    5    5    1    3    4    3    1      1033   -6   11  -15  -10   11   -9   11    4  -18   -2    6  -12  -16   -3    5   10   -1  -13
    1    5    6    1    2    3    3    0      1537    3   -7    9  -12   -6  -14   22   -8   -3   12    7   -9  -14   -9  -12   -4  -11    2
    1    5    7    1    3    3    3    1       773   -9    8  -14  -11   13   -9   22    4  -16   11    3  -11  -13   -9    4    8   -4  -16
    1    5    8    1    1    1    1    1       711    1  -14   -2    0    5  -11   -7   -6   -3    5  -10   -8  -13   12    3   -5    6   -5
    1    5    9    1    3    1    2    0       893   -6   11  -15   -4   10   -7   11    3  -13    8    5  -13  -10   -8    5    8   -1  -15
    1    5   10    1    2    5    2    1       619   -6   -5   11   -5    2  -11   10    3   -3   10    4   -7  -13   -9   -2  -14  -10    6
    1    5   11    1    1    4    1    1       819   -7  -14    5    7    9  -11   -7   -5    1   11   -6  -10  -13   12    8   -9    6   -4
    1    5   12    1    3    5    3    1       756   -9   12   -5  -15   14   -5    9    6  -16    6    4  -10  -11  -10    3   10   -3  -13
    1    5   13    1    1    2    2    0       680   -4  -10    2    9    9  -11   -4   -5    1   12   -8   -8  -12   13    5   -5    9   -4
    1    5   14    1    3    2    2    0       463   -9   15  -15  -11   13   -7   14    3  -14    7   -4  -14  -13   -8    0    6    0  -15
    1    5   15    1    2    4    2    1       366   -5   -5    8  -12    2  -11   13    8   -2   11   16    0  -12   -8   -1  -14  -10    3
    1    6    1    1    1    3    3    0      2385   -4  -13    4   10   10  -10   -6   -7   -1   14   -9   -9  -22    7    5   -7    8   -3
    1    6    2    1    3    5    3    1       739   -9   12   -5  -15   14   -5    9    6  -16    6    4  -10  -11  -10    3   10   -3  -13
    1    6    3    1    1    2    2    0       903   -4  -10    2    9    9  -11   -4   -5    1   12   -8   -8  -12   13    5   -5    9   -4
    1    6    4    1    2    3    3    0       740    3   -7    9  -12   -6  -14   22   -8   -3   12    7   -9  -14   -9  -12   -4  -11    2
    1    6    5    1    2    1    2    1       952   -7   -8    9  -11    0  -10   14    2   -1   11    2  -14  -17   -7   -4  -12   -9    5
    1    6    6    1    1    4    1    1      1156   -7  -14    5    7    9  -11   -7   -5    1   11   -6  -10  -13   12    8   -9    6   -4
    1    6    7    1    1    5    1    1      1207   -2  -12    3    9    9  -11   -5  -15    0   14   -7  -10   -5    6    4   -6    4    1
    1    6    8    1    2    5    2    1       904   -6   -5   11   -5    2  -11   10    3   -3   10    4   -7  -13   -9   -2  -14  -10    6
    1    6    9    1    2    2    2    1      1158  -13    6   10  -11   -2   -7    2    5   -2   17    6   -7  -12   -8   -5  -14   -4    3
    1    6   10    1    3    1    3    1       553   -6   11  -15   -4   10   -7   11    3  -13    8    5  -13  -10   -8    5    8   -1  -15
    1    6   11    1    2    4    2    1      1812   -5   -5    8  -12    2  -11   13    8   -2   11   16    0  -12   -8   -1  -14  -10    3
    1    6   12    1    3    4    3    1      4718   -6   11  -15  -10   11   -9   11    4  -18   -2    6  -12  -16   -3    5   10   -1  -13
    1    6   13    1    1    1    1    1      1027    1  -14   -2    0    5  -11   -7   -6   -3    5  -10   -8  -13   12    3   -5    6   -5
    1    6   14    1    3    2    3    1       764   -9   15  -15  -11   13   -7   14    3  -14    7   -4  -14  -13   -8    0    6    0  -15
    1    6   15    1    3    3    3    1       799   -9    8  -14  -11   13   -9   22    4  -16   11    3  -11  -13   -9    4    8   -4  -16
    1    7    1    1    3    1    3    1       928   -6   11  -15   -4   10   -7   11    3  -13    8    5  -13  -10   -8    5    8   -1  -15
    1    7    2    1    2    3    2    1       701    3   -7    9  -12   -6  -14   22   -8   -3   12    7   -9  -14   -9  -12   -4  -11    2
    1    7    3    1    2    1    2    1      1443   -7   -8    9  -11    0  -10   14    2   -1   11    2  -14  -17   -7   -4  -12   -9    5
    1    7    4    1    3    2    3    1       875   -9   15  -15  -11   13   -7   14    3  -14    7   -4  -14  -13   -8    0    6    0  -15
    1    7    5    1    1    5    2    0       713   -2  -12    3    9    9  -11   -5  -15    0   14   -7  -10   -5    6    4   -6    4    1
    1    7    6    1    2    2    2    1       767  -13    6   10  -11   -2   -7    2    5   -2   17    6   -7  -12   -8   -5  -14   -4    3
    1    7    7    1    1    3    1    1      2945   -4  -13    4   10   10  -10   -6   -7   -1   14   -9   -9  -22    7    5   -7    8   -3
    1    7    8    1    1    2    2    0      1085   -4  -10    2    9    9  -11   -4   -5    1   12   -8   -8  -12   13    5   -5    9   -4
    1    7    9    1    2    4    2    1       772   -5   -5    8  -12    2  -11   13    8   -2   11   16    0  -12   -8   -1  -14  -10    3
    1    7   10    1    3    5    3    1       470   -9   12   -5  -15   14   -5    9    6  -16    6    4  -10  -11  -10    3   10   -3  -13
    1    7   11    1    3    4    2    0      1221   -6   11  -15  -10   11   -9   11    4  -18   -2    6  -12  -16   -3    5   10   -1  -13
    1    7   12    1    1    4    2    0       742   -7  -14    5    7    9  -11   -7   -5    1   11   -6  -10  -13   12    8   -9    6   -4
    1    7   13    1    3    3    3    1       714   -9    8  -14  -11   13   -9   22    4  -16   11    3  -11  -13   -9    4    8   -4  -16
    1    7   14    1    2    5    2    1       799   -6   -5   11   -5    2  -11   10    3   -3   10    4   -7  -13   -9   -2  -14  -10    6
    1    7   15    1    1    1    1    1      1473    1  -14   -2    0    5  -11   -7   -6   -3    5  -10   -8  -13   12    3   -5    6   -5
    1    8    1    1    2    5    2    1      1607   -6   -5   11   -5    2  -11   10    3   -3   10    4   -7  -13   -9   -2  -14  -10    6
    1    8    2    1    1    4    2    0       713   -7  -14    5    7    9  -11   -7   -5    1   11   -6  -10  -13   12    8   -9    6   -4
    1    8    3    1    3    3    3    1       782   -9    8  -14  -11   13   -9   22    4  -16   11    3  -11  -13   -9    4    8   -4  -16
    1    8    4    1    3    1    2    0       592   -6   11  -15   -4   10   -7   11    3  -13    8    5  -13  -10   -8    5    8   -1  -15
    1    8    5    1    2    4    2    1       698   -5   -5    8  -12    2  -11   13    8   -2   11   16    0  -12   -8   -1  -14  -10    3
    1    8    6    1    1    3    1    1       880   -4  -13    4   10   10  -10   -6   -7   -1   14   -9   -9  -22    7    5   -7    8   -3
    1    8    7    1    2    1    1    0      1406   -7   -8    9  -11    0  -10   14    2   -1   11    2  -14  -17   -7   -4  -12   -9    5
    1    8    8    1    2    3    2    1       920    3   -7    9  -12   -6  -14   22   -8   -3   12    7   -9  -14   -9  -12   -4  -11    2
    1    8    9    1    2    2    2    1       948  -13    6   10  -11   -2   -7    2    5   -2   17    6   -7  -12   -8   -5  -14   -4    3
    1    8   10    1    1    2    2    0       688   -4  -10    2    9    9  -11   -4   -5    1   12   -8   -8  -12   13    5   -5    9   -4
    1    8   11    1    3    4    3    1       598   -6   11  -15  -10   11   -9   11    4  -18   -2    6  -12  -16   -3    5   10   -1  -13
    1    8   12    1    1    1    1    1      1199    1  -14   -2    0    5  -11   -7   -6   -3    5  -10   -8  -13   12    3   -5    6   -5
    1    8   13    1    1    5    2    0       913   -2  -12    3    9    9  -11   -5  -15    0   14   -7  -10   -5    6    4   -6    4    1
    1    8   14    1    3    5    3    1       734   -9   12   -5  -15   14   -5    9    6  -16    6    4  -10  -11  -10    3   10   -3  -13
    1    8   15    1    3    2    3    1      1426   -9   15  -15  -11   13   -7   14    3  -14    7   -4  -14  -13   -8    0    6    0  -15
    1    9    1    1    2    4    2    1       763   -5   -5    8  -12    2  -11   13    8   -2   11   16    0  -12   -8   -1  -14  -10    3
    1    9    2    1    2    5    2    1       894   -6   -5   11   -5    2  -11   10    3   -3   10    4   -7  -13   -9   -2  -14  -10    6
    1    9    3    1    1    5    1    1       748   -2  -12    3    9    9  -11   -5  -15    0   14   -7  -10   -5    6    4   -6    4    1
    1    9    4    1    3    5    3    1       656   -9   12   -5  -15   14   -5    9    6  -16    6    4  -10  -11  -10    3   10   -3  -13
    1    9    5    1    3    4    1    0      1047   -6   11  -15  -10   11   -9   11    4  -18   -2    6  -12  -16   -3    5   10   -1  -13
    1    9    6    1    1    2    1    1       607   -4  -10    2    9    9  -11   -4   -5    1   12   -8   -8  -12   13    5   -5    9   -4
    1    9    7    1    3    2    3    1       649   -9   15  -15  -11   13   -7   14    3  -14    7   -4  -14  -13   -8    0    6    0  -15
    1    9    8    1    1    3    2    0       640   -4  -13    4   10   10  -10   -6   -7   -1   14   -9   -9  -22    7    5   -7    8   -3
    1    9    9    1    2    2    2    1       696  -13    6   10  -11   -2   -7    2    5   -2   17    6   -7  -12   -8   -5  -14   -4    3
    1    9   10    1    1    1    1    1       590    1  -14   -2    0    5  -11   -7   -6   -3    5  -10   -8  -13   12    3   -5    6   -5
    1    9   11    1    3    1    3    1       648   -6   11  -15   -4   10   -7   11    3  -13    8    5  -13  -10   -8    5    8   -1  -15
    1    9   12    1    2    3    2    1       736    3   -7    9  -12   -6  -14   22   -8   -3   12    7   -9  -14   -9  -12   -4  -11    2
    1    9   13    1    1    4    1    1      1636   -7  -14    5    7    9  -11   -7   -5    1   11   -6  -10  -13   12    8   -9    6   -4
    1    9   14    1    2    1    2    1       820   -7   -8    9  -11    0  -10   14    2   -1   11    2  -14  -17   -7   -4  -12   -9    5
    1    9   15    1    3    3    3    1       660   -9    8  -14  -11   13   -9   22    4  -16   11    3  -11  -13   -9    4    8   -4  -16
    1   10    1    1    1    5    2    0       732   -2  -12    3    9    9  -11   -5  -15    0   14   -7  -10   -5    6    4   -6    4    1
    1   10    2    1    2    1    2    1       672   -7   -8    9  -11    0  -10   14    2   -1   11    2  -14  -17   -7   -4  -12   -9    5
    1   10    3    1    1    2    2    0       614   -4  -10    2    9    9  -11   -4   -5    1   12   -8   -8  -12   13    5   -5    9   -4
    1   10    4    1    1    3    1    1       847   -4  -13    4   10   10  -10   -6   -7   -1   14   -9   -9  -22    7    5   -7    8   -3
    1   10    5    1    3    4    3    1      1152   -6   11  -15  -10   11   -9   11    4  -18   -2    6  -12  -16   -3    5   10   -1  -13
    1   10    6    1    2    3    2    1       611    3   -7    9  -12   -6  -14   22   -8   -3   12    7   -9  -14   -9  -12   -4  -11    2
    1   10    7    1    2    5    2    1      1164   -6   -5   11   -5    2  -11   10    3   -3   10    4   -7  -13   -9   -2  -14  -10    6
    1   10    8    1    2    2    1    0       816  -13    6   10  -11   -2   -7    2    5   -2   17    6   -7  -12   -8   -5  -14   -4    3
    1   10    9    1    3    2    3    1       593   -9   15  -15  -11   13   -7   14    3  -14    7   -4  -14  -13   -8    0    6    0  -15
    1   10   10    1    1    1    1    1       778    1  -14   -2    0    5  -11   -7   -6   -3    5  -10   -8  -13   12    3   -5    6   -5
    1   10   11    1    3    5    3    1       717   -9   12   -5  -15   14   -5    9    6  -16    6    4  -10  -11  -10    3   10   -3  -13
    1   10   12    1    2    4    2    1       994   -5   -5    8  -12    2  -11   13    8   -2   11   16    0  -12   -8   -1  -14  -10    3
    1   10   13    1    1    4    1    1      1644   -7  -14    5    7    9  -11   -7   -5    1   11   -6  -10  -13   12    8   -9    6   -4
    1   10   14    1    3    1    3    1       684   -6   11  -15   -4   10   -7   11    3  -13    8    5  -13  -10   -8    5    8   -1  -15
    1   10   15    1    3    3    3    1       802   -9    8  -14  -11   13   -9   22    4  -16   11    3  -11  -13   -9    4    8   -4  -16
    1   11    1    1    2    4    2    1       803   -5   -5    8  -12    2  -11   13    8   -2   11   16    0  -12   -8   -1  -14  -10    3
    1   11    2    1    1    1    1    1       901    1  -14   -2    0    5  -11   -7   -6   -3    5  -10   -8  -13   12    3   -5    6   -5
    1   11    3    1    3    3    3    1       642   -9    8  -14  -11   13   -9   22    4  -16   11    3  -11  -13   -9    4    8   -4  -16
    1   11    4    1    3    4    3    1       938   -6   11  -15  -10   11   -9   11    4  -18   -2    6  -12  -16   -3    5   10   -1  -13
    1   11    5    1    1    3    3    0       646   -4  -13    4   10   10  -10   -6   -7   -1   14   -9   -9  -22    7    5   -7    8   -3
    1   11    6    1    3    5    3    1       670   -9   12   -5  -15   14   -5    9    6  -16    6    4  -10  -11  -10    3   10   -3  -13
    1   11    7    1    2    5    1    0       613   -6   -5   11   -5    2  -11   10    3   -3   10    4   -7  -13   -9   -2  -14  -10    6
    1   11    8    1    1    5    2    0       798   -2  -12    3    9    9  -11   -5  -15    0   14   -7  -10   -5    6    4   -6    4    1
    1   11    9    1    1    4    2    0       752   -7  -14    5    7    9  -11   -7   -5    1   11   -6  -10  -13   12    8   -9    6   -4
    1   11   10    1    2    2    2    1       531  -13    6   10  -11   -2   -7    2    5   -2   17    6   -7  -12   -8   -5  -14   -4    3
    1   11   11    1    2    1    1    0       479   -7   -8    9  -11    0  -10   14    2   -1   11    2  -14  -17   -7   -4  -12   -9    5
    1   11   12    1    2    3    2    1       702    3   -7    9  -12   -6  -14   22   -8   -3   12    7   -9  -14   -9  -12   -4  -11    2
    1   11   13    1    1    2    2    0       611   -4  -10    2    9    9  -11   -4   -5    1   12   -8   -8  -12   13    5   -5    9   -4
    1   11   14    1    3    1    1    0       189   -6   11  -15   -4   10   -7   11    3  -13    8    5  -13  -10   -8    5    8   -1  -15
    1   11   15    1    3    2    3    1       679   -9   15  -15  -11   13   -7   14    3  -14    7   -4  -14  -13   -8    0    6    0  -15
    1   12    1    1    1    4    2    0       605   -7  -14    5    7    9  -11   -7   -5    1   11   -6  -10  -13   12    8   -9    6   -4
    1   12    2    1    2    5    1    0       487   -6   -5   11   -5    2  -11   10    3   -3   10    4   -7  -13   -9   -2  -14  -10    6
    1   12    3    1    1    2    2    0       837   -4  -10    2    9    9  -11   -4   -5    1   12   -8   -8  -12   13    5   -5    9   -4
    1   12    4    1    2    4    2    1       565   -5   -5    8  -12    2  -11   13    8   -2   11   16    0  -12   -8   -1  -14  -10    3
    1   12    5    1    2    1    1    0       464   -7   -8    9  -11    0  -10   14    2   -1   11    2  -14  -17   -7   -4  -12   -9    5
    1   12    6    1    1    5    1    1       543   -2  -12    3    9    9  -11   -5  -15    0   14   -7  -10   -5    6    4   -6    4    1
    1   12    7    1    3    4    3    1       827   -6   11  -15  -10   11   -9   11    4  -18   -2    6  -12  -16   -3    5   10   -1  -13
    1   12    8    1    3    5    3    1       780   -9   12   -5  -15   14   -5    9    6  -16    6    4  -10  -11  -10    3   10   -3  -13
    1   12    9    1    3    1    3    1       767   -6   11  -15   -4   10   -7   11    3  -13    8    5  -13  -10   -8    5    8   -1  -15
    1   12   10    1    1    3    2    0      1185   -4  -13    4   10   10  -10   -6   -7   -1   14   -9   -9  -22    7    5   -7    8   -3
    1   12   11    1    1    1    2    0       468    1  -14   -2    0    5  -11   -7   -6   -3    5  -10   -8  -13   12    3   -5    6   -5
    1   12   12    1    3    3    2    0       274   -9    8  -14  -11   13   -9   22    4  -16   11    3  -11  -13   -9    4    8   -4  -16
    1   12   13    1    2    3    2    1       681    3   -7    9  -12   -6  -14   22   -8   -3   12    7   -9  -14   -9  -12   -4  -11    2
    1   12   14    1    3    2    3    1       959   -9   15  -15  -11   13   -7   14    3  -14    7   -4  -14  -13   -8    0    6    0  -15
    1   12   15    1    2    2    2    1       699  -13    6   10  -11   -2   -7    2    5   -2   17    6   -7  -12   -8   -5  -14   -4    3
    1   13    1    1    1    5    1    1       928   -2  -12    3    9    9  -11   -5  -15    0   14   -7  -10   -5    6    4   -6    4    1
    1   13    2    1    1    1    1    1       909    1  -14   -2    0    5  -11   -7   -6   -3    5  -10   -8  -13   12    3   -5    6   -5
    1   13    3    1    1    3    2    0       762   -4  -13    4   10   10  -10   -6   -7   -1   14   -9   -9  -22    7    5   -7    8   -3
    1   13    4    1    2    4    2    1       750   -5   -5    8  -12    2  -11   13    8   -2   11   16    0  -12   -8   -1  -14  -10    3
    1   13    5    1    2    3    2    1       657    3   -7    9  -12   -6  -14   22   -8   -3   12    7   -9  -14   -9  -12   -4  -11    2
    1   13    6    1    2    1    2    1       825   -7   -8    9  -11    0  -10   14    2   -1   11    2  -14  -17   -7   -4  -12   -9    5
    1   13    7    1    3    5    3    1       777   -9   12   -5  -15   14   -5    9    6  -16    6    4  -10  -11  -10    3   10   -3  -13
    1   13    8    1    3    3    3    1       812   -9    8  -14  -11   13   -9   22    4  -16   11    3  -11  -13   -9    4    8   -4  -16
    1   13    9    1    1    4    2    0       765   -7  -14    5    7    9  -11   -7   -5    1   11   -6  -10  -13   12    8   -9    6   -4
    1   13   10    1    3    1    3    1       704   -6   11  -15   -4   10   -7   11    3  -13    8    5  -13  -10   -8    5    8   -1  -15
    1   13   11    1    2    5    2    1       773   -6   -5   11   -5    2  -11   10    3   -3   10    4   -7  -13   -9   -2  -14  -10    6
    1   13   12    1    2    2    2    1       904  -13    6   10  -11   -2   -7    2    5   -2   17    6   -7  -12   -8   -5  -14   -4    3
    1   13   13    1    3    2    3    1       646   -9   15  -15  -11   13   -7   14    3  -14    7   -4  -14  -13   -8    0    6    0  -15
    1   13   14    1    3    4    3    1      1310   -6   11  -15  -10   11   -9   11    4  -18   -2    6  -12  -16   -3    5   10   -1  -13
    1   13   15    1    1    2    1    1       731   -4  -10    2    9    9  -11   -4   -5    1   12   -8   -8  -12   13    5   -5    9   -4
    1   14    1    1    1    5    1    1      1071   -2  -12    3    9    9  -11   -5  -15    0   14   -7  -10   -5    6    4   -6    4    1
    1   14    2    1    3    3    3    1       758   -9    8  -14  -11   13   -9   22    4  -16   11    3  -11  -13   -9    4    8   -4  -16
    1   14    3    1    3    4    3    1      1082   -6   11  -15  -10   11   -9   11    4  -18   -2    6  -12  -16   -3    5   10   -1  -13
    1   14    4    1    1    2    2    0       751   -4  -10    2    9    9  -11   -4   -5    1   12   -8   -8  -12   13    5   -5    9   -4
    1   14    5    1    1    4    1    1       787   -7  -14    5    7    9  -11   -7   -5    1   11   -6  -10  -13   12    8   -9    6   -4
    1   14    6    1    2    5    2    1       421   -6   -5   11   -5    2  -11   10    3   -3   10    4   -7  -13   -9   -2  -14  -10    6
    1   14    7    1    2    3    2    1       678    3   -7    9  -12   -6  -14   22   -8   -3   12    7   -9  -14   -9  -12   -4  -11    2
    1   14    8    1    1    1    2    0       748    1  -14   -2    0    5  -11   -7   -6   -3    5  -10   -8  -13   12    3   -5    6   -5
    1   14    9    1    2    4    2    1      1152   -5   -5    8  -12    2  -11   13    8   -2   11   16    0  -12   -8   -1  -14  -10    3
    1   14   10    1    1    3    2    0       595   -4  -13    4   10   10  -10   -6   -7   -1   14   -9   -9  -22    7    5   -7    8   -3
    1   14   11    1    3    2    3    1       589   -9   15  -15  -11   13   -7   14    3  -14    7   -4  -14  -13   -8    0    6    0  -15
    1   14   12    1    3    5    3    1       871   -9   12   -5  -15   14   -5    9    6  -16    6    4  -10  -11  -10    3   10   -3  -13
    1   14   13    1    3    1    3    1       870   -6   11  -15   -4   10   -7   11    3  -13    8    5  -13  -10   -8    5    8   -1  -15
    1   14   14    1    2    1    2    1      1013   -7   -8    9  -11    0  -10   14    2   -1   11    2  -14  -17   -7   -4  -12   -9    5
    1   14   15    1    2    2    2    1       462  -13    6   10  -11   -2   -7    2    5   -2   17    6   -7  -12   -8   -5  -14   -4    3
    1   15    1    1    2    2    2    1       397  -13    6   10  -11   -2   -7    2    5   -2   17    6   -7  -12   -8   -5  -14   -4    3
    1   15    2    1    3    5    3    1       655   -9   12   -5  -15   14   -5    9    6  -16    6    4  -10  -11  -10    3   10   -3  -13
    1   15    3    1    1    3    1    1       983   -4  -13    4   10   10  -10   -6   -7   -1   14   -9   -9  -22    7    5   -7    8   -3
    1   15    4    1    2    4    2    1      1089   -5   -5    8  -12    2  -11   13    8   -2   11   16    0  -12   -8   -1  -14  -10    3
    1   15    5    1    1    1    1    1      1047    1  -14   -2    0    5  -11   -7   -6   -3    5  -10   -8  -13   12    3   -5    6   -5
    1   15    6    1    3    4    3    1       687   -6   11  -15  -10   11   -9   11    4  -18   -2    6  -12  -16   -3    5   10   -1  -13
    1   15    7    1    3    2    3    1       661   -9   15  -15  -11   13   -7   14    3  -14    7   -4  -14  -13   -8    0    6    0  -15
    1   15    8    1    2    1    2    1       860   -7   -8    9  -11    0  -10   14    2   -1   11    2  -14  -17   -7   -4  -12   -9    5
    1   15    9    1    1    2    1    1       428   -4  -10    2    9    9  -11   -4   -5    1   12   -8   -8  -12   13    5   -5    9   -4
    1   15   10    1    2    5    2    1      1244   -6   -5   11   -5    2  -11   10    3   -3   10    4   -7  -13   -9   -2  -14  -10    6
    1   15   11    1    1    5    1    1      1341   -2  -12    3    9    9  -11   -5  -15    0   14   -7  -10   -5    6    4   -6    4    1
    1   15   12    1    1    4    1    1      1113   -7  -14    5    7    9  -11   -7   -5    1   11   -6  -10  -13   12    8   -9    6   -4
    1   15   13    1    3    3    3    1       702   -9    8  -14  -11   13   -9   22    4  -16   11    3  -11  -13   -9    4    8   -4  -16
    1   15   14    1    3    1    3    1      2100   -6   11  -15   -4   10   -7   11    3  -13    8    5  -13  -10   -8    5    8   -1  -15
    1   15   15    1    2    3    2    1       625    3   -7    9  -12   -6  -14   22   -8   -3   12    7   -9  -14   -9  -12   -4  -11    2
    2    1    1    6    0    0    2    1      2098   15    8    5   -6   -5    3   12   10    6  -17    1   20   12   14   16   18   17   -2
    2    1    2    4    3    5    1    0      1615  -10   12  -16   -8   16   -7    8    6  -14    9    4  -13  -18  -11    5   10    0  -15
    2    1    3    4    1    1    1    0      3760   -5   -9    2   10   11   -5   -4   -5   -1   14    1    0  -11   14    6   -7    7   -5
    2    1    4    6    0    0    2    1      1435   10   11    3   -2   -4   -3    3  -11   -4  -12   14    8    9    7   -3    0   13   -9
    2    1    5    4    3    1    1    0      1843   -6   13  -23   -1   14   -9   14    3  -12    8    3  -14  -21   -5    6   10   -1  -15
    2    1    6    4    1    5    1    0      1531   -3   -9    9    6    8  -12   -7   -5    3   20  -13  -12  -12   11    4  -14    6   -4
    2    1    7    4    2    1    1    0       991   -5   -4    9   -9    1  -10   11    1    0   11   11  -10  -12   -9   -4  -15   -8    6
    2    1    8    1    2    4    1    1       698   -5   -5    8  -12    2  -11   13    8   -2   11   16    0  -12   -8   -1  -14  -10    3
    2    1    9    4    3    4    1    0      1760   -3   17  -20  -13   11   -5   13    2  -15    3    6  -14  -12   -6    3    9   -2  -13
    2    1   10    6    0    0    2    1      1547   -3  -14   -3  -10  -16    5   -5    4   -4   15   17    5    5   -7   14   15   18   -7
    2    1   11    4    1    2    1    0      1135   -3  -10    4    8    7  -10   -9   -6    0   15   -7  -11  -14    9    7    1    8   -3
    2    1   12    1    1    4    1    1      1283   -7  -14    5    7    9  -11   -7   -5    1   11   -6  -10  -13   12    8   -9    6   -4
    2    1   13    1    3    5    1    1       945   -9   12   -5  -15   14   -5    9    6  -16    6    4  -10  -11  -10    3   10   -3  -13
    2    1   14    6    0    0    2    1       813   -3  -13   -4  -11  -22   17    0    8   -4   10   17    4    7   -4   10   15   14  -10
    2    1   15    6    0    0    2    1      1039   13    6    3   -2   -6    2   11   10    5  -15    6   18   12   16   17   15   16   -3
    2    1   16    1    1    1    1    1      1287    1  -14   -2    0    5  -11   -7   -6   -3    5  -10   -8  -13   12    3   -5    6   -5
    2    1   17    1    1    5    1    1      1077   -2  -12    3    9    9  -11   -5  -15    0   14   -7  -10   -5    6    4   -6    4    1
    2    1   18    2    1    0    1    0       843   -3  -11    3    8    9  -10   -6   -6    0   13   -8  -10  -13   13    4   -5    7   -4
    2    1   19    4    2    3    1    0      2044   -5   -4   10  -10   -2  -10   10    0   -2   10    6   -7  -12   -9   -5  -13   -7    4
    2    1   20    1    2    1    1    1      1180   -7   -8    9  -11    0  -10   14    2   -1   11    2  -14  -17   -7   -4  -12   -9    5
    2    1   21    4    3    2    1    0      1294   -9   14  -12    0   11   -5   11    4  -12    9    5  -10  -10   -9    5   11   -2  -12
    2    1   22    2    2    0    2    1      1580   -5   -3    9  -10    0   -9   12    0   -1   12    6   -9  -13   -8   -4  -14   -9    4
    2    1   23    1    2    2    1    1       943  -13    6   10  -11   -2   -7    2    5   -2   17    6   -7  -12   -8   -5  -14   -4    3
    2    1   24    1    1    3    1    1       699   -4  -13    4   10   10  -10   -6   -7   -1   14   -9   -9  -22    7    5   -7    8   -3
    2    1   25    4    1    3    2    1      1489    5  -15    4    6    9   -9   -8   -4   -1   13   -9  -13   -4    4    2   -7    6   -3
    2    1   26    1    2    5    1    1       967   -6   -5   11   -5    2  -11   10    3   -3   10    4   -7  -13   -9   -2  -14  -10    6
    2    1   27    1    2    3    1    1       657    3   -7    9  -12   -6  -14   22   -8   -3   12    7   -9  -14   -9  -12   -4  -11    2
    2    1   28    2    3    0    1    0       649   -8   13  -15   -9   12   -7   12    3  -14    8    4  -12  -11   -8    5    9   -2  -14
    2    1   29    1    3    2    1    1       960   -9   15  -15  -11   13   -7   14    3  -14    7   -4  -14  -13   -8    0    6    0  -15
    2    1   30    1    3    4    2    0       700   -6   11  -15  -10   11   -9   11    4  -18   -2    6  -12  -16   -3    5   10   -1  -13
    2    1   31    4    3    3    1    0      1457   -9   13  -23   -5   10   -7   13    3  -12    7    5  -13  -10   -8   10   13    0  -14
    2    1   32    1    1    2    1    1       792   -4  -10    2    9    9  -11   -4   -5    1   12   -8   -8  -12   13    5   -5    9   -4
    2    1   33    6    0    0    2    1      1050   13    7    5   -1   -3   -1    4  -14   -3  -16   11    5    8    9  -11    1   20  -17
    2    1   34    4    2    2    2    1      1074   -6   -4    9   -9   -9   -2   14   -2   -2   12    4   -8  -13  -10   -5  -13   -7    4
    2    1   35    4    1    4    2    1      1177   -2   -9    2    6    7  -11   -8   -6    9   11   -9  -12  -14   14    2   -5    5   -3
    2    1   36    1    3    1    1    1       699   -6   11  -15   -4   10   -7   11    3  -13    8    5  -13  -10   -8    5    8   -1  -15
    2    1   37    4    2    5    2    1       929   -6   -3   10  -11   -1   -8    6   -4    0   12    5   -8  -14   -8   -5  -12   -9    2
    2    1   38    4    2    4    1    0       990  -12    2    8   -9   -5  -12   12    1    1    9    2  -10  -15   -8   -6  -15   -8    5
    2    1   39    1    3    3    1    1       920   -9    8  -14  -11   13   -9   22    4  -16   11    3  -11  -13   -9    4    8   -4  -16
