    1    1    1    1    3    3    1    0      3575   -7   -1   -5  -12    9   -6    4   -2  -14    9  -10    1    2    6  -10   13   11    4
    1    1    2    1    1    3    2    0      1359    3    5    8   16  -14   12  -11   -1    3    8   -2  -10   13   -2   -5   10   -9   -9
    1    1    3    1    1    5    2    0      1210    1    3   15   14  -11   11  -12   -2    4    4   -2   -9    2  -10  -12    8   -5  -10
    1    1    4    1    3    5    2    0      1451   -2   -1   -8  -11    9   -7    6  -11  -11    3  -11   -5   -1   11  -10    9   14    3
    1    1    5    1    1    2    1    1      1395    5    0   15   19  -17   15  -13    1    6    7   -1  -11   -4  -13  -12   14  -11    2
    1    1    6    1    2    5    3    0       829  -14    8   12    8   -2    2    2  -13    3    4    6   -2    0  -17   11   -2  -14    5
    1    1    7    1    2    3    3    0       861  -20    0   10    9   -5    2    1  -10    8   -4    5   -3    2  -15    9   -1  -14    4
    1    1    8    1    3    1    1    0      1357   -3   -5   -7  -12    4  -13    4    3  -12    6  -11    0    3    6   -8   11   13   -2
    1    1    9    1    1    4    2    0      1272    1    4   14   10  -14   12  -12    1   14    5   -3  -11    6   -9  -12   10   -7   -6
    1    1   10    1    2    1    1    0       743  -16    9    5    0   -1    1    4  -13   13   -4    6   -2    1  -17    9   -5  -13    2
    1    1   11    1    2    4    1    0       731  -16    7   11    6   -2   -1    6  -13    7   -3    5   -4   -6  -12    9   -4  -13    5
    1    1   12    1    2    2    3    0       783  -21   16   11    7   -2    1    4  -13    9   -4   -1   -8   -1  -14   11   -2  -11    5
    1    1   13    1    1    1    2    0       913    1   -1   19    7  -10   12   -3    7    4    7    2  -11    3   -9  -16   14   -6   -6
    1    1   14    1    3    2    3    1       781   -8   -9    0   -5    9   -6    1   -2  -13    6   -7    1    0    6   -9   10   11    2
    1    1   15    1    3    4    2    0       735   -3   -3   -7  -13   11   -9    4   -2  -13    6   -8    0    0    7   -8   12   14    3
    1    2    1    1    1    3    1    1       803    3    5    8   16  -14   12  -11   -1    3    8   -2  -10   13   -2   -5   10   -9   -9
    1    2    2    1    3    1    1    0       932   -3   -5   -7  -12    4  -13    4    3  -12    6  -11    0    3    6   -8   11   13   -2
    1    2    3    1    3    2    3    1      1072   -8   -9    0   -5    9   -6    1   -2  -13    6   -7    1    0    6   -9   10   11    2
    1    2    4    1    2    3    3    0       951  -20    0   10    9   -5    2    1  -10    8   -4    5   -3    2  -15    9   -1  -14    4
    1    2    5    1    3    5    2    0       210   -2   -1   -8  -11    9   -7    6  -11  -11    3  -11   -5   -1   11  -10    9   14    3
    1    2    6    1    2    1    1    0       492  -16    9    5    0   -1    1    4  -13   13   -4    6   -2    1  -17    9   -5  -13    2
    1    2    7    1    3    4    2    0      1721   -3   -3   -7  -13   11   -9    4   -2  -13    6   -8    0    0    7   -8   12   14    3
    1    2    8    1    1    2    3    0       550    5    0   15   19  -17   15  -13    1    6    7   -1  -11   -4  -13  -12   14  -11    2
    1    2    9    1    1    4    3    0       226    1    4   14   10  -14   12  -12    1   14    5   -3  -11    6   -9  -12   10   -7   -6
    1    2   10    1    1    5    2    0       490    1    3   15   14  -11   11  -12   -2    4    4   -2   -9    2  -10  -12    8   -5  -10
    1    2   11    1    2    5    2    1       216  -14    8   12    8   -2    2    2  -13    3    4    6   -2    0  -17   11   -2  -14    5
    1    2   12    1    2    2    3    0       321  -21   16   11    7   -2    1    4  -13    9   -4   -1   -8   -1  -14   11   -2  -11    5
    1    2   13    1    2    4    2    1       133  -16    7   11    6   -2   -1    6  -13    7   -3    5   -4   -6  -12    9   -4  -13    5
    1    2   14    1    1    1    1    1       593    1   -1   19    7  -10   12   -3    7    4    7    2  -11    3   -9  -16   14   -6   -6
    1    2   15    1    3    3    1    0       475   -7   -1   -5  -12    9   -6    4   -2  -14    9  -10    1    2    6  -10   13   11    4
    1    3    1    1    1    4    1    1       890    1    4   14   10  -14   12  -12    1   14    5   -3  -11    6   -9  -12   10   -7   -6
    1    3    2    1    1    1    1    1       632    1   -1   19    7  -10   12   -3    7    4    7    2  -11    3   -9  -16   14   -6   -6
    1    3    3    1    2    2    1    0      1440  -21   16   11    7   -2    1    4  -13    9   -4   -1   -8   -1  -14   11   -2  -11    5
    1    3    4    1    3    4    3    1       680   -3   -3   -7  -13   11   -9    4   -2  -13    6   -8    0    0    7   -8   12   14    3
    1    3    5    1    3    5    2    0       654   -2   -1   -8  -11    9   -7    6  -11  -11    3  -11   -5   -1   11  -10    9   14    3
    1    3    6    1    1    2    3    0       549    5    0   15   19  -17   15  -13    1    6    7   -1  -11   -4  -13  -12   14  -11    2
    1    3    7    1    3    3    2    0       176   -7   -1   -5  -12    9   -6    4   -2  -14    9  -10    1    2    6  -10   13   11    4
    1    3    8    1    3    2    3    1       235   -8   -9    0   -5    9   -6    1   -2  -13    6   -7    1    0    6   -9   10   11    2
    1    3    9    1    1    5    1    1       611    1    3   15   14  -11   11  -12   -2    4    4   -2   -9    2  -10  -12    8   -5  -10
    1    3   10    1    3    1    1    0       604   -3   -5   -7  -12    4  -13    4    3  -12    6  -11    0    3    6   -8   11   13   -2
    1    3   11    1    1    3    2    0       406    3    5    8   16  -14   12  -11   -1    3    8   -2  -10   13   -2   -5   10   -9   -9
    1    3   12    1    2    5    2    1       663  -14    8   12    8   -2    2    2  -13    3    4    6   -2    0  -17   11   -2  -14    5
    1    3   13    1    2    3    3    0       541  -20    0   10    9   -5    2    1  -10    8   -4    5   -3    2  -15    9   -1  -14    4
    1    3   14    1    2    1    3    0       681  -16    9    5    0   -1    1    4  -13   13   -4    6   -2    1  -17    9   -5  -13    2
    1    3   15    1    2    4    1    0       367  -16    7   11    6   -2   -1    6  -13    7   -3    5   -4   -6  -12    9   -4  -13    5
    1    4    1    1    2    5    1    0       546  -14    8   12    8   -2    2    2  -13    3    4    6   -2    0  -17   11   -2  -14    5
    1    4    2    1    1    3    1    1       317    3    5    8   16  -14   12  -11   -1    3    8   -2  -10   13   -2   -5   10   -9   -9
    1    4    3    1    1    1    1    1       850    1   -1   19    7  -10   12   -3    7    4    7    2  -11    3   -9  -16   14   -6   -6
    1    4    4    1    3    3    3    1       865   -7   -1   -5  -12    9   -6    4   -2  -14    9  -10    1    2    6  -10   13   11    4
    1    4    5    1    3    1    3    1       448   -3   -5   -7  -12    4  -13    4    3  -12    6  -11    0    3    6   -8   11   13   -2
    1    4    6    1    2    3    2    1       623  -20    0   10    9   -5    2    1  -10    8   -4    5   -3    2  -15    9   -1  -14    4
    1    4    7    1    1    5    2    0       856    1    3   15   14  -11   11  -12   -2    4    4   -2   -9    2  -10  -12    8   -5  -10
    1    4    8    1    2    1    1    0      1367  -16    9    5    0   -1    1    4  -13   13   -4    6   -2    1  -17    9   -5  -13    2
    1    4    9    1    1    2    2    0       194    5    0   15   19  -17   15  -13    1    6    7   -1  -11   -4  -13  -12   14  -11    2
    1    4   10    1    3    2    2    0       364   -8   -9    0   -5    9   -6    1   -2  -13    6   -7    1    0    6   -9   10   11    2
    1    4   11    1    2    4    2    1       334  -16    7   11    6   -2   -1    6  -13    7   -3    5   -4   -6  -12    9   -4  -13    5
    1    4   12    1    2    2    2    1       274  -21   16   11    7   -2    1    4  -13    9   -4   -1   -8   -1  -14   11   -2  -11    5
    1    4   13    1    3    5    1    0      1113   -2   -1   -8  -11    9   -7    6  -11  -11    3  -11   -5   -1   11  -10    9   14    3
    1    4   14    1    1    4    2    0       701    1    4   14   10  -14   12  -12    1   14    5   -3  -11    6   -9  -12   10   -7   -6
    1    4   15    1    3    4    2    0       675   -3   -3   -7  -13   11   -9    4   -2  -13    6   -8    0    0    7   -8   12   14    3
    1    5    1    1    2    4    1    0       217  -16    7   11    6   -2   -1    6  -13    7   -3    5   -4   -6  -12    9   -4  -13    5
    1    5    2    1    2    5    1    0       162  -14    8   12    8   -2    2    2  -13    3    4    6   -2    0  -17   11   -2  -14    5
    1    5    3    1    1    5    2    0        77    1    3   15   14  -11   11  -12   -2    4    4   -2   -9    2  -10  -12    8   -5  -10
    1    5    4    1    3    2    1    0       572   -8   -9    0   -5    9   -6    1   -2  -13    6   -7    1    0    6   -9   10   11    2
    1    5    5    1    3    3    3    1       391   -7   -1   -5  -12    9   -6    4   -2  -14    9  -10    1    2    6  -10   13   11    4
    1    5    6    1    2    3    3    0       488  -20    0   10    9   -5    2    1  -10    8   -4    5   -3    2  -15    9   -1  -14    4
    1    5    7    1    3    5    1    0       311   -2   -1   -8  -11    9   -7    6  -11  -11    3  -11   -5   -1   11  -10    9   14    3
    1    5    8    1    1    2    2    0       300    5    0   15   19  -17   15  -13    1    6    7   -1  -11   -4  -13  -12   14  -11    2
    1    5    9    1    3    4    2    0       337   -3   -3   -7  -13   11   -9    4   -2  -13    6   -8    0    0    7   -8   12   14    3
    1    5   10    1    1    4    1    1       389    1    4   14   10  -14   12  -12    1   14    5   -3  -11    6   -9  -12   10   -7   -6
    1    5   11    1    1    1    3    0       295    1   -1   19    7  -10   12   -3    7    4    7    2  -11    3   -9  -16   14   -6   -6
    1    5   12    1    2    1    3    0       861  -16    9    5    0   -1    1    4  -13   13   -4    6   -2    1  -17    9   -5  -13    2
    1    5   13    1    1    3    1    1       220    3    5    8   16  -14   12  -11   -1    3    8   -2  -10   13   -2   -5   10   -9   -9
    1    5   14    1    3    1    3    1       741   -3   -5   -7  -12    4  -13    4    3  -12    6  -11    0    3    6   -8   11   13   -2
    1    5   15    1    2    2    3    0       761  -21   16   11    7   -2    1    4  -13    9   -4   -1   -8   -1  -14   11   -2  -11    5
    1    6    1    1    2    3    2    1      1116  -20    0   10    9   -5    2    1  -10    8   -4    5   -3    2  -15    9   -1  -14    4
    1    6    2    1    1    5    1    1       385    1    3   15   14  -11   11  -12   -2    4    4   -2   -9    2  -10  -12    8   -5  -10
    1    6    3    1    2    2    2    1       371  -21   16   11    7   -2    1    4  -13    9   -4   -1   -8   -1  -14   11   -2  -11    5
    1    6    4    1    2    1    2    1       981  -16    9    5    0   -1    1    4  -13   13   -4    6   -2    1  -17    9   -5  -13    2
    1    6    5    1    2    5    3    0       847  -14    8   12    8   -2    2    2  -13    3    4    6   -2    0  -17   11   -2  -14    5
    1    6    6    1    1    3    2    0       191    3    5    8   16  -14   12  -11   -1    3    8   -2  -10   13   -2   -5   10   -9   -9
    1    6    7    1    3    1    3    1       921   -3   -5   -7  -12    4  -13    4    3  -12    6  -11    0    3    6   -8   11   13   -2
    1    6    8    1    2    4    1    0       901  -16    7   11    6   -2   -1    6  -13    7   -3    5   -4   -6  -12    9   -4  -13    5
    1    6    9    1    1    2    1    1       914    5    0   15   19  -17   15  -13    1    6    7   -1  -11   -4  -13  -12   14  -11    2
    1    6   10    1    3    2    3    1      1023   -8   -9    0   -5    9   -6    1   -2  -13    6   -7    1    0    6   -9   10   11    2
    1    6   11    1    1    1    1    1      1000    1   -1   19    7  -10   12   -3    7    4    7    2  -11    3   -9  -16   14   -6   -6
    1    6   12    1    1    4    1    1       561    1    4   14   10  -14   12  -12    1   14    5   -3  -11    6   -9  -12   10   -7   -6
    1    6   13    1    3    4    1    0       524   -3   -3   -7  -13   11   -9    4   -2  -13    6   -8    0    0    7   -8   12   14    3
    1    6   14    1    3    3    3    1       793   -7   -1   -5  -12    9   -6    4   -2  -14    9  -10    1    2    6  -10   13   11    4
    1    6   15    1    3    5    3    1      1115   -2   -1   -8  -11    9   -7    6  -11  -11    3  -11   -5   -1   11  -10    9   14    3
    1    7    1    1    2    5    1    0       799  -14    8   12    8   -2    2    2  -13    3    4    6   -2    0  -17   11   -2  -14    5
    1    7    2    1    1    1    1    1       737    1   -1   19    7  -10   12   -3    7    4    7    2  -11    3   -9  -16   14   -6   -6
    1    7    3    1    2    1    2    1       837  -16    9    5    0   -1    1    4  -13   13   -4    6   -2    1  -17    9   -5  -13    2
    1    7    4    1    3    2    1    0      1029   -8   -9    0   -5    9   -6    1   -2  -13    6   -7    1    0    6   -9   10   11    2
    1    7    5    1    3    1    2    0       941   -3   -5   -7  -12    4  -13    4    3  -12    6  -11    0    3    6   -8   11   13   -2
    1    7    6    1    3    5    3    1      1305   -2   -1   -8  -11    9   -7    6  -11  -11    3  -11   -5   -1   11  -10    9   14    3
    1    7    7    1    1    4    2    0      1527    1    4   14   10  -14   12  -12    1   14    5   -3  -11    6   -9  -12   10   -7   -6
    1    7    8    1    2    2    3    0      1179  -21   16   11    7   -2    1    4  -13    9   -4   -1   -8   -1  -14   11   -2  -11    5
    1    7    9    1    2    3    1    0      1086  -20    0   10    9   -5    2    1  -10    8   -4    5   -3    2  -15    9   -1  -14    4
    1    7   10    1    1    3    1    1       644    3    5    8   16  -14   12  -11   -1    3    8   -2  -10   13   -2   -5   10   -9   -9
    1    7   11    1    2    4    3    0       956  -16    7   11    6   -2   -1    6  -13    7   -3    5   -4   -6  -12    9   -4  -13    5
    1    7   12    1    1    5    3    0       215    1    3   15   14  -11   11  -12   -2    4    4   -2   -9    2  -10  -12    8   -5  -10
    1    7   13    1    3    3    1    0       128   -7   -1   -5  -12    9   -6    4   -2  -14    9  -10    1    2    6  -10   13   11    4
    1    7   14    1    1    2    2    0         0    5    0   15   19  -17   15  -13    1    6    7   -1  -11   -4  -13  -12   14  -11    2
    1    7   15    1    3    4    3    1       206   -3   -3   -7  -13   11   -9    4   -2  -13    6   -8    0    0    7   -8   12   14    3
    1    8    1    1    1    2    1    1       391    5    0   15   19  -17   15  -13    1    6    7   -1  -11   -4  -13  -12   14  -11    2
    1    8    2    1    3    3    1    0       585   -7   -1   -5  -12    9   -6    4   -2  -14    9  -10    1    2    6  -10   13   11    4
    1    8    3    1    3    2    1    0       307   -8   -9    0   -5    9   -6    1   -2  -13    6   -7    1    0    6   -9   10   11    2
    1    8    4    1    1    5    2    0       248    1    3   15   14  -11   11  -12   -2    4    4   -2   -9    2  -10  -12    8   -5  -10
    1    8    5    1    2    4    3    0      1216  -16    7   11    6   -2   -1    6  -13    7   -3    5   -4   -6  -12    9   -4  -13    5
    1    8    6    1    2    5    2    1       304  -14    8   12    8   -2    2    2  -13    3    4    6   -2    0  -17   11   -2  -14    5
    1    8    7    1    2    3    1    0       117  -20    0   10    9   -5    2    1  -10    8   -4    5   -3    2  -15    9   -1  -14    4
    1    8    8    1    1    4    3    0      1058    1    4   14   10  -14   12  -12    1   14    5   -3  -11    6   -9  -12   10   -7   -6
    1    8    9    1    1    1    1    1       729    1   -1   19    7  -10   12   -3    7    4    7    2  -11    3   -9  -16   14   -6   -6
    1    8   10    1    2    1    1    0      1053  -16    9    5    0   -1    1    4  -13   13   -4    6   -2    1  -17    9   -5  -13    2
    1    8   11    1    2    2    3    0       996  -21   16   11    7   -2    1    4  -13    9   -4   -1   -8   -1  -14   11   -2  -11    5
    1    8   12    1    1    3    3    0       878    3    5    8   16  -14   12  -11   -1    3    8   -2  -10   13   -2   -5   10   -9   -9
    1    8   13    1    3    5    2    0       844   -2   -1   -8  -11    9   -7    6  -11  -11    3  -11   -5   -1   11  -10    9   14    3
    1    8   14    1    3    4    1    0       205   -3   -3   -7  -13   11   -9    4   -2  -13    6   -8    0    0    7   -8   12   14    3
    1    8   15    1    3    1    2    0       198   -3   -5   -7  -12    4  -13    4    3  -12    6  -11    0    3    6   -8   11   13   -2
    1    9    1    1    1    3    1    1       207    3    5    8   16  -14   12  -11   -1    3    8   -2  -10   13   -2   -5   10   -9   -9
    1    9    2    1    2    2    1    0      1960  -21   16   11    7   -2    1    4  -13    9   -4   -1   -8   -1  -14   11   -2  -11    5
    1    9    3    1    3    4    3    1       955   -3   -3   -7  -13   11   -9    4   -2  -13    6   -8    0    0    7   -8   12   14    3
    1    9    4    1    1    5    2    0       935    1    3   15   14  -11   11  -12   -2    4    4   -2   -9    2  -10  -12    8   -5  -10
    1    9    5    1    3    1    2    0       963   -3   -5   -7  -12    4  -13    4    3  -12    6  -11    0    3    6   -8   11   13   -2
    1    9    6    1    2    4    1    0       813  -16    7   11    6   -2   -1    6  -13    7   -3    5   -4   -6  -12    9   -4  -13    5
    1    9    7    1    2    1    3    0      1294  -16    9    5    0   -1    1    4  -13   13   -4    6   -2    1  -17    9   -5  -13    2
    1    9    8    1    3    2    2    0       732   -8   -9    0   -5    9   -6    1   -2  -13    6   -7    1    0    6   -9   10   11    2
    1    9    9    1    3    3    2    0       848   -7   -1   -5  -12    9   -6    4   -2  -14    9  -10    1    2    6  -10   13   11    4
    1    9   10    1    2    3    3    0       351  -20    0   10    9   -5    2    1  -10    8   -4    5   -3    2  -15    9   -1  -14    4
    1    9   11    1    3    5    1    0      1075   -2   -1   -8  -11    9   -7    6  -11  -11    3  -11   -5   -1   11  -10    9   14    3
    1    9   12    1    1    2    1    1      1033    5    0   15   19  -17   15  -13    1    6    7   -1  -11   -4  -13  -12   14  -11    2
    1    9   13    1    2    5    2    1      1409  -14    8   12    8   -2    2    2  -13    3    4    6   -2    0  -17   11   -2  -14    5
    1    9   14    1    1    4    3    0       874    1    4   14   10  -14   12  -12    1   14    5   -3  -11    6   -9  -12   10   -7   -6
    1    9   15    1    1    1    1    1       553    1   -1   19    7  -10   12   -3    7    4    7    2  -11    3   -9  -16   14   -6   -6
    1   10    1    1    2    3    1    0       740  -20    0   10    9   -5    2    1  -10    8   -4    5   -3    2  -15    9   -1  -14    4
    1   10    2    1    3    1    3    1       552   -3   -5   -7  -12    4  -13    4    3  -12    6  -11    0    3    6   -8   11   13   -2
    1   10    3    1    2    2    2    1       468  -21   16   11    7   -2    1    4  -13    9   -4   -1   -8   -1  -14   11   -2  -11    5
    1   10    4    1    3    5    1    0       210   -2   -1   -8  -11    9   -7    6  -11  -11    3  -11   -5   -1   11  -10    9   14    3
    1   10    5    1    3    4    2    0       235   -3   -3   -7  -13   11   -9    4   -2  -13    6   -8    0    0    7   -8   12   14    3
    1   10    6    1    2    1    1    0       404  -16    9    5    0   -1    1    4  -13   13   -4    6   -2    1  -17    9   -5  -13    2
    1   10    7    1    1    2    3    0       341    5    0   15   19  -17   15  -13    1    6    7   -1  -11   -4  -13  -12   14  -11    2
    1   10    8    1    3    2    2    0       217   -8   -9    0   -5    9   -6    1   -2  -13    6   -7    1    0    6   -9   10   11    2
    1   10    9    1    2    5    2    1      2657  -14    8   12    8   -2    2    2  -13    3    4    6   -2    0  -17   11   -2  -14    5
    1   10   10    1    2    4    3    0       329  -16    7   11    6   -2   -1    6  -13    7   -3    5   -4   -6  -12    9   -4  -13    5
    1   10   11    1    3    3    1    0       365   -7   -1   -5  -12    9   -6    4   -2  -14    9  -10    1    2    6  -10   13   11    4
    1   10   12    1    1    5    1    1     11760    1    3   15   14  -11   11  -12   -2    4    4   -2   -9    2  -10  -12    8   -5  -10
    1   10   13    1    1    3    2    0       955    3    5    8   16  -14   12  -11   -1    3    8   -2  -10   13   -2   -5   10   -9   -9
    1   10   14    1    1    1    1    1       742    1   -1   19    7  -10   12   -3    7    4    7    2  -11    3   -9  -16   14   -6   -6
    1   10   15    1    1    4    1    1      1130    1    4   14   10  -14   12  -12    1   14    5   -3  -11    6   -9  -12   10   -7   -6
    1   11    1    1    2    1    1    0       846  -16    9    5    0   -1    1    4  -13   13   -4    6   -2    1  -17    9   -5  -13    2
    1   11    2    1    2    3    1    0       718  -20    0   10    9   -5    2    1  -10    8   -4    5   -3    2  -15    9   -1  -14    4
    1   11    3    1    3    2    3    1       962   -8   -9    0   -5    9   -6    1   -2  -13    6   -7    1    0    6   -9   10   11    2
    1   11    4    1    3    1    2    0      1213   -3   -5   -7  -12    4  -13    4    3  -12    6  -11    0    3    6   -8   11   13   -2
    1   11    5    1    3    4    2    0       638   -3   -3   -7  -13   11   -9    4   -2  -13    6   -8    0    0    7   -8   12   14    3
    1   11    6    1    2    2    1    0       182  -21   16   11    7   -2    1    4  -13    9   -4   -1   -8   -1  -14   11   -2  -11    5
    1   11    7    1    1    4    2    0       240    1    4   14   10  -14   12  -12    1   14    5   -3  -11    6   -9  -12   10   -7   -6
    1   11    8    1    1    5    2    0       744    1    3   15   14  -11   11  -12   -2    4    4   -2   -9    2  -10  -12    8   -5  -10
    1   11    9    1    1    3    1    1       892    3    5    8   16  -14   12  -11   -1    3    8   -2  -10   13   -2   -5   10   -9   -9
    1   11   10    1    3    5    3    1      1402   -2   -1   -8  -11    9   -7    6  -11  -11    3  -11   -5   -1   11  -10    9   14    3
    1   11   11    1    1    2    1    1       979    5    0   15   19  -17   15  -13    1    6    7   -1  -11   -4  -13  -12   14  -11    2
    1   11   12    1    2    5    1    0       862  -14    8   12    8   -2    2    2  -13    3    4    6   -2    0  -17   11   -2  -14    5
    1   11   13    1    3    3    3    1       925   -7   -1   -5  -12    9   -6    4   -2  -14    9  -10    1    2    6  -10   13   11    4
    1   11   14    1    1    1    1    1       650    1   -1   19    7  -10   12   -3    7    4    7    2  -11    3   -9  -16   14   -6   -6
    1   11   15    1    2    4    2    1       801  -16    7   11    6   -2   -1    6  -13    7   -3    5   -4   -6  -12    9   -4  -13    5
    1   12    1    1    3    1    2    0       914   -3   -5   -7  -12    4  -13    4    3  -12    6  -11    0    3    6   -8   11   13   -2
    1   12    2    1    3    2    3    1      1071   -8   -9    0   -5    9   -6    1   -2  -13    6   -7    1    0    6   -9   10   11    2
    1   12    3    1    1    5    2    0       598    1    3   15   14  -11   11  -12   -2    4    4   -2   -9    2  -10  -12    8   -5  -10
    1   12    4    1    2    5    2    1       895  -14    8   12    8   -2    2    2  -13    3    4    6   -2    0  -17   11   -2  -14    5
    1   12    5    1    2    2    3    0       845  -21   16   11    7   -2    1    4  -13    9   -4   -1   -8   -1  -14   11   -2  -11    5
    1   12    6    1    3    4    2    0       237   -3   -3   -7  -13   11   -9    4   -2  -13    6   -8    0    0    7   -8   12   14    3
    1   12    7    1    1    1    1    1       373    1   -1   19    7  -10   12   -3    7    4    7    2  -11    3   -9  -16   14   -6   -6
    1   12    8    1    1    3    3    0      1047    3    5    8   16  -14   12  -11   -1    3    8   -2  -10   13   -2   -5   10   -9   -9
    1   12    9    1    2    3    3    0       894  -20    0   10    9   -5    2    1  -10    8   -4    5   -3    2  -15    9   -1  -14    4
    1   12   10    1    3    5    2    0       396   -2   -1   -8  -11    9   -7    6  -11  -11    3  -11   -5   -1   11  -10    9   14    3
    1   12   11    1    2    4    3    0       862  -16    7   11    6   -2   -1    6  -13    7   -3    5   -4   -6  -12    9   -4  -13    5
    1   12   12    1    1    4    2    0       925    1    4   14   10  -14   12  -12    1   14    5   -3  -11    6   -9  -12   10   -7   -6
    1   12   13    1    3    3    3    1       906   -7   -1   -5  -12    9   -6    4   -2  -14    9  -10    1    2    6  -10   13   11    4
    1   12   14    1    2    1    2    1       935  -16    9    5    0   -1    1    4  -13   13   -4    6   -2    1  -17    9   -5  -13    2
    1   12   15    1    1    2    3    0      1475    5    0   15   19  -17   15  -13    1    6    7   -1  -11   -4  -13  -12   14  -11    2
    1   13    1    1    2    1    1    0       458  -16    9    5    0   -1    1    4  -13   13   -4    6   -2    1  -17    9   -5  -13    2
    1   13    2    1    2    2    2    1       873  -21   16   11    7   -2    1    4  -13    9   -4   -1   -8   -1  -14   11   -2  -11    5
    1   13    3    1    3    5    3    1      1112   -2   -1   -8  -11    9   -7    6  -11  -11    3  -11   -5   -1   11  -10    9   14    3
    1   13    4    1    2    3    3    0       925  -20    0   10    9   -5    2    1  -10    8   -4    5   -3    2  -15    9   -1  -14    4
    1   13    5    1    3    3    3    1       794   -7   -1   -5  -12    9   -6    4   -2  -14    9  -10    1    2    6  -10   13   11    4
    1   13    6    1    1    4    3    0      1419    1    4   14   10  -14   12  -12    1   14    5   -3  -11    6   -9  -12   10   -7   -6
    1   13    7    1    1    1    1    1       900    1   -1   19    7  -10   12   -3    7    4    7    2  -11    3   -9  -16   14   -6   -6
    1   13    8    1    3    4    3    1       929   -3   -3   -7  -13   11   -9    4   -2  -13    6   -8    0    0    7   -8   12   14    3
    1   13    9    1    1    2    2    0      1133    5    0   15   19  -17   15  -13    1    6    7   -1  -11   -4  -13  -12   14  -11    2
    1   13   10    1    3    2    3    1       673   -8   -9    0   -5    9   -6    1   -2  -13    6   -7    1    0    6   -9   10   11    2
    1   13   11    1    1    5    2    0       904    1    3   15   14  -11   11  -12   -2    4    4   -2   -9    2  -10  -12    8   -5  -10
    1   13   12    1    1    3    3    0      1157    3    5    8   16  -14   12  -11   -1    3    8   -2  -10   13   -2   -5   10   -9   -9
    1   13   13    1    2    4    1    0       856  -16    7   11    6   -2   -1    6  -13    7   -3    5   -4   -6  -12    9   -4  -13    5
    1   13   14    1    2    5    2    1      1000  -14    8   12    8   -2    2    2  -13    3    4    6   -2    0  -17   11   -2  -14    5
    1   13   15    1    3    1    3    1       833   -3   -5   -7  -12    4  -13    4    3  -12    6  -11    0    3    6   -8   11   13   -2
    1   14    1    1    1    3    1    1      1377    3    5    8   16  -14   12  -11   -1    3    8   -2  -10   13   -2   -5   10   -9   -9
    1   14    2    1    3    5    3    1      1036   -2   -1   -8  -11    9   -7    6  -11  -11    3  -11   -5   -1   11  -10    9   14    3
    1   14    3    1    1    2    2    0       979    5    0   15   19  -17   15  -13    1    6    7   -1  -11   -4  -13  -12   14  -11    2
    1   14    4    1    3    3    3    1       798   -7   -1   -5  -12    9   -6    4   -2  -14    9  -10    1    2    6  -10   13   11    4
    1   14    5    1    1    1    1    1       735    1   -1   19    7  -10   12   -3    7    4    7    2  -11    3   -9  -16   14   -6   -6
    1   14    6    1    2    2    3    0      1299  -21   16   11    7   -2    1    4  -13    9   -4   -1   -8   -1  -14   11   -2  -11    5
    1   14    7    1    2    5    3    0      1456  -14    8   12    8   -2    2    2  -13    3    4    6   -2    0  -17   11   -2  -14    5
    1   14    8    1    2    4    2    1       999  -16    7   11    6   -2   -1    6  -13    7   -3    5   -4   -6  -12    9   -4  -13    5
    1   14    9    1    1    5    3    0       688    1    3   15   14  -11   11  -12   -2    4    4   -2   -9    2  -10  -12    8   -5  -10
    1   14   10    1    1    4    2    0       902    1    4   14   10  -14   12  -12    1   14    5   -3  -11    6   -9  -12   10   -7   -6
    1   14   11    1    3    1    3    1       836   -3   -5   -7  -12    4  -13    4    3  -12    6  -11    0    3    6   -8   11   13   -2
    1   14   12    1    3    4    3    1       964   -3   -3   -7  -13   11   -9    4   -2  -13    6   -8    0    0    7   -8   12   14    3
    1   14   13    1    2    3    3    0      1086  -20    0   10    9   -5    2    1  -10    8   -4    5   -3    2  -15    9   -1  -14    4
    1   14   14    1    2    1    2    1       740  -16    9    5    0   -1    1    4  -13   13   -4    6   -2    1  -17    9   -5  -13    2
    1   14   15    1    3    2    3    1       824   -8   -9    0   -5    9   -6    1   -2  -13    6   -7    1    0    6   -9   10   11    2
    1   15    1    1    3    5    3    1       937   -2   -1   -8  -11    9   -7    6  -11  -11    3  -11   -5   -1   11  -10    9   14    3
    1   15    2    1    2    5    3    0      1573  -14    8   12    8   -2    2    2  -13    3    4    6   -2    0  -17   11   -2  -14    5
    1   15    3    1    2    4    3    0       632  -16    7   11    6   -2   -1    6  -13    7   -3    5   -4   -6  -12    9   -4  -13    5
    1   15    4    1    3    1    2    0       687   -3   -5   -7  -12    4  -13    4    3  -12    6  -11    0    3    6   -8   11   13   -2
    1   15    5    1    1    5    3    0       677    1    3   15   14  -11   11  -12   -2    4    4   -2   -9    2  -10  -12    8   -5  -10
    1   15    6    1    2    1    3    0       732  -16    9    5    0   -1    1    4  -13   13   -4    6   -2    1  -17    9   -5  -13    2
    1   15    7    1    1    4    3    0       560    1    4   14   10  -14   12  -12    1   14    5   -3  -11    6   -9  -12   10   -7   -6
    1   15    8    1    1    3    2    0       587    3    5    8   16  -14   12  -11   -1    3    8   -2  -10   13   -2   -5   10   -9   -9
    1   15    9    1    2    2    2    1      2069  -21   16   11    7   -2    1    4  -13    9   -4   -1   -8   -1  -14   11   -2  -11    5
    1   15   10    1    2    3    3    0       628  -20    0   10    9   -5    2    1  -10    8   -4    5   -3    2  -15    9   -1  -14    4
    1   15   11    1    1    1    1    1       972    1   -1   19    7  -10   12   -3    7    4    7    2  -11    3   -9  -16   14   -6   -6
    1   15   12    1    1    2    2    0       807    5    0   15   19  -17   15  -13    1    6    7   -1  -11   -4  -13  -12   14  -11    2
    1   15   13    1    3    4    3    1       841   -3   -3   -7  -13   11   -9    4   -2  -13    6   -8    0    0    7   -8   12   14    3
    1   15   14    1    3    3    3    1      1160   -7   -1   -5  -12    9   -6    4   -2  -14    9  -10    1    2    6  -10   13   11    4
    1   15   15    1    3    2    2    0      1388   -8   -9    0   -5    9   -6    1   -2  -13    6   -7    1    0    6   -9   10   11    2
    2    1    1    4    2    1    2    1      2593  -16   10   13   12  -13    5    7   -1    2   -3    7   -5    0  -16   11   -4  -10    5
    2    1    2    4    2    4    2    1      1739  -15   10   11    5   -2   -1    3  -11    7   -4    5   -6    5  -15   14    0  -11    3
    2    1    3    1    2    5    1    1       711  -14    8   12    8   -2    2    2  -13    3    4    6   -2    0  -17   11   -2  -14    5
    2    1    4    1    3    4    1    1       972   -3   -3   -7  -13   11   -9    4   -2  -13    6   -8    0    0    7   -8   12   14    3
    2    1    5    1    1    3    1    1      1639    3    5    8   16  -14   12  -11   -1    3    8   -2  -10   13   -2   -5   10   -9   -9
    2    1    6    4    1    2    2    1      2135    3    2   14   11  -11   10  -10   -2    4    7   -2  -10    6   -6  -13    8   -5   -7
    2    1    7    4    3    3    1    0       883   -4   -5   -8  -12    4  -13    5   -1  -11    1   -7    2   -1    6   -7   13   12    5
    2    1    8    4    1    1    1    0      1537    7   -4   22    8   -8   16   -9    2    6    8   -2  -11    2   -8  -23    8   -6   -5
    2    1    9    6    0    0    2    1       933   20   -6  -14   -1    1   12    5   -3  -13   15    4    4   13  -10   18   10    4   -6
    2    1   10    1    3    3    1    1       577   -7   -1   -5  -12    9   -6    4   -2  -14    9  -10    1    2    6  -10   13   11    4
    2    1   11    4    2    3    2    1      1035  -13    8   12    8   -4    2    4   -4    7   -3   10   -9   -3  -17   16   -6  -12    3
    2    1   12    1    1    5    2    0      1027    1    3   15   14  -11   11  -12   -2    4    4   -2   -9    2  -10  -12    8   -5  -10
    2    1   13    1    2    1    1    1       828  -16    9    5    0   -1    1    4  -13   13   -4    6   -2    1  -17    9   -5  -13    2
    2    1   14    1    3    1    1    1      1116   -3   -5   -7  -12    4  -13    4    3  -12    6  -11    0    3    6   -8   11   13   -2
    2    1   15    4    3    2    1    0      1057   -4   -5   -7   -9    8   -9    3   -1   -4   12   -9    2    3    5   -8   13   13    3
    2    1   16    1    1    1    1    1      1048    1   -1   19    7  -10   12   -3    7    4    7    2  -11    3   -9  -16   14   -6   -6
    2    1   17    4    3    5    1    0       976   -3   -3   -9   -7   12  -10   -1    2  -15    5  -10    2    3    6   -9   11   21   10
    2    1   18    6    0    0    2    1       634   -8    3  -12   -6  -11   -3   -2  -10    9   -8   12    1   10  -12    6    7    4    3
    2    1   19    1    3    2    1    1       722   -8   -9    0   -5    9   -6    1   -2  -13    6   -7    1    0    6   -9   10   11    2
    2    1   20    4    1    3    2    1      1527   -6   11   16   12  -11   10  -11    2    5    4   -1  -11    5   -5  -14    8  -13   -8
    2    1   21    4    3    1    2    1      1195   -4   -5   -7  -13    7   -7    2   -1   -5    2  -11   -7    6    2   -8   13   12    3
    2    1   22    1    2    2    1    1       957  -21   16   11    7   -2    1    4  -13    9   -4   -1   -8   -1  -14   11   -2  -11    5
    2    1   23    4    2    5    1    0       793  -14   10   12    5   -2    0    2  -13    7   -7    7   -3    0  -16   13   -1  -13    5
    2    1   24    4    2    2    1    0       683  -17    7    8    7   -1    1    3   -9    7    2    1   -3   -2  -14   11   -8  -13    2
    2    1   25    6    0    0    2    1       689  -10   -6   15   14  -13    4   -2  -10   -9    0   12   11   12   -7  -12   -8   -8   12
    2    1   26    1    1    4    1    1      1110    1    4   14   10  -14   12  -12    1   14    5   -3  -11    6   -9  -12   10   -7   -6
    2    1   27    1    2    3    2    0      2012  -20    0   10    9   -5    2    1  -10    8   -4    5   -3    2  -15    9   -1  -14    4
    2    1   28    6    0    0    2    1      1869   18   -3  -23    3    3    7    1  -13  -18    4   12   -6    3   -6    9    9    3  -10
    2    1   29    4    3    4    1    0       580   -3   -6   -6  -10    7   -7    3   -4  -13    5  -10    1    2    7  -11   13   14    3
    2    1   30    1    2    4    1    1       862  -16    7   11    6   -2   -1    6  -13    7   -3    5   -4   -6  -12    9   -4  -13    5
    2    1   31    2    1    0    1    0       589    3    3   15   12  -12   11  -11    0    5    6   -3   -9    4   -7  -13    9   -6   -7
    2    1   32    4    1    5    2    1      1815    2    5   11   15  -17   12  -12    2    5    2   -5   -7    4   -6  -11    8   -6  -11
    2    1   33    6    0    0    2    1       704   -9   -5  -18  -10  -13   -1    5  -20   14   -4    7   -2   12  -11    6    7    3    4
    2    1   34    6    0    0    2    1       565  -10   -4    8   19  -11   10   -8  -13  -12    1    5    5   12   -7  -10  -10   -2   11
    2    1   35    1    3    5    1    1       863   -2   -1   -8  -11    9   -7    6  -11  -11    3  -11   -5   -1   11  -10    9   14    3
    2    1   36    2    2    0    1    0       990  -15    9   10    7   -3    0    2  -11    8   -3    6   -4   -1  -15   11   -3  -12    4
    2    1   37    4    1    4    2    1      1576   11   13   13   12  -14   13  -13    1    3    7    6   -9    6   -6  -12    9   -8   -9
    2    1   38    2    3    0    1    0       603   -3   -4   -7  -11    9   -8    3   -2  -13    7   -9    0    1    6   -9   12   12    2
    2    1   39    1    1    2    1    1      1364    5    0   15   19  -17   15  -13    1    6    7   -1  -11   -4  -13  -12   14  -11    2
