    1    1    1    1    2    1    1    0      3345  -10    4   -9    1    3   -7  -12    2   -8    5    6    3    1   10   -2  -10   -7   11
    1    1    2    1    2    3    3    0      1525   -8    3  -11    1    1   -6   -8   -5   -7    8    4    2    1    8    6  -17   -5   11
    1    1    3    1    1    2    3    0      5081   -2    8  -12    9   17    5    5   16   -5  -12   -4  -10   -4   -1   -6   -8    5  -10
    1    1    4    1    1    1    1    1      1840   -1    8  -17   17   14    5    3   15   -4  -11   -3  -21  -11    2   -5   -1   13   -8
    1    1    5    1    1    4    1    1      1360   -4    5  -11   10    8   11    6    6   -7  -13   -5   -9   -8    1   -5   -5   15   -8
    1    1    6    1    2    2    1    0      1100    1   -6   -2   -5   12   -5  -11    3   -6    5    4    2    4   18   -3  -10  -10   10
    1    1    7    1    1    5    2    0       690   -2    5  -11    8   17    5    4   14   -4  -12   -9   -2  -10    1    1   -2   16  -10
    1    1    8    1    3    2    1    0       664   11   12   -4  -10    9    4  -15   12   16  -11   -2   -1  -12   -4   11  -11  -14   -3
    1    1    9    1    3    5    3    1      1007   12    9   -5    0    9    5  -15   11   16  -13   -1   -6  -13    3    0   -8  -13   -2
    1    1   10    1    3    1    3    1      1144   12    9   -6   -6    8    6  -13   12   18  -13   -1   -3  -11    2   10   -9  -16   -3
    1    1   11    1    3    4    1    0      1148    3   16   -7  -10    7    7  -20   14   17  -12   -8    2  -13    4   11  -14  -11    7
    1    1   12    1    1    3    2    0       832   -2    9  -13    8   15    5    1   13   -5   -9   -3  -10  -14    4   -9   -4   15   -8
    1    1   13    1    2    4    1    0       608   -9    5   -9    1    2   -8  -16    0   -5    7    5    2    4    9   -2  -15   -8    9
    1    1   14    1    2    5    3    0      1146  -10    3   -9   -2    3   -5  -13    5    0    9    5    6    2    7   -5   -7   -6   10
    1    1   15    1    3    3    3    1       982   12    8   -8   -9    7    4  -13   12   17  -13   -2   -2  -11    3   15  -21  -15   -2
    1    2    1    1    1    5    1    1       880   -2    5  -11    8   17    5    4   14   -4  -12   -9   -2  -10    1    1   -2   16  -10
    1    2    2    1    2    1    1    0       855  -10    4   -9    1    3   -7  -12    2   -8    5    6    3    1   10   -2  -10   -7   11
    1    2    3    1    1    4    2    0      2118   -4    5  -11   10    8   11    6    6   -7  -13   -5   -9   -8    1   -5   -5   15   -8
    1    2    4    1    1    1    2    0      1443   -1    8  -17   17   14    5    3   15   -4  -11   -3  -21  -11    2   -5   -1   13   -8
    1    2    5    1    3    5    3    1      1027   12    9   -5    0    9    5  -15   11   16  -13   -1   -6  -13    3    0   -8  -13   -2
    1    2    6    1    2    4    2    1       493   -9    5   -9    1    2   -8  -16    0   -5    7    5    2    4    9   -2  -15   -8    9
    1    2    7    1    2    2    1    0      1354    1   -6   -2   -5   12   -5  -11    3   -6    5    4    2    4   18   -3  -10  -10   10
    1    2    8    1    1    3    2    0       414   -2    9  -13    8   15    5    1   13   -5   -9   -3  -10  -14    4   -9   -4   15   -8
    1    2    9    1    3    1    3    1       711   12    9   -6   -6    8    6  -13   12   18  -13   -1   -3  -11    2   10   -9  -16   -3
    1    2   10    1    2    3    1    0       781   -8    3  -11    1    1   -6   -8   -5   -7    8    4    2    1    8    6  -17   -5   11
    1    2   11    1    2    5    1    0       607  -10    3   -9   -2    3   -5  -13    5    0    9    5    6    2    7   -5   -7   -6   10
    1    2   12    1    3    4    3    1       672    3   16   -7  -10    7    7  -20   14   17  -12   -8    2  -13    4   11  -14  -11    7
    1    2   13    1    3    3    3    1       775   12    8   -8   -9    7    4  -13   12   17  -13   -2   -2  -11    3   15  -21  -15   -2
    1    2   14    1    3    2    2    0      1082   11   12   -4  -10    9    4  -15   12   16  -11   -2   -1  -12   -4   11  -11  -14   -3
    1    2   15    1    1    2    3    0       920   -2    8  -12    9   17    5    5   16   -5  -12   -4  -10   -4   -1   -6   -8    5  -10
    1    3    1    1    3    4    1    0       653    3   16   -7  -10    7    7  -20   14   17  -12   -8    2  -13    4   11  -14  -11    7
    1    3    2    1    2    5    1    0       965  -10    3   -9   -2    3   -5  -13    5    0    9    5    6    2    7   -5   -7   -6   10
    1    3    3    1    3    2    3    1       552   11   12   -4  -10    9    4  -15   12   16  -11   -2   -1  -12   -4   11  -11  -14   -3
    1    3    4    1    1    5    2    0       747   -2    5  -11    8   17    5    4   14   -4  -12   -9   -2  -10    1    1   -2   16  -10
    1    3    5    1    3    1    2    0       767   12    9   -6   -6    8    6  -13   12   18  -13   -1   -3  -11    2   10   -9  -16   -3
    1    3    6    1    2    4    1    0       706   -9    5   -9    1    2   -8  -16    0   -5    7    5    2    4    9   -2  -15   -8    9
    1    3    7    1    2    2    1    0       879    1   -6   -2   -5   12   -5  -11    3   -6    5    4    2    4   18   -3  -10  -10   10
    1    3    8    1    1    1    1    1       694   -1    8  -17   17   14    5    3   15   -4  -11   -3  -21  -11    2   -5   -1   13   -8
    1    3    9    1    2    3    3    0       484   -8    3  -11    1    1   -6   -8   -5   -7    8    4    2    1    8    6  -17   -5   11
    1    3   10    1    3    3    3    1       555   12    8   -8   -9    7    4  -13   12   17  -13   -2   -2  -11    3   15  -21  -15   -2
    1    3   11    1    1    2    2    0       694   -2    8  -12    9   17    5    5   16   -5  -12   -4  -10   -4   -1   -6   -8    5  -10
    1    3   12    1    1    4    1    1      1004   -4    5  -11   10    8   11    6    6   -7  -13   -5   -9   -8    1   -5   -5   15   -8
    1    3   13    1    1    3    1    1       614   -2    9  -13    8   15    5    1   13   -5   -9   -3  -10  -14    4   -9   -4   15   -8
    1    3   14    1    2    1    1    0       863  -10    4   -9    1    3   -7  -12    2   -8    5    6    3    1   10   -2  -10   -7   11
    1    3   15    1    3    5    3    1      1046   12    9   -5    0    9    5  -15   11   16  -13   -1   -6  -13    3    0   -8  -13   -2
    1    4    1    1    3    2    3    1       750   11   12   -4  -10    9    4  -15   12   16  -11   -2   -1  -12   -4   11  -11  -14   -3
    1    4    2    1    1    4    1    1       722   -4    5  -11   10    8   11    6    6   -7  -13   -5   -9   -8    1   -5   -5   15   -8
    1    4    3    1    2    5    2    1       767  -10    3   -9   -2    3   -5  -13    5    0    9    5    6    2    7   -5   -7   -6   10
    1    4    4    1    1    2    1    1      1354   -2    8  -12    9   17    5    5   16   -5  -12   -4  -10   -4   -1   -6   -8    5  -10
    1    4    5    1    2    4    1    0       893   -9    5   -9    1    2   -8  -16    0   -5    7    5    2    4    9   -2  -15   -8    9
    1    4    6    1    1    1    1    1       779   -1    8  -17   17   14    5    3   15   -4  -11   -3  -21  -11    2   -5   -1   13   -8
    1    4    7    1    3    4    3    1       606    3   16   -7  -10    7    7  -20   14   17  -12   -8    2  -13    4   11  -14  -11    7
    1    4    8    1    2    3    2    1       848   -8    3  -11    1    1   -6   -8   -5   -7    8    4    2    1    8    6  -17   -5   11
    1    4    9    1    2    1    1    0       584  -10    4   -9    1    3   -7  -12    2   -8    5    6    3    1   10   -2  -10   -7   11
    1    4   10    1    2    2    1    0       738    1   -6   -2   -5   12   -5  -11    3   -6    5    4    2    4   18   -3  -10  -10   10
    1    4   11    1    3    5    3    1       694   12    9   -5    0    9    5  -15   11   16  -13   -1   -6  -13    3    0   -8  -13   -2
    1    4   12    1    3    3    3    1       660   12    8   -8   -9    7    4  -13   12   17  -13   -2   -2  -11    3   15  -21  -15   -2
    1    4   13    1    1    3    2    0       644   -2    9  -13    8   15    5    1   13   -5   -9   -3  -10  -14    4   -9   -4   15   -8
    1    4   14    1    3    1    3    1      2588   12    9   -6   -6    8    6  -13   12   18  -13   -1   -3  -11    2   10   -9  -16   -3
    1    4   15    1    1    5    2    0       974   -2    5  -11    8   17    5    4   14   -4  -12   -9   -2  -10    1    1   -2   16  -10
    1    5    1    1    2    1    1    0       585  -10    4   -9    1    3   -7  -12    2   -8    5    6    3    1   10   -2  -10   -7   11
    1    5    2    1    1    5    1    1      1004   -2    5  -11    8   17    5    4   14   -4  -12   -9   -2  -10    1    1   -2   16  -10
    1    5    3    1    3    5    3    1       597   12    9   -5    0    9    5  -15   11   16  -13   -1   -6  -13    3    0   -8  -13   -2
    1    5    4    1    1    4    2    0       535   -4    5  -11   10    8   11    6    6   -7  -13   -5   -9   -8    1   -5   -5   15   -8
    1    5    5    1    1    1    2    0       947   -1    8  -17   17   14    5    3   15   -4  -11   -3  -21  -11    2   -5   -1   13   -8
    1    5    6    1    3    3    3    1       622   12    8   -8   -9    7    4  -13   12   17  -13   -2   -2  -11    3   15  -21  -15   -2
    1    5    7    1    1    2    1    1      1119   -2    8  -12    9   17    5    5   16   -5  -12   -4  -10   -4   -1   -6   -8    5  -10
    1    5    8    1    3    4    3    1       804    3   16   -7  -10    7    7  -20   14   17  -12   -8    2  -13    4   11  -14  -11    7
    1    5    9    1    2    2    2    1       709    1   -6   -2   -5   12   -5  -11    3   -6    5    4    2    4   18   -3  -10  -10   10
    1    5   10    1    2    5    1    0       899  -10    3   -9   -2    3   -5  -13    5    0    9    5    6    2    7   -5   -7   -6   10
    1    5   11    1    3    2    3    1       833   11   12   -4  -10    9    4  -15   12   16  -11   -2   -1  -12   -4   11  -11  -14   -3
    1    5   12    1    2    3    3    0       793   -8    3  -11    1    1   -6   -8   -5   -7    8    4    2    1    8    6  -17   -5   11
    1    5   13    1    3    1    3    1       547   12    9   -6   -6    8    6  -13   12   18  -13   -1   -3  -11    2   10   -9  -16   -3
    1    5   14    1    2    4    1    0       919   -9    5   -9    1    2   -8  -16    0   -5    7    5    2    4    9   -2  -15   -8    9
    1    5   15    1    1    3    1    1      1012   -2    9  -13    8   15    5    1   13   -5   -9   -3  -10  -14    4   -9   -4   15   -8
    1    6    1    1    1    5    3    0      1077   -2    5  -11    8   17    5    4   14   -4  -12   -9   -2  -10    1    1   -2   16  -10
    1    6    2    1    2    3    2    1       844   -8    3  -11    1    1   -6   -8   -5   -7    8    4    2    1    8    6  -17   -5   11
    1    6    3    1    1    1    1    1       716   -1    8  -17   17   14    5    3   15   -4  -11   -3  -21  -11    2   -5   -1   13   -8
    1    6    4    1    1    4    2    0      2385   -4    5  -11   10    8   11    6    6   -7  -13   -5   -9   -8    1   -5   -5   15   -8
    1    6    5    1    1    2    1    1      1364   -2    8  -12    9   17    5    5   16   -5  -12   -4  -10   -4   -1   -6   -8    5  -10
    1    6    6    1    2    5    1    0       534  -10    3   -9   -2    3   -5  -13    5    0    9    5    6    2    7   -5   -7   -6   10
    1    6    7    1    3    1    3    1       755   12    9   -6   -6    8    6  -13   12   18  -13   -1   -3  -11    2   10   -9  -16   -3
    1    6    8    1    1    3    2    0       750   -2    9  -13    8   15    5    1   13   -5   -9   -3  -10  -14    4   -9   -4   15   -8
    1    6    9    1    3    3    3    1       666   12    8   -8   -9    7    4  -13   12   17  -13   -2   -2  -11    3   15  -21  -15   -2
    1    6   10    1    3    4    3    1       601    3   16   -7  -10    7    7  -20   14   17  -12   -8    2  -13    4   11  -14  -11    7
    1    6   11    1    2    1    1    0       634  -10    4   -9    1    3   -7  -12    2   -8    5    6    3    1   10   -2  -10   -7   11
    1    6   12    1    2    4    1    0      1026   -9    5   -9    1    2   -8  -16    0   -5    7    5    2    4    9   -2  -15   -8    9
    1    6   13    1    3    2    3    1       539   11   12   -4  -10    9    4  -15   12   16  -11   -2   -1  -12   -4   11  -11  -14   -3
    1    6   14    1    2    2    1    0       856    1   -6   -2   -5   12   -5  -11    3   -6    5    4    2    4   18   -3  -10  -10   10
    1    6   15    1    3    5    3    1       839   12    9   -5    0    9    5  -15   11   16  -13   -1   -6  -13    3    0   -8  -13   -2
    1    7    1    1    3    2    3    1       847   11   12   -4  -10    9    4  -15   12   16  -11   -2   -1  -12   -4   11  -11  -14   -3
    1    7    2    1    1    4    1    1       895   -4    5  -11   10    8   11    6    6   -7  -13   -5   -9   -8    1   -5   -5   15   -8
    1    7    3    1    2    4    2    1       661   -9    5   -9    1    2   -8  -16    0   -5    7    5    2    4    9   -2  -15   -8    9
    1    7    4    1    1    1    1    1       717   -1    8  -17   17   14    5    3   15   -4  -11   -3  -21  -11    2   -5   -1   13   -8
    1    7    5    1    3    5    3    1       722   12    9   -5    0    9    5  -15   11   16  -13   -1   -6  -13    3    0   -8  -13   -2
    1    7    6    1    2    5    1    0       606  -10    3   -9   -2    3   -5  -13    5    0    9    5    6    2    7   -5   -7   -6   10
    1    7    7    1    1    2    2    0      1072   -2    8  -12    9   17    5    5   16   -5  -12   -4  -10   -4   -1   -6   -8    5  -10
    1    7    8    1    3    1    3    1       439   12    9   -6   -6    8    6  -13   12   18  -13   -1   -3  -11    2   10   -9  -16   -3
    1    7    9    1    2    2    1    0       807    1   -6   -2   -5   12   -5  -11    3   -6    5    4    2    4   18   -3  -10  -10   10
    1    7   10    1    3    3    3    1       744   12    8   -8   -9    7    4  -13   12   17  -13   -2   -2  -11    3   15  -21  -15   -2
    1    7   11    1    1    3    1    1       933   -2    9  -13    8   15    5    1   13   -5   -9   -3  -10  -14    4   -9   -4   15   -8
    1    7   12    1    2    1    1    0       745  -10    4   -9    1    3   -7  -12    2   -8    5    6    3    1   10   -2  -10   -7   11
    1    7   13    1    2    3    1    0       997   -8    3  -11    1    1   -6   -8   -5   -7    8    4    2    1    8    6  -17   -5   11
    1    7   14    1    3    4    2    0       751    3   16   -7  -10    7    7  -20   14   17  -12   -8    2  -13    4   11  -14  -11    7
    1    7   15    1    1    5    1    1       722   -2    5  -11    8   17    5    4   14   -4  -12   -9   -2  -10    1    1   -2   16  -10
    1    8    1    1    1    5    1    1      1063   -2    5  -11    8   17    5    4   14   -4  -12   -9   -2  -10    1    1   -2   16  -10
    1    8    2    1    1    2    1    1       854   -2    8  -12    9   17    5    5   16   -5  -12   -4  -10   -4   -1   -6   -8    5  -10
    1    8    3    1    1    4    1    1      1102   -4    5  -11   10    8   11    6    6   -7  -13   -5   -9   -8    1   -5   -5   15   -8
    1    8    4    1    3    2    3    1       667   11   12   -4  -10    9    4  -15   12   16  -11   -2   -1  -12   -4   11  -11  -14   -3
    1    8    5    1    2    4    1    0       674   -9    5   -9    1    2   -8  -16    0   -5    7    5    2    4    9   -2  -15   -8    9
    1    8    6    1    3    1    3    1       641   12    9   -6   -6    8    6  -13   12   18  -13   -1   -3  -11    2   10   -9  -16   -3
    1    8    7    1    1    3    2    0       665   -2    9  -13    8   15    5    1   13   -5   -9   -3  -10  -14    4   -9   -4   15   -8
    1    8    8    1    1    1    1    1       656   -1    8  -17   17   14    5    3   15   -4  -11   -3  -21  -11    2   -5   -1   13   -8
    1    8    9    1    2    3    2    1      1136   -8    3  -11    1    1   -6   -8   -5   -7    8    4    2    1    8    6  -17   -5   11
    1    8   10    1    3    4    3    1       764    3   16   -7  -10    7    7  -20   14   17  -12   -8    2  -13    4   11  -14  -11    7
    1    8   11    1    2    1    1    0       687  -10    4   -9    1    3   -7  -12    2   -8    5    6    3    1   10   -2  -10   -7   11
    1    8   12    1    3    3    3    1       869   12    8   -8   -9    7    4  -13   12   17  -13   -2   -2  -11    3   15  -21  -15   -2
    1    8   13    1    3    5    3    1       724   12    9   -5    0    9    5  -15   11   16  -13   -1   -6  -13    3    0   -8  -13   -2
    1    8   14    1    2    2    2    1       977    1   -6   -2   -5   12   -5  -11    3   -6    5    4    2    4   18   -3  -10  -10   10
    1    8   15    1    2    5    1    0       516  -10    3   -9   -2    3   -5  -13    5    0    9    5    6    2    7   -5   -7   -6   10
    1    9    1    1    2    1    1    0      1192  -10    4   -9    1    3   -7  -12    2   -8    5    6    3    1   10   -2  -10   -7   11
    1    9    2    1    2    4    1    0       995   -9    5   -9    1    2   -8  -16    0   -5    7    5    2    4    9   -2  -15   -8    9
    1    9    3    1    2    3    2    1       541   -8    3  -11    1    1   -6   -8   -5   -7    8    4    2    1    8    6  -17   -5   11
    1    9    4    1    1    2    2    0       737   -2    8  -12    9   17    5    5   16   -5  -12   -4  -10   -4   -1   -6   -8    5  -10
    1    9    5    1    3    5    3    1       565   12    9   -5    0    9    5  -15   11   16  -13   -1   -6  -13    3    0   -8  -13   -2
    1    9    6    1    3    2    3    1       720   11   12   -4  -10    9    4  -15   12   16  -11   -2   -1  -12   -4   11  -11  -14   -3
    1    9    7    1    1    5    1    1       949   -2    5  -11    8   17    5    4   14   -4  -12   -9   -2  -10    1    1   -2   16  -10
    1    9    8    1    3    4    3    1       777    3   16   -7  -10    7    7  -20   14   17  -12   -8    2  -13    4   11  -14  -11    7
    1    9    9    1    1    3    2    0       940   -2    9  -13    8   15    5    1   13   -5   -9   -3  -10  -14    4   -9   -4   15   -8
    1    9   10    1    3    1    3    1       920   12    9   -6   -6    8    6  -13   12   18  -13   -1   -3  -11    2   10   -9  -16   -3
    1    9   11    1    2    5    1    0       821  -10    3   -9   -2    3   -5  -13    5    0    9    5    6    2    7   -5   -7   -6   10
    1    9   12    1    3    3    3    1       654   12    8   -8   -9    7    4  -13   12   17  -13   -2   -2  -11    3   15  -21  -15   -2
    1    9   13    1    2    2    2    1       805    1   -6   -2   -5   12   -5  -11    3   -6    5    4    2    4   18   -3  -10  -10   10
    1    9   14    1    1    4    1    1       815   -4    5  -11   10    8   11    6    6   -7  -13   -5   -9   -8    1   -5   -5   15   -8
    1    9   15    1    1    1    1    1       528   -1    8  -17   17   14    5    3   15   -4  -11   -3  -21  -11    2   -5   -1   13   -8
    1   10    1    1    3    3    3    1       957   12    8   -8   -9    7    4  -13   12   17  -13   -2   -2  -11    3   15  -21  -15   -2
    1   10    2    1    1    3    1    1      1336   -2    9  -13    8   15    5    1   13   -5   -9   -3  -10  -14    4   -9   -4   15   -8
    1   10    3    1    1    5    1    1      1140   -2    5  -11    8   17    5    4   14   -4  -12   -9   -2  -10    1    1   -2   16  -10
    1   10    4    1    2    1    1    0       729  -10    4   -9    1    3   -7  -12    2   -8    5    6    3    1   10   -2  -10   -7   11
    1   10    5    1    2    4    2    1       885   -9    5   -9    1    2   -8  -16    0   -5    7    5    2    4    9   -2  -15   -8    9
    1   10    6    1    2    2    2    1       812    1   -6   -2   -5   12   -5  -11    3   -6    5    4    2    4   18   -3  -10  -10   10
    1   10    7    1    1    2    2    0       957   -2    8  -12    9   17    5    5   16   -5  -12   -4  -10   -4   -1   -6   -8    5  -10
    1   10    8    1    3    5    3    1       841   12    9   -5    0    9    5  -15   11   16  -13   -1   -6  -13    3    0   -8  -13   -2
    1   10    9    1    1    1    2    0       713   -1    8  -17   17   14    5    3   15   -4  -11   -3  -21  -11    2   -5   -1   13   -8
    1   10   10    1    2    3    1    0       559   -8    3  -11    1    1   -6   -8   -5   -7    8    4    2    1    8    6  -17   -5   11
    1   10   11    1    1    4    1    1       634   -4    5  -11   10    8   11    6    6   -7  -13   -5   -9   -8    1   -5   -5   15   -8
    1   10   12    1    3    1    3    1       794   12    9   -6   -6    8    6  -13   12   18  -13   -1   -3  -11    2   10   -9  -16   -3
    1   10   13    1    2    5    2    1       957  -10    3   -9   -2    3   -5  -13    5    0    9    5    6    2    7   -5   -7   -6   10
    1   10   14    1    3    4    3    1       616    3   16   -7  -10    7    7  -20   14   17  -12   -8    2  -13    4   11  -14  -11    7
    1   10   15    1    3    2    3    1       657   11   12   -4  -10    9    4  -15   12   16  -11   -2   -1  -12   -4   11  -11  -14   -3
    1   11    1    1    2    4    1    0       632   -9    5   -9    1    2   -8  -16    0   -5    7    5    2    4    9   -2  -15   -8    9
    1   11    2    1    3    5    3    1       729   12    9   -5    0    9    5  -15   11   16  -13   -1   -6  -13    3    0   -8  -13   -2
    1   11    3    1    1    4    1    1      1406   -4    5  -11   10    8   11    6    6   -7  -13   -5   -9   -8    1   -5   -5   15   -8
    1   11    4    1    3    4    3    1       631    3   16   -7  -10    7    7  -20   14   17  -12   -8    2  -13    4   11  -14  -11    7
    1   11    5    1    1    5    1    1       543   -2    5  -11    8   17    5    4   14   -4  -12   -9   -2  -10    1    1   -2   16  -10
    1   11    6    1    2    2    2    1       924    1   -6   -2   -5   12   -5  -11    3   -6    5    4    2    4   18   -3  -10  -10   10
    1   11    7    1    2    3    2    1       672   -8    3  -11    1    1   -6   -8   -5   -7    8    4    2    1    8    6  -17   -5   11
    1   11    8    1    2    5    1    0      1095  -10    3   -9   -2    3   -5  -13    5    0    9    5    6    2    7   -5   -7   -6   10
    1   11    9    1    2    1    1    0       926  -10    4   -9    1    3   -7  -12    2   -8    5    6    3    1   10   -2  -10   -7   11
    1   11   10    1    3    1    3    1       555   12    9   -6   -6    8    6  -13   12   18  -13   -1   -3  -11    2   10   -9  -16   -3
    1   11   11    1    1    1    1    1       614   -1    8  -17   17   14    5    3   15   -4  -11   -3  -21  -11    2   -5   -1   13   -8
    1   11   12    1    3    2    2    0       919   11   12   -4  -10    9    4  -15   12   16  -11   -2   -1  -12   -4   11  -11  -14   -3
    1   11   13    1    1    2    2    0       652   -2    8  -12    9   17    5    5   16   -5  -12   -4  -10   -4   -1   -6   -8    5  -10
    1   11   14    1    3    3    3    1       747   12    8   -8   -9    7    4  -13   12   17  -13   -2   -2  -11    3   15  -21  -15   -2
    1   11   15    1    1    3    1    1      1095   -2    9  -13    8   15    5    1   13   -5   -9   -3  -10  -14    4   -9   -4   15   -8
    1   12    1    1    3    2    2    0       797   11   12   -4  -10    9    4  -15   12   16  -11   -2   -1  -12   -4   11  -11  -14   -3
    1   12    2    1    2    5    1    0       975  -10    3   -9   -2    3   -5  -13    5    0    9    5    6    2    7   -5   -7   -6   10
    1   12    3    1    1    2    1    1      1394   -2    8  -12    9   17    5    5   16   -5  -12   -4  -10   -4   -1   -6   -8    5  -10
    1   12    4    1    3    4    3    1       644    3   16   -7  -10    7    7  -20   14   17  -12   -8    2  -13    4   11  -14  -11    7
    1   12    5    1    2    1    1    0       828  -10    4   -9    1    3   -7  -12    2   -8    5    6    3    1   10   -2  -10   -7   11
    1   12    6    1    3    5    2    0       637   12    9   -5    0    9    5  -15   11   16  -13   -1   -6  -13    3    0   -8  -13   -2
    1   12    7    1    1    5    2    0       853   -2    5  -11    8   17    5    4   14   -4  -12   -9   -2  -10    1    1   -2   16  -10
    1   12    8    1    1    4    1    1       757   -4    5  -11   10    8   11    6    6   -7  -13   -5   -9   -8    1   -5   -5   15   -8
    1   12    9    1    3    3    3    1       688   12    8   -8   -9    7    4  -13   12   17  -13   -2   -2  -11    3   15  -21  -15   -2
    1   12   10    1    1    1    1    1       831   -1    8  -17   17   14    5    3   15   -4  -11   -3  -21  -11    2   -5   -1   13   -8
    1   12   11    1    1    3    1    1       967   -2    9  -13    8   15    5    1   13   -5   -9   -3  -10  -14    4   -9   -4   15   -8
    1   12   12    1    3    1    3    1      1458   12    9   -6   -6    8    6  -13   12   18  -13   -1   -3  -11    2   10   -9  -16   -3
    1   12   13    1    2    2    2    1       689    1   -6   -2   -5   12   -5  -11    3   -6    5    4    2    4   18   -3  -10  -10   10
    1   12   14    1    2    4    1    0      1071   -9    5   -9    1    2   -8  -16    0   -5    7    5    2    4    9   -2  -15   -8    9
    1   12   15    1    2    3    2    1       806   -8    3  -11    1    1   -6   -8   -5   -7    8    4    2    1    8    6  -17   -5   11
    1   13    1    1    3    2    3    1       776   11   12   -4  -10    9    4  -15   12   16  -11   -2   -1  -12   -4   11  -11  -14   -3
    1   13    2    1    1    3    1    1       779   -2    9  -13    8   15    5    1   13   -5   -9   -3  -10  -14    4   -9   -4   15   -8
    1   13    3    1    2    4    1    0       934   -9    5   -9    1    2   -8  -16    0   -5    7    5    2    4    9   -2  -15   -8    9
    1   13    4    1    1    1    1    1       986   -1    8  -17   17   14    5    3   15   -4  -11   -3  -21  -11    2   -5   -1   13   -8
    1   13    5    1    3    3    3    1       884   12    8   -8   -9    7    4  -13   12   17  -13   -2   -2  -11    3   15  -21  -15   -2
    1   13    6    1    3    1    3    1       930   12    9   -6   -6    8    6  -13   12   18  -13   -1   -3  -11    2   10   -9  -16   -3
    1   13    7    1    1    4    1    1      1063   -4    5  -11   10    8   11    6    6   -7  -13   -5   -9   -8    1   -5   -5   15   -8
    1   13    8    1    3    5    3    1       854   12    9   -5    0    9    5  -15   11   16  -13   -1   -6  -13    3    0   -8  -13   -2
    1   13    9    1    2    2    2    1       710    1   -6   -2   -5   12   -5  -11    3   -6    5    4    2    4   18   -3  -10  -10   10
    1   13   10    1    3    4    3    1       755    3   16   -7  -10    7    7  -20   14   17  -12   -8    2  -13    4   11  -14  -11    7
    1   13   11    1    2    5    1    0       783  -10    3   -9   -2    3   -5  -13    5    0    9    5    6    2    7   -5   -7   -6   10
    1   13   12    1    2    1    1    0       929  -10    4   -9    1    3   -7  -12    2   -8    5    6    3    1   10   -2  -10   -7   11
    1   13   13    1    1    5    1    1       870   -2    5  -11    8   17    5    4   14   -4  -12   -9   -2  -10    1    1   -2   16  -10
    1   13   14    1    2    3    2    1       821   -8    3  -11    1    1   -6   -8   -5   -7    8    4    2    1    8    6  -17   -5   11
    1   13   15    1    1    2    2    0       990   -2    8  -12    9   17    5    5   16   -5  -12   -4  -10   -4   -1   -6   -8    5  -10
    1   14    1    1    2    4    1    0       680   -9    5   -9    1    2   -8  -16    0   -5    7    5    2    4    9   -2  -15   -8    9
    1   14    2    1    2    5    2    1       318  -10    3   -9   -2    3   -5  -13    5    0    9    5    6    2    7   -5   -7   -6   10
    1   14    3    1    1    4    1    1       627   -4    5  -11   10    8   11    6    6   -7  -13   -5   -9   -8    1   -5   -5   15   -8
    1   14    4    1    2    1    1    0       780  -10    4   -9    1    3   -7  -12    2   -8    5    6    3    1   10   -2  -10   -7   11
    1   14    5    1    2    2    2    1      1166    1   -6   -2   -5   12   -5  -11    3   -6    5    4    2    4   18   -3  -10  -10   10
    1   14    6    1    3    5    2    0       505   12    9   -5    0    9    5  -15   11   16  -13   -1   -6  -13    3    0   -8  -13   -2
    1   14    7    1    1    3    1    1      1255   -2    9  -13    8   15    5    1   13   -5   -9   -3  -10  -14    4   -9   -4   15   -8
    1   14    8    1    3    3    3    1       758   12    8   -8   -9    7    4  -13   12   17  -13   -2   -2  -11    3   15  -21  -15   -2
    1   14    9    1    1    1    1    1      1258   -1    8  -17   17   14    5    3   15   -4  -11   -3  -21  -11    2   -5   -1   13   -8
    1   14   10    1    1    2    2    0       729   -2    8  -12    9   17    5    5   16   -5  -12   -4  -10   -4   -1   -6   -8    5  -10
    1   14   11    1    1    5    1    1       614   -2    5  -11    8   17    5    4   14   -4  -12   -9   -2  -10    1    1   -2   16  -10
    1   14   12    1    2    3    2    1       823   -8    3  -11    1    1   -6   -8   -5   -7    8    4    2    1    8    6  -17   -5   11
    1   14   13    1    3    2    3    1      1000   11   12   -4  -10    9    4  -15   12   16  -11   -2   -1  -12   -4   11  -11  -14   -3
    1   14   14    1    3    4    3    1       698    3   16   -7  -10    7    7  -20   14   17  -12   -8    2  -13    4   11  -14  -11    7
    1   14   15    1    3    1    3    1       935   12    9   -6   -6    8    6  -13   12   18  -13   -1   -3  -11    2   10   -9  -16   -3
    1   15    1    1    3    5    3    1       899   12    9   -5    0    9    5  -15   11   16  -13   -1   -6  -13    3    0   -8  -13   -2
    1   15    2    1    1    4    1    1       897   -4    5  -11   10    8   11    6    6   -7  -13   -5   -9   -8    1   -5   -5   15   -8
    1   15    3    1    2    2    2    1       574    1   -6   -2   -5   12   -5  -11    3   -6    5    4    2    4   18   -3  -10  -10   10
    1   15    4    1    3    2    1    0       690   11   12   -4  -10    9    4  -15   12   16  -11   -2   -1  -12   -4   11  -11  -14   -3
    1   15    5    1    2    1    1    0      2064  -10    4   -9    1    3   -7  -12    2   -8    5    6    3    1   10   -2  -10   -7   11
    1   15    6    1    1    2    1    1       623   -2    8  -12    9   17    5    5   16   -5  -12   -4  -10   -4   -1   -6   -8    5  -10
    1   15    7    1    3    3    3    1       623   12    8   -8   -9    7    4  -13   12   17  -13   -2   -2  -11    3   15  -21  -15   -2
    1   15    8    1    2    3    2    1      1048   -8    3  -11    1    1   -6   -8   -5   -7    8    4    2    1    8    6  -17   -5   11
    1   15    9    1    2    4    1    0      1576   -9    5   -9    1    2   -8  -16    0   -5    7    5    2    4    9   -2  -15   -8    9
    1   15   10    1    1    3    1    1       667   -2    9  -13    8   15    5    1   13   -5   -9   -3  -10  -14    4   -9   -4   15   -8
    1   15   11    1    3    4    3    1       770    3   16   -7  -10    7    7  -20   14   17  -12   -8    2  -13    4   11  -14  -11    7
    1   15   12    1    2    5    2    1       812  -10    3   -9   -2    3   -5  -13    5    0    9    5    6    2    7   -5   -7   -6   10
    1   15   13    1    1    5    1    1       822   -2    5  -11    8   17    5    4   14   -4  -12   -9   -2  -10    1    1   -2   16  -10
    1   15   14    1    1    1    1    1       639   -1    8  -17   17   14    5    3   15   -4  -11   -3  -21  -11    2   -5   -1   13   -8
    1   15   15    1    3    1    3    1       695   12    9   -6   -6    8    6  -13   12   18  -13   -1   -3  -11    2   10   -9  -16   -3
    2    1    1    4    2    2    1    0      1299  -11    3   -8   -2    4   -9  -12    6   -8    7    6    3    2    9    0  -17  -10   11
    2    1    2    6    0    0    1    0      1880   15    3   12   11   10   -4  -10   -8    5  -11   -1    9  -11   14   10    9    2  -11
    2    1    3    1    1    3    1    1       631   -2    9  -13    8   15    5    1   13   -5   -9   -3  -10  -14    4   -9   -4   15   -8
    2    1    4    2    3    0    1    0      1175   11   10   -6   -8    8    5  -14   12   16  -12   -2   -3  -12    3   10  -11  -14   -2
    2    1    5    4    3    2    2    1       962   12    9   -4   -7   13    6  -18    7   17  -12   -6   -6  -12    5   12  -13  -13   -3
    2    1    6    1    2    1    1    1       973  -10    4   -9    1    3   -7  -12    2   -8    5    6    3    1   10   -2  -10   -7   11
    2    1    7    1    3    5    1    1      1144   12    9   -5    0    9    5  -15   11   16  -13   -1   -6  -13    3    0   -8  -13   -2
    2    1    8    6    0    0    2    1       900   -9  -11    1    3   -7  -14    5  -13   14    0    7    0   10    0  -13    3   18   -7
    2    1    9    1    2    2    1    1      1266    1   -6   -2   -5   12   -5  -11    3   -6    5    4    2    4   18   -3  -10  -10   10
    2    1   10    4    1    5    2    1       873    6   16  -11    7   18    4    4   13   -7   -9   -1   -8    1   -5    5    1   16   -9
    2    1   11    4    2    1    2    1      2264  -11    3  -10   -2    2   -9  -13    4   -7   10    4    5    2    7   -2   -9   -9    9
    2    1   12    4    2    4    2    1      1047   -8    6  -10    0    4   -6   -3   -6   -4    6    6    5    0   10   -9   -8   -8   10
    2    1   13    2    2    0    1    0      1134   -9    4   -9    0    2   -7  -12    4   -7    6    5    4    2    8   -4   -8   -8   11
    2    1   14    1    1    5    1    1       859   -2    5  -11    8   17    5    4   14   -4  -12   -9   -2  -10    1    1   -2   16  -10
    2    1   15    4    1    3    1    0      1554   -3    7  -14    8   18    3    5   15   -2  -10   -5  -11   -8   -2   -5   -7   14   -9
    2    1   16    4    1    1    2    1      1358    1    8  -13    7   15    5    3   13  -10  -14   -2  -13  -11   -2   -6   -6   15  -10
    2    1   17    6    0    0    2    1       921   -4    2   12   16   13   11   17    6  -16   13  -11   -8    7    1   10   -6   -5   -4
    2    1   18    4    3    3    1    0       838   10   11   -6   -9    9    4  -13   14   16  -10   -3   -4  -13    3    9  -13  -14  -10
    2    1   19    6    0    0    2    1       855   11    0    4   16   12   -2  -12   -7    6  -15    2    7  -11   17   12    9    4  -11
    2    1   20    1    2    5    1    1       982  -10    3   -9   -2    3   -5  -13    5    0    9    5    6    2    7   -5   -7   -6   10
    2    1   21    4    2    5    2    1       856   -7   11  -11   -1    1   -7   -4    0   -5    6    5    5   11   13   -3   -7   -9   13
    2    1   22    4    1    2    2    1      1968   -1    6  -13    9   14    6    4   14   -1  -19   -3  -11   -9    1   -4   -7   14   -8
    2    1   23    1    3    2    2    0      1587   11   12   -4  -10    9    4  -15   12   16  -11   -2   -1  -12   -4   11  -11  -14   -3
    2    1   24    1    3    4    2    0      1053    3   16   -7  -10    7    7  -20   14   17  -12   -8    2  -13    4   11  -14  -11    7
    2    1   25    1    1    1    1    1      1133   -1    8  -17   17   14    5    3   15   -4  -11   -3  -21  -11    2   -5   -1   13   -8
    2    1   26    6    0    0    2    1       761   -7    5   13   23   11    8   10    0   -6   20  -11   -8    3    4   10   -4   -8   -6
    2    1   27    1    1    2    2    0      1525   -2    8  -12    9   17    5    5   16   -5  -12   -4  -10   -4   -1   -6   -8    5  -10
    2    1   28    4    3    5    2    1       858   12    9  -10  -11    2   10  -12   10   18  -11    1   -3   -2   10   10  -10  -16   -2
    2    1   29    1    1    4    1    1       865   -4    5  -11   10    8   11    6    6   -7  -13   -5   -9   -8    1   -5   -5   15   -8
    2    1   30    4    3    1    2    1       792   16   15   -5   -7   -1    0  -22    2   14  -10   -3   -3  -10    5    9  -11  -16   -2
    2    1   31    1    2    4    1    1      1146   -9    5   -9    1    2   -8  -16    0   -5    7    5    2    4    9   -2  -15   -8    9
    2    1   32    1    3    1    1    1      1263   12    9   -6   -6    8    6  -13   12   18  -13   -1   -3  -11    2   10   -9  -16   -3
    2    1   33    1    3    3    1    1       598   12    8   -8   -9    7    4  -13   12   17  -13   -2   -2  -11    3   15  -21  -15   -2
    2    1   34    4    2    3    2    1       720  -11    5   -7    7    4   -6  -13    4  -10    3    5    6    0    5  -12  -10   -7   11
    2    1   35    4    1    4    2    1       909   -2   12  -13    7   15    5    4   14    3   -1   -3  -10   -8   -2   -9   -9   15  -10
    2    1   36    1    2    3    2    0       906   -8    3  -11    1    1   -6   -8   -5   -7    8    4    2    1    8    6  -17   -5   11
    2    1   37    4    3    4    2    1      1408   14   15   -7   -9    8    7  -13   13   18  -11    3   -8  -10    3    9   -9  -14   -3
    2    1   38    2    1    0    2    1       697   -2    7  -12    8   16    5    3   14   -6  -10   -4  -11   -9    0   -5   -6   15   -9
    2    1   39    6    0    0    2    1       815   -7  -11    2    0   -6  -13    5  -13    2   -3   10   -9   12    0  -12    0   17   -8
