    1    1    1    1    3    5    3    1      7082    1    7    7    8   13    8    3  -14   14   -3  -12   -4   -7  -11   -5   14    7   -3
    1    1    2    1    2    4    2    1      2101    6    4   -7    6   -2    5   -5    4    6   13    0   -6    9   -9    1    4   -9   -1
    1    1    3    1    3    1    1    0      3346    4    9   11   12    6   12    3  -13   13   -3  -13   -3   -5  -11   -7   12    9   -6
    1    1    4    1    3    2    3    1      2013    6   10    5    3   10    8    6  -15   17   -4  -13   -5  -14  -14   -7   13   10   -1
    1    1    5    1    1    5    1    1      1806   -7   10   15  -14   13   16  -12    5    9    8   -3   -4   12    8    8   15    3    0
    1    1    6    1    2    1    2    1      1687    6    4  -12    9    0    4   -3    3    8   11   -2   -7   11   -8    2    1   -8   -3
    1    1    7    1    1    2    1    1      1557   -5    7    7   -6   13   14  -11    3    9    8    6    0   13    8   15    9    5   10
    1    1    8    1    2    5    2    1      1320    6    6   -9    6   -4    1   -3    5    7   11    0   -5   16   -1    3    1   -7   -4
    1    1    9    1    1    1    1    1       789   -7    9    2   -1   11   12  -12    3   10    7    7    4   15   11    8   12    1    3
    1    1   10    1    2    2    2    1      1799    6    4   -8    3    0    6   -6    4   11   22   -2   -6   15   -6    4    2   -4   -4
    1    1   11    1    3    3    3    1       848    6    9   10    9   -1   19   10  -16   24  -13  -11   -9   -6  -10   -8   12    7   -4
    1    1   12    1    1    4    1    1      1647   -6    6   10   -6   10   14   -5   10    1    8    6    0    9    9   18    8    2    1
    1    1   13    1    2    3    1    0       783    8    5  -19    8    1    6   -2    5    5   12   -5    0    7   -8    4    3   -6   -4
    1    1   14    1    3    4    3    1      1296    4   10   12    7   13    9    0  -12   14   -4  -15   -5   -8  -10   -7   14   10   -5
    1    1   15    1    1    3    1    1      4446  -10    6    9   -5   10   13  -12    3   10    7    3    1   12   10   11   15    5    0
    1    2    1    1    3    3    3    1      1389    6    9   10    9   -1   19   10  -16   24  -13  -11   -9   -6  -10   -8   12    7   -4
    1    2    2    1    2    2    2    1      1591    6    4   -8    3    0    6   -6    4   11   22   -2   -6   15   -6    4    2   -4   -4
    1    2    3    1    1    2    1    1      1785   -5    7    7   -6   13   14  -11    3    9    8    6    0   13    8   15    9    5   10
    1    2    4    1    3    4    1    0      1283    4   10   12    7   13    9    0  -12   14   -4  -15   -5   -8  -10   -7   14   10   -5
    1    2    5    1    3    2    3    1       640    6   10    5    3   10    8    6  -15   17   -4  -13   -5  -14  -14   -7   13   10   -1
    1    2    6    1    1    5    2    0      1433   -7   10   15  -14   13   16  -12    5    9    8   -3   -4   12    8    8   15    3    0
    1    2    7    1    1    4    2    0      3297   -6    6   10   -6   10   14   -5   10    1    8    6    0    9    9   18    8    2    1
    1    2    8    1    2    4    1    0      2254    6    4   -7    6   -2    5   -5    4    6   13    0   -6    9   -9    1    4   -9   -1
    1    2    9    1    1    3    1    1      2725  -10    6    9   -5   10   13  -12    3   10    7    3    1   12   10   11   15    5    0
    1    2   10    1    3    5    3    1       953    1    7    7    8   13    8    3  -14   14   -3  -12   -4   -7  -11   -5   14    7   -3
    1    2   11    1    2    1    1    0      2245    6    4  -12    9    0    4   -3    3    8   11   -2   -7   11   -8    2    1   -8   -3
    1    2   12    1    2    5    2    1      3404    6    6   -9    6   -4    1   -3    5    7   11    0   -5   16   -1    3    1   -7   -4
    1    2   13    1    2    3    2    1      2437    8    5  -19    8    1    6   -2    5    5   12   -5    0    7   -8    4    3   -6   -4
    1    2   14    1    1    1    1    1      1477   -7    9    2   -1   11   12  -12    3   10    7    7    4   15   11    8   12    1    3
    1    2   15    1    3    1    3    1       875    4    9   11   12    6   12    3  -13   13   -3  -13   -3   -5  -11   -7   12    9   -6
    1    3    1    1    2    3    1    0      1705    8    5  -19    8    1    6   -2    5    5   12   -5    0    7   -8    4    3   -6   -4
    1    3    2    1    3    3    3    1      1463    6    9   10    9   -1   19   10  -16   24  -13  -11   -9   -6  -10   -8   12    7   -4
    1    3    3    1    1    4    1    1      2061   -6    6   10   -6   10   14   -5   10    1    8    6    0    9    9   18    8    2    1
    1    3    4    1    2    1    2    1      2396    6    4  -12    9    0    4   -3    3    8   11   -2   -7   11   -8    2    1   -8   -3
    1    3    5    1    1    3    1    1      1261  -10    6    9   -5   10   13  -12    3   10    7    3    1   12   10   11   15    5    0
    1    3    6    1    1    5    1    1      1804   -7   10   15  -14   13   16  -12    5    9    8   -3   -4   12    8    8   15    3    0
    1    3    7    1    2    5    2    1      2101    6    6   -9    6   -4    1   -3    5    7   11    0   -5   16   -1    3    1   -7   -4
    1    3    8    1    2    2    2    1      2770    6    4   -8    3    0    6   -6    4   11   22   -2   -6   15   -6    4    2   -4   -4
    1    3    9    1    1    2    1    1      7077   -5    7    7   -6   13   14  -11    3    9    8    6    0   13    8   15    9    5   10
    1    3   10    1    3    2    3    1       891    6   10    5    3   10    8    6  -15   17   -4  -13   -5  -14  -14   -7   13   10   -1
    1    3   11    1    3    4    3    1       648    4   10   12    7   13    9    0  -12   14   -4  -15   -5   -8  -10   -7   14   10   -5
    1    3   12    1    3    1    3    1       528    4    9   11   12    6   12    3  -13   13   -3  -13   -3   -5  -11   -7   12    9   -6
    1    3   13    1    2    4    2    1      1228    6    4   -7    6   -2    5   -5    4    6   13    0   -6    9   -9    1    4   -9   -1
    1    3   14    1    3    5    3    1       716    1    7    7    8   13    8    3  -14   14   -3  -12   -4   -7  -11   -5   14    7   -3
    1    3   15    1    1    1    1    1      1024   -7    9    2   -1   11   12  -12    3   10    7    7    4   15   11    8   12    1    3
    1    4    1    1    3    5    3    1       729    1    7    7    8   13    8    3  -14   14   -3  -12   -4   -7  -11   -5   14    7   -3
    1    4    2    1    3    2    3    1       685    6   10    5    3   10    8    6  -15   17   -4  -13   -5  -14  -14   -7   13   10   -1
    1    4    3    1    2    5    2    1      2163    6    6   -9    6   -4    1   -3    5    7   11    0   -5   16   -1    3    1   -7   -4
    1    4    4    1    2    3    2    1      2653    8    5  -19    8    1    6   -2    5    5   12   -5    0    7   -8    4    3   -6   -4
    1    4    5    1    2    2    2    1      2228    6    4   -8    3    0    6   -6    4   11   22   -2   -6   15   -6    4    2   -4   -4
    1    4    6    1    2    1    2    1      1468    6    4  -12    9    0    4   -3    3    8   11   -2   -7   11   -8    2    1   -8   -3
    1    4    7    1    3    3    2    0      1347    6    9   10    9   -1   19   10  -16   24  -13  -11   -9   -6  -10   -8   12    7   -4
    1    4    8    1    1    4    1    1      2878   -6    6   10   -6   10   14   -5   10    1    8    6    0    9    9   18    8    2    1
    1    4    9    1    1    3    1    1      1100  -10    6    9   -5   10   13  -12    3   10    7    3    1   12   10   11   15    5    0
    1    4   10    1    1    2    2    0      3473   -5    7    7   -6   13   14  -11    3    9    8    6    0   13    8   15    9    5   10
    1    4   11    1    1    5    1    1      1096   -7   10   15  -14   13   16  -12    5    9    8   -3   -4   12    8    8   15    3    0
    1    4   12    1    3    1    3    1       925    4    9   11   12    6   12    3  -13   13   -3  -13   -3   -5  -11   -7   12    9   -6
    1    4   13    1    2    4    2    1      2474    6    4   -7    6   -2    5   -5    4    6   13    0   -6    9   -9    1    4   -9   -1
    1    4   14    1    3    4    3    1       792    4   10   12    7   13    9    0  -12   14   -4  -15   -5   -8  -10   -7   14   10   -5
    1    4   15    1    1    1    1    1       922   -7    9    2   -1   11   12  -12    3   10    7    7    4   15   11    8   12    1    3
    1    5    1    1    3    5    3    1       775    1    7    7    8   13    8    3  -14   14   -3  -12   -4   -7  -11   -5   14    7   -3
    1    5    2    1    3    3    3    1      1481    6    9   10    9   -1   19   10  -16   24  -13  -11   -9   -6  -10   -8   12    7   -4
    1    5    3    1    2    2    2    1      1423    6    4   -8    3    0    6   -6    4   11   22   -2   -6   15   -6    4    2   -4   -4
    1    5    4    1    1    3    1    1       904  -10    6    9   -5   10   13  -12    3   10    7    3    1   12   10   11   15    5    0
    1    5    5    1    2    5    2    1       933    6    6   -9    6   -4    1   -3    5    7   11    0   -5   16   -1    3    1   -7   -4
    1    5    6    1    2    4    2    1       897    6    4   -7    6   -2    5   -5    4    6   13    0   -6    9   -9    1    4   -9   -1
    1    5    7    1    1    4    1    1       718   -6    6   10   -6   10   14   -5   10    1    8    6    0    9    9   18    8    2    1
    1    5    8    1    3    4    3    1       867    4   10   12    7   13    9    0  -12   14   -4  -15   -5   -8  -10   -7   14   10   -5
    1    5    9    1    1    5    2    0       946   -7   10   15  -14   13   16  -12    5    9    8   -3   -4   12    8    8   15    3    0
    1    5   10    1    1    2    2    0      2973   -5    7    7   -6   13   14  -11    3    9    8    6    0   13    8   15    9    5   10
    1    5   11    1    2    3    2    1       935    8    5  -19    8    1    6   -2    5    5   12   -5    0    7   -8    4    3   -6   -4
    1    5   12    1    3    2    3    1       787    6   10    5    3   10    8    6  -15   17   -4  -13   -5  -14  -14   -7   13   10   -1
    1    5   13    1    2    1    2    1      1653    6    4  -12    9    0    4   -3    3    8   11   -2   -7   11   -8    2    1   -8   -3
    1    5   14    1    1    1    1    1       868   -7    9    2   -1   11   12  -12    3   10    7    7    4   15   11    8   12    1    3
    1    5   15    1    3    1    3    1       739    4    9   11   12    6   12    3  -13   13   -3  -13   -3   -5  -11   -7   12    9   -6
    1    6    1    1    1    2    2    0      7847   -5    7    7   -6   13   14  -11    3    9    8    6    0   13    8   15    9    5   10
    1    6    2    1    2    2    2    1      2542    6    4   -8    3    0    6   -6    4   11   22   -2   -6   15   -6    4    2   -4   -4
    1    6    3    1    2    4    2    1       938    6    4   -7    6   -2    5   -5    4    6   13    0   -6    9   -9    1    4   -9   -1
    1    6    4    1    3    2    3    1      1094    6   10    5    3   10    8    6  -15   17   -4  -13   -5  -14  -14   -7   13   10   -1
    1    6    5    1    1    3    1    1       715  -10    6    9   -5   10   13  -12    3   10    7    3    1   12   10   11   15    5    0
    1    6    6    1    2    3    2    1      2000    8    5  -19    8    1    6   -2    5    5   12   -5    0    7   -8    4    3   -6   -4
    1    6    7    1    2    1    2    1      1345    6    4  -12    9    0    4   -3    3    8   11   -2   -7   11   -8    2    1   -8   -3
    1    6    8    1    1    5    2    0      1116   -7   10   15  -14   13   16  -12    5    9    8   -3   -4   12    8    8   15    3    0
    1    6    9    1    1    4    1    1      1169   -6    6   10   -6   10   14   -5   10    1    8    6    0    9    9   18    8    2    1
    1    6   10    1    3    3    3    1      1539    6    9   10    9   -1   19   10  -16   24  -13  -11   -9   -6  -10   -8   12    7   -4
    1    6   11    1    3    5    3    1       791    1    7    7    8   13    8    3  -14   14   -3  -12   -4   -7  -11   -5   14    7   -3
    1    6   12    1    3    1    3    1       633    4    9   11   12    6   12    3  -13   13   -3  -13   -3   -5  -11   -7   12    9   -6
    1    6   13    1    3    4    3    1       593    4   10   12    7   13    9    0  -12   14   -4  -15   -5   -8  -10   -7   14   10   -5
    1    6   14    1    1    1    1    1      2042   -7    9    2   -1   11   12  -12    3   10    7    7    4   15   11    8   12    1    3
    1    6   15    1    2    5    1    0      2922    6    6   -9    6   -4    1   -3    5    7   11    0   -5   16   -1    3    1   -7   -4
    1    7    1    1    1    1    1    1      2678   -7    9    2   -1   11   12  -12    3   10    7    7    4   15   11    8   12    1    3
    1    7    2    1    3    4    3    1       924    4   10   12    7   13    9    0  -12   14   -4  -15   -5   -8  -10   -7   14   10   -5
    1    7    3    1    3    2    3    1      1849    6   10    5    3   10    8    6  -15   17   -4  -13   -5  -14  -14   -7   13   10   -1
    1    7    4    1    2    1    2    1      2112    6    4  -12    9    0    4   -3    3    8   11   -2   -7   11   -8    2    1   -8   -3
    1    7    5    1    3    3    3    1       844    6    9   10    9   -1   19   10  -16   24  -13  -11   -9   -6  -10   -8   12    7   -4
    1    7    6    1    1    4    1    1      1164   -6    6   10   -6   10   14   -5   10    1    8    6    0    9    9   18    8    2    1
    1    7    7    1    2    4    2    1      1198    6    4   -7    6   -2    5   -5    4    6   13    0   -6    9   -9    1    4   -9   -1
    1    7    8    1    1    2    1    1      2048   -5    7    7   -6   13   14  -11    3    9    8    6    0   13    8   15    9    5   10
    1    7    9    1    2    3    2    1       831    8    5  -19    8    1    6   -2    5    5   12   -5    0    7   -8    4    3   -6   -4
    1    7   10    1    2    2    2    1       895    6    4   -8    3    0    6   -6    4   11   22   -2   -6   15   -6    4    2   -4   -4
    1    7   11    1    1    5    2    0      1596   -7   10   15  -14   13   16  -12    5    9    8   -3   -4   12    8    8   15    3    0
    1    7   12    1    2    5    2    1      3117    6    6   -9    6   -4    1   -3    5    7   11    0   -5   16   -1    3    1   -7   -4
    1    7   13    1    3    5    3    1       594    1    7    7    8   13    8    3  -14   14   -3  -12   -4   -7  -11   -5   14    7   -3
    1    7   14    1    3    1    3    1       667    4    9   11   12    6   12    3  -13   13   -3  -13   -3   -5  -11   -7   12    9   -6
    1    7   15    1    1    3    1    1       770  -10    6    9   -5   10   13  -12    3   10    7    3    1   12   10   11   15    5    0
    1    8    1    1    3    5    3    1       756    1    7    7    8   13    8    3  -14   14   -3  -12   -4   -7  -11   -5   14    7   -3
    1    8    2    1    3    2    3    1       584    6   10    5    3   10    8    6  -15   17   -4  -13   -5  -14  -14   -7   13   10   -1
    1    8    3    1    1    1    1    1      1009   -7    9    2   -1   11   12  -12    3   10    7    7    4   15   11    8   12    1    3
    1    8    4    1    2    1    2    1       986    6    4  -12    9    0    4   -3    3    8   11   -2   -7   11   -8    2    1   -8   -3
    1    8    5    1    1    5    1    1      1492   -7   10   15  -14   13   16  -12    5    9    8   -3   -4   12    8    8   15    3    0
    1    8    6    1    1    4    1    1      1258   -6    6   10   -6   10   14   -5   10    1    8    6    0    9    9   18    8    2    1
    1    8    7    1    1    2    1    1      2089   -5    7    7   -6   13   14  -11    3    9    8    6    0   13    8   15    9    5   10
    1    8    8    1    2    2    3    0      1351    6    4   -8    3    0    6   -6    4   11   22   -2   -6   15   -6    4    2   -4   -4
    1    8    9    1    3    1    3    1       707    4    9   11   12    6   12    3  -13   13   -3  -13   -3   -5  -11   -7   12    9   -6
    1    8   10    1    3    3    3    1       888    6    9   10    9   -1   19   10  -16   24  -13  -11   -9   -6  -10   -8   12    7   -4
    1    8   11    1    2    4    2    1      1718    6    4   -7    6   -2    5   -5    4    6   13    0   -6    9   -9    1    4   -9   -1
    1    8   12    1    2    3    2    1      1218    8    5  -19    8    1    6   -2    5    5   12   -5    0    7   -8    4    3   -6   -4
    1    8   13    1    2    5    2    1      1651    6    6   -9    6   -4    1   -3    5    7   11    0   -5   16   -1    3    1   -7   -4
    1    8   14    1    1    3    1    1      1154  -10    6    9   -5   10   13  -12    3   10    7    3    1   12   10   11   15    5    0
    1    8   15    1    3    4    3    1       437    4   10   12    7   13    9    0  -12   14   -4  -15   -5   -8  -10   -7   14   10   -5
    1    9    1    1    1    3    1    1      1397  -10    6    9   -5   10   13  -12    3   10    7    3    1   12   10   11   15    5    0
    1    9    2    1    3    5    3    1       767    1    7    7    8   13    8    3  -14   14   -3  -12   -4   -7  -11   -5   14    7   -3
    1    9    3    1    1    2    2    0      1889   -5    7    7   -6   13   14  -11    3    9    8    6    0   13    8   15    9    5   10
    1    9    4    1    1    5    1    1      1207   -7   10   15  -14   13   16  -12    5    9    8   -3   -4   12    8    8   15    3    0
    1    9    5    1    1    1    1    1      1208   -7    9    2   -1   11   12  -12    3   10    7    7    4   15   11    8   12    1    3
    1    9    6    1    2    5    2    1      2458    6    6   -9    6   -4    1   -3    5    7   11    0   -5   16   -1    3    1   -7   -4
    1    9    7    1    3    4    3    1       713    4   10   12    7   13    9    0  -12   14   -4  -15   -5   -8  -10   -7   14   10   -5
    1    9    8    1    3    1    3    1       542    4    9   11   12    6   12    3  -13   13   -3  -13   -3   -5  -11   -7   12    9   -6
    1    9    9    1    2    1    2    1      2105    6    4  -12    9    0    4   -3    3    8   11   -2   -7   11   -8    2    1   -8   -3
    1    9   10    1    3    3    3    1       871    6    9   10    9   -1   19   10  -16   24  -13  -11   -9   -6  -10   -8   12    7   -4
    1    9   11    1    1    4    1    1      1765   -6    6   10   -6   10   14   -5   10    1    8    6    0    9    9   18    8    2    1
    1    9   12    1    2    3    2    1      2208    8    5  -19    8    1    6   -2    5    5   12   -5    0    7   -8    4    3   -6   -4
    1    9   13    1    2    4    2    1      2281    6    4   -7    6   -2    5   -5    4    6   13    0   -6    9   -9    1    4   -9   -1
    1    9   14    1    3    2    3    1       815    6   10    5    3   10    8    6  -15   17   -4  -13   -5  -14  -14   -7   13   10   -1
    1    9   15    1    2    2    2    1      1151    6    4   -8    3    0    6   -6    4   11   22   -2   -6   15   -6    4    2   -4   -4
    1   10    1    1    1    4    1    1       995   -6    6   10   -6   10   14   -5   10    1    8    6    0    9    9   18    8    2    1
    1   10    2    1    3    1    3    1       780    4    9   11   12    6   12    3  -13   13   -3  -13   -3   -5  -11   -7   12    9   -6
    1   10    3    1    3    4    3    1       654    4   10   12    7   13    9    0  -12   14   -4  -15   -5   -8  -10   -7   14   10   -5
    1   10    4    1    2    2    2    1      2565    6    4   -8    3    0    6   -6    4   11   22   -2   -6   15   -6    4    2   -4   -4
    1   10    5    1    2    5    2    1      2240    6    6   -9    6   -4    1   -3    5    7   11    0   -5   16   -1    3    1   -7   -4
    1   10    6    1    2    4    2    1      1208    6    4   -7    6   -2    5   -5    4    6   13    0   -6    9   -9    1    4   -9   -1
    1   10    7    1    3    2    3    1       617    6   10    5    3   10    8    6  -15   17   -4  -13   -5  -14  -14   -7   13   10   -1
    1   10    8    1    3    3    3    1       786    6    9   10    9   -1   19   10  -16   24  -13  -11   -9   -6  -10   -8   12    7   -4
    1   10    9    1    1    2    1    1      2483   -5    7    7   -6   13   14  -11    3    9    8    6    0   13    8   15    9    5   10
    1   10   10    1    3    5    3    1       721    1    7    7    8   13    8    3  -14   14   -3  -12   -4   -7  -11   -5   14    7   -3
    1   10   11    1    2    1    2    1      1718    6    4  -12    9    0    4   -3    3    8   11   -2   -7   11   -8    2    1   -8   -3
    1   10   12    1    2    3    2    1      2178    8    5  -19    8    1    6   -2    5    5   12   -5    0    7   -8    4    3   -6   -4
    1   10   13    1    1    5    1    1      1020   -7   10   15  -14   13   16  -12    5    9    8   -3   -4   12    8    8   15    3    0
    1   10   14    1    1    3    1    1       757  -10    6    9   -5   10   13  -12    3   10    7    3    1   12   10   11   15    5    0
    1   10   15    1    1    1    1    1       744   -7    9    2   -1   11   12  -12    3   10    7    7    4   15   11    8   12    1    3
    1   11    1    1    1    1    1    1       443   -7    9    2   -1   11   12  -12    3   10    7    7    4   15   11    8   12    1    3
    1   11    2    1    3    4    3    1       603    4   10   12    7   13    9    0  -12   14   -4  -15   -5   -8  -10   -7   14   10   -5
    1   11    3    1    1    2    1    1      1156   -5    7    7   -6   13   14  -11    3    9    8    6    0   13    8   15    9    5   10
    1   11    4    1    3    1    3    1       551    4    9   11   12    6   12    3  -13   13   -3  -13   -3   -5  -11   -7   12    9   -6
    1   11    5    1    2    4    2    1      1234    6    4   -7    6   -2    5   -5    4    6   13    0   -6    9   -9    1    4   -9   -1
    1   11    6    1    3    5    3    1       595    1    7    7    8   13    8    3  -14   14   -3  -12   -4   -7  -11   -5   14    7   -3
    1   11    7    1    2    2    2    1      1436    6    4   -8    3    0    6   -6    4   11   22   -2   -6   15   -6    4    2   -4   -4
    1   11    8    1    3    3    3    1       644    6    9   10    9   -1   19   10  -16   24  -13  -11   -9   -6  -10   -8   12    7   -4
    1   11    9    1    1    5    1    1      1019   -7   10   15  -14   13   16  -12    5    9    8   -3   -4   12    8    8   15    3    0
    1   11   10    1    2    5    2    1      1684    6    6   -9    6   -4    1   -3    5    7   11    0   -5   16   -1    3    1   -7   -4
    1   11   11    1    2    1    2    1      1697    6    4  -12    9    0    4   -3    3    8   11   -2   -7   11   -8    2    1   -8   -3
    1   11   12    1    1    3    1    1       703  -10    6    9   -5   10   13  -12    3   10    7    3    1   12   10   11   15    5    0
    1   11   13    1    2    3    2    1      2372    8    5  -19    8    1    6   -2    5    5   12   -5    0    7   -8    4    3   -6   -4
    1   11   14    1    1    4    1    1       663   -6    6   10   -6   10   14   -5   10    1    8    6    0    9    9   18    8    2    1
    1   11   15    1    3    2    3    1       605    6   10    5    3   10    8    6  -15   17   -4  -13   -5  -14  -14   -7   13   10   -1
    1   12    1    1    2    5    2    1      1686    6    6   -9    6   -4    1   -3    5    7   11    0   -5   16   -1    3    1   -7   -4
    1   12    2    1    2    1    2    1      1140    6    4  -12    9    0    4   -3    3    8   11   -2   -7   11   -8    2    1   -8   -3
    1   12    3    1    3    5    3    1       648    1    7    7    8   13    8    3  -14   14   -3  -12   -4   -7  -11   -5   14    7   -3
    1   12    4    1    3    1    3    1       560    4    9   11   12    6   12    3  -13   13   -3  -13   -3   -5  -11   -7   12    9   -6
    1   12    5    1    1    5    1    1       858   -7   10   15  -14   13   16  -12    5    9    8   -3   -4   12    8    8   15    3    0
    1   12    6    1    1    1    1    1       601   -7    9    2   -1   11   12  -12    3   10    7    7    4   15   11    8   12    1    3
    1   12    7    1    2    3    2    1      4099    8    5  -19    8    1    6   -2    5    5   12   -5    0    7   -8    4    3   -6   -4
    1   12    8    1    3    3    3    1       688    6    9   10    9   -1   19   10  -16   24  -13  -11   -9   -6  -10   -8   12    7   -4
    1   12    9    1    2    2    2    1      1238    6    4   -8    3    0    6   -6    4   11   22   -2   -6   15   -6    4    2   -4   -4
    1   12   10    1    3    4    3    1       678    4   10   12    7   13    9    0  -12   14   -4  -15   -5   -8  -10   -7   14   10   -5
    1   12   11    1    1    4    1    1       844   -6    6   10   -6   10   14   -5   10    1    8    6    0    9    9   18    8    2    1
    1   12   12    1    1    3    1    1       491  -10    6    9   -5   10   13  -12    3   10    7    3    1   12   10   11   15    5    0
    1   12   13    1    3    2    3    1       713    6   10    5    3   10    8    6  -15   17   -4  -13   -5  -14  -14   -7   13   10   -1
    1   12   14    1    2    4    2    1      1053    6    4   -7    6   -2    5   -5    4    6   13    0   -6    9   -9    1    4   -9   -1
    1   12   15    1    1    2    1    1      1973   -5    7    7   -6   13   14  -11    3    9    8    6    0   13    8   15    9    5   10
    1   13    1    1    1    2    1    1       711   -5    7    7   -6   13   14  -11    3    9    8    6    0   13    8   15    9    5   10
    1   13    2    1    1    3    1    1      1004  -10    6    9   -5   10   13  -12    3   10    7    3    1   12   10   11   15    5    0
    1   13    3    1    3    3    3    1       837    6    9   10    9   -1   19   10  -16   24  -13  -11   -9   -6  -10   -8   12    7   -4
    1   13    4    1    2    1    2    1      1029    6    4  -12    9    0    4   -3    3    8   11   -2   -7   11   -8    2    1   -8   -3
    1   13    5    1    2    4    2    1       525    6    4   -7    6   -2    5   -5    4    6   13    0   -6    9   -9    1    4   -9   -1
    1   13    6    1    3    4    3    1       794    4   10   12    7   13    9    0  -12   14   -4  -15   -5   -8  -10   -7   14   10   -5
    1   13    7    1    2    5    2    1       875    6    6   -9    6   -4    1   -3    5    7   11    0   -5   16   -1    3    1   -7   -4
    1   13    8    1    1    1    1    1       986   -7    9    2   -1   11   12  -12    3   10    7    7    4   15   11    8   12    1    3
    1   13    9    1    1    5    1    1       675   -7   10   15  -14   13   16  -12    5    9    8   -3   -4   12    8    8   15    3    0
    1   13   10    1    1    4    1    1      1178   -6    6   10   -6   10   14   -5   10    1    8    6    0    9    9   18    8    2    1
    1   13   11    1    3    2    3    1       748    6   10    5    3   10    8    6  -15   17   -4  -13   -5  -14  -14   -7   13   10   -1
    1   13   12    1    2    2    2    1       815    6    4   -8    3    0    6   -6    4   11   22   -2   -6   15   -6    4    2   -4   -4
    1   13   13    1    3    1    3    1       592    4    9   11   12    6   12    3  -13   13   -3  -13   -3   -5  -11   -7   12    9   -6
    1   13   14    1    3    5    3    1       490    1    7    7    8   13    8    3  -14   14   -3  -12   -4   -7  -11   -5   14    7   -3
    1   13   15    1    2    3    2    1       952    8    5  -19    8    1    6   -2    5    5   12   -5    0    7   -8    4    3   -6   -4
    1   14    1    1    2    2    2    1       819    6    4   -8    3    0    6   -6    4   11   22   -2   -6   15   -6    4    2   -4   -4
    1   14    2    1    1    3    1    1       628  -10    6    9   -5   10   13  -12    3   10    7    3    1   12   10   11   15    5    0
    1   14    3    1    2    3    2    1      5691    8    5  -19    8    1    6   -2    5    5   12   -5    0    7   -8    4    3   -6   -4
    1   14    4    1    3    3    3    1       713    6    9   10    9   -1   19   10  -16   24  -13  -11   -9   -6  -10   -8   12    7   -4
    1   14    5    1    1    5    1    1       702   -7   10   15  -14   13   16  -12    5    9    8   -3   -4   12    8    8   15    3    0
    1   14    6    1    1    4    1    1       739   -6    6   10   -6   10   14   -5   10    1    8    6    0    9    9   18    8    2    1
    1   14    7    1    3    2    3    1       727    6   10    5    3   10    8    6  -15   17   -4  -13   -5  -14  -14   -7   13   10   -1
    1   14    8    1    2    4    2    1      1435    6    4   -7    6   -2    5   -5    4    6   13    0   -6    9   -9    1    4   -9   -1
    1   14    9    1    2    1    2    1       643    6    4  -12    9    0    4   -3    3    8   11   -2   -7   11   -8    2    1   -8   -3
    1   14   10    1    2    5    2    1      3082    6    6   -9    6   -4    1   -3    5    7   11    0   -5   16   -1    3    1   -7   -4
    1   14   11    1    1    1    1    1      1040   -7    9    2   -1   11   12  -12    3   10    7    7    4   15   11    8   12    1    3
    1   14   12    1    3    5    3    1       664    1    7    7    8   13    8    3  -14   14   -3  -12   -4   -7  -11   -5   14    7   -3
    1   14   13    1    1    2    1    1      1215   -5    7    7   -6   13   14  -11    3    9    8    6    0   13    8   15    9    5   10
    1   14   14    1    3    4    3    1      1199    4   10   12    7   13    9    0  -12   14   -4  -15   -5   -8  -10   -7   14   10   -5
    1   14   15    1    3    1    3    1       705    4    9   11   12    6   12    3  -13   13   -3  -13   -3   -5  -11   -7   12    9   -6
    1   15    1    1    1    4    1    1      1158   -6    6   10   -6   10   14   -5   10    1    8    6    0    9    9   18    8    2    1
    1   15    2    1    1    5    1    1       777   -7   10   15  -14   13   16  -12    5    9    8   -3   -4   12    8    8   15    3    0
    1   15    3    1    2    4    2    1       811    6    4   -7    6   -2    5   -5    4    6   13    0   -6    9   -9    1    4   -9   -1
    1   15    4    1    2    5    2    1       684    6    6   -9    6   -4    1   -3    5    7   11    0   -5   16   -1    3    1   -7   -4
    1   15    5    1    2    2    2    1       737    6    4   -8    3    0    6   -6    4   11   22   -2   -6   15   -6    4    2   -4   -4
    1   15    6    1    3    2    3    1       613    6   10    5    3   10    8    6  -15   17   -4  -13   -5  -14  -14   -7   13   10   -1
    1   15    7    1    1    3    1    1       734  -10    6    9   -5   10   13  -12    3   10    7    3    1   12   10   11   15    5    0
    1   15    8    1    3    1    3    1       802    4    9   11   12    6   12    3  -13   13   -3  -13   -3   -5  -11   -7   12    9   -6
    1   15    9    1    2    3    2    1      2595    8    5  -19    8    1    6   -2    5    5   12   -5    0    7   -8    4    3   -6   -4
    1   15   10    1    3    5    3    1       685    1    7    7    8   13    8    3  -14   14   -3  -12   -4   -7  -11   -5   14    7   -3
    1   15   11    1    3    3    3    1      1331    6    9   10    9   -1   19   10  -16   24  -13  -11   -9   -6  -10   -8   12    7   -4
    1   15   12    1    2    1    2    1      1086    6    4  -12    9    0    4   -3    3    8   11   -2   -7   11   -8    2    1   -8   -3
    1   15   13    1    3    4    3    1       644    4   10   12    7   13    9    0  -12   14   -4  -15   -5   -8  -10   -7   14   10   -5
    1   15   14    1    1    1    1    1      1003   -7    9    2   -1   11   12  -12    3   10    7    7    4   15   11    8   12    1    3
    1   15   15    1    1    2    1    1       837   -5    7    7   -6   13   14  -11    3    9    8    6    0   13    8   15    9    5   10
    2    1    1    1    3    1    1    1      5732    4    9   11   12    6   12    3  -13   13   -3  -13   -3   -5  -11   -7   12    9   -6
    2    1    2    2    1    0    1    0      1808   -6    8    8   -5   12   14  -13    4   11    8    5    0   13    9   10   13    3    1
    2    1    3    2    3    0    1    0      4473    5   10   11   10    8   10    4  -15   15   -5  -13   -4   -6  -11   -6   13    8   -5
    2    1    4    1    1    5    1    1      1671   -7   10   15  -14   13   16  -12    5    9    8   -3   -4   12    8    8   15    3    0
    2    1    5    4    2    5    2    1      1366   10    9  -10    6    0    6   -3    4    9   11    1   -4    8   -8    0    0   -7   -1
    2    1    6    4    3    4    2    1       704    7    8   10   11   -1    0    2  -13   17   -5  -10    1    3   -9   -5    9    7   -6
    2    1    7    4    1    5    1    0      9350   -5    4    7   -5   12   13  -15    6   11    7    6   -1   14    7   10   12    3    0
    2    1    8    2    2    0    1    0      3409    7    4   -9    5    0    5   -4    4    7   12   -1   -5    9   -7    2    2   -7   -2
    2    1    9    1    2    4    1    1      1194    6    4   -7    6   -2    5   -5    4    6   13    0   -6    9   -9    1    4   -9   -1
    2    1   10    6    0    0    2    1      2507   -7   -1    5   15    0    3    3   -5   -4  -14   -6    5    5   -3   -7   11   11   15
    2    1   11    1    1    1    1    1       968   -7    9    2   -1   11   12  -12    3   10    7    7    4   15   11    8   12    1    3
    2    1   12    1    3    4    1    1      1331    4   10   12    7   13    9    0  -12   14   -4  -15   -5   -8  -10   -7   14   10   -5
    2    1   13    1    1    3    1    1      1103  -10    6    9   -5   10   13  -12    3   10    7    3    1   12   10   11   15    5    0
    2    1   14    1    2    3    1    1      4836    8    5  -19    8    1    6   -2    5    5   12   -5    0    7   -8    4    3   -6   -4
    2    1   15    4    2    4    2    1      2932    9    4  -10    4    4    3   -3    3    5   14   -2   -3   11  -12    2    9   -8   -2
    2    1   16    6    0    0    2    1       832   -3   -6    4    9   -7   -3   -4   -4   -5  -16   -6    4    2   -7   -7   13    9   15
    2    1   17    4    2    3    2    1       576    5    5   -8    6   -1    6   -2    8    4   14   -3   -6    8   -5    0    0   -9    0
    2    1   18    1    2    5    2    0      2010    6    6   -9    6   -4    1   -3    5    7   11    0   -5   16   -1    3    1   -7   -4
    2    1   19    6    0    0    2    1      1242    0   -7    5  -10    9   15   -5  -11    9   -4    5   -5   -6    2  -14   -6   16   -4
    2    1   20    4    3    1    1    0       986    5   11    9   12    7   10    3  -15   17   -5  -13   -5   -7  -13   -5   13   10   -7
    2    1   21    1    1    4    1    1      1636   -6    6   10   -6   10   14   -5   10    1    8    6    0    9    9   18    8    2    1
    2    1   22    1    3    2    1    1      1668    6   10    5    3   10    8    6  -15   17   -4  -13   -5  -14  -14   -7   13   10   -1
    2    1   23    1    3    5    1    1      4258    1    7    7    8   13    8    3  -14   14   -3  -12   -4   -7  -11   -5   14    7   -3
    2    1   24    1    1    2    1    1      1818   -5    7    7   -6   13   14  -11    3    9    8    6    0   13    8   15    9    5   10
    2    1   25    4    1    1    1    0      1634   -7   10   -2   -8   17   15  -14    5   12    6    7    5   12   10    9   12    2    2
    2    1   26    4    1    4    1    0      2082   -6    7    9   -3    7   20  -13    2   18    8    6   10   11    9    2   20    2    0
    2    1   27    4    3    2    2    1      1408    6    8    6   15    0    2    5  -16   15   -4  -13   -6  -14   -2   -8   23    7   -7
    2    1   28    1    2    2    1    1      2137    6    4   -8    3    0    6   -6    4   11   22   -2   -6   15   -6    4    2   -4   -4
    2    1   29    1    2    1    1    1      1397    6    4  -12    9    0    4   -3    3    8   11   -2   -7   11   -8    2    1   -8   -3
    2    1   30    4    3    5    2    1      1358    4    9   12    9    8   11    5  -17   16   -6   -5   -6   -5  -11   -5   14    6   -3
    2    1   31    4    3    3    2    1      4666    3   12   21   16    9   11    5  -16   14   -5  -15    1   -8  -12   -7   14    7   -3
    2    1   32    6    0    0    2    1      1040    6   -4   -1   -7    8    3   -4   -8   11  -10    3   -4  -14   10  -24   -4   17   -2
    2    1   33    4    2    1    2    1      2024    9    3   -7    3   -2    4   -6    6    5   11   -2   -5    9   -6   -4    0    2    0
    2    1   34    6    0    0    2    1      1145  -22    9   -8   11  -12   -2   13   15   11   18   -5   20  -10    8   -5  -14  -19   -8
    2    1   35    4    1    2    2    1      3932   -6    9    7   -3   13   14  -14    3   10    9    6   -1    9    1   12   12    4    0
    2    1   36    4    2    2    1    0      2016    6    4   -7    5    2    7   -3    3    7   10    0   -5    8   -8    2    3   -9   -3
    2    1   37    6    0    0    2    1      2512  -14    7   -9   12   -9   -4   14   19   14    8   -3   12   -6   10   -8  -13   -9   -8
    2    1   38    1    3    3    1    1      1965    6    9   10    9   -1   19   10  -16   24  -13  -11   -9   -6  -10   -8   12    7   -4
    2    1   39    4    1    3    1    0       928   -7   10    8   -4   10   12  -14    7    9    9    4    1   12    8    8   13    1    1
