    1    1    1    1    1    3    1    1     12859    6    2   -4   -5    8    7   -1   15   15   -6    2    3   14    5    0  -10   16    1
    1    1    2    1    2    4    2    1      2321  -10    4   10    1    8   -7   -7   -8  -12   -8    7   -2   -6   11   -5  -12  -10  -10
    1    1    3    1    3    3    3    1       805    7  -16    9  -14  -15  -15   -9   -2    4   12   15  -15   -9  -11  -14    4   -4   -4
    1    1    4    1    2    5    2    1      1030    2    8    9   -6    3   -2   -6   -7  -12   -7    9    1   -6   12   -6  -15   -8  -12
    1    1    5    1    3    2    3    1       831   19  -15   11  -11  -15  -13  -12   -6    2   10   18   -9   -2   -9  -21    3   -6   -4
    1    1    6    1    1    2    1    1       639    6    2    5  -12    7    7    2   13    4   -5    2    1   14    3    1  -12   14    0
    1    1    7    1    1    5    1    1      1094    5    5    6  -18   10    7   -2   15   13   -4    4    3   16    3   -1  -13   15    1
    1    1    8    1    2    1    2    1       748   -8    5    8   -2    5   -6   -5   -7  -15   -5    6   -4   -5   10  -10  -14   -7   -9
    1    1    9    1    3    1    3    1       688   10  -12   17  -12  -13  -15  -10    0    1   14   15  -16   -5  -11  -13    0    4   -6
    1    1   10    1    2    3    2    1       886   -9    3   14    2    6   -6  -15  -18   -3  -15    8   -3    1    3   -8  -11   -7   -9
    1    1   11    1    3    4    3    1       723   15   -6   14  -10  -14  -14  -12   -3    0   13   13  -14   -3   -9  -16    6    7   -6
    1    1   12    1    1    1    2    0       664    5    5    5  -13    8    5   -1   11   13   -4   -1    6   13    3    0  -13   15   -1
    1    1   13    1    3    5    2    0       863   18   -4   12  -10  -15  -12   -7   -2    1   13   16  -14   -5   -8  -11    0   -7  -12
    1    1   14    1    1    4    2    0      1677    6    5    5  -13    8    4   -2   11   12   -5    1    3   17    5    0  -11   12   -8
    1    1   15    1    2    2    1    0      1532  -16    3    7   -1    5   -6   -6   -7  -14   -5    5   -3   -6    7   -6  -14   -2  -18
    1    2    1    1    2    3    2    1      1632   -9    3   14    2    6   -6  -15  -18   -3  -15    8   -3    1    3   -8  -11   -7   -9
    1    2    2    1    3    2    3    1      1024   19  -15   11  -11  -15  -13  -12   -6    2   10   18   -9   -2   -9  -21    3   -6   -4
    1    2    3    1    3    4    3    1      1113   15   -6   14  -10  -14  -14  -12   -3    0   13   13  -14   -3   -9  -16    6    7   -6
    1    2    4    1    2    5    2    1       685    2    8    9   -6    3   -2   -6   -7  -12   -7    9    1   -6   12   -6  -15   -8  -12
    1    2    5    1    3    3    3    1       803    7  -16    9  -14  -15  -15   -9   -2    4   12   15  -15   -9  -11  -14    4   -4   -4
    1    2    6    1    1    1    1    1      1172    5    5    5  -13    8    5   -1   11   13   -4   -1    6   13    3    0  -13   15   -1
    1    2    7    1    3    1    3    1      1319   10  -12   17  -12  -13  -15  -10    0    1   14   15  -16   -5  -11  -13    0    4   -6
    1    2    8    1    1    4    1    1      1220    6    5    5  -13    8    4   -2   11   12   -5    1    3   17    5    0  -11   12   -8
    1    2    9    1    2    4    2    1      1156  -10    4   10    1    8   -7   -7   -8  -12   -8    7   -2   -6   11   -5  -12  -10  -10
    1    2   10    1    1    3    1    1       888    6    2   -4   -5    8    7   -1   15   15   -6    2    3   14    5    0  -10   16    1
    1    2   11    1    1    2    1    1      1477    6    2    5  -12    7    7    2   13    4   -5    2    1   14    3    1  -12   14    0
    1    2   12    1    1    5    1    1      1164    5    5    6  -18   10    7   -2   15   13   -4    4    3   16    3   -1  -13   15    1
    1    2   13    1    3    5    3    1       847   18   -4   12  -10  -15  -12   -7   -2    1   13   16  -14   -5   -8  -11    0   -7  -12
    1    2   14    1    2    2    1    0      1326  -16    3    7   -1    5   -6   -6   -7  -14   -5    5   -3   -6    7   -6  -14   -2  -18
    1    2   15    1    2    1    2    1       891   -8    5    8   -2    5   -6   -5   -7  -15   -5    6   -4   -5   10  -10  -14   -7   -9
    1    3    1    1    2    4    3    0      2841  -10    4   10    1    8   -7   -7   -8  -12   -8    7   -2   -6   11   -5  -12  -10  -10
    1    3    2    1    1    3    1    1       857    6    2   -4   -5    8    7   -1   15   15   -6    2    3   14    5    0  -10   16    1
    1    3    3    1    3    5    3    1      1064   18   -4   12  -10  -15  -12   -7   -2    1   13   16  -14   -5   -8  -11    0   -7  -12
    1    3    4    1    1    4    1    1      1374    6    5    5  -13    8    4   -2   11   12   -5    1    3   17    5    0  -11   12   -8
    1    3    5    1    1    1    1    1       793    5    5    5  -13    8    5   -1   11   13   -4   -1    6   13    3    0  -13   15   -1
    1    3    6    1    3    4    3    1      1147   15   -6   14  -10  -14  -14  -12   -3    0   13   13  -14   -3   -9  -16    6    7   -6
    1    3    7    1    2    1    2    1       782   -8    5    8   -2    5   -6   -5   -7  -15   -5    6   -4   -5   10  -10  -14   -7   -9
    1    3    8    1    3    2    3    1      1200   19  -15   11  -11  -15  -13  -12   -6    2   10   18   -9   -2   -9  -21    3   -6   -4
    1    3    9    1    3    1    3    1       770   10  -12   17  -12  -13  -15  -10    0    1   14   15  -16   -5  -11  -13    0    4   -6
    1    3   10    1    2    5    1    0      1140    2    8    9   -6    3   -2   -6   -7  -12   -7    9    1   -6   12   -6  -15   -8  -12
    1    3   11    1    2    2    2    1      3704  -16    3    7   -1    5   -6   -6   -7  -14   -5    5   -3   -6    7   -6  -14   -2  -18
    1    3   12    1    2    3    2    1       853   -9    3   14    2    6   -6  -15  -18   -3  -15    8   -3    1    3   -8  -11   -7   -9
    1    3   13    1    3    3    3    1       581    7  -16    9  -14  -15  -15   -9   -2    4   12   15  -15   -9  -11  -14    4   -4   -4
    1    3   14    1    1    2    1    1       895    6    2    5  -12    7    7    2   13    4   -5    2    1   14    3    1  -12   14    0
    1    3   15    1    1    5    1    1       653    5    5    6  -18   10    7   -2   15   13   -4    4    3   16    3   -1  -13   15    1
    1    4    1    1    1    2    1    1       660    6    2    5  -12    7    7    2   13    4   -5    2    1   14    3    1  -12   14    0
    1    4    2    1    2    1    2    1       683   -8    5    8   -2    5   -6   -5   -7  -15   -5    6   -4   -5   10  -10  -14   -7   -9
    1    4    3    1    2    3    3    0       881   -9    3   14    2    6   -6  -15  -18   -3  -15    8   -3    1    3   -8  -11   -7   -9
    1    4    4    1    3    5    3    1       719   18   -4   12  -10  -15  -12   -7   -2    1   13   16  -14   -5   -8  -11    0   -7  -12
    1    4    5    1    2    5    2    1      1460    2    8    9   -6    3   -2   -6   -7  -12   -7    9    1   -6   12   -6  -15   -8  -12
    1    4    6    1    1    5    1    1       811    5    5    6  -18   10    7   -2   15   13   -4    4    3   16    3   -1  -13   15    1
    1    4    7    1    1    1    1    1       620    5    5    5  -13    8    5   -1   11   13   -4   -1    6   13    3    0  -13   15   -1
    1    4    8    1    3    2    3    1       789   19  -15   11  -11  -15  -13  -12   -6    2   10   18   -9   -2   -9  -21    3   -6   -4
    1    4    9    1    3    4    3    1       583   15   -6   14  -10  -14  -14  -12   -3    0   13   13  -14   -3   -9  -16    6    7   -6
    1    4   10    1    1    3    1    1      1089    6    2   -4   -5    8    7   -1   15   15   -6    2    3   14    5    0  -10   16    1
    1    4   11    1    3    1    3    1       823   10  -12   17  -12  -13  -15  -10    0    1   14   15  -16   -5  -11  -13    0    4   -6
    1    4   12    1    3    3    3    1       584    7  -16    9  -14  -15  -15   -9   -2    4   12   15  -15   -9  -11  -14    4   -4   -4
    1    4   13    1    2    2    2    1       801  -16    3    7   -1    5   -6   -6   -7  -14   -5    5   -3   -6    7   -6  -14   -2  -18
    1    4   14    1    1    4    1    1       899    6    5    5  -13    8    4   -2   11   12   -5    1    3   17    5    0  -11   12   -8
    1    4   15    1    2    4    2    1       960  -10    4   10    1    8   -7   -7   -8  -12   -8    7   -2   -6   11   -5  -12  -10  -10
    1    5    1    1    1    5    1    1       635    5    5    6  -18   10    7   -2   15   13   -4    4    3   16    3   -1  -13   15    1
    1    5    2    1    3    2    3    1       499   19  -15   11  -11  -15  -13  -12   -6    2   10   18   -9   -2   -9  -21    3   -6   -4
    1    5    3    1    3    5    3    1       577   18   -4   12  -10  -15  -12   -7   -2    1   13   16  -14   -5   -8  -11    0   -7  -12
    1    5    4    1    1    1    1    1       667    5    5    5  -13    8    5   -1   11   13   -4   -1    6   13    3    0  -13   15   -1
    1    5    5    1    3    4    3    1       786   15   -6   14  -10  -14  -14  -12   -3    0   13   13  -14   -3   -9  -16    6    7   -6
    1    5    6    1    2    5    2    1       756    2    8    9   -6    3   -2   -6   -7  -12   -7    9    1   -6   12   -6  -15   -8  -12
    1    5    7    1    2    2    2    1       567  -16    3    7   -1    5   -6   -6   -7  -14   -5    5   -3   -6    7   -6  -14   -2  -18
    1    5    8    1    1    3    1    1       770    6    2   -4   -5    8    7   -1   15   15   -6    2    3   14    5    0  -10   16    1
    1    5    9    1    1    2    1    1       548    6    2    5  -12    7    7    2   13    4   -5    2    1   14    3    1  -12   14    0
    1    5   10    1    2    3    3    0       592   -9    3   14    2    6   -6  -15  -18   -3  -15    8   -3    1    3   -8  -11   -7   -9
    1    5   11    1    2    4    2    1      1001  -10    4   10    1    8   -7   -7   -8  -12   -8    7   -2   -6   11   -5  -12  -10  -10
    1    5   12    1    2    1    2    1       611   -8    5    8   -2    5   -6   -5   -7  -15   -5    6   -4   -5   10  -10  -14   -7   -9
    1    5   13    1    3    3    3    1       572    7  -16    9  -14  -15  -15   -9   -2    4   12   15  -15   -9  -11  -14    4   -4   -4
    1    5   14    1    1    4    1    1       599    6    5    5  -13    8    4   -2   11   12   -5    1    3   17    5    0  -11   12   -8
    1    5   15    1    3    1    3    1       656   10  -12   17  -12  -13  -15  -10    0    1   14   15  -16   -5  -11  -13    0    4   -6
    1    6    1    1    3    1    3    1       535   10  -12   17  -12  -13  -15  -10    0    1   14   15  -16   -5  -11  -13    0    4   -6
    1    6    2    1    2    2    1    0       739  -16    3    7   -1    5   -6   -6   -7  -14   -5    5   -3   -6    7   -6  -14   -2  -18
    1    6    3    1    1    5    1    1       727    5    5    6  -18   10    7   -2   15   13   -4    4    3   16    3   -1  -13   15    1
    1    6    4    1    3    4    3    1       716   15   -6   14  -10  -14  -14  -12   -3    0   13   13  -14   -3   -9  -16    6    7   -6
    1    6    5    1    1    1    2    0       672    5    5    5  -13    8    5   -1   11   13   -4   -1    6   13    3    0  -13   15   -1
    1    6    6    1    3    5    2    0       599   18   -4   12  -10  -15  -12   -7   -2    1   13   16  -14   -5   -8  -11    0   -7  -12
    1    6    7    1    2    5    2    1       929    2    8    9   -6    3   -2   -6   -7  -12   -7    9    1   -6   12   -6  -15   -8  -12
    1    6    8    1    2    1    2    1       621   -8    5    8   -2    5   -6   -5   -7  -15   -5    6   -4   -5   10  -10  -14   -7   -9
    1    6    9    1    2    4    2    1       582  -10    4   10    1    8   -7   -7   -8  -12   -8    7   -2   -6   11   -5  -12  -10  -10
    1    6   10    1    3    2    3    1       783   19  -15   11  -11  -15  -13  -12   -6    2   10   18   -9   -2   -9  -21    3   -6   -4
    1    6   11    1    3    3    3    1       514    7  -16    9  -14  -15  -15   -9   -2    4   12   15  -15   -9  -11  -14    4   -4   -4
    1    6   12    1    1    3    1    1      1118    6    2   -4   -5    8    7   -1   15   15   -6    2    3   14    5    0  -10   16    1
    1    6   13    1    2    3    2    1       899   -9    3   14    2    6   -6  -15  -18   -3  -15    8   -3    1    3   -8  -11   -7   -9
    1    6   14    1    1    4    1    1       688    6    5    5  -13    8    4   -2   11   12   -5    1    3   17    5    0  -11   12   -8
    1    6   15    1    1    2    1    1       614    6    2    5  -12    7    7    2   13    4   -5    2    1   14    3    1  -12   14    0
    1    7    1    1    2    1    2    1       975   -8    5    8   -2    5   -6   -5   -7  -15   -5    6   -4   -5   10  -10  -14   -7   -9
    1    7    2    1    1    4    1    1       601    6    5    5  -13    8    4   -2   11   12   -5    1    3   17    5    0  -11   12   -8
    1    7    3    1    3    5    3    1       883   18   -4   12  -10  -15  -12   -7   -2    1   13   16  -14   -5   -8  -11    0   -7  -12
    1    7    4    1    1    3    1    1       977    6    2   -4   -5    8    7   -1   15   15   -6    2    3   14    5    0  -10   16    1
    1    7    5    1    2    5    2    1       747    2    8    9   -6    3   -2   -6   -7  -12   -7    9    1   -6   12   -6  -15   -8  -12
    1    7    6    1    2    4    2    1      1166  -10    4   10    1    8   -7   -7   -8  -12   -8    7   -2   -6   11   -5  -12  -10  -10
    1    7    7    1    2    2    2    1       545  -16    3    7   -1    5   -6   -6   -7  -14   -5    5   -3   -6    7   -6  -14   -2  -18
    1    7    8    1    3    3    3    1       669    7  -16    9  -14  -15  -15   -9   -2    4   12   15  -15   -9  -11  -14    4   -4   -4
    1    7    9    1    1    5    1    1       916    5    5    6  -18   10    7   -2   15   13   -4    4    3   16    3   -1  -13   15    1
    1    7   10    1    3    4    3    1       672   15   -6   14  -10  -14  -14  -12   -3    0   13   13  -14   -3   -9  -16    6    7   -6
    1    7   11    1    3    1    3    1       743   10  -12   17  -12  -13  -15  -10    0    1   14   15  -16   -5  -11  -13    0    4   -6
    1    7   12    1    1    1    1    1       667    5    5    5  -13    8    5   -1   11   13   -4   -1    6   13    3    0  -13   15   -1
    1    7   13    1    3    2    2    0       482   19  -15   11  -11  -15  -13  -12   -6    2   10   18   -9   -2   -9  -21    3   -6   -4
    1    7   14    1    1    2    1    1      1375    6    2    5  -12    7    7    2   13    4   -5    2    1   14    3    1  -12   14    0
    1    7   15    1    2    3    2    1       954   -9    3   14    2    6   -6  -15  -18   -3  -15    8   -3    1    3   -8  -11   -7   -9
    1    8    1    1    1    5    1    1       773    5    5    6  -18   10    7   -2   15   13   -4    4    3   16    3   -1  -13   15    1
    1    8    2    1    2    5    1    0       776    2    8    9   -6    3   -2   -6   -7  -12   -7    9    1   -6   12   -6  -15   -8  -12
    1    8    3    1    1    4    2    0       795    6    5    5  -13    8    4   -2   11   12   -5    1    3   17    5    0  -11   12   -8
    1    8    4    1    3    2    2    0       589   19  -15   11  -11  -15  -13  -12   -6    2   10   18   -9   -2   -9  -21    3   -6   -4
    1    8    5    1    3    1    3    1       663   10  -12   17  -12  -13  -15  -10    0    1   14   15  -16   -5  -11  -13    0    4   -6
    1    8    6    1    3    3    3    1       446    7  -16    9  -14  -15  -15   -9   -2    4   12   15  -15   -9  -11  -14    4   -4   -4
    1    8    7    1    1    3    2    0       830    6    2   -4   -5    8    7   -1   15   15   -6    2    3   14    5    0  -10   16    1
    1    8    8    1    2    4    2    1       654  -10    4   10    1    8   -7   -7   -8  -12   -8    7   -2   -6   11   -5  -12  -10  -10
    1    8    9    1    2    1    2    1       741   -8    5    8   -2    5   -6   -5   -7  -15   -5    6   -4   -5   10  -10  -14   -7   -9
    1    8   10    1    1    2    1    1       793    6    2    5  -12    7    7    2   13    4   -5    2    1   14    3    1  -12   14    0
    1    8   11    1    3    5    3    1       875   18   -4   12  -10  -15  -12   -7   -2    1   13   16  -14   -5   -8  -11    0   -7  -12
    1    8   12    1    3    4    3    1       506   15   -6   14  -10  -14  -14  -12   -3    0   13   13  -14   -3   -9  -16    6    7   -6
    1    8   13    1    1    1    1    1      1047    5    5    5  -13    8    5   -1   11   13   -4   -1    6   13    3    0  -13   15   -1
    1    8   14    1    2    3    2    1      1342   -9    3   14    2    6   -6  -15  -18   -3  -15    8   -3    1    3   -8  -11   -7   -9
    1    8   15    1    2    2    2    1       842  -16    3    7   -1    5   -6   -6   -7  -14   -5    5   -3   -6    7   -6  -14   -2  -18
    1    9    1    1    2    2    2    1       586  -16    3    7   -1    5   -6   -6   -7  -14   -5    5   -3   -6    7   -6  -14   -2  -18
    1    9    2    1    2    3    2    1      1044   -9    3   14    2    6   -6  -15  -18   -3  -15    8   -3    1    3   -8  -11   -7   -9
    1    9    3    1    3    1    3    1       540   10  -12   17  -12  -13  -15  -10    0    1   14   15  -16   -5  -11  -13    0    4   -6
    1    9    4    1    2    5    2    1       904    2    8    9   -6    3   -2   -6   -7  -12   -7    9    1   -6   12   -6  -15   -8  -12
    1    9    5    1    1    3    1    1       517    6    2   -4   -5    8    7   -1   15   15   -6    2    3   14    5    0  -10   16    1
    1    9    6    1    1    1    1    1       626    5    5    5  -13    8    5   -1   11   13   -4   -1    6   13    3    0  -13   15   -1
    1    9    7    1    1    5    1    1       523    5    5    6  -18   10    7   -2   15   13   -4    4    3   16    3   -1  -13   15    1
    1    9    8    1    2    4    2    1      1031  -10    4   10    1    8   -7   -7   -8  -12   -8    7   -2   -6   11   -5  -12  -10  -10
    1    9    9    1    3    2    3    1      3007   19  -15   11  -11  -15  -13  -12   -6    2   10   18   -9   -2   -9  -21    3   -6   -4
    1    9   10    1    2    1    2    1      4312   -8    5    8   -2    5   -6   -5   -7  -15   -5    6   -4   -5   10  -10  -14   -7   -9
    1    9   11    1    3    4    3    1       638   15   -6   14  -10  -14  -14  -12   -3    0   13   13  -14   -3   -9  -16    6    7   -6
    1    9   12    1    3    5    3    1       630   18   -4   12  -10  -15  -12   -7   -2    1   13   16  -14   -5   -8  -11    0   -7  -12
    1    9   13    1    3    3    3    1       557    7  -16    9  -14  -15  -15   -9   -2    4   12   15  -15   -9  -11  -14    4   -4   -4
    1    9   14    1    1    4    1    1      1257    6    5    5  -13    8    4   -2   11   12   -5    1    3   17    5    0  -11   12   -8
    1    9   15    1    1    2    1    1       520    6    2    5  -12    7    7    2   13    4   -5    2    1   14    3    1  -12   14    0
    1   10    1    1    2    2    2    1       709  -16    3    7   -1    5   -6   -6   -7  -14   -5    5   -3   -6    7   -6  -14   -2  -18
    1   10    2    1    2    5    2    1       522    2    8    9   -6    3   -2   -6   -7  -12   -7    9    1   -6   12   -6  -15   -8  -12
    1   10    3    1    1    4    1    1      1047    6    5    5  -13    8    4   -2   11   12   -5    1    3   17    5    0  -11   12   -8
    1   10    4    1    3    1    3    1       862   10  -12   17  -12  -13  -15  -10    0    1   14   15  -16   -5  -11  -13    0    4   -6
    1   10    5    1    3    4    3    1       557   15   -6   14  -10  -14  -14  -12   -3    0   13   13  -14   -3   -9  -16    6    7   -6
    1   10    6    1    3    2    3    1      2649   19  -15   11  -11  -15  -13  -12   -6    2   10   18   -9   -2   -9  -21    3   -6   -4
    1   10    7    1    2    4    2    1       896  -10    4   10    1    8   -7   -7   -8  -12   -8    7   -2   -6   11   -5  -12  -10  -10
    1   10    8    1    1    5    1    1       766    5    5    6  -18   10    7   -2   15   13   -4    4    3   16    3   -1  -13   15    1
    1   10    9    1    3    5    3    1       545   18   -4   12  -10  -15  -12   -7   -2    1   13   16  -14   -5   -8  -11    0   -7  -12
    1   10   10    1    3    3    3    1      1453    7  -16    9  -14  -15  -15   -9   -2    4   12   15  -15   -9  -11  -14    4   -4   -4
    1   10   11    1    1    2    1    1       644    6    2    5  -12    7    7    2   13    4   -5    2    1   14    3    1  -12   14    0
    1   10   12    1    2    1    1    0      1020   -8    5    8   -2    5   -6   -5   -7  -15   -5    6   -4   -5   10  -10  -14   -7   -9
    1   10   13    1    1    3    1    1       693    6    2   -4   -5    8    7   -1   15   15   -6    2    3   14    5    0  -10   16    1
    1   10   14    1    2    3    2    1       554   -9    3   14    2    6   -6  -15  -18   -3  -15    8   -3    1    3   -8  -11   -7   -9
    1   10   15    1    1    1    1    1      2085    5    5    5  -13    8    5   -1   11   13   -4   -1    6   13    3    0  -13   15   -1
    1   11    1    1    1    4    1    1       691    6    5    5  -13    8    4   -2   11   12   -5    1    3   17    5    0  -11   12   -8
    1   11    2    1    1    1    1    1       538    5    5    5  -13    8    5   -1   11   13   -4   -1    6   13    3    0  -13   15   -1
    1   11    3    1    3    5    3    1       789   18   -4   12  -10  -15  -12   -7   -2    1   13   16  -14   -5   -8  -11    0   -7  -12
    1   11    4    1    1    2    1    1       727    6    2    5  -12    7    7    2   13    4   -5    2    1   14    3    1  -12   14    0
    1   11    5    1    3    2    3    1       700   19  -15   11  -11  -15  -13  -12   -6    2   10   18   -9   -2   -9  -21    3   -6   -4
    1   11    6    1    1    5    1    1      1345    5    5    6  -18   10    7   -2   15   13   -4    4    3   16    3   -1  -13   15    1
    1   11    7    1    3    1    3    1       813   10  -12   17  -12  -13  -15  -10    0    1   14   15  -16   -5  -11  -13    0    4   -6
    1   11    8    1    2    3    2    1      1454   -9    3   14    2    6   -6  -15  -18   -3  -15    8   -3    1    3   -8  -11   -7   -9
    1   11    9    1    1    3    1    1       677    6    2   -4   -5    8    7   -1   15   15   -6    2    3   14    5    0  -10   16    1
    1   11   10    1    3    3    3    1       956    7  -16    9  -14  -15  -15   -9   -2    4   12   15  -15   -9  -11  -14    4   -4   -4
    1   11   11    1    2    5    2    1       919    2    8    9   -6    3   -2   -6   -7  -12   -7    9    1   -6   12   -6  -15   -8  -12
    1   11   12    1    2    4    2    1      1172  -10    4   10    1    8   -7   -7   -8  -12   -8    7   -2   -6   11   -5  -12  -10  -10
    1   11   13    1    2    2    2    1      1190  -16    3    7   -1    5   -6   -6   -7  -14   -5    5   -3   -6    7   -6  -14   -2  -18
    1   11   14    1    3    4    3    1       648   15   -6   14  -10  -14  -14  -12   -3    0   13   13  -14   -3   -9  -16    6    7   -6
    1   11   15    1    2    1    2    1       735   -8    5    8   -2    5   -6   -5   -7  -15   -5    6   -4   -5   10  -10  -14   -7   -9
    1   12    1    1    1    5    1    1      1252    5    5    6  -18   10    7   -2   15   13   -4    4    3   16    3   -1  -13   15    1
    1   12    2    1    1    4    1    1       851    6    5    5  -13    8    4   -2   11   12   -5    1    3   17    5    0  -11   12   -8
    1   12    3    1    2    4    2    1       754  -10    4   10    1    8   -7   -7   -8  -12   -8    7   -2   -6   11   -5  -12  -10  -10
    1   12    4    1    3    2    3    1       933   19  -15   11  -11  -15  -13  -12   -6    2   10   18   -9   -2   -9  -21    3   -6   -4
    1   12    5    1    2    3    2    1       990   -9    3   14    2    6   -6  -15  -18   -3  -15    8   -3    1    3   -8  -11   -7   -9
    1   12    6    1    3    3    3    1       682    7  -16    9  -14  -15  -15   -9   -2    4   12   15  -15   -9  -11  -14    4   -4   -4
    1   12    7    1    3    4    3    1       592   15   -6   14  -10  -14  -14  -12   -3    0   13   13  -14   -3   -9  -16    6    7   -6
    1   12    8    1    1    1    1    1       779    5    5    5  -13    8    5   -1   11   13   -4   -1    6   13    3    0  -13   15   -1
    1   12    9    1    2    2    2    1       813  -16    3    7   -1    5   -6   -6   -7  -14   -5    5   -3   -6    7   -6  -14   -2  -18
    1   12   10    1    3    5    3    1       574   18   -4   12  -10  -15  -12   -7   -2    1   13   16  -14   -5   -8  -11    0   -7  -12
    1   12   11    1    3    1    3    1       520   10  -12   17  -12  -13  -15  -10    0    1   14   15  -16   -5  -11  -13    0    4   -6
    1   12   12    1    1    3    1    1       805    6    2   -4   -5    8    7   -1   15   15   -6    2    3   14    5    0  -10   16    1
    1   12   13    1    1    2    2    0       694    6    2    5  -12    7    7    2   13    4   -5    2    1   14    3    1  -12   14    0
    1   12   14    1    2    5    2    1       860    2    8    9   -6    3   -2   -6   -7  -12   -7    9    1   -6   12   -6  -15   -8  -12
    1   12   15    1    2    1    2    1       892   -8    5    8   -2    5   -6   -5   -7  -15   -5    6   -4   -5   10  -10  -14   -7   -9
    1   13    1    1    1    1    1    1       682    5    5    5  -13    8    5   -1   11   13   -4   -1    6   13    3    0  -13   15   -1
    1   13    2    1    3    2    3    1       863   19  -15   11  -11  -15  -13  -12   -6    2   10   18   -9   -2   -9  -21    3   -6   -4
    1   13    3    1    1    3    1    1      1197    6    2   -4   -5    8    7   -1   15   15   -6    2    3   14    5    0  -10   16    1
    1   13    4    1    2    1    2    1      1199   -8    5    8   -2    5   -6   -5   -7  -15   -5    6   -4   -5   10  -10  -14   -7   -9
    1   13    5    1    1    2    1    1      1141    6    2    5  -12    7    7    2   13    4   -5    2    1   14    3    1  -12   14    0
    1   13    6    1    2    4    2    1       979  -10    4   10    1    8   -7   -7   -8  -12   -8    7   -2   -6   11   -5  -12  -10  -10
    1   13    7    1    3    3    2    0      1006    7  -16    9  -14  -15  -15   -9   -2    4   12   15  -15   -9  -11  -14    4   -4   -4
    1   13    8    1    2    2    2    1      1047  -16    3    7   -1    5   -6   -6   -7  -14   -5    5   -3   -6    7   -6  -14   -2  -18
    1   13    9    1    1    4    1    1      1023    6    5    5  -13    8    4   -2   11   12   -5    1    3   17    5    0  -11   12   -8
    1   13   10    1    3    4    2    0      1063   15   -6   14  -10  -14  -14  -12   -3    0   13   13  -14   -3   -9  -16    6    7   -6
    1   13   11    1    3    5    3    1      1886   18   -4   12  -10  -15  -12   -7   -2    1   13   16  -14   -5   -8  -11    0   -7  -12
    1   13   12    1    1    5    1    1       596    5    5    6  -18   10    7   -2   15   13   -4    4    3   16    3   -1  -13   15    1
    1   13   13    1    3    1    3    1      1118   10  -12   17  -12  -13  -15  -10    0    1   14   15  -16   -5  -11  -13    0    4   -6
    1   13   14    1    2    5    2    1      1762    2    8    9   -6    3   -2   -6   -7  -12   -7    9    1   -6   12   -6  -15   -8  -12
    1   13   15    1    2    3    2    1      1438   -9    3   14    2    6   -6  -15  -18   -3  -15    8   -3    1    3   -8  -11   -7   -9
    1   14    1    1    3    1    3    1       613   10  -12   17  -12  -13  -15  -10    0    1   14   15  -16   -5  -11  -13    0    4   -6
    1   14    2    1    2    3    2    1       814   -9    3   14    2    6   -6  -15  -18   -3  -15    8   -3    1    3   -8  -11   -7   -9
    1   14    3    1    3    3    3    1       495    7  -16    9  -14  -15  -15   -9   -2    4   12   15  -15   -9  -11  -14    4   -4   -4
    1   14    4    1    1    4    2    0       669    6    5    5  -13    8    4   -2   11   12   -5    1    3   17    5    0  -11   12   -8
    1   14    5    1    2    5    1    0       707    2    8    9   -6    3   -2   -6   -7  -12   -7    9    1   -6   12   -6  -15   -8  -12
    1   14    6    1    3    4    1    0      1081   15   -6   14  -10  -14  -14  -12   -3    0   13   13  -14   -3   -9  -16    6    7   -6
    1   14    7    1    1    5    1    1      2015    5    5    6  -18   10    7   -2   15   13   -4    4    3   16    3   -1  -13   15    1
    1   14    8    1    2    2    2    1      1103  -16    3    7   -1    5   -6   -6   -7  -14   -5    5   -3   -6    7   -6  -14   -2  -18
    1   14    9    1    1    2    1    1       788    6    2    5  -12    7    7    2   13    4   -5    2    1   14    3    1  -12   14    0
    1   14   10    1    3    5    3    1       726   18   -4   12  -10  -15  -12   -7   -2    1   13   16  -14   -5   -8  -11    0   -7  -12
    1   14   11    1    3    2    2    0      1323   19  -15   11  -11  -15  -13  -12   -6    2   10   18   -9   -2   -9  -21    3   -6   -4
    1   14   12    1    1    3    2    0      1224    6    2   -4   -5    8    7   -1   15   15   -6    2    3   14    5    0  -10   16    1
    1   14   13    1    2    1    2    1      1320   -8    5    8   -2    5   -6   -5   -7  -15   -5    6   -4   -5   10  -10  -14   -7   -9
    1   14   14    1    2    4    2    1       789  -10    4   10    1    8   -7   -7   -8  -12   -8    7   -2   -6   11   -5  -12  -10  -10
    1   14   15    1    1    1    1    1       695    5    5    5  -13    8    5   -1   11   13   -4   -1    6   13    3    0  -13   15   -1
    1   15    1    1    1    2    1    1       941    6    2    5  -12    7    7    2   13    4   -5    2    1   14    3    1  -12   14    0
    1   15    2    1    2    4    2    1      1449  -10    4   10    1    8   -7   -7   -8  -12   -8    7   -2   -6   11   -5  -12  -10  -10
    1   15    3    1    2    3    2    1       592   -9    3   14    2    6   -6  -15  -18   -3  -15    8   -3    1    3   -8  -11   -7   -9
    1   15    4    1    3    5    3    1       394   18   -4   12  -10  -15  -12   -7   -2    1   13   16  -14   -5   -8  -11    0   -7  -12
    1   15    5    1    3    3    3    1       780    7  -16    9  -14  -15  -15   -9   -2    4   12   15  -15   -9  -11  -14    4   -4   -4
    1   15    6    1    2    2    2    1      1006  -16    3    7   -1    5   -6   -6   -7  -14   -5    5   -3   -6    7   -6  -14   -2  -18
    1   15    7    1    2    1    1    0       647   -8    5    8   -2    5   -6   -5   -7  -15   -5    6   -4   -5   10  -10  -14   -7   -9
    1   15    8    1    1    4    1    1       607    6    5    5  -13    8    4   -2   11   12   -5    1    3   17    5    0  -11   12   -8
    1   15    9    1    3    1    3    1       824   10  -12   17  -12  -13  -15  -10    0    1   14   15  -16   -5  -11  -13    0    4   -6
    1   15   10    1    1    1    1    1       680    5    5    5  -13    8    5   -1   11   13   -4   -1    6   13    3    0  -13   15   -1
    1   15   11    1    3    4    3    1       655   15   -6   14  -10  -14  -14  -12   -3    0   13   13  -14   -3   -9  -16    6    7   -6
    1   15   12    1    1    3    1    1       742    6    2   -4   -5    8    7   -1   15   15   -6    2    3   14    5    0  -10   16    1
    1   15   13    1    2    5    1    0       538    2    8    9   -6    3   -2   -6   -7  -12   -7    9    1   -6   12   -6  -15   -8  -12
    1   15   14    1    3    2    3    1       806   19  -15   11  -11  -15  -13  -12   -6    2   10   18   -9   -2   -9  -21    3   -6   -4
    1   15   15    1    1    5    2    0       775    5    5    6  -18   10    7   -2   15   13   -4    4    3   16    3   -1  -13   15    1
    2    1    1    1    3    5    1    1      1549   18   -4   12  -10  -15  -12   -7   -2    1   13   16  -14   -5   -8  -11    0   -7  -12
    2    1    2    1    3    4    2    0      1328   15   -6   14  -10  -14  -14  -12   -3    0   13   13  -14   -3   -9  -16    6    7   -6
    2    1    3    4    3    3    2    1      1469   17   -6   13  -12  -13  -15   -9    7    2   11   15  -15   -8  -20  -12    7   -3   -2
    2    1    4    4    3    1    2    1       915   17   -8   13   -7  -13  -12  -20   -1    1    7   13  -14   -6   -8  -11    1   -2   -6
    2    1    5    4    1    5    1    0      1120    7    1    5  -14    9    6    0   13   19   -4   -5   12   15   -7   -1  -10   15   -1
    2    1    6    2    3    0    1    0      1620   15   -8   13  -11  -14  -13  -10   -1    1   12   14  -14   -4  -10  -12    2   -2   -3
    2    1    7    2    2    0    2    1      1461   -8    3    9   -3    6   -7   -5   -8  -13   -6    6   -3   -7   12   -6  -13   -9  -10
    2    1    8    1    2    5    1    1      1258    2    8    9   -6    3   -2   -6   -7  -12   -7    9    1   -6   12   -6  -15   -8  -12
    2    1    9    6    0    0    2    1      1771   -8   -9  -10   16  -11   12   12   -5   -6    6   -2   -2   -3   -5  -11  -12    0    2
    2    1   10    4    1    3    1    0      1526    4    3    6  -13    7    7   -2   13   14   -5    7    0   15    5   -2  -11   13   -3
    2    1   11    4    2    5    2    1      1355   -8    4   10   -6    6   -8   -6   -7  -15   -1    5   -3   -5   10   -7  -13  -18  -17
    2    1   12    4    2    2    1    0      1270   -7    4   11   -4    5   -5   -3  -10  -10   -3    2    2   -6   12   -4  -14  -11   -8
    2    1   13    1    2    3    2    0       869   -9    3   14    2    6   -6  -15  -18   -3  -15    8   -3    1    3   -8  -11   -7   -9
    2    1   14    1    1    4    1    1      1171    6    5    5  -13    8    4   -2   11   12   -5    1    3   17    5    0  -11   12   -8
    2    1   15    4    1    2    2    1      1126    5    2    1  -16    9    7    0   13   16   -2    0    7   14    3   -8  -14   22  -11
    2    1   16    1    1    1    1    1      1083    5    5    5  -13    8    5   -1   11   13   -4   -1    6   13    3    0  -13   15   -1
    2    1   17    1    2    1    1    1      1409   -8    5    8   -2    5   -6   -5   -7  -15   -5    6   -4   -5   10  -10  -14   -7   -9
    2    1   18    1    3    1    1    1      1514   10  -12   17  -12  -13  -15  -10    0    1   14   15  -16   -5  -11  -13    0    4   -6
    2    1   19    6    0    0    2    1       974   -3   -5  -11  -13   13    9    4   16   11   -8   -5   12   -4   -7    9   -7    3  -17
    2    1   20    6    0    0    1    0      1337   -6  -16   -7   15   -9   13    9   -6   -5    7   -2   -2  -10  -12  -14  -12   -3    4
    2    1   21    4    1    4    1    0      1125    4    1    6  -13    9    6   -3   14   12   -4    2    3   17    3   -2  -13   15   -2
    2    1   22    4    1    1    1    0       954    5    4    5  -13    7    7    0   12    9   -1    2    3   13    5   -1  -11   16   -2
    2    1   23    4    2    1    2    1      2853   -7    3    8   -3    6   -9   -3   -7  -12   -7   13   -5   -6    5   -7  -14   -8  -12
    2    1   24    4    3    5    2    1      1268   16   -9   10  -16  -23   -7   -9   -3    7   14   10  -10    1    0  -12    1   -9    4
    2    1   25    2    1    0    1    0      1251    5    3    6  -14    8    6   -1   13   14   -4    2    2   15    3   -1  -12   14   -1
    2    1   26    4    2    4    1    0       898   -9    3    8    0    5   -6   -6   -7  -18   -2    5   -2   -8   14   -4  -13   -7   -9
    2    1   27    1    1    3    1    1      1487    6    2   -4   -5    8    7   -1   15   15   -6    2    3   14    5    0  -10   16    1
    2    1   28    1    1    2    2    0      2181    6    2    5  -12    7    7    2   13    4   -5    2    1   14    3    1  -12   14    0
    2    1   29    4    3    4    1    0      1439   16   -8   11  -18  -12  -11   -8   -2    2   13   13  -17   -3   -9  -14    4   -2   -4
    2    1   30    1    2    4    1    1      2119  -10    4   10    1    8   -7   -7   -8  -12   -8    7   -2   -6   11   -5  -12  -10  -10
    2    1   31    1    3    3    2    0      2404    7  -16    9  -14  -15  -15   -9   -2    4   12   15  -15   -9  -11  -14    4   -4   -4
    2    1   32    6    0    0    2    1      1157   -3   -6  -14  -12    8    5    2   13    1   -3   -6   10   -2   -8    8   -3   -5   -8
    2    1   33    1    2    2    2    0      2168  -16    3    7   -1    5   -6   -6   -7  -14   -5    5   -3   -6    7   -6  -14   -2  -18
    2    1   34    6    0    0    2    1      1139    1    3   15   -8  -12    4   10   -5   12   -9    3   11    9   13   19   16   14  -12
    2    1   35    6    0    0    2    1      1047    7   -8   15   -6  -13    8   10   -8    8  -15    6   11   10   12   12    9   16  -11
    2    1   36    4    2    3    1    0      1278   -9    1    7   -1    6   -8   -5   -7  -18  -11    8   -5  -11   21   -7  -14  -17    0
    2    1   37    1    3    2    2    0      1837   19  -15   11  -11  -15  -13  -12   -6    2   10   18   -9   -2   -9  -21    3   -6   -4
    2    1   38    1    1    5    2    0       885    5    5    6  -18   10    7   -2   15   13   -4    4    3   16    3   -1  -13   15    1
    2    1   39    4    3    2    2    1      1523   16   -9   18  -10   -9   -9  -11   -2    4   10   15  -13    0    0  -12    4   -2   -4
