    1    1    1    1    1    1    1    1      3397  -14   -5   -2    4   -6   -3  -16   13  -18    0   -7   15   12    0   14  -14   -9    2
    1    1    2    1    3    4    2    0      1341    0    6   -5   12   -3   -3   -2   12   -6   10  -14    9    1   -3   -5   -8    6    9
    1    1    3    1    1    5    2    0      1689  -15   -9    4    0   -2   -3  -11    9  -16   -3   -4    9   12    0    9  -13  -10    0
    1    1    4    1    2    2    1    0      7783    1    8   12  -15   12   -2   -5    8  -11   -9   -1  -13   13   -8   -7   21    3    9
    1    1    5    1    3    1    1    0      3857   -1    3    4    4   -3   -5    1    8  -10   11   -5   15    7    1   -5   -7    6   10
    1    1    6    1    1    2    2    0      3704  -15   -7    7   -1   -5   -2  -12   11  -14   -1   -3   10   11    0    9  -13   -8    0
    1    1    7    1    3    3    2    0      2245    0    3    5   -1   -3   -3   -4   11   -7    9   -1   14    6   -5   -7   -7    6   11
    1    1    8    1    2    3    2    1      1661    0    6   12  -15   11    0   -6    7   -2    0   -7  -11   12   -9  -10   15    2   10
    1    1    9    1    3    5    3    1      1821    1    3    5    4   -3   -2   -3   13   -7    8   -2   15    7   -5   -7   -7    7    8
    1    1   10    1    2    5    1    0       997   -2    5    9  -14   12    0   -7    7   -4    0   -7  -16   13  -10   -9   12   -5   10
    1    1   11    1    2    1    1    0      1359   -9    6   12  -12   11    0   -9    9   -4   -3  -10  -19   13   -7   -8   13    4   11
    1    1   12    1    1    3    1    1      2170   -5   -9    6    1    3   -7  -10   12  -21   -6   -3   10    9    3   18   -5   -8    0
    1    1   13    1    1    4    1    1      1636  -19  -14    7    0   -4   -4  -11    7  -16   -2   -4   13   10    1   14  -12   -9   -2
    1    1   14    1    2    4    2    1      1220    1    6    9  -13   11   -1   -6    7   -2   -1    0  -13   17   -5  -18   18    1    9
    1    1   15    1    3    2    3    1       837    2    5    5    3   -5   -4   -4    8   -9   10   -6   13    3    0   -5   -8    7   10
    1    2    1    1    2    5    2    1      1237   -2    5    9  -14   12    0   -7    7   -4    0   -7  -16   13  -10   -9   12   -5   10
    1    2    2    1    1    4    2    0      1909  -19  -14    7    0   -4   -4  -11    7  -16   -2   -4   13   10    1   14  -12   -9   -2
    1    2    3    1    3    3    3    1      1018    0    3    5   -1   -3   -3   -4   11   -7    9   -1   14    6   -5   -7   -7    6   11
    1    2    4    1    2    2    1    0       947    1    8   12  -15   12   -2   -5    8  -11   -9   -1  -13   13   -8   -7   21    3    9
    1    2    5    1    1    2    1    1       574  -15   -7    7   -1   -5   -2  -12   11  -14   -1   -3   10   11    0    9  -13   -8    0
    1    2    6    1    3    4    3    1      1017    0    6   -5   12   -3   -3   -2   12   -6   10  -14    9    1   -3   -5   -8    6    9
    1    2    7    1    1    5    2    0       769  -15   -9    4    0   -2   -3  -11    9  -16   -3   -4    9   12    0    9  -13  -10    0
    1    2    8    1    2    3    2    1       788    0    6   12  -15   11    0   -6    7   -2    0   -7  -11   12   -9  -10   15    2   10
    1    2    9    1    2    1    2    1      2246   -9    6   12  -12   11    0   -9    9   -4   -3  -10  -19   13   -7   -8   13    4   11
    1    2   10    1    3    5    3    1       701    1    3    5    4   -3   -2   -3   13   -7    8   -2   15    7   -5   -7   -7    7    8
    1    2   11    1    1    1    1    1       563  -14   -5   -2    4   -6   -3  -16   13  -18    0   -7   15   12    0   14  -14   -9    2
    1    2   12    1    3    2    3    1       638    2    5    5    3   -5   -4   -4    8   -9   10   -6   13    3    0   -5   -8    7   10
    1    2   13    1    1    3    1    1       630   -5   -9    6    1    3   -7  -10   12  -21   -6   -3   10    9    3   18   -5   -8    0
    1    2   14    1    3    1    3    1       622   -1    3    4    4   -3   -5    1    8  -10   11   -5   15    7    1   -5   -7    6   10
    1    2   15    1    2    4    2    1       502    1    6    9  -13   11   -1   -6    7   -2   -1    0  -13   17   -5  -18   18    1    9
    1    3    1    1    3    2    3    1       516    2    5    5    3   -5   -4   -4    8   -9   10   -6   13    3    0   -5   -8    7   10
    1    3    2    1    3    1    3    1       544   -1    3    4    4   -3   -5    1    8  -10   11   -5   15    7    1   -5   -7    6   10
    1    3    3    1    1    4    1    1       476  -19  -14    7    0   -4   -4  -11    7  -16   -2   -4   13   10    1   14  -12   -9   -2
    1    3    4    1    3    3    2    0       491    0    3    5   -1   -3   -3   -4   11   -7    9   -1   14    6   -5   -7   -7    6   11
    1    3    5    1    2    2    2    1       505    1    8   12  -15   12   -2   -5    8  -11   -9   -1  -13   13   -8   -7   21    3    9
    1    3    6    1    2    1    1    0       566   -9    6   12  -12   11    0   -9    9   -4   -3  -10  -19   13   -7   -8   13    4   11
    1    3    7    1    2    3    2    1       689    0    6   12  -15   11    0   -6    7   -2    0   -7  -11   12   -9  -10   15    2   10
    1    3    8    1    1    1    1    1       599  -14   -5   -2    4   -6   -3  -16   13  -18    0   -7   15   12    0   14  -14   -9    2
    1    3    9    1    1    5    1    1      1152  -15   -9    4    0   -2   -3  -11    9  -16   -3   -4    9   12    0    9  -13  -10    0
    1    3   10    1    1    2    1    1       755  -15   -7    7   -1   -5   -2  -12   11  -14   -1   -3   10   11    0    9  -13   -8    0
    1    3   11    1    2    4    2    1       535    1    6    9  -13   11   -1   -6    7   -2   -1    0  -13   17   -5  -18   18    1    9
    1    3   12    1    1    3    1    1       515   -5   -9    6    1    3   -7  -10   12  -21   -6   -3   10    9    3   18   -5   -8    0
    1    3   13    1    3    4    3    1       607    0    6   -5   12   -3   -3   -2   12   -6   10  -14    9    1   -3   -5   -8    6    9
    1    3   14    1    3    5    3    1       585    1    3    5    4   -3   -2   -3   13   -7    8   -2   15    7   -5   -7   -7    7    8
    1    3   15    1    2    5    1    0       658   -2    5    9  -14   12    0   -7    7   -4    0   -7  -16   13  -10   -9   12   -5   10
    1    4    1    1    1    1    1    1       714  -14   -5   -2    4   -6   -3  -16   13  -18    0   -7   15   12    0   14  -14   -9    2
    1    4    2    1    2    4    2    1       734    1    6    9  -13   11   -1   -6    7   -2   -1    0  -13   17   -5  -18   18    1    9
    1    4    3    1    2    3    2    1       562    0    6   12  -15   11    0   -6    7   -2    0   -7  -11   12   -9  -10   15    2   10
    1    4    4    1    1    4    1    1       573  -19  -14    7    0   -4   -4  -11    7  -16   -2   -4   13   10    1   14  -12   -9   -2
    1    4    5    1    3    5    2    0       440    1    3    5    4   -3   -2   -3   13   -7    8   -2   15    7   -5   -7   -7    7    8
    1    4    6    1    3    2    3    1       488    2    5    5    3   -5   -4   -4    8   -9   10   -6   13    3    0   -5   -8    7   10
    1    4    7    1    1    5    2    0       742  -15   -9    4    0   -2   -3  -11    9  -16   -3   -4    9   12    0    9  -13  -10    0
    1    4    8    1    2    1    1    0       890   -9    6   12  -12   11    0   -9    9   -4   -3  -10  -19   13   -7   -8   13    4   11
    1    4    9    1    3    3    3    1       632    0    3    5   -1   -3   -3   -4   11   -7    9   -1   14    6   -5   -7   -7    6   11
    1    4   10    1    2    2    2    1       736    1    8   12  -15   12   -2   -5    8  -11   -9   -1  -13   13   -8   -7   21    3    9
    1    4   11    1    1    3    1    1       948   -5   -9    6    1    3   -7  -10   12  -21   -6   -3   10    9    3   18   -5   -8    0
    1    4   12    1    2    5    2    1       703   -2    5    9  -14   12    0   -7    7   -4    0   -7  -16   13  -10   -9   12   -5   10
    1    4   13    1    1    2    1    1       757  -15   -7    7   -1   -5   -2  -12   11  -14   -1   -3   10   11    0    9  -13   -8    0
    1    4   14    1    3    4    3    1       648    0    6   -5   12   -3   -3   -2   12   -6   10  -14    9    1   -3   -5   -8    6    9
    1    4   15    1    3    1    3    1       463   -1    3    4    4   -3   -5    1    8  -10   11   -5   15    7    1   -5   -7    6   10
    1    5    1    1    3    5    3    1       398    1    3    5    4   -3   -2   -3   13   -7    8   -2   15    7   -5   -7   -7    7    8
    1    5    2    1    2    5    2    1       671   -2    5    9  -14   12    0   -7    7   -4    0   -7  -16   13  -10   -9   12   -5   10
    1    5    3    1    1    4    1    1       438  -19  -14    7    0   -4   -4  -11    7  -16   -2   -4   13   10    1   14  -12   -9   -2
    1    5    4    1    1    1    1    1       406  -14   -5   -2    4   -6   -3  -16   13  -18    0   -7   15   12    0   14  -14   -9    2
    1    5    5    1    1    5    2    0       519  -15   -9    4    0   -2   -3  -11    9  -16   -3   -4    9   12    0    9  -13  -10    0
    1    5    6    1    3    3    3    1       740    0    3    5   -1   -3   -3   -4   11   -7    9   -1   14    6   -5   -7   -7    6   11
    1    5    7    1    3    2    3    1       487    2    5    5    3   -5   -4   -4    8   -9   10   -6   13    3    0   -5   -8    7   10
    1    5    8    1    2    4    2    1       550    1    6    9  -13   11   -1   -6    7   -2   -1    0  -13   17   -5  -18   18    1    9
    1    5    9    1    1    3    2    0       593   -5   -9    6    1    3   -7  -10   12  -21   -6   -3   10    9    3   18   -5   -8    0
    1    5   10    1    3    1    3    1       539   -1    3    4    4   -3   -5    1    8  -10   11   -5   15    7    1   -5   -7    6   10
    1    5   11    1    1    2    1    1       663  -15   -7    7   -1   -5   -2  -12   11  -14   -1   -3   10   11    0    9  -13   -8    0
    1    5   12    1    2    2    2    1       429    1    8   12  -15   12   -2   -5    8  -11   -9   -1  -13   13   -8   -7   21    3    9
    1    5   13    1    3    4    1    0       461    0    6   -5   12   -3   -3   -2   12   -6   10  -14    9    1   -3   -5   -8    6    9
    1    5   14    1    2    3    2    1       540    0    6   12  -15   11    0   -6    7   -2    0   -7  -11   12   -9  -10   15    2   10
    1    5   15    1    2    1    1    0       473   -9    6   12  -12   11    0   -9    9   -4   -3  -10  -19   13   -7   -8   13    4   11
    1    6    1    1    2    3    1    0       663    0    6   12  -15   11    0   -6    7   -2    0   -7  -11   12   -9  -10   15    2   10
    1    6    2    1    2    5    2    1       510   -2    5    9  -14   12    0   -7    7   -4    0   -7  -16   13  -10   -9   12   -5   10
    1    6    3    1    2    1    2    1       795   -9    6   12  -12   11    0   -9    9   -4   -3  -10  -19   13   -7   -8   13    4   11
    1    6    4    1    3    5    3    1       573    1    3    5    4   -3   -2   -3   13   -7    8   -2   15    7   -5   -7   -7    7    8
    1    6    5    1    1    3    1    1      2200   -5   -9    6    1    3   -7  -10   12  -21   -6   -3   10    9    3   18   -5   -8    0
    1    6    6    1    3    1    3    1       689   -1    3    4    4   -3   -5    1    8  -10   11   -5   15    7    1   -5   -7    6   10
    1    6    7    1    2    4    2    1       999    1    6    9  -13   11   -1   -6    7   -2   -1    0  -13   17   -5  -18   18    1    9
    1    6    8    1    2    2    1    0       640    1    8   12  -15   12   -2   -5    8  -11   -9   -1  -13   13   -8   -7   21    3    9
    1    6    9    1    1    2    1    1       584  -15   -7    7   -1   -5   -2  -12   11  -14   -1   -3   10   11    0    9  -13   -8    0
    1    6   10    1    1    5    1    1       546  -15   -9    4    0   -2   -3  -11    9  -16   -3   -4    9   12    0    9  -13  -10    0
    1    6   11    1    1    4    1    1       637  -19  -14    7    0   -4   -4  -11    7  -16   -2   -4   13   10    1   14  -12   -9   -2
    1    6   12    1    3    4    3    1       805    0    6   -5   12   -3   -3   -2   12   -6   10  -14    9    1   -3   -5   -8    6    9
    1    6   13    1    3    2    3    1       503    2    5    5    3   -5   -4   -4    8   -9   10   -6   13    3    0   -5   -8    7   10
    1    6   14    1    3    3    3    1       468    0    3    5   -1   -3   -3   -4   11   -7    9   -1   14    6   -5   -7   -7    6   11
    1    6   15    1    1    1    2    0      1923  -14   -5   -2    4   -6   -3  -16   13  -18    0   -7   15   12    0   14  -14   -9    2
    1    7    1    1    3    1    3    1       791   -1    3    4    4   -3   -5    1    8  -10   11   -5   15    7    1   -5   -7    6   10
    1    7    2    1    2    5    2    1       697   -2    5    9  -14   12    0   -7    7   -4    0   -7  -16   13  -10   -9   12   -5   10
    1    7    3    1    2    4    2    1       783    1    6    9  -13   11   -1   -6    7   -2   -1    0  -13   17   -5  -18   18    1    9
    1    7    4    1    2    1    2    1       769   -9    6   12  -12   11    0   -9    9   -4   -3  -10  -19   13   -7   -8   13    4   11
    1    7    5    1    1    5    1    1       595  -15   -9    4    0   -2   -3  -11    9  -16   -3   -4    9   12    0    9  -13  -10    0
    1    7    6    1    1    2    1    1       589  -15   -7    7   -1   -5   -2  -12   11  -14   -1   -3   10   11    0    9  -13   -8    0
    1    7    7    1    1    3    1    1       631   -5   -9    6    1    3   -7  -10   12  -21   -6   -3   10    9    3   18   -5   -8    0
    1    7    8    1    3    5    3    1       751    1    3    5    4   -3   -2   -3   13   -7    8   -2   15    7   -5   -7   -7    7    8
    1    7    9    1    2    2    2    1       770    1    8   12  -15   12   -2   -5    8  -11   -9   -1  -13   13   -8   -7   21    3    9
    1    7   10    1    1    4    1    1       901  -19  -14    7    0   -4   -4  -11    7  -16   -2   -4   13   10    1   14  -12   -9   -2
    1    7   11    1    3    4    3    1       722    0    6   -5   12   -3   -3   -2   12   -6   10  -14    9    1   -3   -5   -8    6    9
    1    7   12    1    3    2    3    1       615    2    5    5    3   -5   -4   -4    8   -9   10   -6   13    3    0   -5   -8    7   10
    1    7   13    1    1    1    2    0       575  -14   -5   -2    4   -6   -3  -16   13  -18    0   -7   15   12    0   14  -14   -9    2
    1    7   14    1    3    3    3    1       618    0    3    5   -1   -3   -3   -4   11   -7    9   -1   14    6   -5   -7   -7    6   11
    1    7   15    1    2    3    2    1       803    0    6   12  -15   11    0   -6    7   -2    0   -7  -11   12   -9  -10   15    2   10
    1    8    1    1    1    5    1    1       484  -15   -9    4    0   -2   -3  -11    9  -16   -3   -4    9   12    0    9  -13  -10    0
    1    8    2    1    3    4    2    0       834    0    6   -5   12   -3   -3   -2   12   -6   10  -14    9    1   -3   -5   -8    6    9
    1    8    3    1    2    1    2    1      1362   -9    6   12  -12   11    0   -9    9   -4   -3  -10  -19   13   -7   -8   13    4   11
    1    8    4    1    3    1    3    1       605   -1    3    4    4   -3   -5    1    8  -10   11   -5   15    7    1   -5   -7    6   10
    1    8    5    1    1    2    2    0       758  -15   -7    7   -1   -5   -2  -12   11  -14   -1   -3   10   11    0    9  -13   -8    0
    1    8    6    1    1    3    1    1       650   -5   -9    6    1    3   -7  -10   12  -21   -6   -3   10    9    3   18   -5   -8    0
    1    8    7    1    2    2    2    1       529    1    8   12  -15   12   -2   -5    8  -11   -9   -1  -13   13   -8   -7   21    3    9
    1    8    8    1    2    3    2    1       590    0    6   12  -15   11    0   -6    7   -2    0   -7  -11   12   -9  -10   15    2   10
    1    8    9    1    1    1    1    1       584  -14   -5   -2    4   -6   -3  -16   13  -18    0   -7   15   12    0   14  -14   -9    2
    1    8   10    1    1    4    1    1       770  -19  -14    7    0   -4   -4  -11    7  -16   -2   -4   13   10    1   14  -12   -9   -2
    1    8   11    1    3    5    3    1       708    1    3    5    4   -3   -2   -3   13   -7    8   -2   15    7   -5   -7   -7    7    8
    1    8   12    1    3    2    3    1       554    2    5    5    3   -5   -4   -4    8   -9   10   -6   13    3    0   -5   -8    7   10
    1    8   13    1    2    5    2    1       549   -2    5    9  -14   12    0   -7    7   -4    0   -7  -16   13  -10   -9   12   -5   10
    1    8   14    1    2    4    2    1       976    1    6    9  -13   11   -1   -6    7   -2   -1    0  -13   17   -5  -18   18    1    9
    1    8   15    1    3    3    3    1       539    0    3    5   -1   -3   -3   -4   11   -7    9   -1   14    6   -5   -7   -7    6   11
    1    9    1    1    3    2    3    1       647    2    5    5    3   -5   -4   -4    8   -9   10   -6   13    3    0   -5   -8    7   10
    1    9    2    1    2    5    1    0       734   -2    5    9  -14   12    0   -7    7   -4    0   -7  -16   13  -10   -9   12   -5   10
    1    9    3    1    3    4    3    1       626    0    6   -5   12   -3   -3   -2   12   -6   10  -14    9    1   -3   -5   -8    6    9
    1    9    4    1    3    1    2    0       459   -1    3    4    4   -3   -5    1    8  -10   11   -5   15    7    1   -5   -7    6   10
    1    9    5    1    1    3    2    0       810   -5   -9    6    1    3   -7  -10   12  -21   -6   -3   10    9    3   18   -5   -8    0
    1    9    6    1    1    1    1    1       651  -14   -5   -2    4   -6   -3  -16   13  -18    0   -7   15   12    0   14  -14   -9    2
    1    9    7    1    1    4    1    1       866  -19  -14    7    0   -4   -4  -11    7  -16   -2   -4   13   10    1   14  -12   -9   -2
    1    9    8    1    2    1    2    1       561   -9    6   12  -12   11    0   -9    9   -4   -3  -10  -19   13   -7   -8   13    4   11
    1    9    9    1    2    3    2    1       732    0    6   12  -15   11    0   -6    7   -2    0   -7  -11   12   -9  -10   15    2   10
    1    9   10    1    3    3    3    1       560    0    3    5   -1   -3   -3   -4   11   -7    9   -1   14    6   -5   -7   -7    6   11
    1    9   11    1    2    2    2    1       508    1    8   12  -15   12   -2   -5    8  -11   -9   -1  -13   13   -8   -7   21    3    9
    1    9   12    1    3    5    3    1       793    1    3    5    4   -3   -2   -3   13   -7    8   -2   15    7   -5   -7   -7    7    8
    1    9   13    1    2    4    2    1      1131    1    6    9  -13   11   -1   -6    7   -2   -1    0  -13   17   -5  -18   18    1    9
    1    9   14    1    1    5    2    0       719  -15   -9    4    0   -2   -3  -11    9  -16   -3   -4    9   12    0    9  -13  -10    0
    1    9   15    1    1    2    2    0       707  -15   -7    7   -1   -5   -2  -12   11  -14   -1   -3   10   11    0    9  -13   -8    0
    1   10    1    1    2    1    2    1       793   -9    6   12  -12   11    0   -9    9   -4   -3  -10  -19   13   -7   -8   13    4   11
    1   10    2    1    1    5    1    1       891  -15   -9    4    0   -2   -3  -11    9  -16   -3   -4    9   12    0    9  -13  -10    0
    1   10    3    1    3    2    3    1       729    2    5    5    3   -5   -4   -4    8   -9   10   -6   13    3    0   -5   -8    7   10
    1   10    4    1    2    5    2    1       797   -2    5    9  -14   12    0   -7    7   -4    0   -7  -16   13  -10   -9   12   -5   10
    1   10    5    1    3    4    3    1       799    0    6   -5   12   -3   -3   -2   12   -6   10  -14    9    1   -3   -5   -8    6    9
    1   10    6    1    1    4    2    0       672  -19  -14    7    0   -4   -4  -11    7  -16   -2   -4   13   10    1   14  -12   -9   -2
    1   10    7    1    1    3    2    0       598   -5   -9    6    1    3   -7  -10   12  -21   -6   -3   10    9    3   18   -5   -8    0
    1   10    8    1    1    2    2    0       512  -15   -7    7   -1   -5   -2  -12   11  -14   -1   -3   10   11    0    9  -13   -8    0
    1   10    9    1    2    2    2    1       765    1    8   12  -15   12   -2   -5    8  -11   -9   -1  -13   13   -8   -7   21    3    9
    1   10   10    1    2    4    2    1      1072    1    6    9  -13   11   -1   -6    7   -2   -1    0  -13   17   -5  -18   18    1    9
    1   10   11    1    3    1    3    1       711   -1    3    4    4   -3   -5    1    8  -10   11   -5   15    7    1   -5   -7    6   10
    1   10   12    1    1    1    1    1       556  -14   -5   -2    4   -6   -3  -16   13  -18    0   -7   15   12    0   14  -14   -9    2
    1   10   13    1    3    3    3    1       679    0    3    5   -1   -3   -3   -4   11   -7    9   -1   14    6   -5   -7   -7    6   11
    1   10   14    1    3    5    3    1       814    1    3    5    4   -3   -2   -3   13   -7    8   -2   15    7   -5   -7   -7    7    8
    1   10   15    1    2    3    2    1      1934    0    6   12  -15   11    0   -6    7   -2    0   -7  -11   12   -9  -10   15    2   10
    1   11    1    1    1    2    1    1       610  -15   -7    7   -1   -5   -2  -12   11  -14   -1   -3   10   11    0    9  -13   -8    0
    1   11    2    1    3    3    3    1       700    0    3    5   -1   -3   -3   -4   11   -7    9   -1   14    6   -5   -7   -7    6   11
    1   11    3    1    1    1    1    1       513  -14   -5   -2    4   -6   -3  -16   13  -18    0   -7   15   12    0   14  -14   -9    2
    1   11    4    1    3    5    2    0       478    1    3    5    4   -3   -2   -3   13   -7    8   -2   15    7   -5   -7   -7    7    8
    1   11    5    1    2    1    2    1       716   -9    6   12  -12   11    0   -9    9   -4   -3  -10  -19   13   -7   -8   13    4   11
    1   11    6    1    1    3    1    1       561   -5   -9    6    1    3   -7  -10   12  -21   -6   -3   10    9    3   18   -5   -8    0
    1   11    7    1    1    4    1    1       652  -19  -14    7    0   -4   -4  -11    7  -16   -2   -4   13   10    1   14  -12   -9   -2
    1   11    8    1    2    2    2    1       947    1    8   12  -15   12   -2   -5    8  -11   -9   -1  -13   13   -8   -7   21    3    9
    1   11    9    1    3    2    3    1       623    2    5    5    3   -5   -4   -4    8   -9   10   -6   13    3    0   -5   -8    7   10
    1   11   10    1    2    3    2    1      1143    0    6   12  -15   11    0   -6    7   -2    0   -7  -11   12   -9  -10   15    2   10
    1   11   11    1    3    1    3    1       475   -1    3    4    4   -3   -5    1    8  -10   11   -5   15    7    1   -5   -7    6   10
    1   11   12    1    3    4    2    0       474    0    6   -5   12   -3   -3   -2   12   -6   10  -14    9    1   -3   -5   -8    6    9
    1   11   13    1    1    5    1    1       808  -15   -9    4    0   -2   -3  -11    9  -16   -3   -4    9   12    0    9  -13  -10    0
    1   11   14    1    2    4    2    1       570    1    6    9  -13   11   -1   -6    7   -2   -1    0  -13   17   -5  -18   18    1    9
    1   11   15    1    2    5    2    1       868   -2    5    9  -14   12    0   -7    7   -4    0   -7  -16   13  -10   -9   12   -5   10
    1   12    1    1    2    3    2    1       691    0    6   12  -15   11    0   -6    7   -2    0   -7  -11   12   -9  -10   15    2   10
    1   12    2    1    1    3    1    1       537   -5   -9    6    1    3   -7  -10   12  -21   -6   -3   10    9    3   18   -5   -8    0
    1   12    3    1    1    2    1    1       517  -15   -7    7   -1   -5   -2  -12   11  -14   -1   -3   10   11    0    9  -13   -8    0
    1   12    4    1    3    3    3    1       626    0    3    5   -1   -3   -3   -4   11   -7    9   -1   14    6   -5   -7   -7    6   11
    1   12    5    1    3    1    3    1       474   -1    3    4    4   -3   -5    1    8  -10   11   -5   15    7    1   -5   -7    6   10
    1   12    6    1    1    4    1    1       744  -19  -14    7    0   -4   -4  -11    7  -16   -2   -4   13   10    1   14  -12   -9   -2
    1   12    7    1    2    4    2    1       540    1    6    9  -13   11   -1   -6    7   -2   -1    0  -13   17   -5  -18   18    1    9
    1   12    8    1    1    1    1    1       424  -14   -5   -2    4   -6   -3  -16   13  -18    0   -7   15   12    0   14  -14   -9    2
    1   12    9    1    3    5    3    1       568    1    3    5    4   -3   -2   -3   13   -7    8   -2   15    7   -5   -7   -7    7    8
    1   12   10    1    2    1    2    1       739   -9    6   12  -12   11    0   -9    9   -4   -3  -10  -19   13   -7   -8   13    4   11
    1   12   11    1    2    5    2    1       695   -2    5    9  -14   12    0   -7    7   -4    0   -7  -16   13  -10   -9   12   -5   10
    1   12   12    1    1    5    1    1       573  -15   -9    4    0   -2   -3  -11    9  -16   -3   -4    9   12    0    9  -13  -10    0
    1   12   13    1    2    2    2    1       536    1    8   12  -15   12   -2   -5    8  -11   -9   -1  -13   13   -8   -7   21    3    9
    1   12   14    1    3    2    3    1       580    2    5    5    3   -5   -4   -4    8   -9   10   -6   13    3    0   -5   -8    7   10
    1   12   15    1    3    4    3    1       910    0    6   -5   12   -3   -3   -2   12   -6   10  -14    9    1   -3   -5   -8    6    9
    1   13    1    1    3    5    3    1       779    1    3    5    4   -3   -2   -3   13   -7    8   -2   15    7   -5   -7   -7    7    8
    1   13    2    1    1    2    2    0      1326  -15   -7    7   -1   -5   -2  -12   11  -14   -1   -3   10   11    0    9  -13   -8    0
    1   13    3    1    1    3    2    0       986   -5   -9    6    1    3   -7  -10   12  -21   -6   -3   10    9    3   18   -5   -8    0
    1   13    4    1    2    5    2    1       580   -2    5    9  -14   12    0   -7    7   -4    0   -7  -16   13  -10   -9   12   -5   10
    1   13    5    1    1    5    1    1      1054  -15   -9    4    0   -2   -3  -11    9  -16   -3   -4    9   12    0    9  -13  -10    0
    1   13    6    1    2    4    2    1       757    1    6    9  -13   11   -1   -6    7   -2   -1    0  -13   17   -5  -18   18    1    9
    1   13    7    1    3    4    3    1       777    0    6   -5   12   -3   -3   -2   12   -6   10  -14    9    1   -3   -5   -8    6    9
    1   13    8    1    3    3    3    1       667    0    3    5   -1   -3   -3   -4   11   -7    9   -1   14    6   -5   -7   -7    6   11
    1   13    9    1    2    2    2    1       802    1    8   12  -15   12   -2   -5    8  -11   -9   -1  -13   13   -8   -7   21    3    9
    1   13   10    1    1    4    1    1       595  -19  -14    7    0   -4   -4  -11    7  -16   -2   -4   13   10    1   14  -12   -9   -2
    1   13   11    1    2    1    2    1       877   -9    6   12  -12   11    0   -9    9   -4   -3  -10  -19   13   -7   -8   13    4   11
    1   13   12    1    3    2    3    1       556    2    5    5    3   -5   -4   -4    8   -9   10   -6   13    3    0   -5   -8    7   10
    1   13   13    1    2    3    3    0       871    0    6   12  -15   11    0   -6    7   -2    0   -7  -11   12   -9  -10   15    2   10
    1   13   14    1    1    1    1    1       790  -14   -5   -2    4   -6   -3  -16   13  -18    0   -7   15   12    0   14  -14   -9    2
    1   13   15    1    3    1    3    1       728   -1    3    4    4   -3   -5    1    8  -10   11   -5   15    7    1   -5   -7    6   10
    1   14    1    1    2    1    2    1      1260   -9    6   12  -12   11    0   -9    9   -4   -3  -10  -19   13   -7   -8   13    4   11
    1   14    2    1    1    4    1    1       699  -19  -14    7    0   -4   -4  -11    7  -16   -2   -4   13   10    1   14  -12   -9   -2
    1   14    3    1    2    4    2    1       577    1    6    9  -13   11   -1   -6    7   -2   -1    0  -13   17   -5  -18   18    1    9
    1   14    4    1    3    2    3    1       588    2    5    5    3   -5   -4   -4    8   -9   10   -6   13    3    0   -5   -8    7   10
    1   14    5    1    1    5    1    1       614  -15   -9    4    0   -2   -3  -11    9  -16   -3   -4    9   12    0    9  -13  -10    0
    1   14    6    1    1    1    1    1       606  -14   -5   -2    4   -6   -3  -16   13  -18    0   -7   15   12    0   14  -14   -9    2
    1   14    7    1    3    4    3    1       552    0    6   -5   12   -3   -3   -2   12   -6   10  -14    9    1   -3   -5   -8    6    9
    1   14    8    1    3    1    3    1       499   -1    3    4    4   -3   -5    1    8  -10   11   -5   15    7    1   -5   -7    6   10
    1   14    9    1    2    5    2    1       592   -2    5    9  -14   12    0   -7    7   -4    0   -7  -16   13  -10   -9   12   -5   10
    1   14   10    1    3    5    3    1       586    1    3    5    4   -3   -2   -3   13   -7    8   -2   15    7   -5   -7   -7    7    8
    1   14   11    1    2    2    2    1       676    1    8   12  -15   12   -2   -5    8  -11   -9   -1  -13   13   -8   -7   21    3    9
    1   14   12    1    3    3    3    1       443    0    3    5   -1   -3   -3   -4   11   -7    9   -1   14    6   -5   -7   -7    6   11
    1   14   13    1    1    3    1    1       507   -5   -9    6    1    3   -7  -10   12  -21   -6   -3   10    9    3   18   -5   -8    0
    1   14   14    1    2    3    2    1       504    0    6   12  -15   11    0   -6    7   -2    0   -7  -11   12   -9  -10   15    2   10
    1   14   15    1    1    2    2    0       677  -15   -7    7   -1   -5   -2  -12   11  -14   -1   -3   10   11    0    9  -13   -8    0
    1   15    1    1    3    5    3    1       844    1    3    5    4   -3   -2   -3   13   -7    8   -2   15    7   -5   -7   -7    7    8
    1   15    2    1    3    1    3    1       476   -1    3    4    4   -3   -5    1    8  -10   11   -5   15    7    1   -5   -7    6   10
    1   15    3    1    1    4    1    1       954  -19  -14    7    0   -4   -4  -11    7  -16   -2   -4   13   10    1   14  -12   -9   -2
    1   15    4    1    3    4    3    1       966    0    6   -5   12   -3   -3   -2   12   -6   10  -14    9    1   -3   -5   -8    6    9
    1   15    5    1    2    1    2    1       496   -9    6   12  -12   11    0   -9    9   -4   -3  -10  -19   13   -7   -8   13    4   11
    1   15    6    1    2    3    2    1       750    0    6   12  -15   11    0   -6    7   -2    0   -7  -11   12   -9  -10   15    2   10
    1   15    7    1    1    1    1    1       545  -14   -5   -2    4   -6   -3  -16   13  -18    0   -7   15   12    0   14  -14   -9    2
    1   15    8    1    3    2    3    1       653    2    5    5    3   -5   -4   -4    8   -9   10   -6   13    3    0   -5   -8    7   10
    1   15    9    1    2    2    2    1       692    1    8   12  -15   12   -2   -5    8  -11   -9   -1  -13   13   -8   -7   21    3    9
    1   15   10    1    1    3    1    1      1258   -5   -9    6    1    3   -7  -10   12  -21   -6   -3   10    9    3   18   -5   -8    0
    1   15   11    1    3    3    3    1       746    0    3    5   -1   -3   -3   -4   11   -7    9   -1   14    6   -5   -7   -7    6   11
    1   15   12    1    2    4    2    1       558    1    6    9  -13   11   -1   -6    7   -2   -1    0  -13   17   -5  -18   18    1    9
    1   15   13    1    1    5    1    1       681  -15   -9    4    0   -2   -3  -11    9  -16   -3   -4    9   12    0    9  -13  -10    0
    1   15   14    1    1    2    1    1       543  -15   -7    7   -1   -5   -2  -12   11  -14   -1   -3   10   11    0    9  -13   -8    0
    1   15   15    1    2    5    2    1       587   -2    5    9  -14   12    0   -7    7   -4    0   -7  -16   13  -10   -9   12   -5   10
    2    1    1    1    2    4    1    1      3354    1    6    9  -13   11   -1   -6    7   -2   -1    0  -13   17   -5  -18   18    1    9
    2    1    2    2    2    0    2    1      1685   -1    7   10  -13   11   -2   -7    8   -4   -2   -2  -14   13   -9   -9   13    2    9
    2    1    3    4    2    5    2    1      1315    0    5   10  -15    7    1   -7    9   -5   -3   -4  -12   13  -11  -10   12    2   10
    2    1    4    1    2    5    1    1       912   -2    5    9  -14   12    0   -7    7   -4    0   -7  -16   13  -10   -9   12   -5   10
    2    1    5    6    0    0    2    1      1149  -16   10   12   14   -5    8    4   -8    8    1    6   14  -11    4    3   13    1    5
    2    1    6    1    3    1    1    1      1104   -1    3    4    4   -3   -5    1    8  -10   11   -5   15    7    1   -5   -7    6   10
    2    1    7    4    2    4    2    1      1830    1    7    8   -8   16    1   -9    7  -14    8   -1  -13   14  -10  -10   14    9    9
    2    1    8    4    1    5    2    1      1677  -14   -7    9    4   -5   -3  -13    2  -15   -4   -5   11   12    0    9  -12  -10    0
    2    1    9    1    3    4    1    1       652    0    6   -5   12   -3   -3   -2   12   -6   10  -14    9    1   -3   -5   -8    6    9
    2    1   10    1    2    3    1    1       835    0    6   12  -15   11    0   -6    7   -2    0   -7  -11   12   -9  -10   15    2   10
    2    1   11    4    3    1    2    1       883   -1    5    6    3   -3   -5    0   15  -10    2   -6   13    7   -4   -7   -6    9   10
    2    1   12    4    3    4    1    0       913   -1    4   -2   -6   -2   -2   -2   10   -6   11   -3   13    9   -5   -6   -9    6   10
    2    1   13    6    0    0    2    1       814   -7   -8    1   -9   22   -5    4  -10   -2    0   14   13   -7   24   -5   13  -16   15
    2    1   14    1    3    5    1    1      1103    1    3    5    4   -3   -2   -3   13   -7    8   -2   15    7   -5   -7   -7    7    8
    2    1   15    1    2    1    2    0      2644   -9    6   12  -12   11    0   -9    9   -4   -3  -10  -19   13   -7   -8   13    4   11
    2    1   16    1    1    1    1    1       844  -14   -5   -2    4   -6   -3  -16   13  -18    0   -7   15   12    0   14  -14   -9    2
    2    1   17    4    2    2    2    1       924    9   13   11  -12   12    0   -6    9   -5   -1   -1  -16   12   -8  -14   17    4   12
    2    1   18    1    2    2    1    1       712    1    8   12  -15   12   -2   -5    8  -11   -9   -1  -13   13   -8   -7   21    3    9
    2    1   19    4    3    5    2    1      1102    2    3    3    1   -3  -14   -3   11  -12   15   -4   13    8   -6   -7   -7    6    9
    2    1   20    4    2    3    2    1      1523   -1    6    9  -13   13   -4   -6    7   -3   -3   -5  -24   12  -10   -4   10   -2   14
    2    1   21    1    1    2    1    1       759  -15   -7    7   -1   -5   -2  -12   11  -14   -1   -3   10   11    0    9  -13   -8    0
    2    1   22    6    0    0    2    1      1371  -12   12   10   10   -2   12    0   -5   11   -1    7   12  -10   -3    3   17   -3    8
    2    1   23    4    1    4    2    1      1142  -14   -5   12   -9   -5   -2  -12   10  -13   -3   -5   10   14    2   10  -15  -10    0
    2    1   24    4    2    1    1    0       921   -1    8   11  -15    8   -1   -4    7  -11   -3   -3  -14   19  -14   -8   13    0   11
    2    1   25    4    1    3    2    1      1558  -11   -9   11   -3   -3   -1   -7    0  -16   -3    0   14   17    3    8   -9   -9    1
    2    1   26    4    3    3    1    0       954   -1    5    1    7   -5   -2   -4   12   -6    8   -1   16    3   -4   -5   -7    6   17
    2    1   27    2    1    0    1    0       804  -13   -7    6   -1   -4   -3  -11   10  -15   -3   -4   11   12   -1    9  -14   -9    0
    2    1   28    1    3    2    1    1      1158    2    5    5    3   -5   -4   -4    8   -9   10   -6   13    3    0   -5   -8    7   10
    2    1   29    1    1    5    1    1      1321  -15   -9    4    0   -2   -3  -11    9  -16   -3   -4    9   12    0    9  -13  -10    0
    2    1   30    1    3    3    2    0       998    0    3    5   -1   -3   -3   -4   11   -7    9   -1   14    6   -5   -7   -7    6   11
    2    1   31    4    3    2    2    1      1263    0    2    5    0   -4   -2   -5   12  -17   19   -3   15    6   -5   -7   -8    6    9
    2    1   32    4    1    2    1    0       638  -12  -11    2   -9   -2   -3  -12    8  -15   -4   -3   14   13   -1   11  -16  -10    1
    2    1   33    1    1    3    1    1       886   -5   -9    6    1    3   -7  -10   12  -21   -6   -3   10    9    3   18   -5   -8    0
    2    1   34    2    3    0    1    0      1300    0    4    4    2   -4   -4   -3   12   -8    9   -4   14    6   -4   -6   -8    7    9
    2    1   35    4    1    1    2    1       945  -12   -7   11   -4   -4   -1   -8    0  -14   -4    1   19   11   -1    7  -10  -11    0
    2    1   36    1    1    4    1    1       925  -19  -14    7    0   -4   -4  -11    7  -16   -2   -4   13   10    1   14  -12   -9   -2
    2    1   37    6    0    0    2    1      1386    0  -10   12   -2   15   -4   -1   11  -12    3   -8    1    2    6    9   -5    9    5
    2    1   38    6    0    0    2    1      1556    6    0   11    3   15   -2   -3   13    0    7   -9    4   17   -1   12   -5    9    9
    2    1   39    6    0    0    2    1      1111   -7   -8    0  -10   17    4    6   -7    2    4   10   16   -4   13   -2   18   -4   16
