    1    1    1    1    2    5    1    0      3812   -2   12   -1   -9   -1    7  -12    2   12   17    5    5   -9  -15   -6   -4   16   11
    1    1    2    1    3    1    1    0      5124   10   10    7    7  -15   -1   -7  -10   -2    1    6  -11    7    0    1  -10    2  -14
    1    1    3    1    3    3    1    0      1560   11   10    6    9  -13    2   -1    1   -7    6    9  -13   -4   -6   -2  -10    1  -14
    1    1    4    1    2    4    1    0      3707    2   16    8  -14    3   -3  -14    1   10   16    4    8   -9  -13  -10   -2    4   19
    1    1    5    1    1    4    3    0      5272   -1   -6   -9    0  -11    2   -9  -10   15   -2    5   15    5  -12   10    6   16   -5
    1    1    6    1    1    2    1    1      5287    1   -4  -15    1  -10    6   -6  -10   13   -1    6   11    4  -11    6    7   14   -4
    1    1    7    1    1    5    1    1      2484    6   -4   -8    0  -12    5   -6  -10   12   -2    5   10    3  -10    6    6   17   -2
    1    1    8    1    2    3    1    0      1135    0   10    9  -16    4   -1  -16    4   10   16    1    7   -9  -13   -7   -4   23    7
    1    1    9    1    3    2    3    1       758   13   11    5   14  -13    3   -4  -11    2    6    8  -12   -4   -7   -1  -12    2  -14
    1    1   10    1    1    1    1    1       569    0   -4   -6   -3  -11    5   -9   -8   13   -1    8   11    2  -14    7    6   17   -3
    1    1   11    1    3    5    2    0       436    7    9    0    8  -15    2   -2   -3   -4    5    8   -9    0   -8   -1  -10    1  -14
    1    1   12    1    1    3    3    0      1604   -1   -7   -5   -2   -9    5  -10   -6   10    3    8    9    2  -12    9    5   17   -4
    1    1   13    1    3    4    2    0      2453   10   18    9    0  -14   -1   -6   -8   -4   10   11  -16   -1   -6   -2  -12    6  -12
    1    1   14    1    2    2    1    0      1364   -1   12    8  -10    3   -4   -6   11   14   17    6    7   -9  -13  -13  -13   14   13
    1    1   15    1    2    1    1    0      1455   -2   11    8  -12   12   -2  -14    3   12   18    4    7  -10  -21  -10   -2    9   11
    1    2    1    1    1    3    2    0       982   -1   -7   -5   -2   -9    5  -10   -6   10    3    8    9    2  -12    9    5   17   -4
    1    2    2    1    1    1    1    1      1456    0   -4   -6   -3  -11    5   -9   -8   13   -1    8   11    2  -14    7    6   17   -3
    1    2    3    1    3    5    2    0      1447    7    9    0    8  -15    2   -2   -3   -4    5    8   -9    0   -8   -1  -10    1  -14
    1    2    4    1    1    2    3    0       927    1   -4  -15    1  -10    6   -6  -10   13   -1    6   11    4  -11    6    7   14   -4
    1    2    5    1    3    2    1    0       747   13   11    5   14  -13    3   -4  -11    2    6    8  -12   -4   -7   -1  -12    2  -14
    1    2    6    1    1    5    2    0       878    6   -4   -8    0  -12    5   -6  -10   12   -2    5   10    3  -10    6    6   17   -2
    1    2    7    1    3    4    3    1        76   10   18    9    0  -14   -1   -6   -8   -4   10   11  -16   -1   -6   -2  -12    6  -12
    1    2    8    1    1    4    3    0      2154   -1   -6   -9    0  -11    2   -9  -10   15   -2    5   15    5  -12   10    6   16   -5
    1    2    9    1    2    2    2    1      2549   -1   12    8  -10    3   -4   -6   11   14   17    6    7   -9  -13  -13  -13   14   13
    1    2   10    1    2    5    1    0      1328   -2   12   -1   -9   -1    7  -12    2   12   17    5    5   -9  -15   -6   -4   16   11
    1    2   11    1    2    3    2    1       844    0   10    9  -16    4   -1  -16    4   10   16    1    7   -9  -13   -7   -4   23    7
    1    2   12    1    2    4    1    0      4507    2   16    8  -14    3   -3  -14    1   10   16    4    8   -9  -13  -10   -2    4   19
    1    2   13    1    3    1    3    1      2185   10   10    7    7  -15   -1   -7  -10   -2    1    6  -11    7    0    1  -10    2  -14
    1    2   14    1    2    1    1    0      1683   -2   11    8  -12   12   -2  -14    3   12   18    4    7  -10  -21  -10   -2    9   11
    1    2   15    1    3    3    1    0      2080   11   10    6    9  -13    2   -1    1   -7    6    9  -13   -4   -6   -2  -10    1  -14
    1    3    1    1    2    4    2    1      5550    2   16    8  -14    3   -3  -14    1   10   16    4    8   -9  -13  -10   -2    4   19
    1    3    2    1    1    1    3    0      2081    0   -4   -6   -3  -11    5   -9   -8   13   -1    8   11    2  -14    7    6   17   -3
    1    3    3    1    1    5    1    1      1455    6   -4   -8    0  -12    5   -6  -10   12   -2    5   10    3  -10    6    6   17   -2
    1    3    4    1    2    1    2    1      3239   -2   11    8  -12   12   -2  -14    3   12   18    4    7  -10  -21  -10   -2    9   11
    1    3    5    1    2    2    2    1      6007   -1   12    8  -10    3   -4   -6   11   14   17    6    7   -9  -13  -13  -13   14   13
    1    3    6    1    1    4    1    1      1304   -1   -6   -9    0  -11    2   -9  -10   15   -2    5   15    5  -12   10    6   16   -5
    1    3    7    1    3    4    3    1       997   10   18    9    0  -14   -1   -6   -8   -4   10   11  -16   -1   -6   -2  -12    6  -12
    1    3    8    1    1    2    2    0      2286    1   -4  -15    1  -10    6   -6  -10   13   -1    6   11    4  -11    6    7   14   -4
    1    3    9    1    3    2    2    0      4420   13   11    5   14  -13    3   -4  -11    2    6    8  -12   -4   -7   -1  -12    2  -14
    1    3   10    1    3    5    3    1      1349    7    9    0    8  -15    2   -2   -3   -4    5    8   -9    0   -8   -1  -10    1  -14
    1    3   11    1    3    1    2    0      2176   10   10    7    7  -15   -1   -7  -10   -2    1    6  -11    7    0    1  -10    2  -14
    1    3   12    1    2    5    1    0      1146   -2   12   -1   -9   -1    7  -12    2   12   17    5    5   -9  -15   -6   -4   16   11
    1    3   13    1    1    3    1    1      1133   -1   -7   -5   -2   -9    5  -10   -6   10    3    8    9    2  -12    9    5   17   -4
    1    3   14    1    3    3    3    1      2177   11   10    6    9  -13    2   -1    1   -7    6    9  -13   -4   -6   -2  -10    1  -14
    1    3   15    1    2    3    3    0      1131    0   10    9  -16    4   -1  -16    4   10   16    1    7   -9  -13   -7   -4   23    7
    1    4    1    1    3    3    3    1      1903   11   10    6    9  -13    2   -1    1   -7    6    9  -13   -4   -6   -2  -10    1  -14
    1    4    2    1    3    1    2    0      2052   10   10    7    7  -15   -1   -7  -10   -2    1    6  -11    7    0    1  -10    2  -14
    1    4    3    1    2    2    3    0      1523   -1   12    8  -10    3   -4   -6   11   14   17    6    7   -9  -13  -13  -13   14   13
    1    4    4    1    2    1    1    0      1288   -2   11    8  -12   12   -2  -14    3   12   18    4    7  -10  -21  -10   -2    9   11
    1    4    5    1    1    5    1    1       982    6   -4   -8    0  -12    5   -6  -10   12   -2    5   10    3  -10    6    6   17   -2
    1    4    6    1    2    4    2    1      2256    2   16    8  -14    3   -3  -14    1   10   16    4    8   -9  -13  -10   -2    4   19
    1    4    7    1    2    5    2    1      1447   -2   12   -1   -9   -1    7  -12    2   12   17    5    5   -9  -15   -6   -4   16   11
    1    4    8    1    3    4    3    1      2462   10   18    9    0  -14   -1   -6   -8   -4   10   11  -16   -1   -6   -2  -12    6  -12
    1    4    9    1    3    2    1    0      2029   13   11    5   14  -13    3   -4  -11    2    6    8  -12   -4   -7   -1  -12    2  -14
    1    4   10    1    2    3    1    0      2461    0   10    9  -16    4   -1  -16    4   10   16    1    7   -9  -13   -7   -4   23    7
    1    4   11    1    1    4    2    0      3611   -1   -6   -9    0  -11    2   -9  -10   15   -2    5   15    5  -12   10    6   16   -5
    1    4   12    1    3    5    3    1      1996    7    9    0    8  -15    2   -2   -3   -4    5    8   -9    0   -8   -1  -10    1  -14
    1    4   13    1    1    1    1    1       925    0   -4   -6   -3  -11    5   -9   -8   13   -1    8   11    2  -14    7    6   17   -3
    1    4   14    1    1    3    1    1      4058   -1   -7   -5   -2   -9    5  -10   -6   10    3    8    9    2  -12    9    5   17   -4
    1    4   15    1    1    2    2    0       905    1   -4  -15    1  -10    6   -6  -10   13   -1    6   11    4  -11    6    7   14   -4
    1    5    1    1    1    1    1    1       982    0   -4   -6   -3  -11    5   -9   -8   13   -1    8   11    2  -14    7    6   17   -3
    1    5    2    1    1    2    2    0      1504    1   -4  -15    1  -10    6   -6  -10   13   -1    6   11    4  -11    6    7   14   -4
    1    5    3    1    2    1    1    0      1813   -2   11    8  -12   12   -2  -14    3   12   18    4    7  -10  -21  -10   -2    9   11
    1    5    4    1    3    4    3    1       878   10   18    9    0  -14   -1   -6   -8   -4   10   11  -16   -1   -6   -2  -12    6  -12
    1    5    5    1    3    1    1    0      2492   10   10    7    7  -15   -1   -7  -10   -2    1    6  -11    7    0    1  -10    2  -14
    1    5    6    1    2    2    3    0      1370   -1   12    8  -10    3   -4   -6   11   14   17    6    7   -9  -13  -13  -13   14   13
    1    5    7    1    2    5    3    0      2500   -2   12   -1   -9   -1    7  -12    2   12   17    5    5   -9  -15   -6   -4   16   11
    1    5    8    1    3    3    2    0      1729   11   10    6    9  -13    2   -1    1   -7    6    9  -13   -4   -6   -2  -10    1  -14
    1    5    9    1    3    2    2    0      4141   13   11    5   14  -13    3   -4  -11    2    6    8  -12   -4   -7   -1  -12    2  -14
    1    5   10    1    1    3    1    1       889   -1   -7   -5   -2   -9    5  -10   -6   10    3    8    9    2  -12    9    5   17   -4
    1    5   11    1    1    4    1    1      1095   -1   -6   -9    0  -11    2   -9  -10   15   -2    5   15    5  -12   10    6   16   -5
    1    5   12    1    1    5    1    1       876    6   -4   -8    0  -12    5   -6  -10   12   -2    5   10    3  -10    6    6   17   -2
    1    5   13    1    3    5    2    0      2490    7    9    0    8  -15    2   -2   -3   -4    5    8   -9    0   -8   -1  -10    1  -14
    1    5   14    1    2    4    2    1      1416    2   16    8  -14    3   -3  -14    1   10   16    4    8   -9  -13  -10   -2    4   19
    1    5   15    1    2    3    3    0      1425    0   10    9  -16    4   -1  -16    4   10   16    1    7   -9  -13   -7   -4   23    7
    1    6    1    1    1    4    2    0      1193   -1   -6   -9    0  -11    2   -9  -10   15   -2    5   15    5  -12   10    6   16   -5
    1    6    2    1    3    3    2    0      1802   11   10    6    9  -13    2   -1    1   -7    6    9  -13   -4   -6   -2  -10    1  -14
    1    6    3    1    3    5    3    1      1012    7    9    0    8  -15    2   -2   -3   -4    5    8   -9    0   -8   -1  -10    1  -14
    1    6    4    1    2    3    3    0       908    0   10    9  -16    4   -1  -16    4   10   16    1    7   -9  -13   -7   -4   23    7
    1    6    5    1    3    4    3    1      1450   10   18    9    0  -14   -1   -6   -8   -4   10   11  -16   -1   -6   -2  -12    6  -12
    1    6    6    1    1    1    1    1       993    0   -4   -6   -3  -11    5   -9   -8   13   -1    8   11    2  -14    7    6   17   -3
    1    6    7    1    2    5    3    0      3194   -2   12   -1   -9   -1    7  -12    2   12   17    5    5   -9  -15   -6   -4   16   11
    1    6    8    1    2    1    2    1      1147   -2   11    8  -12   12   -2  -14    3   12   18    4    7  -10  -21  -10   -2    9   11
    1    6    9    1    1    2    2    0      2767    1   -4  -15    1  -10    6   -6  -10   13   -1    6   11    4  -11    6    7   14   -4
    1    6   10    1    1    5    1    1       929    6   -4   -8    0  -12    5   -6  -10   12   -2    5   10    3  -10    6    6   17   -2
    1    6   11    1    2    2    2    1      1293   -1   12    8  -10    3   -4   -6   11   14   17    6    7   -9  -13  -13  -13   14   13
    1    6   12    1    1    3    1    1      1258   -1   -7   -5   -2   -9    5  -10   -6   10    3    8    9    2  -12    9    5   17   -4
    1    6   13    1    2    4    2    1      1113    2   16    8  -14    3   -3  -14    1   10   16    4    8   -9  -13  -10   -2    4   19
    1    6   14    1    3    2    2    0      1598   13   11    5   14  -13    3   -4  -11    2    6    8  -12   -4   -7   -1  -12    2  -14
    1    6   15    1    3    1    3    1       463   10   10    7    7  -15   -1   -7  -10   -2    1    6  -11    7    0    1  -10    2  -14
    1    7    1    1    3    4    3    1      1662   10   18    9    0  -14   -1   -6   -8   -4   10   11  -16   -1   -6   -2  -12    6  -12
    1    7    2    1    1    4    2    0       892   -1   -6   -9    0  -11    2   -9  -10   15   -2    5   15    5  -12   10    6   16   -5
    1    7    3    1    2    4    2    1      1370    2   16    8  -14    3   -3  -14    1   10   16    4    8   -9  -13  -10   -2    4   19
    1    7    4    1    1    3    1    1      1524   -1   -7   -5   -2   -9    5  -10   -6   10    3    8    9    2  -12    9    5   17   -4
    1    7    5    1    1    2    2    0      1193    1   -4  -15    1  -10    6   -6  -10   13   -1    6   11    4  -11    6    7   14   -4
    1    7    6    1    2    2    1    0       618   -1   12    8  -10    3   -4   -6   11   14   17    6    7   -9  -13  -13  -13   14   13
    1    7    7    1    3    2    3    1       739   13   11    5   14  -13    3   -4  -11    2    6    8  -12   -4   -7   -1  -12    2  -14
    1    7    8    1    3    1    1    0      1575   10   10    7    7  -15   -1   -7  -10   -2    1    6  -11    7    0    1  -10    2  -14
    1    7    9    1    2    1    2    1      1145   -2   11    8  -12   12   -2  -14    3   12   18    4    7  -10  -21  -10   -2    9   11
    1    7   10    1    2    3    3    0      1117    0   10    9  -16    4   -1  -16    4   10   16    1    7   -9  -13   -7   -4   23    7
    1    7   11    1    3    5    2    0      1889    7    9    0    8  -15    2   -2   -3   -4    5    8   -9    0   -8   -1  -10    1  -14
    1    7   12    1    2    5    1    0      1031   -2   12   -1   -9   -1    7  -12    2   12   17    5    5   -9  -15   -6   -4   16   11
    1    7   13    1    1    5    1    1       943    6   -4   -8    0  -12    5   -6  -10   12   -2    5   10    3  -10    6    6   17   -2
    1    7   14    1    3    3    2    0      1242   11   10    6    9  -13    2   -1    1   -7    6    9  -13   -4   -6   -2  -10    1  -14
    1    7   15    1    1    1    3    0       346    0   -4   -6   -3  -11    5   -9   -8   13   -1    8   11    2  -14    7    6   17   -3
    1    8    1    1    2    5    3    0      1309   -2   12   -1   -9   -1    7  -12    2   12   17    5    5   -9  -15   -6   -4   16   11
    1    8    2    1    2    1    2    1      7466   -2   11    8  -12   12   -2  -14    3   12   18    4    7  -10  -21  -10   -2    9   11
    1    8    3    1    1    3    1    1      1169   -1   -7   -5   -2   -9    5  -10   -6   10    3    8    9    2  -12    9    5   17   -4
    1    8    4    1    3    1    3    1      1491   10   10    7    7  -15   -1   -7  -10   -2    1    6  -11    7    0    1  -10    2  -14
    1    8    5    1    1    5    1    1       921    6   -4   -8    0  -12    5   -6  -10   12   -2    5   10    3  -10    6    6   17   -2
    1    8    6    1    3    2    3    1      3702   13   11    5   14  -13    3   -4  -11    2    6    8  -12   -4   -7   -1  -12    2  -14
    1    8    7    1    3    5    2    0      5619    7    9    0    8  -15    2   -2   -3   -4    5    8   -9    0   -8   -1  -10    1  -14
    1    8    8    1    2    2    3    0       947   -1   12    8  -10    3   -4   -6   11   14   17    6    7   -9  -13  -13  -13   14   13
    1    8    9    1    1    4    2    0      1119   -1   -6   -9    0  -11    2   -9  -10   15   -2    5   15    5  -12   10    6   16   -5
    1    8   10    1    2    4    2    1      1123    2   16    8  -14    3   -3  -14    1   10   16    4    8   -9  -13  -10   -2    4   19
    1    8   11    1    1    2    2    0      1896    1   -4  -15    1  -10    6   -6  -10   13   -1    6   11    4  -11    6    7   14   -4
    1    8   12    1    1    1    1    1       749    0   -4   -6   -3  -11    5   -9   -8   13   -1    8   11    2  -14    7    6   17   -3
    1    8   13    1    3    3    2    0      2064   11   10    6    9  -13    2   -1    1   -7    6    9  -13   -4   -6   -2  -10    1  -14
    1    8   14    1    3    4    2    0      3183   10   18    9    0  -14   -1   -6   -8   -4   10   11  -16   -1   -6   -2  -12    6  -12
    1    8   15    1    2    3    3    0      1665    0   10    9  -16    4   -1  -16    4   10   16    1    7   -9  -13   -7   -4   23    7
    1    9    1    1    1    2    2    0       991    1   -4  -15    1  -10    6   -6  -10   13   -1    6   11    4  -11    6    7   14   -4
    1    9    2    1    2    1    2    1      1049   -2   11    8  -12   12   -2  -14    3   12   18    4    7  -10  -21  -10   -2    9   11
    1    9    3    1    1    3    1    1       848   -1   -7   -5   -2   -9    5  -10   -6   10    3    8    9    2  -12    9    5   17   -4
    1    9    4    1    1    4    2    0      2144   -1   -6   -9    0  -11    2   -9  -10   15   -2    5   15    5  -12   10    6   16   -5
    1    9    5    1    2    4    2    1       923    2   16    8  -14    3   -3  -14    1   10   16    4    8   -9  -13  -10   -2    4   19
    1    9    6    1    1    5    1    1      1383    6   -4   -8    0  -12    5   -6  -10   12   -2    5   10    3  -10    6    6   17   -2
    1    9    7    1    2    2    3    0      3473   -1   12    8  -10    3   -4   -6   11   14   17    6    7   -9  -13  -13  -13   14   13
    1    9    8    1    2    5    2    1      1448   -2   12   -1   -9   -1    7  -12    2   12   17    5    5   -9  -15   -6   -4   16   11
    1    9    9    1    1    1    1    1       927    0   -4   -6   -3  -11    5   -9   -8   13   -1    8   11    2  -14    7    6   17   -3
    1    9   10    1    3    2    3    1      2475   13   11    5   14  -13    3   -4  -11    2    6    8  -12   -4   -7   -1  -12    2  -14
    1    9   11    1    3    1    3    1      2602   10   10    7    7  -15   -1   -7  -10   -2    1    6  -11    7    0    1  -10    2  -14
    1    9   12    1    3    4    3    1      5107   10   18    9    0  -14   -1   -6   -8   -4   10   11  -16   -1   -6   -2  -12    6  -12
    1    9   13    1    3    3    2    0      5928   11   10    6    9  -13    2   -1    1   -7    6    9  -13   -4   -6   -2  -10    1  -14
    1    9   14    1    2    3    3    0      1388    0   10    9  -16    4   -1  -16    4   10   16    1    7   -9  -13   -7   -4   23    7
    1    9   15    1    3    5    2    0      3046    7    9    0    8  -15    2   -2   -3   -4    5    8   -9    0   -8   -1  -10    1  -14
    1   10    1    1    1    1    1    1       909    0   -4   -6   -3  -11    5   -9   -8   13   -1    8   11    2  -14    7    6   17   -3
    1   10    2    1    2    2    2    1      1050   -1   12    8  -10    3   -4   -6   11   14   17    6    7   -9  -13  -13  -13   14   13
    1   10    3    1    3    2    2    0      1985   13   11    5   14  -13    3   -4  -11    2    6    8  -12   -4   -7   -1  -12    2  -14
    1   10    4    1    2    5    2    1      3859   -2   12   -1   -9   -1    7  -12    2   12   17    5    5   -9  -15   -6   -4   16   11
    1   10    5    1    2    4    2    1       826    2   16    8  -14    3   -3  -14    1   10   16    4    8   -9  -13  -10   -2    4   19
    1   10    6    1    1    4    2    0      1290   -1   -6   -9    0  -11    2   -9  -10   15   -2    5   15    5  -12   10    6   16   -5
    1   10    7    1    3    4    3    1       936   10   18    9    0  -14   -1   -6   -8   -4   10   11  -16   -1   -6   -2  -12    6  -12
    1   10    8    1    1    2    2    0      1156    1   -4  -15    1  -10    6   -6  -10   13   -1    6   11    4  -11    6    7   14   -4
    1   10    9    1    3    1    1    0      4791   10   10    7    7  -15   -1   -7  -10   -2    1    6  -11    7    0    1  -10    2  -14
    1   10   10    1    3    3    2    0      4969   11   10    6    9  -13    2   -1    1   -7    6    9  -13   -4   -6   -2  -10    1  -14
    1   10   11    1    3    5    3    1      1619    7    9    0    8  -15    2   -2   -3   -4    5    8   -9    0   -8   -1  -10    1  -14
    1   10   12    1    2    1    1    0      1700   -2   11    8  -12   12   -2  -14    3   12   18    4    7  -10  -21  -10   -2    9   11
    1   10   13    1    1    3    1    1      1409   -1   -7   -5   -2   -9    5  -10   -6   10    3    8    9    2  -12    9    5   17   -4
    1   10   14    1    1    5    1    1      1578    6   -4   -8    0  -12    5   -6  -10   12   -2    5   10    3  -10    6    6   17   -2
    1   10   15    1    2    3    3    0      2380    0   10    9  -16    4   -1  -16    4   10   16    1    7   -9  -13   -7   -4   23    7
    1   11    1    1    1    4    2    0      1437   -1   -6   -9    0  -11    2   -9  -10   15   -2    5   15    5  -12   10    6   16   -5
    1   11    2    1    3    2    3    1      4005   13   11    5   14  -13    3   -4  -11    2    6    8  -12   -4   -7   -1  -12    2  -14
    1   11    3    1    2    3    2    1      1527    0   10    9  -16    4   -1  -16    4   10   16    1    7   -9  -13   -7   -4   23    7
    1   11    4    1    1    3    1    1      1210   -1   -7   -5   -2   -9    5  -10   -6   10    3    8    9    2  -12    9    5   17   -4
    1   11    5    1    2    4    2    1       939    2   16    8  -14    3   -3  -14    1   10   16    4    8   -9  -13  -10   -2    4   19
    1   11    6    1    3    4    3    1      4663   10   18    9    0  -14   -1   -6   -8   -4   10   11  -16   -1   -6   -2  -12    6  -12
    1   11    7    1    3    1    3    1      1166   10   10    7    7  -15   -1   -7  -10   -2    1    6  -11    7    0    1  -10    2  -14
    1   11    8    1    1    2    2    0      1568    1   -4  -15    1  -10    6   -6  -10   13   -1    6   11    4  -11    6    7   14   -4
    1   11    9    1    3    3    2    0      2563   11   10    6    9  -13    2   -1    1   -7    6    9  -13   -4   -6   -2  -10    1  -14
    1   11   10    1    1    1    1    1      1293    0   -4   -6   -3  -11    5   -9   -8   13   -1    8   11    2  -14    7    6   17   -3
    1   11   11    1    2    5    2    1      2298   -2   12   -1   -9   -1    7  -12    2   12   17    5    5   -9  -15   -6   -4   16   11
    1   11   12    1    2    1    3    0      2976   -2   11    8  -12   12   -2  -14    3   12   18    4    7  -10  -21  -10   -2    9   11
    1   11   13    1    3    5    3    1      1818    7    9    0    8  -15    2   -2   -3   -4    5    8   -9    0   -8   -1  -10    1  -14
    1   11   14    1    2    2    2    1      2258   -1   12    8  -10    3   -4   -6   11   14   17    6    7   -9  -13  -13  -13   14   13
    1   11   15    1    1    5    1    1      1497    6   -4   -8    0  -12    5   -6  -10   12   -2    5   10    3  -10    6    6   17   -2
    1   12    1    1    3    3    3    1      2159   11   10    6    9  -13    2   -1    1   -7    6    9  -13   -4   -6   -2  -10    1  -14
    1   12    2    1    1    5    1    1      1978    6   -4   -8    0  -12    5   -6  -10   12   -2    5   10    3  -10    6    6   17   -2
    1   12    3    1    3    4    3    1      1452   10   18    9    0  -14   -1   -6   -8   -4   10   11  -16   -1   -6   -2  -12    6  -12
    1   12    4    1    2    4    2    1      1283    2   16    8  -14    3   -3  -14    1   10   16    4    8   -9  -13  -10   -2    4   19
    1   12    5    1    1    1    1    1      1633    0   -4   -6   -3  -11    5   -9   -8   13   -1    8   11    2  -14    7    6   17   -3
    1   12    6    1    2    2    2    1      1121   -1   12    8  -10    3   -4   -6   11   14   17    6    7   -9  -13  -13  -13   14   13
    1   12    7    1    2    5    2    1      3957   -2   12   -1   -9   -1    7  -12    2   12   17    5    5   -9  -15   -6   -4   16   11
    1   12    8    1    1    3    1    1      1192   -1   -7   -5   -2   -9    5  -10   -6   10    3    8    9    2  -12    9    5   17   -4
    1   12    9    1    1    4    3    0      2778   -1   -6   -9    0  -11    2   -9  -10   15   -2    5   15    5  -12   10    6   16   -5
    1   12   10    1    3    1    3    1      1052   10   10    7    7  -15   -1   -7  -10   -2    1    6  -11    7    0    1  -10    2  -14
    1   12   11    1    1    2    1    1      2643    1   -4  -15    1  -10    6   -6  -10   13   -1    6   11    4  -11    6    7   14   -4
    1   12   12    1    3    5    3    1      1386    7    9    0    8  -15    2   -2   -3   -4    5    8   -9    0   -8   -1  -10    1  -14
    1   12   13    1    2    3    2    1      2164    0   10    9  -16    4   -1  -16    4   10   16    1    7   -9  -13   -7   -4   23    7
    1   12   14    1    3    2    3    1      2959   13   11    5   14  -13    3   -4  -11    2    6    8  -12   -4   -7   -1  -12    2  -14
    1   12   15    1    2    1    3    0      3306   -2   11    8  -12   12   -2  -14    3   12   18    4    7  -10  -21  -10   -2    9   11
    1   13    1    1    1    1    1    1       999    0   -4   -6   -3  -11    5   -9   -8   13   -1    8   11    2  -14    7    6   17   -3
    1   13    2    1    1    5    1    1      2496    6   -4   -8    0  -12    5   -6  -10   12   -2    5   10    3  -10    6    6   17   -2
    1   13    3    1    1    3    1    1      1614   -1   -7   -5   -2   -9    5  -10   -6   10    3    8    9    2  -12    9    5   17   -4
    1   13    4    1    2    4    2    1       958    2   16    8  -14    3   -3  -14    1   10   16    4    8   -9  -13  -10   -2    4   19
    1   13    5    1    2    1    2    1      1066   -2   11    8  -12   12   -2  -14    3   12   18    4    7  -10  -21  -10   -2    9   11
    1   13    6    1    3    1    3    1      1040   10   10    7    7  -15   -1   -7  -10   -2    1    6  -11    7    0    1  -10    2  -14
    1   13    7    1    2    5    2    1      2920   -2   12   -1   -9   -1    7  -12    2   12   17    5    5   -9  -15   -6   -4   16   11
    1   13    8    1    1    2    2    0      1316    1   -4  -15    1  -10    6   -6  -10   13   -1    6   11    4  -11    6    7   14   -4
    1   13    9    1    1    4    2    0      1137   -1   -6   -9    0  -11    2   -9  -10   15   -2    5   15    5  -12   10    6   16   -5
    1   13   10    1    3    2    3    1      1749   13   11    5   14  -13    3   -4  -11    2    6    8  -12   -4   -7   -1  -12    2  -14
    1   13   11    1    3    5    3    1       880    7    9    0    8  -15    2   -2   -3   -4    5    8   -9    0   -8   -1  -10    1  -14
    1   13   12    1    3    4    3    1      3102   10   18    9    0  -14   -1   -6   -8   -4   10   11  -16   -1   -6   -2  -12    6  -12
    1   13   13    1    3    3    3    1      1267   11   10    6    9  -13    2   -1    1   -7    6    9  -13   -4   -6   -2  -10    1  -14
    1   13   14    1    2    2    2    1      1266   -1   12    8  -10    3   -4   -6   11   14   17    6    7   -9  -13  -13  -13   14   13
    1   13   15    1    2    3    2    1      2128    0   10    9  -16    4   -1  -16    4   10   16    1    7   -9  -13   -7   -4   23    7
    1   14    1    1    1    3    2    0      2892   -1   -7   -5   -2   -9    5  -10   -6   10    3    8    9    2  -12    9    5   17   -4
    1   14    2    1    2    2    2    1      1002   -1   12    8  -10    3   -4   -6   11   14   17    6    7   -9  -13  -13  -13   14   13
    1   14    3    1    3    3    3    1       899   11   10    6    9  -13    2   -1    1   -7    6    9  -13   -4   -6   -2  -10    1  -14
    1   14    4    1    1    2    1    1      1920    1   -4  -15    1  -10    6   -6  -10   13   -1    6   11    4  -11    6    7   14   -4
    1   14    5    1    2    3    1    0      3653    0   10    9  -16    4   -1  -16    4   10   16    1    7   -9  -13   -7   -4   23    7
    1   14    6    1    2    1    2    1      1508   -2   11    8  -12   12   -2  -14    3   12   18    4    7  -10  -21  -10   -2    9   11
    1   14    7    1    3    1    3    1       937   10   10    7    7  -15   -1   -7  -10   -2    1    6  -11    7    0    1  -10    2  -14
    1   14    8    1    3    2    3    1       997   13   11    5   14  -13    3   -4  -11    2    6    8  -12   -4   -7   -1  -12    2  -14
    1   14    9    1    3    4    3    1      1198   10   18    9    0  -14   -1   -6   -8   -4   10   11  -16   -1   -6   -2  -12    6  -12
    1   14   10    1    1    1    1    1       960    0   -4   -6   -3  -11    5   -9   -8   13   -1    8   11    2  -14    7    6   17   -3
    1   14   11    1    1    4    1    1      2778   -1   -6   -9    0  -11    2   -9  -10   15   -2    5   15    5  -12   10    6   16   -5
    1   14   12    1    2    5    1    0      3132   -2   12   -1   -9   -1    7  -12    2   12   17    5    5   -9  -15   -6   -4   16   11
    1   14   13    1    2    4    2    1       944    2   16    8  -14    3   -3  -14    1   10   16    4    8   -9  -13  -10   -2    4   19
    1   14   14    1    1    5    1    1      1067    6   -4   -8    0  -12    5   -6  -10   12   -2    5   10    3  -10    6    6   17   -2
    1   14   15    1    3    5    3    1      1346    7    9    0    8  -15    2   -2   -3   -4    5    8   -9    0   -8   -1  -10    1  -14
    1   15    1    1    2    3    3    0      1213    0   10    9  -16    4   -1  -16    4   10   16    1    7   -9  -13   -7   -4   23    7
    1   15    2    1    3    3    3    1      1133   11   10    6    9  -13    2   -1    1   -7    6    9  -13   -4   -6   -2  -10    1  -14
    1   15    3    1    1    2    1    1      1490    1   -4  -15    1  -10    6   -6  -10   13   -1    6   11    4  -11    6    7   14   -4
    1   15    4    1    3    4    3    1      1479   10   18    9    0  -14   -1   -6   -8   -4   10   11  -16   -1   -6   -2  -12    6  -12
    1   15    5    1    2    1    2    1      1213   -2   11    8  -12   12   -2  -14    3   12   18    4    7  -10  -21  -10   -2    9   11
    1   15    6    1    2    4    2    1      1262    2   16    8  -14    3   -3  -14    1   10   16    4    8   -9  -13  -10   -2    4   19
    1   15    7    1    3    1    3    1      1692   10   10    7    7  -15   -1   -7  -10   -2    1    6  -11    7    0    1  -10    2  -14
    1   15    8    1    3    2    3    1      1386   13   11    5   14  -13    3   -4  -11    2    6    8  -12   -4   -7   -1  -12    2  -14
    1   15    9    1    1    3    1    1      1380   -1   -7   -5   -2   -9    5  -10   -6   10    3    8    9    2  -12    9    5   17   -4
    1   15   10    1    2    2    2    1      1102   -1   12    8  -10    3   -4   -6   11   14   17    6    7   -9  -13  -13  -13   14   13
    1   15   11    1    1    5    2    0      1971    6   -4   -8    0  -12    5   -6  -10   12   -2    5   10    3  -10    6    6   17   -2
    1   15   12    1    1    4    2    0      1990   -1   -6   -9    0  -11    2   -9  -10   15   -2    5   15    5  -12   10    6   16   -5
    1   15   13    1    2    5    2    1      2008   -2   12   -1   -9   -1    7  -12    2   12   17    5    5   -9  -15   -6   -4   16   11
    1   15   14    1    3    5    3    1      1033    7    9    0    8  -15    2   -2   -3   -4    5    8   -9    0   -8   -1  -10    1  -14
    1   15   15    1    1    1    1    1      1184    0   -4   -6   -3  -11    5   -9   -8   13   -1    8   11    2  -14    7    6   17   -3
    2    1    1    1    1    2    1    1      1181    1   -4  -15    1  -10    6   -6  -10   13   -1    6   11    4  -11    6    7   14   -4
    2    1    2    4    3    2    2    1      6591    5   12    8    8  -10    2   -6   -8   -4    4    4  -15   -2   -8   -2  -12   -1  -15
    2    1    3    6    0    0    1    0      2105   13   -7   14    1   -6    1   -7    8   -5  -12    3    0    7  -16    0    5   -5   13
    2    1    4    6    0    0    2    1      3590   -1   -9   17   14   12    7   18   -7  -18   11   10   10   -6    3   -2    8   17  -13
    2    1    5    2    1    0    1    0      1512    1   -5   -7   -2  -11    4   -8   -8   13   -2    7   10    4  -12    8    6   16   -3
    2    1    6    1    1    1    1    1      1325    0   -4   -6   -3  -11    5   -9   -8   13   -1    8   11    2  -14    7    6   17   -3
    2    1    7    6    0    0    2    1      1561   -7   11  -12  -11  -13    0    0    0   14    4   -4   -2   14  -12    9   15    6   -4
    2    1    8    4    2    1    2    1      2268   -5    9    6  -13    5   -2  -15    2    7   18    2   10   -7  -16  -10    1   11   12
    2    1    9    4    3    5    2    1      1682   13   10    3   10  -14    2   -7   -2   -4    4    7  -13   -2   -6   -3  -12   -8  -22
    2    1   10    4    3    1    2    1      1312   10   10    6   11  -14    0   -4  -10   -4    5    7  -10   -9   -8   -2  -12    2  -14
    2    1   11    4    3    3    2    1      1741   15   13    1   14   -8    1   -3   -9   -4    5    8  -11    4  -13    0  -12    3  -15
    2    1   12    1    2    3    2    0      2121    0   10    9  -16    4   -1  -16    4   10   16    1    7   -9  -13   -7   -4   23    7
    2    1   13    4    2    3    2    1      1093   -8   14    7  -15    3   -2  -16    2   13   17   -2    5  -10  -16   -8   -5   12   14
    2    1   14    1    1    5    1    1      2107    6   -4   -8    0  -12    5   -6  -10   12   -2    5   10    3  -10    6    6   17   -2
    2    1   15    1    2    2    1    1      1336   -1   12    8  -10    3   -4   -6   11   14   17    6    7   -9  -13  -13  -13   14   13
    2    1   16    1    3    2    1    1      1636   13   11    5   14  -13    3   -4  -11    2    6    8  -12   -4   -7   -1  -12    2  -14
    2    1   17    6    0    0    2    1      1268    5  -10   14   17   10    7   17   -6   -6   16    5   11   -8    0   -1   12   18  -16
    2    1   18    1    1    3    1    1      1922   -1   -7   -5   -2   -9    5  -10   -6   10    3    8    9    2  -12    9    5   17   -4
    2    1   19    2    2    0    2    1     11430   -1   11    7  -14    5   -3  -15    3   12   16    5    6   -9  -14   -8   -3   14   12
    2    1   20    4    1    3    2    1      2670    3   -6   -6   -1  -10    2   -6  -13    4    2    8    5    3  -12    7    1   16   -4
    2    1   21    4    2    2    2    1      3301   -2    9    5  -15    7   -3  -15    5   13   15   12    4   -9  -13   -6   -5   10   15
    2    1   22    1    3    5    1    1       818    7    9    0    8  -15    2   -2   -3   -4    5    8   -9    0   -8   -1  -10    1  -14
    2    1   23    4    1    5    2    1      2643    1   -7   -7   -1   -8    1  -13   -3   17   -1    9   12    4  -13    6    6   18   -5
    2    1   24    2    3    0    2    1      4730   12    9    5    9  -14    1   -5   -9   -5    4    7  -11   -2   -7   -1  -11    1  -13
    2    1   25    4    2    5    2    1      4286   -3   10    6  -16    6   -1  -17    4   17   21    6    6   -8  -14   -6   -3   14   13
    2    1   26    4    3    4    2    1      4772    7    0    6    9  -15   -1    3   -3   -3    4    3  -17   -3   -7   -2  -11    1  -11
    2    1   27    1    3    3    1    1      1430   11   10    6    9  -13    2   -1    1   -7    6    9  -13   -4   -6   -2  -10    1  -14
    2    1   28    4    1    2    2    1      1534    0   -4   -6   -3  -14   -1   -6   -9   11   -3    6   12    5  -13    9    4   24   -7
    2    1   29    1    2    5    2    0      1586   -2   12   -1   -9   -1    7  -12    2   12   17    5    5   -9  -15   -6   -4   16   11
    2    1   30    4    1    1    1    0      3556    7   -3   -7   -1  -18   14   -7   -8   13   -1    9   10    3  -11    8    5   14   -3
    2    1   31    4    1    4    2    1       999    1   -6  -16    7  -10    6   -9   -9    8   -4    7   11    5   -7    7    4   18   -2
    2    1   32    6    0    0    2    1      1504   10   -7   17    1   -8   10   -8    4  -13  -19    2    4    9  -16    0    8   -6   13
    2    1   33    1    3    1    1    1      6549   10   10    7    7  -15   -1   -7  -10   -2    1    6  -11    7    0    1  -10    2  -14
    2    1   34    1    2    4    1    1      1489    2   16    8  -14    3   -3  -14    1   10   16    4    8   -9  -13  -10   -2    4   19
    2    1   35    1    1    4    1    1      1575   -1   -6   -9    0  -11    2   -9  -10   15   -2    5   15    5  -12   10    6   16   -5
    2    1   36    1    2    1    2    0      1337   -2   11    8  -12   12   -2  -14    3   12   18    4    7  -10  -21  -10   -2    9   11
    2    1   37    6    0    0    2    1      1765   -8   10  -13   -9  -17   12   -2    2    4    5   -5   -1   15  -11    7   15    1   -7
    2    1   38    1    3    4    1    1      1904   10   18    9    0  -14   -1   -6   -8   -4   10   11  -16   -1   -6   -2  -12    6  -12
    2    1   39    4    2    4    2    1      1957   -2   12    8  -15   -3  -12   -7   -4   13   17    5   14   -9  -13  -10   -3   21   22
