    1    1    1    1    2    1    1    0      4408   -1    0   18   -8    8   -1    9  -19   -8    2    7   12  -19   -7    4   12  -13  -10
    1    1    2    1    3    5    2    0     10094  -14   14  -14    7  -11  -12   13   -1    9    4    2  -13  -15    2   17   -5  -11    2
    1    1    3    1    2    4    2    1      5067   -4    5   16  -11    8   -1    2  -10   -8    2    1    6   -7   -8    3   13   -8  -15
    1    1    4    1    3    3    1    0      4706  -17   16   -7    1  -14  -11    9   -6    9    4    4  -11  -16    1   11   -2  -13   -2
    1    1    5    1    1    5    3    0      4263   13   13    4   -3   -1    2  -11    8  -13    4    1   -2   15   12  -10   13   14    8
    1    1    6    1    1    3    1    1      1773   13   16    7   -2   -7    3   -6   12  -10    5    7    1   17   10  -11   12   14    8
    1    1    7    1    1    1    1    1      5800   10   20    4   -2   -1    2   -9    9   -6   -1    3    3   14   13  -11   18   11    5
    1    1    8    1    3    1    2    0      1761  -10   15  -11    4  -11  -11   11   -8   17   13    5  -10  -15    2   14   -7  -10   -2
    1    1    9    1    3    4    2    0      2444  -15   10  -13    6   -5  -11    8   -6    9    5    4  -12  -16    4   14   -8  -12   -3
    1    1   10    1    2    3    2    1      8427   -2   13   15   -4    9    0    5  -16  -10    4    1   16  -12   -6   -1   19  -17  -19
    1    1   11    1    2    2    1    0      6458    5   -1   13  -14   10   -2    1  -12  -16    7   11   11  -13   -5    4   19  -11  -15
    1    1   12    1    2    5    2    1      2058   -4    5   12  -14   10   -1    2  -14   -9    2    8    3  -10   -6    6   12   -7  -15
    1    1   13    1    3    2    2    0      2041  -18   17  -10   11  -11  -10   11   -6    9    2    4  -13  -16   12   14   -5  -14    0
    1    1   14    1    1    4    1    1      3289   21   20    5   -1   -7    2  -12    8  -13    3    4    4   15   11  -11   12   12    7
    1    1   15    1    1    2    1    1      3943   12   13    9    2   -3    2  -20    3  -12    3    4    4   18   13  -14   14   15    8
    1    2    1    1    2    5    2    1      3146   -4    5   12  -14   10   -1    2  -14   -9    2    8    3  -10   -6    6   12   -7  -15
    1    2    2    1    3    4    2    0      1853  -15   10  -13    6   -5  -11    8   -6    9    5    4  -12  -16    4   14   -8  -12   -3
    1    2    3    1    1    5    1    1      1124   13   13    4   -3   -1    2  -11    8  -13    4    1   -2   15   12  -10   13   14    8
    1    2    4    1    1    1    1    1      1657   10   20    4   -2   -1    2   -9    9   -6   -1    3    3   14   13  -11   18   11    5
    1    2    5    1    1    4    1    1      1528   21   20    5   -1   -7    2  -12    8  -13    3    4    4   15   11  -11   12   12    7
    1    2    6    1    2    2    2    1      4236    5   -1   13  -14   10   -2    1  -12  -16    7   11   11  -13   -5    4   19  -11  -15
    1    2    7    1    3    2    3    1      3380  -18   17  -10   11  -11  -10   11   -6    9    2    4  -13  -16   12   14   -5  -14    0
    1    2    8    1    3    5    2    0      2510  -14   14  -14    7  -11  -12   13   -1    9    4    2  -13  -15    2   17   -5  -11    2
    1    2    9    1    1    2    1    1      1402   12   13    9    2   -3    2  -20    3  -12    3    4    4   18   13  -14   14   15    8
    1    2   10    1    3    3    2    0      1956  -17   16   -7    1  -14  -11    9   -6    9    4    4  -11  -16    1   11   -2  -13   -2
    1    2   11    1    1    3    2    0      6071   13   16    7   -2   -7    3   -6   12  -10    5    7    1   17   10  -11   12   14    8
    1    2   12    1    3    1    1    0      1717  -10   15  -11    4  -11  -11   11   -8   17   13    5  -10  -15    2   14   -7  -10   -2
    1    2   13    1    2    4    2    1      1586   -4    5   16  -11    8   -1    2  -10   -8    2    1    6   -7   -8    3   13   -8  -15
    1    2   14    1    2    1    2    1      1044   -1    0   18   -8    8   -1    9  -19   -8    2    7   12  -19   -7    4   12  -13  -10
    1    2   15    1    2    3    3    0      4555   -2   13   15   -4    9    0    5  -16  -10    4    1   16  -12   -6   -1   19  -17  -19
    1    3    1    1    1    5    1    1      1206   13   13    4   -3   -1    2  -11    8  -13    4    1   -2   15   12  -10   13   14    8
    1    3    2    1    3    1    1    0       840  -10   15  -11    4  -11  -11   11   -8   17   13    5  -10  -15    2   14   -7  -10   -2
    1    3    3    1    2    1    2    1      1400   -1    0   18   -8    8   -1    9  -19   -8    2    7   12  -19   -7    4   12  -13  -10
    1    3    4    1    1    2    1    1       913   12   13    9    2   -3    2  -20    3  -12    3    4    4   18   13  -14   14   15    8
    1    3    5    1    3    5    1    0      1949  -14   14  -14    7  -11  -12   13   -1    9    4    2  -13  -15    2   17   -5  -11    2
    1    3    6    1    2    4    2    1      1057   -4    5   16  -11    8   -1    2  -10   -8    2    1    6   -7   -8    3   13   -8  -15
    1    3    7    1    2    5    2    1      1288   -4    5   12  -14   10   -1    2  -14   -9    2    8    3  -10   -6    6   12   -7  -15
    1    3    8    1    2    2    2    1      9685    5   -1   13  -14   10   -2    1  -12  -16    7   11   11  -13   -5    4   19  -11  -15
    1    3    9    1    3    2    1    0      8035  -18   17  -10   11  -11  -10   11   -6    9    2    4  -13  -16   12   14   -5  -14    0
    1    3   10    1    1    1    3    0      4531   10   20    4   -2   -1    2   -9    9   -6   -1    3    3   14   13  -11   18   11    5
    1    3   11    1    1    3    1    1       959   13   16    7   -2   -7    3   -6   12  -10    5    7    1   17   10  -11   12   14    8
    1    3   12    1    2    3    2    1      1018   -2   13   15   -4    9    0    5  -16  -10    4    1   16  -12   -6   -1   19  -17  -19
    1    3   13    1    3    3    1    0      2547  -17   16   -7    1  -14  -11    9   -6    9    4    4  -11  -16    1   11   -2  -13   -2
    1    3   14    1    3    4    3    1      1022  -15   10  -13    6   -5  -11    8   -6    9    5    4  -12  -16    4   14   -8  -12   -3
    1    3   15    1    1    4    1    1      1335   21   20    5   -1   -7    2  -12    8  -13    3    4    4   15   11  -11   12   12    7
    1    4    1    1    3    1    3    1      1122  -10   15  -11    4  -11  -11   11   -8   17   13    5  -10  -15    2   14   -7  -10   -2
    1    4    2    1    3    5    3    1      1831  -14   14  -14    7  -11  -12   13   -1    9    4    2  -13  -15    2   17   -5  -11    2
    1    4    3    1    1    3    1    1      3759   13   16    7   -2   -7    3   -6   12  -10    5    7    1   17   10  -11   12   14    8
    1    4    4    1    2    4    2    1      1722   -4    5   16  -11    8   -1    2  -10   -8    2    1    6   -7   -8    3   13   -8  -15
    1    4    5    1    1    4    1    1      1335   21   20    5   -1   -7    2  -12    8  -13    3    4    4   15   11  -11   12   12    7
    1    4    6    1    3    3    3    1       995  -17   16   -7    1  -14  -11    9   -6    9    4    4  -11  -16    1   11   -2  -13   -2
    1    4    7    1    2    5    2    1      4540   -4    5   12  -14   10   -1    2  -14   -9    2    8    3  -10   -6    6   12   -7  -15
    1    4    8    1    3    2    3    1      2232  -18   17  -10   11  -11  -10   11   -6    9    2    4  -13  -16   12   14   -5  -14    0
    1    4    9    1    1    5    1    1       992   13   13    4   -3   -1    2  -11    8  -13    4    1   -2   15   12  -10   13   14    8
    1    4   10    1    3    4    3    1       890  -15   10  -13    6   -5  -11    8   -6    9    5    4  -12  -16    4   14   -8  -12   -3
    1    4   11    1    1    1    1    1       984   10   20    4   -2   -1    2   -9    9   -6   -1    3    3   14   13  -11   18   11    5
    1    4   12    1    2    3    2    1      1490   -2   13   15   -4    9    0    5  -16  -10    4    1   16  -12   -6   -1   19  -17  -19
    1    4   13    1    2    2    2    1      1943    5   -1   13  -14   10   -2    1  -12  -16    7   11   11  -13   -5    4   19  -11  -15
    1    4   14    1    1    2    1    1       923   12   13    9    2   -3    2  -20    3  -12    3    4    4   18   13  -14   14   15    8
    1    4   15    1    2    1    2    1      3127   -1    0   18   -8    8   -1    9  -19   -8    2    7   12  -19   -7    4   12  -13  -10
    1    5    1    1    3    4    3    1       763  -15   10  -13    6   -5  -11    8   -6    9    5    4  -12  -16    4   14   -8  -12   -3
    1    5    2    1    1    4    1    1      1198   21   20    5   -1   -7    2  -12    8  -13    3    4    4   15   11  -11   12   12    7
    1    5    3    1    1    5    1    1       687   13   13    4   -3   -1    2  -11    8  -13    4    1   -2   15   12  -10   13   14    8
    1    5    4    1    2    4    2    1      1045   -4    5   16  -11    8   -1    2  -10   -8    2    1    6   -7   -8    3   13   -8  -15
    1    5    5    1    1    2    1    1       812   12   13    9    2   -3    2  -20    3  -12    3    4    4   18   13  -14   14   15    8
    1    5    6    1    2    5    2    1      1053   -4    5   12  -14   10   -1    2  -14   -9    2    8    3  -10   -6    6   12   -7  -15
    1    5    7    1    2    3    2    1       980   -2   13   15   -4    9    0    5  -16  -10    4    1   16  -12   -6   -1   19  -17  -19
    1    5    8    1    1    1    1    1      1038   10   20    4   -2   -1    2   -9    9   -6   -1    3    3   14   13  -11   18   11    5
    1    5    9    1    2    2    2    1       854    5   -1   13  -14   10   -2    1  -12  -16    7   11   11  -13   -5    4   19  -11  -15
    1    5   10    1    3    2    3    1       917  -18   17  -10   11  -11  -10   11   -6    9    2    4  -13  -16   12   14   -5  -14    0
    1    5   11    1    1    3    1    1      3378   13   16    7   -2   -7    3   -6   12  -10    5    7    1   17   10  -11   12   14    8
    1    5   12    1    3    1    3    1       988  -10   15  -11    4  -11  -11   11   -8   17   13    5  -10  -15    2   14   -7  -10   -2
    1    5   13    1    3    3    3    1      1062  -17   16   -7    1  -14  -11    9   -6    9    4    4  -11  -16    1   11   -2  -13   -2
    1    5   14    1    3    5    3    1       860  -14   14  -14    7  -11  -12   13   -1    9    4    2  -13  -15    2   17   -5  -11    2
    1    5   15    1    2    1    2    1       747   -1    0   18   -8    8   -1    9  -19   -8    2    7   12  -19   -7    4   12  -13  -10
    1    6    1    1    1    2    1    1      1246   12   13    9    2   -3    2  -20    3  -12    3    4    4   18   13  -14   14   15    8
    1    6    2    1    1    3    3    0      1853   13   16    7   -2   -7    3   -6   12  -10    5    7    1   17   10  -11   12   14    8
    1    6    3    1    3    1    3    1       741  -10   15  -11    4  -11  -11   11   -8   17   13    5  -10  -15    2   14   -7  -10   -2
    1    6    4    1    2    5    2    1       792   -4    5   12  -14   10   -1    2  -14   -9    2    8    3  -10   -6    6   12   -7  -15
    1    6    5    1    1    4    1    1      1370   21   20    5   -1   -7    2  -12    8  -13    3    4    4   15   11  -11   12   12    7
    1    6    6    1    3    2    3    1      1252  -18   17  -10   11  -11  -10   11   -6    9    2    4  -13  -16   12   14   -5  -14    0
    1    6    7    1    2    1    2    1      1092   -1    0   18   -8    8   -1    9  -19   -8    2    7   12  -19   -7    4   12  -13  -10
    1    6    8    1    3    4    3    1       746  -15   10  -13    6   -5  -11    8   -6    9    5    4  -12  -16    4   14   -8  -12   -3
    1    6    9    1    3    3    3    1       637  -17   16   -7    1  -14  -11    9   -6    9    4    4  -11  -16    1   11   -2  -13   -2
    1    6   10    1    1    5    1    1       773   13   13    4   -3   -1    2  -11    8  -13    4    1   -2   15   12  -10   13   14    8
    1    6   11    1    2    4    2    1       759   -4    5   16  -11    8   -1    2  -10   -8    2    1    6   -7   -8    3   13   -8  -15
    1    6   12    1    3    5    3    1       602  -14   14  -14    7  -11  -12   13   -1    9    4    2  -13  -15    2   17   -5  -11    2
    1    6   13    1    2    3    2    1      1203   -2   13   15   -4    9    0    5  -16  -10    4    1   16  -12   -6   -1   19  -17  -19
    1    6   14    1    2    2    2    1      1124    5   -1   13  -14   10   -2    1  -12  -16    7   11   11  -13   -5    4   19  -11  -15
    1    6   15    1    1    1    1    1       841   10   20    4   -2   -1    2   -9    9   -6   -1    3    3   14   13  -11   18   11    5
    1    7    1    1    2    5    2    1      1481   -4    5   12  -14   10   -1    2  -14   -9    2    8    3  -10   -6    6   12   -7  -15
    1    7    2    1    3    1    3    1       703  -10   15  -11    4  -11  -11   11   -8   17   13    5  -10  -15    2   14   -7  -10   -2
    1    7    3    1    3    4    3    1       964  -15   10  -13    6   -5  -11    8   -6    9    5    4  -12  -16    4   14   -8  -12   -3
    1    7    4    1    2    4    2    1      1103   -4    5   16  -11    8   -1    2  -10   -8    2    1    6   -7   -8    3   13   -8  -15
    1    7    5    1    1    2    1    1      1332   12   13    9    2   -3    2  -20    3  -12    3    4    4   18   13  -14   14   15    8
    1    7    6    1    3    5    3    1       880  -14   14  -14    7  -11  -12   13   -1    9    4    2  -13  -15    2   17   -5  -11    2
    1    7    7    1    2    3    2    1       846   -2   13   15   -4    9    0    5  -16  -10    4    1   16  -12   -6   -1   19  -17  -19
    1    7    8    1    3    2    3    1      2621  -18   17  -10   11  -11  -10   11   -6    9    2    4  -13  -16   12   14   -5  -14    0
    1    7    9    1    1    3    1    1      2534   13   16    7   -2   -7    3   -6   12  -10    5    7    1   17   10  -11   12   14    8
    1    7   10    1    1    1    1    1       962   10   20    4   -2   -1    2   -9    9   -6   -1    3    3   14   13  -11   18   11    5
    1    7   11    1    2    1    2    1      1100   -1    0   18   -8    8   -1    9  -19   -8    2    7   12  -19   -7    4   12  -13  -10
    1    7   12    1    3    3    3    1      2049  -17   16   -7    1  -14  -11    9   -6    9    4    4  -11  -16    1   11   -2  -13   -2
    1    7   13    1    2    2    2    1      1281    5   -1   13  -14   10   -2    1  -12  -16    7   11   11  -13   -5    4   19  -11  -15
    1    7   14    1    1    5    1    1       799   13   13    4   -3   -1    2  -11    8  -13    4    1   -2   15   12  -10   13   14    8
    1    7   15    1    1    4    1    1       960   21   20    5   -1   -7    2  -12    8  -13    3    4    4   15   11  -11   12   12    7
    1    8    1    1    2    2    2    1      1210    5   -1   13  -14   10   -2    1  -12  -16    7   11   11  -13   -5    4   19  -11  -15
    1    8    2    1    2    4    2    1       779   -4    5   16  -11    8   -1    2  -10   -8    2    1    6   -7   -8    3   13   -8  -15
    1    8    3    1    3    2    3    1      1373  -18   17  -10   11  -11  -10   11   -6    9    2    4  -13  -16   12   14   -5  -14    0
    1    8    4    1    3    3    3    1      1240  -17   16   -7    1  -14  -11    9   -6    9    4    4  -11  -16    1   11   -2  -13   -2
    1    8    5    1    1    4    1    1       919   21   20    5   -1   -7    2  -12    8  -13    3    4    4   15   11  -11   12   12    7
    1    8    6    1    3    5    3    1      2516  -14   14  -14    7  -11  -12   13   -1    9    4    2  -13  -15    2   17   -5  -11    2
    1    8    7    1    1    5    1    1       769   13   13    4   -3   -1    2  -11    8  -13    4    1   -2   15   12  -10   13   14    8
    1    8    8    1    3    1    3    1       643  -10   15  -11    4  -11  -11   11   -8   17   13    5  -10  -15    2   14   -7  -10   -2
    1    8    9    1    1    2    1    1       795   12   13    9    2   -3    2  -20    3  -12    3    4    4   18   13  -14   14   15    8
    1    8   10    1    2    1    2    1       684   -1    0   18   -8    8   -1    9  -19   -8    2    7   12  -19   -7    4   12  -13  -10
    1    8   11    1    2    3    2    1       914   -2   13   15   -4    9    0    5  -16  -10    4    1   16  -12   -6   -1   19  -17  -19
    1    8   12    1    2    5    2    1      1166   -4    5   12  -14   10   -1    2  -14   -9    2    8    3  -10   -6    6   12   -7  -15
    1    8   13    1    1    3    1    1      1153   13   16    7   -2   -7    3   -6   12  -10    5    7    1   17   10  -11   12   14    8
    1    8   14    1    1    1    1    1      2052   10   20    4   -2   -1    2   -9    9   -6   -1    3    3   14   13  -11   18   11    5
    1    8   15    1    3    4    3    1       819  -15   10  -13    6   -5  -11    8   -6    9    5    4  -12  -16    4   14   -8  -12   -3
    1    9    1    1    2    5    2    1       900   -4    5   12  -14   10   -1    2  -14   -9    2    8    3  -10   -6    6   12   -7  -15
    1    9    2    1    3    5    3    1      1777  -14   14  -14    7  -11  -12   13   -1    9    4    2  -13  -15    2   17   -5  -11    2
    1    9    3    1    1    3    1    1      1083   13   16    7   -2   -7    3   -6   12  -10    5    7    1   17   10  -11   12   14    8
    1    9    4    1    3    4    3    1       945  -15   10  -13    6   -5  -11    8   -6    9    5    4  -12  -16    4   14   -8  -12   -3
    1    9    5    1    3    2    3    1      2956  -18   17  -10   11  -11  -10   11   -6    9    2    4  -13  -16   12   14   -5  -14    0
    1    9    6    1    1    1    1    1      1144   10   20    4   -2   -1    2   -9    9   -6   -1    3    3   14   13  -11   18   11    5
    1    9    7    1    3    3    3    1       955  -17   16   -7    1  -14  -11    9   -6    9    4    4  -11  -16    1   11   -2  -13   -2
    1    9    8    1    1    2    1    1       662   12   13    9    2   -3    2  -20    3  -12    3    4    4   18   13  -14   14   15    8
    1    9    9    1    2    3    2    1       861   -2   13   15   -4    9    0    5  -16  -10    4    1   16  -12   -6   -1   19  -17  -19
    1    9   10    1    2    4    2    1       587   -4    5   16  -11    8   -1    2  -10   -8    2    1    6   -7   -8    3   13   -8  -15
    1    9   11    1    1    4    1    1       565   21   20    5   -1   -7    2  -12    8  -13    3    4    4   15   11  -11   12   12    7
    1    9   12    1    1    5    1    1       672   13   13    4   -3   -1    2  -11    8  -13    4    1   -2   15   12  -10   13   14    8
    1    9   13    1    2    2    2    1      1750    5   -1   13  -14   10   -2    1  -12  -16    7   11   11  -13   -5    4   19  -11  -15
    1    9   14    1    3    1    3    1       978  -10   15  -11    4  -11  -11   11   -8   17   13    5  -10  -15    2   14   -7  -10   -2
    1    9   15    1    2    1    2    1       812   -1    0   18   -8    8   -1    9  -19   -8    2    7   12  -19   -7    4   12  -13  -10
    1   10    1    1    2    3    2    1       620   -2   13   15   -4    9    0    5  -16  -10    4    1   16  -12   -6   -1   19  -17  -19
    1   10    2    1    2    2    2    1      1477    5   -1   13  -14   10   -2    1  -12  -16    7   11   11  -13   -5    4   19  -11  -15
    1   10    3    1    1    2    1    1       587   12   13    9    2   -3    2  -20    3  -12    3    4    4   18   13  -14   14   15    8
    1   10    4    1    2    4    2    1       741   -4    5   16  -11    8   -1    2  -10   -8    2    1    6   -7   -8    3   13   -8  -15
    1   10    5    1    3    4    3    1       873  -15   10  -13    6   -5  -11    8   -6    9    5    4  -12  -16    4   14   -8  -12   -3
    1   10    6    1    3    5    3    1       839  -14   14  -14    7  -11  -12   13   -1    9    4    2  -13  -15    2   17   -5  -11    2
    1   10    7    1    1    5    1    1       695   13   13    4   -3   -1    2  -11    8  -13    4    1   -2   15   12  -10   13   14    8
    1   10    8    1    1    3    1    1      1180   13   16    7   -2   -7    3   -6   12  -10    5    7    1   17   10  -11   12   14    8
    1   10    9    1    2    5    2    1      1118   -4    5   12  -14   10   -1    2  -14   -9    2    8    3  -10   -6    6   12   -7  -15
    1   10   10    1    3    2    3    1      1347  -18   17  -10   11  -11  -10   11   -6    9    2    4  -13  -16   12   14   -5  -14    0
    1   10   11    1    3    3    3    1       638  -17   16   -7    1  -14  -11    9   -6    9    4    4  -11  -16    1   11   -2  -13   -2
    1   10   12    1    2    1    2    1       726   -1    0   18   -8    8   -1    9  -19   -8    2    7   12  -19   -7    4   12  -13  -10
    1   10   13    1    1    1    1    1       842   10   20    4   -2   -1    2   -9    9   -6   -1    3    3   14   13  -11   18   11    5
    1   10   14    1    1    4    1    1       698   21   20    5   -1   -7    2  -12    8  -13    3    4    4   15   11  -11   12   12    7
    1   10   15    1    3    1    3    1       815  -10   15  -11    4  -11  -11   11   -8   17   13    5  -10  -15    2   14   -7  -10   -2
    1   11    1    1    3    5    3    1       576  -14   14  -14    7  -11  -12   13   -1    9    4    2  -13  -15    2   17   -5  -11    2
    1   11    2    1    1    3    1    1      1722   13   16    7   -2   -7    3   -6   12  -10    5    7    1   17   10  -11   12   14    8
    1   11    3    1    3    3    3    1      1830  -17   16   -7    1  -14  -11    9   -6    9    4    4  -11  -16    1   11   -2  -13   -2
    1   11    4    1    1    5    1    1       862   13   13    4   -3   -1    2  -11    8  -13    4    1   -2   15   12  -10   13   14    8
    1   11    5    1    2    5    2    1      1037   -4    5   12  -14   10   -1    2  -14   -9    2    8    3  -10   -6    6   12   -7  -15
    1   11    6    1    3    4    3    1      2533  -15   10  -13    6   -5  -11    8   -6    9    5    4  -12  -16    4   14   -8  -12   -3
    1   11    7    1    1    1    1    1       977   10   20    4   -2   -1    2   -9    9   -6   -1    3    3   14   13  -11   18   11    5
    1   11    8    1    2    3    2    1       810   -2   13   15   -4    9    0    5  -16  -10    4    1   16  -12   -6   -1   19  -17  -19
    1   11    9    1    2    4    2    1       923   -4    5   16  -11    8   -1    2  -10   -8    2    1    6   -7   -8    3   13   -8  -15
    1   11   10    1    3    1    3    1       776  -10   15  -11    4  -11  -11   11   -8   17   13    5  -10  -15    2   14   -7  -10   -2
    1   11   11    1    3    2    3    1      1914  -18   17  -10   11  -11  -10   11   -6    9    2    4  -13  -16   12   14   -5  -14    0
    1   11   12    1    1    4    1    1       766   21   20    5   -1   -7    2  -12    8  -13    3    4    4   15   11  -11   12   12    7
    1   11   13    1    1    2    1    1       609   12   13    9    2   -3    2  -20    3  -12    3    4    4   18   13  -14   14   15    8
    1   11   14    1    2    2    2    1      1130    5   -1   13  -14   10   -2    1  -12  -16    7   11   11  -13   -5    4   19  -11  -15
    1   11   15    1    2    1    2    1       862   -1    0   18   -8    8   -1    9  -19   -8    2    7   12  -19   -7    4   12  -13  -10
    1   12    1    1    2    4    2    1       637   -4    5   16  -11    8   -1    2  -10   -8    2    1    6   -7   -8    3   13   -8  -15
    1   12    2    1    1    3    1    1       869   13   16    7   -2   -7    3   -6   12  -10    5    7    1   17   10  -11   12   14    8
    1   12    3    1    2    3    2    1       659   -2   13   15   -4    9    0    5  -16  -10    4    1   16  -12   -6   -1   19  -17  -19
    1   12    4    1    2    2    2    1       618    5   -1   13  -14   10   -2    1  -12  -16    7   11   11  -13   -5    4   19  -11  -15
    1   12    5    1    1    4    1    1       546   21   20    5   -1   -7    2  -12    8  -13    3    4    4   15   11  -11   12   12    7
    1   12    6    1    1    5    1    1       606   13   13    4   -3   -1    2  -11    8  -13    4    1   -2   15   12  -10   13   14    8
    1   12    7    1    1    2    1    1       455   12   13    9    2   -3    2  -20    3  -12    3    4    4   18   13  -14   14   15    8
    1   12    8    1    3    1    3    1       710  -10   15  -11    4  -11  -11   11   -8   17   13    5  -10  -15    2   14   -7  -10   -2
    1   12    9    1    2    1    2    1      1195   -1    0   18   -8    8   -1    9  -19   -8    2    7   12  -19   -7    4   12  -13  -10
    1   12   10    1    3    5    3    1       844  -14   14  -14    7  -11  -12   13   -1    9    4    2  -13  -15    2   17   -5  -11    2
    1   12   11    1    3    3    3    1       795  -17   16   -7    1  -14  -11    9   -6    9    4    4  -11  -16    1   11   -2  -13   -2
    1   12   12    1    3    2    3    1       829  -18   17  -10   11  -11  -10   11   -6    9    2    4  -13  -16   12   14   -5  -14    0
    1   12   13    1    3    4    3    1       477  -15   10  -13    6   -5  -11    8   -6    9    5    4  -12  -16    4   14   -8  -12   -3
    1   12   14    1    1    1    1    1       634   10   20    4   -2   -1    2   -9    9   -6   -1    3    3   14   13  -11   18   11    5
    1   12   15    1    2    5    2    1       803   -4    5   12  -14   10   -1    2  -14   -9    2    8    3  -10   -6    6   12   -7  -15
    1   13    1    1    3    2    2    0       772  -18   17  -10   11  -11  -10   11   -6    9    2    4  -13  -16   12   14   -5  -14    0
    1   13    2    1    3    4    3    1       534  -15   10  -13    6   -5  -11    8   -6    9    5    4  -12  -16    4   14   -8  -12   -3
    1   13    3    1    3    1    3    1       562  -10   15  -11    4  -11  -11   11   -8   17   13    5  -10  -15    2   14   -7  -10   -2
    1   13    4    1    1    5    1    1       541   13   13    4   -3   -1    2  -11    8  -13    4    1   -2   15   12  -10   13   14    8
    1   13    5    1    3    5    3    1      1385  -14   14  -14    7  -11  -12   13   -1    9    4    2  -13  -15    2   17   -5  -11    2
    1   13    6    1    1    2    1    1       579   12   13    9    2   -3    2  -20    3  -12    3    4    4   18   13  -14   14   15    8
    1   13    7    1    1    4    1    1      1885   21   20    5   -1   -7    2  -12    8  -13    3    4    4   15   11  -11   12   12    7
    1   13    8    1    2    1    2    1       995   -1    0   18   -8    8   -1    9  -19   -8    2    7   12  -19   -7    4   12  -13  -10
    1   13    9    1    1    1    1    1       908   10   20    4   -2   -1    2   -9    9   -6   -1    3    3   14   13  -11   18   11    5
    1   13   10    1    1    3    1    1      1033   13   16    7   -2   -7    3   -6   12  -10    5    7    1   17   10  -11   12   14    8
    1   13   11    1    2    3    2    1       673   -2   13   15   -4    9    0    5  -16  -10    4    1   16  -12   -6   -1   19  -17  -19
    1   13   12    1    2    4    2    1       728   -4    5   16  -11    8   -1    2  -10   -8    2    1    6   -7   -8    3   13   -8  -15
    1   13   13    1    3    3    3    1       620  -17   16   -7    1  -14  -11    9   -6    9    4    4  -11  -16    1   11   -2  -13   -2
    1   13   14    1    2    2    2    1       756    5   -1   13  -14   10   -2    1  -12  -16    7   11   11  -13   -5    4   19  -11  -15
    1   13   15    1    2    5    2    1       824   -4    5   12  -14   10   -1    2  -14   -9    2    8    3  -10   -6    6   12   -7  -15
    1   14    1    1    3    4    3    1      1160  -15   10  -13    6   -5  -11    8   -6    9    5    4  -12  -16    4   14   -8  -12   -3
    1   14    2    1    1    2    1    1       603   12   13    9    2   -3    2  -20    3  -12    3    4    4   18   13  -14   14   15    8
    1   14    3    1    3    1    3    1       692  -10   15  -11    4  -11  -11   11   -8   17   13    5  -10  -15    2   14   -7  -10   -2
    1   14    4    1    2    2    2    1       682    5   -1   13  -14   10   -2    1  -12  -16    7   11   11  -13   -5    4   19  -11  -15
    1   14    5    1    1    1    1    1       896   10   20    4   -2   -1    2   -9    9   -6   -1    3    3   14   13  -11   18   11    5
    1   14    6    1    2    5    2    1       925   -4    5   12  -14   10   -1    2  -14   -9    2    8    3  -10   -6    6   12   -7  -15
    1   14    7    1    2    3    2    1       650   -2   13   15   -4    9    0    5  -16  -10    4    1   16  -12   -6   -1   19  -17  -19
    1   14    8    1    1    4    1    1       577   21   20    5   -1   -7    2  -12    8  -13    3    4    4   15   11  -11   12   12    7
    1   14    9    1    2    1    2    1       955   -1    0   18   -8    8   -1    9  -19   -8    2    7   12  -19   -7    4   12  -13  -10
    1   14   10    1    1    3    1    1       742   13   16    7   -2   -7    3   -6   12  -10    5    7    1   17   10  -11   12   14    8
    1   14   11    1    1    5    1    1       890   13   13    4   -3   -1    2  -11    8  -13    4    1   -2   15   12  -10   13   14    8
    1   14   12    1    3    2    3    1       904  -18   17  -10   11  -11  -10   11   -6    9    2    4  -13  -16   12   14   -5  -14    0
    1   14   13    1    3    3    3    1       453  -17   16   -7    1  -14  -11    9   -6    9    4    4  -11  -16    1   11   -2  -13   -2
    1   14   14    1    2    4    2    1       773   -4    5   16  -11    8   -1    2  -10   -8    2    1    6   -7   -8    3   13   -8  -15
    1   14   15    1    3    5    3    1       887  -14   14  -14    7  -11  -12   13   -1    9    4    2  -13  -15    2   17   -5  -11    2
    1   15    1    1    1    4    1    1       549   21   20    5   -1   -7    2  -12    8  -13    3    4    4   15   11  -11   12   12    7
    1   15    2    1    2    3    2    1      1040   -2   13   15   -4    9    0    5  -16  -10    4    1   16  -12   -6   -1   19  -17  -19
    1   15    3    1    2    2    2    1      1016    5   -1   13  -14   10   -2    1  -12  -16    7   11   11  -13   -5    4   19  -11  -15
    1   15    4    1    2    4    2    1       657   -4    5   16  -11    8   -1    2  -10   -8    2    1    6   -7   -8    3   13   -8  -15
    1   15    5    1    2    1    2    1       920   -1    0   18   -8    8   -1    9  -19   -8    2    7   12  -19   -7    4   12  -13  -10
    1   15    6    1    3    3    3    1       885  -17   16   -7    1  -14  -11    9   -6    9    4    4  -11  -16    1   11   -2  -13   -2
    1   15    7    1    1    5    1    1       899   13   13    4   -3   -1    2  -11    8  -13    4    1   -2   15   12  -10   13   14    8
    1   15    8    1    1    1    1    1      1216   10   20    4   -2   -1    2   -9    9   -6   -1    3    3   14   13  -11   18   11    5
    1   15    9    1    3    4    3    1       657  -15   10  -13    6   -5  -11    8   -6    9    5    4  -12  -16    4   14   -8  -12   -3
    1   15   10    1    1    3    1    1      4280   13   16    7   -2   -7    3   -6   12  -10    5    7    1   17   10  -11   12   14    8
    1   15   11    1    3    2    3    1       990  -18   17  -10   11  -11  -10   11   -6    9    2    4  -13  -16   12   14   -5  -14    0
    1   15   12    1    2    5    2    1       744   -4    5   12  -14   10   -1    2  -14   -9    2    8    3  -10   -6    6   12   -7  -15
    1   15   13    1    1    2    1    1       875   12   13    9    2   -3    2  -20    3  -12    3    4    4   18   13  -14   14   15    8
    1   15   14    1    3    1    3    1       793  -10   15  -11    4  -11  -11   11   -8   17   13    5  -10  -15    2   14   -7  -10   -2
    1   15   15    1    3    5    3    1       619  -14   14  -14    7  -11  -12   13   -1    9    4    2  -13  -15    2   17   -5  -11    2
    2    1    1    4    1    5    2    1      4713   12   15    6   -4    3   -1  -12    8  -13    4   13   -7    6    5  -15   10   11   11
    2    1    2    4    3    3    2    1      6605  -19    5  -14    5  -16   -8   10   -6    7    3    1  -13  -15    1   10   -9  -12   -1
    2    1    3    1    3    5    1    1      1654  -14   14  -14    7  -11  -12   13   -1    9    4    2  -13  -15    2   17   -5  -11    2
    2    1    4    1    2    5    1    1      1653   -4    5   12  -14   10   -1    2  -14   -9    2    8    3  -10   -6    6   12   -7  -15
    2    1    5    1    3    1    1    1      1093  -10   15  -11    4  -11  -11   11   -8   17   13    5  -10  -15    2   14   -7  -10   -2
    2    1    6    1    1    1    1    1      1146   10   20    4   -2   -1    2   -9    9   -6   -1    3    3   14   13  -11   18   11    5
    2    1    7    1    1    5    1    1      1005   13   13    4   -3   -1    2  -11    8  -13    4    1   -2   15   12  -10   13   14    8
    2    1    8    4    3    4    2    1      5318  -21   14   -7    4  -12  -10    8   -5    8    4    6  -13  -13    1   15   -5  -14   -2
    2    1    9    1    2    4    1    1      4627   -4    5   16  -11    8   -1    2  -10   -8    2    1    6   -7   -8    3   13   -8  -15
    2    1   10    6    0    0    2    1      1243    2  -16    6    6   -9   -8    0  -11    2   13  -13   13    4    0  -13  -10   10   -7
    2    1   11    6    0    0    2    1      1498   14   -6    6    3    3    1   15  -15   13    1    5  -20    4    5  -12  -14    6   13
    2    1   12    1    1    2    1    1      1183   12   13    9    2   -3    2  -20    3  -12    3    4    4   18   13  -14   14   15    8
    2    1   13    6    0    0    2    1      1009   12  -14    8    6  -11   -3    0  -22    3   12   -4    6    6   -2  -14  -11   10   -6
    2    1   14    1    3    2    1    1      1514  -18   17  -10   11  -11  -10   11   -6    9    2    4  -13  -16   12   14   -5  -14    0
    2    1   15    4    3    1    2    1      3646  -19   12  -17    3  -13  -12   10   -8    6    5    1  -10  -14    1   15   -7  -12   -3
    2    1   16    4    3    5    2    1      4685  -18   10  -11    6  -20   -9   14   -4    6    4    4  -11   -9    1   10  -13  -13   -1
    2    1   17    1    2    2    2    0      4883    5   -1   13  -14   10   -2    1  -12  -16    7   11   11  -13   -5    4   19  -11  -15
    2    1   18    1    3    4    1    1      1441  -15   10  -13    6   -5  -11    8   -6    9    5    4  -12  -16    4   14   -8  -12   -3
    2    1   19    4    1    3    2    1      3065   16   12    4   -2   -4    8  -11   11  -13    4    3    5   21   15  -12   14   13    9
    2    1   20    1    3    3    1    1      1808  -17   16   -7    1  -14  -11    9   -6    9    4    4  -11  -16    1   11   -2  -13   -2
    2    1   21    6    0    0    2    1      1753    5  -12    2   -7   20   -2   12   14  -10  -11   15   11    7    5   -1   -3    3   -4
    2    1   22    2    2    0    1    0      1092   -5    4   16   -9    9   -1    1  -13   -8    4    6   12  -11   -6    4   14   -9  -13
    2    1   23    4    1    1    2    1      1898    9   10    4   -2   -6   -3  -21   18  -12    3    0    0   17    9  -13   12   12    5
    2    1   24    4    2    5    2    1      2271   -4   -3   17   -7   16  -11    0  -11   -7    4   10    4   -6  -11    2   15   -9  -14
    2    1   25    4    2    4    2    1      2742   -5    5   14    0   10   -3    1  -12   -9    5    8   12  -10   -2    4   15  -11  -13
    2    1   26    4    3    2    2    1      5626   -8   15  -14    8  -13  -11   19    2    6    2    6   -8  -13    1   13   -4  -10   -1
    2    1   27    6    0    0    2    1       890   14   -8    0   -9   12   -5   15   14   -4    1   17   13   -4   -4    0    3    2   -5
    2    1   28    4    2    2    2    1      2760   -5    2   17   -8   14   -3    0  -13   -9    5    3   20  -12   -7    4   13  -11  -12
    2    1   29    4    1    4    2    1      2043   13   16    0   -7    0    0  -11    4  -15    8    5    2   15   12  -13   12   12    6
    2    1   30    2    1    0    1    0      1002   13   15    5   -3   -2    2  -11    9  -12    4    5    3   16   11  -12   13   13    7
    2    1   31    4    2    3    1    0      1107   -4    2   15  -14   10    0    0  -12   -8    8    5   13  -12   -7    4   15  -13   -9
    2    1   32    1    1    3    1    1      2809   13   16    7   -2   -7    3   -6   12  -10    5    7    1   17   10  -11   12   14    8
    2    1   33    6    0    0    2    1       970    3  -14   10    7    6    1   13  -12   10   12    5  -13    6    7  -10  -20   -5    3
    2    1   34    4    2    1    2    1      4004   -4    2   18  -10    8   -1    2  -15   -9    3    7   12  -16   -1    3   15  -11  -11
    2    1   35    1    2    3    1    1      2453   -2   13   15   -4    9    0    5  -16  -10    4    1   16  -12   -6   -1   19  -17  -19
    2    1   36    2    3    0    1    0       789  -14   12  -12    6  -12  -11   10   -7    8    3    3  -12  -14    2   14   -6  -12   -2
    2    1   37    4    1    2    1    0      2375   15   13    4   -4   -2    3  -10   11  -11   -6    4    2   15    9  -16   18   11    6
    2    1   38    1    1    4    1    1       745   21   20    5   -1   -7    2  -12    8  -13    3    4    4   15   11  -11   12   12    7
    2    1   39    1    2    1    1    1      1500   -1    0   18   -8    8   -1    9  -19   -8    2    7   12  -19   -7    4   12  -13  -10
