    1    1    1    1    1    1    2    0      9553    1   -5   -5   -7    4   -6    6    0   -4   -9  -13    4  -18   -8    0    0   -3   11
    1    1    2    1    3    4    3    1      1258   -7    7   12    3   -8   10    4   11    3   -4   -8  -11    2    5   10    5   12   -1
    1    1    3    1    3    2    2    0       874   -7    7   12    5  -11   12   15   12    1   -6   -9   -9    0    5    5    0   14    1
    1    1    4    1    3    1    2    0       888   -8    7    7    0   -5   11    7   11    1   -5  -16   -9    9   10   13    6   15    2
    1    1    5    1    1    5    1    1      2438    1   -6   -2   -9    5   -6    3   -1    4  -13  -15    6  -10   -7   -4    4   -2   22
    1    1    6    1    1    2    2    0      1190   -1   -5   -3   -8   -2   -1    5   -2    5  -12  -15    4   -9   -7   -1    1   -1   11
    1    1    7    1    3    3    2    0      1048   -7    6   20    4   -2   20   16    8    0   -5  -11   -7    1    7   12    6    6   -2
    1    1    8    1    2    2    3    0       911  -13   11   -2  -22  -11   10   -7    1   -9   -2    7   -4    3   -6   -2  -11  -13   -3
    1    1    9    1    1    4    1    1      2125   -2   -5   -5   -8    5   -5    2   -2    3  -12  -15    4  -10   -4   -7   -5   -1   12
    1    1   10    1    3    5    3    1       634  -10   10   11    5   -8   13    7    8   -1   -4   -7  -15   -3    9    5   10   17   -2
    1    1   11    1    2    4    1    0      1154  -14   13   -9  -16   -6   13    4  -11  -12    0    8   -2    5   -3  -10  -12  -12   -3
    1    1   12    1    2    5    1    0       917  -13   11   -6  -16   -6   16   -6    0  -20    1    5    3    6   -3   -5  -12  -10   -5
    1    1   13    1    2    1    2    1       786  -10   10   -8  -18   -4   14   -6   -1  -10    0    8    0    6   -5   -5  -10   -9   -5
    1    1   14    1    1    3    3    0      1316   -9  -14   -2  -11    2   -8    4   -2    8   -9  -16    5  -11  -10   -4   -7    4   16
    1    1   15    1    2    3    1    0      3248  -11   10   -8  -14   -5   17   -3   -3  -13    0    5    0    4   -4   -3  -11  -10   -3
    1    2    1    1    2    1    2    1      2047  -10   10   -8  -18   -4   14   -6   -1  -10    0    8    0    6   -5   -5  -10   -9   -5
    1    2    2    1    1    1    1    1      3151    1   -5   -5   -7    4   -6    6    0   -4   -9  -13    4  -18   -8    0    0   -3   11
    1    2    3    1    1    2    3    0      1186   -1   -5   -3   -8   -2   -1    5   -2    5  -12  -15    4   -9   -7   -1    1   -1   11
    1    2    4    1    1    4    1    1       852   -2   -5   -5   -8    5   -5    2   -2    3  -12  -15    4  -10   -4   -7   -5   -1   12
    1    2    5    1    2    5    2    1       595  -13   11   -6  -16   -6   16   -6    0  -20    1    5    3    6   -3   -5  -12  -10   -5
    1    2    6    1    1    3    3    0       605   -9  -14   -2  -11    2   -8    4   -2    8   -9  -16    5  -11  -10   -4   -7    4   16
    1    2    7    1    1    5    3    0       647    1   -6   -2   -9    5   -6    3   -1    4  -13  -15    6  -10   -7   -4    4   -2   22
    1    2    8    1    2    3    2    1       606  -11   10   -8  -14   -5   17   -3   -3  -13    0    5    0    4   -4   -3  -11  -10   -3
    1    2    9    1    3    4    3    1       599   -7    7   12    3   -8   10    4   11    3   -4   -8  -11    2    5   10    5   12   -1
    1    2   10    1    2    4    2    1       465  -14   13   -9  -16   -6   13    4  -11  -12    0    8   -2    5   -3  -10  -12  -12   -3
    1    2   11    1    3    1    1    0      1071   -8    7    7    0   -5   11    7   11    1   -5  -16   -9    9   10   13    6   15    2
    1    2   12    1    2    2    1    0      1574  -13   11   -2  -22  -11   10   -7    1   -9   -2    7   -4    3   -6   -2  -11  -13   -3
    1    2   13    1    3    3    2    0       905   -7    6   20    4   -2   20   16    8    0   -5  -11   -7    1    7   12    6    6   -2
    1    2   14    1    3    2    3    1       726   -7    7   12    5  -11   12   15   12    1   -6   -9   -9    0    5    5    0   14    1
    1    2   15    1    3    5    1    0       651  -10   10   11    5   -8   13    7    8   -1   -4   -7  -15   -3    9    5   10   17   -2
    1    3    1    1    2    2    2    1       626  -13   11   -2  -22  -11   10   -7    1   -9   -2    7   -4    3   -6   -2  -11  -13   -3
    1    3    2    1    2    3    1    0       555  -11   10   -8  -14   -5   17   -3   -3  -13    0    5    0    4   -4   -3  -11  -10   -3
    1    3    3    1    1    5    1    1       758    1   -6   -2   -9    5   -6    3   -1    4  -13  -15    6  -10   -7   -4    4   -2   22
    1    3    4    1    1    1    2    0      1081    1   -5   -5   -7    4   -6    6    0   -4   -9  -13    4  -18   -8    0    0   -3   11
    1    3    5    1    3    1    3    1      1151   -8    7    7    0   -5   11    7   11    1   -5  -16   -9    9   10   13    6   15    2
    1    3    6    1    2    5    2    1      1171  -13   11   -6  -16   -6   16   -6    0  -20    1    5    3    6   -3   -5  -12  -10   -5
    1    3    7    1    3    4    1    0      1621   -7    7   12    3   -8   10    4   11    3   -4   -8  -11    2    5   10    5   12   -1
    1    3    8    1    2    1    2    1      1334  -10   10   -8  -18   -4   14   -6   -1  -10    0    8    0    6   -5   -5  -10   -9   -5
    1    3    9    1    2    4    3    0      1842  -14   13   -9  -16   -6   13    4  -11  -12    0    8   -2    5   -3  -10  -12  -12   -3
    1    3   10    1    3    2    1    0      1130   -7    7   12    5  -11   12   15   12    1   -6   -9   -9    0    5    5    0   14    1
    1    3   11    1    1    4    2    0      1102   -2   -5   -5   -8    5   -5    2   -2    3  -12  -15    4  -10   -4   -7   -5   -1   12
    1    3   12    1    3    3    1    0       659   -7    6   20    4   -2   20   16    8    0   -5  -11   -7    1    7   12    6    6   -2
    1    3   13    1    1    2    3    0       715   -1   -5   -3   -8   -2   -1    5   -2    5  -12  -15    4   -9   -7   -1    1   -1   11
    1    3   14    1    1    3    2    0       415   -9  -14   -2  -11    2   -8    4   -2    8   -9  -16    5  -11  -10   -4   -7    4   16
    1    3   15    1    3    5    2    0       464  -10   10   11    5   -8   13    7    8   -1   -4   -7  -15   -3    9    5   10   17   -2
    1    4    1    1    1    4    2    0       463   -2   -5   -5   -8    5   -5    2   -2    3  -12  -15    4  -10   -4   -7   -5   -1   12
    1    4    2    1    1    3    2    0       734   -9  -14   -2  -11    2   -8    4   -2    8   -9  -16    5  -11  -10   -4   -7    4   16
    1    4    3    1    3    4    1    0       562   -7    7   12    3   -8   10    4   11    3   -4   -8  -11    2    5   10    5   12   -1
    1    4    4    1    1    5    1    1      5549    1   -6   -2   -9    5   -6    3   -1    4  -13  -15    6  -10   -7   -4    4   -2   22
    1    4    5    1    3    3    2    0       353   -7    6   20    4   -2   20   16    8    0   -5  -11   -7    1    7   12    6    6   -2
    1    4    6    1    3    1    1    0      4004   -8    7    7    0   -5   11    7   11    1   -5  -16   -9    9   10   13    6   15    2
    1    4    7    1    3    5    2    0       245  -10   10   11    5   -8   13    7    8   -1   -4   -7  -15   -3    9    5   10   17   -2
    1    4    8    1    2    2    1    0       253  -13   11   -2  -22  -11   10   -7    1   -9   -2    7   -4    3   -6   -2  -11  -13   -3
    1    4    9    1    2    4    1    0       197  -14   13   -9  -16   -6   13    4  -11  -12    0    8   -2    5   -3  -10  -12  -12   -3
    1    4   10    1    1    1    1    1       286    1   -5   -5   -7    4   -6    6    0   -4   -9  -13    4  -18   -8    0    0   -3   11
    1    4   11    1    1    2    2    0      1236   -1   -5   -3   -8   -2   -1    5   -2    5  -12  -15    4   -9   -7   -1    1   -1   11
    1    4   12    1    2    3    1    0      1156  -11   10   -8  -14   -5   17   -3   -3  -13    0    5    0    4   -4   -3  -11  -10   -3
    1    4   13    1    2    1    1    0       775  -10   10   -8  -18   -4   14   -6   -1  -10    0    8    0    6   -5   -5  -10   -9   -5
    1    4   14    1    3    2    2    0       154   -7    7   12    5  -11   12   15   12    1   -6   -9   -9    0    5    5    0   14    1
    1    4   15    1    2    5    2    1       517  -13   11   -6  -16   -6   16   -6    0  -20    1    5    3    6   -3   -5  -12  -10   -5
    1    5    1    1    2    2    1    0       338  -13   11   -2  -22  -11   10   -7    1   -9   -2    7   -4    3   -6   -2  -11  -13   -3
    1    5    2    1    3    1    3    1        70   -8    7    7    0   -5   11    7   11    1   -5  -16   -9    9   10   13    6   15    2
    1    5    3    1    2    5    1    0       229  -13   11   -6  -16   -6   16   -6    0  -20    1    5    3    6   -3   -5  -12  -10   -5
    1    5    4    1    1    2    1    1       141   -1   -5   -3   -8   -2   -1    5   -2    5  -12  -15    4   -9   -7   -1    1   -1   11
    1    5    5    1    1    5    1    1       265    1   -6   -2   -9    5   -6    3   -1    4  -13  -15    6  -10   -7   -4    4   -2   22
    1    5    6    1    3    4    2    0       224   -7    7   12    3   -8   10    4   11    3   -4   -8  -11    2    5   10    5   12   -1
    1    5    7    1    2    1    3    0        56  -10   10   -8  -18   -4   14   -6   -1  -10    0    8    0    6   -5   -5  -10   -9   -5
    1    5    8    1    1    4    2    0       488   -2   -5   -5   -8    5   -5    2   -2    3  -12  -15    4  -10   -4   -7   -5   -1   12
    1    5    9    1    3    5    3    1       998  -10   10   11    5   -8   13    7    8   -1   -4   -7  -15   -3    9    5   10   17   -2
    1    5   10    1    1    1    3    0       511    1   -5   -5   -7    4   -6    6    0   -4   -9  -13    4  -18   -8    0    0   -3   11
    1    5   11    1    2    4    2    1       172  -14   13   -9  -16   -6   13    4  -11  -12    0    8   -2    5   -3  -10  -12  -12   -3
    1    5   12    1    3    3    3    1       231   -7    6   20    4   -2   20   16    8    0   -5  -11   -7    1    7   12    6    6   -2
    1    5   13    1    1    3    1    1       223   -9  -14   -2  -11    2   -8    4   -2    8   -9  -16    5  -11  -10   -4   -7    4   16
    1    5   14    1    3    2    2    0       264   -7    7   12    5  -11   12   15   12    1   -6   -9   -9    0    5    5    0   14    1
    1    5   15    1    2    3    3    0       222  -11   10   -8  -14   -5   17   -3   -3  -13    0    5    0    4   -4   -3  -11  -10   -3
    1    6    1    1    1    4    1    1      4855   -2   -5   -5   -8    5   -5    2   -2    3  -12  -15    4  -10   -4   -7   -5   -1   12
    1    6    2    1    2    3    2    1       246  -11   10   -8  -14   -5   17   -3   -3  -13    0    5    0    4   -4   -3  -11  -10   -3
    1    6    3    1    2    4    3    0       254  -14   13   -9  -16   -6   13    4  -11  -12    0    8   -2    5   -3  -10  -12  -12   -3
    1    6    4    1    3    5    3    1       389  -10   10   11    5   -8   13    7    8   -1   -4   -7  -15   -3    9    5   10   17   -2
    1    6    5    1    2    5    1    0       567  -13   11   -6  -16   -6   16   -6    0  -20    1    5    3    6   -3   -5  -12  -10   -5
    1    6    6    1    1    1    1    1       210    1   -5   -5   -7    4   -6    6    0   -4   -9  -13    4  -18   -8    0    0   -3   11
    1    6    7    1    2    2    3    0       123  -13   11   -2  -22  -11   10   -7    1   -9   -2    7   -4    3   -6   -2  -11  -13   -3
    1    6    8    1    3    3    3    1       248   -7    6   20    4   -2   20   16    8    0   -5  -11   -7    1    7   12    6    6   -2
    1    6    9    1    2    1    1    0       975  -10   10   -8  -18   -4   14   -6   -1  -10    0    8    0    6   -5   -5  -10   -9   -5
    1    6   10    1    3    2    2    0       330   -7    7   12    5  -11   12   15   12    1   -6   -9   -9    0    5    5    0   14    1
    1    6   11    1    1    2    3    0       638   -1   -5   -3   -8   -2   -1    5   -2    5  -12  -15    4   -9   -7   -1    1   -1   11
    1    6   12    1    3    1    2    0       262   -8    7    7    0   -5   11    7   11    1   -5  -16   -9    9   10   13    6   15    2
    1    6   13    1    1    3    2    0        61   -9  -14   -2  -11    2   -8    4   -2    8   -9  -16    5  -11  -10   -4   -7    4   16
    1    6   14    1    1    5    2    0        28    1   -6   -2   -9    5   -6    3   -1    4  -13  -15    6  -10   -7   -4    4   -2   22
    1    6   15    1    3    4    2    0         0   -7    7   12    3   -8   10    4   11    3   -4   -8  -11    2    5   10    5   12   -1
    1    7    1    1    3    4    2    0         0   -7    7   12    3   -8   10    4   11    3   -4   -8  -11    2    5   10    5   12   -1
    1    7    2    1    2    3    2    1       640  -11   10   -8  -14   -5   17   -3   -3  -13    0    5    0    4   -4   -3  -11  -10   -3
    1    7    3    1    2    1    1    0       248  -10   10   -8  -18   -4   14   -6   -1  -10    0    8    0    6   -5   -5  -10   -9   -5
    1    7    4    1    1    5    2    0       111    1   -6   -2   -9    5   -6    3   -1    4  -13  -15    6  -10   -7   -4    4   -2   22
    1    7    5    1    1    3    3    0       556   -9  -14   -2  -11    2   -8    4   -2    8   -9  -16    5  -11  -10   -4   -7    4   16
    1    7    6    1    2    2    3    0       408  -13   11   -2  -22  -11   10   -7    1   -9   -2    7   -4    3   -6   -2  -11  -13   -3
    1    7    7    1    2    4    1    0      1977  -14   13   -9  -16   -6   13    4  -11  -12    0    8   -2    5   -3  -10  -12  -12   -3
    1    7    8    1    2    5    1    0        12  -13   11   -6  -16   -6   16   -6    0  -20    1    5    3    6   -3   -5  -12  -10   -5
    1    7    9    1    3    2    2    0        13   -7    7   12    5  -11   12   15   12    1   -6   -9   -9    0    5    5    0   14    1
    1    7   10    1    3    1    2    0         0   -8    7    7    0   -5   11    7   11    1   -5  -16   -9    9   10   13    6   15    2
    1    7   11    1    1    1    2    0        15    1   -5   -5   -7    4   -6    6    0   -4   -9  -13    4  -18   -8    0    0   -3   11
    1    7   12    1    3    5    1    0        16  -10   10   11    5   -8   13    7    8   -1   -4   -7  -15   -3    9    5   10   17   -2
    1    7   13    1    3    3    2    0         0   -7    6   20    4   -2   20   16    8    0   -5  -11   -7    1    7   12    6    6   -2
    1    7   14    1    1    4    1    1       610   -2   -5   -5   -8    5   -5    2   -2    3  -12  -15    4  -10   -4   -7   -5   -1   12
    1    7   15    1    1    2    2    0       379   -1   -5   -3   -8   -2   -1    5   -2    5  -12  -15    4   -9   -7   -1    1   -1   11
    1    8    1    1    3    3    2    0       414   -7    6   20    4   -2   20   16    8    0   -5  -11   -7    1    7   12    6    6   -2
    1    8    2    1    1    5    2    0       222    1   -6   -2   -9    5   -6    3   -1    4  -13  -15    6  -10   -7   -4    4   -2   22
    1    8    3    1    1    3    2    0         0   -9  -14   -2  -11    2   -8    4   -2    8   -9  -16    5  -11  -10   -4   -7    4   16
    1    8    4    1    2    3    2    1       472  -11   10   -8  -14   -5   17   -3   -3  -13    0    5    0    4   -4   -3  -11  -10   -3
    1    8    5    1    1    1    2    0     12662    1   -5   -5   -7    4   -6    6    0   -4   -9  -13    4  -18   -8    0    0   -3   11
    1    8    6    1    2    4    3    0       366  -14   13   -9  -16   -6   13    4  -11  -12    0    8   -2    5   -3  -10  -12  -12   -3
    1    8    7    1    3    5    1    0      2272  -10   10   11    5   -8   13    7    8   -1   -4   -7  -15   -3    9    5   10   17   -2
    1    8    8    1    2    2    2    1       839  -13   11   -2  -22  -11   10   -7    1   -9   -2    7   -4    3   -6   -2  -11  -13   -3
    1    8    9    1    3    2    1    0       247   -7    7   12    5  -11   12   15   12    1   -6   -9   -9    0    5    5    0   14    1
    1    8   10    1    3    4    3    1       670   -7    7   12    3   -8   10    4   11    3   -4   -8  -11    2    5   10    5   12   -1
    1    8   11    1    3    1    1    0      2629   -8    7    7    0   -5   11    7   11    1   -5  -16   -9    9   10   13    6   15    2
    1    8   12    1    2    5    1    0      4317  -13   11   -6  -16   -6   16   -6    0  -20    1    5    3    6   -3   -5  -12  -10   -5
    1    8   13    1    1    2    2    0       434   -1   -5   -3   -8   -2   -1    5   -2    5  -12  -15    4   -9   -7   -1    1   -1   11
    1    8   14    1    1    4    2    0         0   -2   -5   -5   -8    5   -5    2   -2    3  -12  -15    4  -10   -4   -7   -5   -1   12
    1    8   15    1    2    1    3    0         0  -10   10   -8  -18   -4   14   -6   -1  -10    0    8    0    6   -5   -5  -10   -9   -5
    1    9    1    1    3    1    3    1         0   -8    7    7    0   -5   11    7   11    1   -5  -16   -9    9   10   13    6   15    2
    1    9    2    1    1    2    3    0         0   -1   -5   -3   -8   -2   -1    5   -2    5  -12  -15    4   -9   -7   -1    1   -1   11
    1    9    3    1    1    1    3    0         0    1   -5   -5   -7    4   -6    6    0   -4   -9  -13    4  -18   -8    0    0   -3   11
    1    9    4    1    1    5    3    0      1545    1   -6   -2   -9    5   -6    3   -1    4  -13  -15    6  -10   -7   -4    4   -2   22
    1    9    5    1    2    5    2    1       205  -13   11   -6  -16   -6   16   -6    0  -20    1    5    3    6   -3   -5  -12  -10   -5
    1    9    6    1    1    4    3    0        70   -2   -5   -5   -8    5   -5    2   -2    3  -12  -15    4  -10   -4   -7   -5   -1   12
    1    9    7    1    2    3    2    1       133  -11   10   -8  -14   -5   17   -3   -3  -13    0    5    0    4   -4   -3  -11  -10   -3
    1    9    8    1    3    3    3    1        65   -7    6   20    4   -2   20   16    8    0   -5  -11   -7    1    7   12    6    6   -2
    1    9    9    1    3    2    1    0       112   -7    7   12    5  -11   12   15   12    1   -6   -9   -9    0    5    5    0   14    1
    1    9   10    1    3    5    2    0         0  -10   10   11    5   -8   13    7    8   -1   -4   -7  -15   -3    9    5   10   17   -2
    1    9   11    1    2    4    2    1         0  -14   13   -9  -16   -6   13    4  -11  -12    0    8   -2    5   -3  -10  -12  -12   -3
    1    9   12    1    2    1    1    0         0  -10   10   -8  -18   -4   14   -6   -1  -10    0    8    0    6   -5   -5  -10   -9   -5
    1    9   13    1    1    3    1    1       577   -9  -14   -2  -11    2   -8    4   -2    8   -9  -16    5  -11  -10   -4   -7    4   16
    1    9   14    1    2    2    1    0         0  -13   11   -2  -22  -11   10   -7    1   -9   -2    7   -4    3   -6   -2  -11  -13   -3
    1    9   15    1    3    4    2    0         0   -7    7   12    3   -8   10    4   11    3   -4   -8  -11    2    5   10    5   12   -1
    1   10    1    1    3    4    3    1        62   -7    7   12    3   -8   10    4   11    3   -4   -8  -11    2    5   10    5   12   -1
    1   10    2    1    3    1    3    1      1261   -8    7    7    0   -5   11    7   11    1   -5  -16   -9    9   10   13    6   15    2
    1   10    3    1    2    3    1    0      1053  -11   10   -8  -14   -5   17   -3   -3  -13    0    5    0    4   -4   -3  -11  -10   -3
    1   10    4    1    1    2    1    1       948   -1   -5   -3   -8   -2   -1    5   -2    5  -12  -15    4   -9   -7   -1    1   -1   11
    1   10    5    1    1    5    1    1      1439    1   -6   -2   -9    5   -6    3   -1    4  -13  -15    6  -10   -7   -4    4   -2   22
    1   10    6    1    2    2    2    1       983  -13   11   -2  -22  -11   10   -7    1   -9   -2    7   -4    3   -6   -2  -11  -13   -3
    1   10    7    1    2    4    3    0       929  -14   13   -9  -16   -6   13    4  -11  -12    0    8   -2    5   -3  -10  -12  -12   -3
    1   10    8    1    1    1    1    1      1054    1   -5   -5   -7    4   -6    6    0   -4   -9  -13    4  -18   -8    0    0   -3   11
    1   10    9    1    3    3    1    0     15605   -7    6   20    4   -2   20   16    8    0   -5  -11   -7    1    7   12    6    6   -2
    1   10   10    1    3    2    2    0       966   -7    7   12    5  -11   12   15   12    1   -6   -9   -9    0    5    5    0   14    1
    1   10   11    1    2    1    1    0      1041  -10   10   -8  -18   -4   14   -6   -1  -10    0    8    0    6   -5   -5  -10   -9   -5
    1   10   12    1    1    4    1    1       713   -2   -5   -5   -8    5   -5    2   -2    3  -12  -15    4  -10   -4   -7   -5   -1   12
    1   10   13    1    3    5    2    0       622  -10   10   11    5   -8   13    7    8   -1   -4   -7  -15   -3    9    5   10   17   -2
    1   10   14    1    2    5    2    1       967  -13   11   -6  -16   -6   16   -6    0  -20    1    5    3    6   -3   -5  -12  -10   -5
    1   10   15    1    1    3    3    0      1009   -9  -14   -2  -11    2   -8    4   -2    8   -9  -16    5  -11  -10   -4   -7    4   16
    1   11    1    1    1    4    1    1      8810   -2   -5   -5   -8    5   -5    2   -2    3  -12  -15    4  -10   -4   -7   -5   -1   12
    1   11    2    1    3    1    2    0       924   -8    7    7    0   -5   11    7   11    1   -5  -16   -9    9   10   13    6   15    2
    1   11    3    1    1    1    1    1      1145    1   -5   -5   -7    4   -6    6    0   -4   -9  -13    4  -18   -8    0    0   -3   11
    1   11    4    1    1    3    2    0       780   -9  -14   -2  -11    2   -8    4   -2    8   -9  -16    5  -11  -10   -4   -7    4   16
    1   11    5    1    2    3    3    0      1246  -11   10   -8  -14   -5   17   -3   -3  -13    0    5    0    4   -4   -3  -11  -10   -3
    1   11    6    1    3    3    3    1      3358   -7    6   20    4   -2   20   16    8    0   -5  -11   -7    1    7   12    6    6   -2
    1   11    7    1    1    2    3    0         0   -1   -5   -3   -8   -2   -1    5   -2    5  -12  -15    4   -9   -7   -1    1   -1   11
    1   11    8    1    2    1    2    1      1306  -10   10   -8  -18   -4   14   -6   -1  -10    0    8    0    6   -5   -5  -10   -9   -5
    1   11    9    1    2    5    3    0      1752  -13   11   -6  -16   -6   16   -6    0  -20    1    5    3    6   -3   -5  -12  -10   -5
    1   11   10    1    2    2    1    0      1251  -13   11   -2  -22  -11   10   -7    1   -9   -2    7   -4    3   -6   -2  -11  -13   -3
    1   11   11    1    3    5    3    1      1122  -10   10   11    5   -8   13    7    8   -1   -4   -7  -15   -3    9    5   10   17   -2
    1   11   12    1    3    4    2    0      1623   -7    7   12    3   -8   10    4   11    3   -4   -8  -11    2    5   10    5   12   -1
    1   11   13    1    3    2    2    0      2440   -7    7   12    5  -11   12   15   12    1   -6   -9   -9    0    5    5    0   14    1
    1   11   14    1    2    4    2    1      2184  -14   13   -9  -16   -6   13    4  -11  -12    0    8   -2    5   -3  -10  -12  -12   -3
    1   11   15    1    1    5    3    0      1618    1   -6   -2   -9    5   -6    3   -1    4  -13  -15    6  -10   -7   -4    4   -2   22
    1   12    1    1    2    5    2    1      1314  -13   11   -6  -16   -6   16   -6    0  -20    1    5    3    6   -3   -5  -12  -10   -5
    1   12    2    1    2    3    2    1      1247  -11   10   -8  -14   -5   17   -3   -3  -13    0    5    0    4   -4   -3  -11  -10   -3
    1   12    3    1    3    5    3    1      1902  -10   10   11    5   -8   13    7    8   -1   -4   -7  -15   -3    9    5   10   17   -2
    1   12    4    1    1    4    1    1      1220   -2   -5   -5   -8    5   -5    2   -2    3  -12  -15    4  -10   -4   -7   -5   -1   12
    1   12    5    1    2    4    3    0      1972  -14   13   -9  -16   -6   13    4  -11  -12    0    8   -2    5   -3  -10  -12  -12   -3
    1   12    6    1    3    4    1    0      1175   -7    7   12    3   -8   10    4   11    3   -4   -8  -11    2    5   10    5   12   -1
    1   12    7    1    3    3    2    0      1898   -7    6   20    4   -2   20   16    8    0   -5  -11   -7    1    7   12    6    6   -2
    1   12    8    1    3    2    3    1      1311   -7    7   12    5  -11   12   15   12    1   -6   -9   -9    0    5    5    0   14    1
    1   12    9    1    1    5    3    0      1292    1   -6   -2   -9    5   -6    3   -1    4  -13  -15    6  -10   -7   -4    4   -2   22
    1   12   10    1    1    3    2    0      1690   -9  -14   -2  -11    2   -8    4   -2    8   -9  -16    5  -11  -10   -4   -7    4   16
    1   12   11    1    1    2    1    1      1720   -1   -5   -3   -8   -2   -1    5   -2    5  -12  -15    4   -9   -7   -1    1   -1   11
    1   12   12    1    2    1    2    1      2453  -10   10   -8  -18   -4   14   -6   -1  -10    0    8    0    6   -5   -5  -10   -9   -5
    1   12   13    1    3    1    3    1      1620   -8    7    7    0   -5   11    7   11    1   -5  -16   -9    9   10   13    6   15    2
    1   12   14    1    2    2    3    0      1941  -13   11   -2  -22  -11   10   -7    1   -9   -2    7   -4    3   -6   -2  -11  -13   -3
    1   12   15    1    1    1    2    0      1401    1   -5   -5   -7    4   -6    6    0   -4   -9  -13    4  -18   -8    0    0   -3   11
    1   13    1    1    1    1    1    1       882    1   -5   -5   -7    4   -6    6    0   -4   -9  -13    4  -18   -8    0    0   -3   11
    1   13    2    1    2    1    2    1      1040  -10   10   -8  -18   -4   14   -6   -1  -10    0    8    0    6   -5   -5  -10   -9   -5
    1   13    3    1    1    4    2    0      1400   -2   -5   -5   -8    5   -5    2   -2    3  -12  -15    4  -10   -4   -7   -5   -1   12
    1   13    4    1    3    4    2    0      1810   -7    7   12    3   -8   10    4   11    3   -4   -8  -11    2    5   10    5   12   -1
    1   13    5    1    2    3    2    1      1211  -11   10   -8  -14   -5   17   -3   -3  -13    0    5    0    4   -4   -3  -11  -10   -3
    1   13    6    1    3    5    3    1      1324  -10   10   11    5   -8   13    7    8   -1   -4   -7  -15   -3    9    5   10   17   -2
    1   13    7    1    1    2    1    1      1225   -1   -5   -3   -8   -2   -1    5   -2    5  -12  -15    4   -9   -7   -1    1   -1   11
    1   13    8    1    3    2    3    1      1098   -7    7   12    5  -11   12   15   12    1   -6   -9   -9    0    5    5    0   14    1
    1   13    9    1    1    5    3    0       943    1   -6   -2   -9    5   -6    3   -1    4  -13  -15    6  -10   -7   -4    4   -2   22
    1   13   10    1    2    5    3    0      2619  -13   11   -6  -16   -6   16   -6    0  -20    1    5    3    6   -3   -5  -12  -10   -5
    1   13   11    1    2    4    3    0      1107  -14   13   -9  -16   -6   13    4  -11  -12    0    8   -2    5   -3  -10  -12  -12   -3
    1   13   12    1    3    1    2    0      1193   -8    7    7    0   -5   11    7   11    1   -5  -16   -9    9   10   13    6   15    2
    1   13   13    1    1    3    2    0      1787   -9  -14   -2  -11    2   -8    4   -2    8   -9  -16    5  -11  -10   -4   -7    4   16
    1   13   14    1    3    3    2    0      1525   -7    6   20    4   -2   20   16    8    0   -5  -11   -7    1    7   12    6    6   -2
    1   13   15    1    2    2    1    0       841  -13   11   -2  -22  -11   10   -7    1   -9   -2    7   -4    3   -6   -2  -11  -13   -3
    1   14    1    1    1    3    1    1       841   -9  -14   -2  -11    2   -8    4   -2    8   -9  -16    5  -11  -10   -4   -7    4   16
    1   14    2    1    1    4    1    1       873   -2   -5   -5   -8    5   -5    2   -2    3  -12  -15    4  -10   -4   -7   -5   -1   12
    1   14    3    1    1    2    1    1      1784   -1   -5   -3   -8   -2   -1    5   -2    5  -12  -15    4   -9   -7   -1    1   -1   11
    1   14    4    1    3    2    3    1      1986   -7    7   12    5  -11   12   15   12    1   -6   -9   -9    0    5    5    0   14    1
    1   14    5    1    3    1    2    0      1460   -8    7    7    0   -5   11    7   11    1   -5  -16   -9    9   10   13    6   15    2
    1   14    6    1    3    5    3    1       795  -10   10   11    5   -8   13    7    8   -1   -4   -7  -15   -3    9    5   10   17   -2
    1   14    7    1    3    3    2    0      1341   -7    6   20    4   -2   20   16    8    0   -5  -11   -7    1    7   12    6    6   -2
    1   14    8    1    2    4    2    1      1801  -14   13   -9  -16   -6   13    4  -11  -12    0    8   -2    5   -3  -10  -12  -12   -3
    1   14    9    1    1    1    1    1      1699    1   -5   -5   -7    4   -6    6    0   -4   -9  -13    4  -18   -8    0    0   -3   11
    1   14   10    1    1    5    3    0      1856    1   -6   -2   -9    5   -6    3   -1    4  -13  -15    6  -10   -7   -4    4   -2   22
    1   14   11    1    2    3    2    1      1271  -11   10   -8  -14   -5   17   -3   -3  -13    0    5    0    4   -4   -3  -11  -10   -3
    1   14   12    1    2    1    3    0      1302  -10   10   -8  -18   -4   14   -6   -1  -10    0    8    0    6   -5   -5  -10   -9   -5
    1   14   13    1    3    4    1    0      1491   -7    7   12    3   -8   10    4   11    3   -4   -8  -11    2    5   10    5   12   -1
    1   14   14    1    2    2    2    1      1625  -13   11   -2  -22  -11   10   -7    1   -9   -2    7   -4    3   -6   -2  -11  -13   -3
    1   14   15    1    2    5    3    0      9466  -13   11   -6  -16   -6   16   -6    0  -20    1    5    3    6   -3   -5  -12  -10   -5
    1   15    1    1    3    5    3    1       737  -10   10   11    5   -8   13    7    8   -1   -4   -7  -15   -3    9    5   10   17   -2
    1   15    2    1    1    3    2    0      1557   -9  -14   -2  -11    2   -8    4   -2    8   -9  -16    5  -11  -10   -4   -7    4   16
    1   15    3    1    2    3    2    1      1064  -11   10   -8  -14   -5   17   -3   -3  -13    0    5    0    4   -4   -3  -11  -10   -3
    1   15    4    1    2    4    2    1      1743  -14   13   -9  -16   -6   13    4  -11  -12    0    8   -2    5   -3  -10  -12  -12   -3
    1   15    5    1    1    5    3    0      1595    1   -6   -2   -9    5   -6    3   -1    4  -13  -15    6  -10   -7   -4    4   -2   22
    1   15    6    1    3    2    2    0     11884   -7    7   12    5  -11   12   15   12    1   -6   -9   -9    0    5    5    0   14    1
    1   15    7    1    3    4    3    1       866   -7    7   12    3   -8   10    4   11    3   -4   -8  -11    2    5   10    5   12   -1
    1   15    8    1    1    4    1    1      2337   -2   -5   -5   -8    5   -5    2   -2    3  -12  -15    4  -10   -4   -7   -5   -1   12
    1   15    9    1    3    1    3    1      1237   -8    7    7    0   -5   11    7   11    1   -5  -16   -9    9   10   13    6   15    2
    1   15   10    1    2    5    2    1       885  -13   11   -6  -16   -6   16   -6    0  -20    1    5    3    6   -3   -5  -12  -10   -5
    1   15   11    1    2    2    2    1      1347  -13   11   -2  -22  -11   10   -7    1   -9   -2    7   -4    3   -6   -2  -11  -13   -3
    1   15   12    1    1    1    1    1       830    1   -5   -5   -7    4   -6    6    0   -4   -9  -13    4  -18   -8    0    0   -3   11
    1   15   13    1    3    3    3    1       766   -7    6   20    4   -2   20   16    8    0   -5  -11   -7    1    7   12    6    6   -2
    1   15   14    1    1    2    2    0      1857   -1   -5   -3   -8   -2   -1    5   -2    5  -12  -15    4   -9   -7   -1    1   -1   11
    1   15   15    1    2    1    2    1      1752  -10   10   -8  -18   -4   14   -6   -1  -10    0    8    0    6   -5   -5  -10   -9   -5
    2    1    1    4    1    4    1    0      6216    0   -4   -3   -9    4   -6    4   -2    5  -15  -15    4   -9   -6   -2    0   -1   11
    2    1    2    1    3    3    1    1      2465   -7    6   20    4   -2   20   16    8    0   -5  -11   -7    1    7   12    6    6   -2
    2    1    3    6    0    0    2    1       896  -11  -12    1  -10   18   -2   16   -6   -6   -3  -12   11   11    1   15   -3   13   13
    2    1    4    1    3    5    1    1      1774  -10   10   11    5   -8   13    7    8   -1   -4   -7  -15   -3    9    5   10   17   -2
    2    1    5    1    2    4    1    1       856  -14   13   -9  -16   -6   13    4  -11  -12    0    8   -2    5   -3  -10  -12  -12   -3
    2    1    6    4    1    1    1    0      1480   -1   -4   -2   -7   -7  -12    5   -1    7  -15  -13    6  -11   -7   -4    4  -11   11
    2    1    7    4    2    4    2    1      2894  -13   12  -11  -18   -4   17   -4   -2  -12    0   -2   -5    6   -5   -5  -11  -10   -2
    2    1    8    6    0    0    2    1       892    1   -2    4    3   15   12    2   -4    4   -1   -9   -3   11  -11   16    8   11    1
    2    1    9    4    1    3    1    0      1466   -6  -10   -5   -7   -2   -4    5   -2    9  -14  -16    4  -10   -9  -10   -2   -1   11
    2    1   10    1    2    2    1    1       592  -13   11   -2  -22  -11   10   -7    1   -9   -2    7   -4    3   -6   -2  -11  -13   -3
    2    1   11    4    3    4    2    1      3882   -7    6   13    5  -12   13    5   10    5    4   -4  -17   -9   -1   19    7   12    0
    2    1   12    6    0    0    2    1      1552    7   -3    8   11   19   10    4   -6    5    0    2   -1   14  -10   17    6   20    6
    2    1   13    1    1    4    1    1       692   -2   -5   -5   -8    5   -5    2   -2    3  -12  -15    4  -10   -4   -7   -5   -1   12
    2    1   14    6    0    0    1    0       890  -13  -13    4  -11   10   -9   22   -4   -5   -2   -9   11    5    2    9   -3   22    5
    2    1   15    1    1    2    2    0      3032   -1   -5   -3   -8   -2   -1    5   -2    5  -12  -15    4   -9   -7   -1    1   -1   11
    2    1   16    4    2    5    1    0      1104  -12   10   -7  -16   -6   17   -7    1  -11    0    6   -1    5   -7   -2  -11  -11   -6
    2    1   17    1    1    1    1    1       245    1   -5   -5   -7    4   -6    6    0   -4   -9  -13    4  -18   -8    0    0   -3   11
    2    1   18    1    2    5    1    1       973  -13   11   -6  -16   -6   16   -6    0  -20    1    5    3    6   -3   -5  -12  -10   -5
    2    1   19    6    0    0    2    1       888   10    0   -1   14  -12    0   14    7   14   13   11   15   -9   10   10   -6  -15   10
    2    1   20    4    3    5    1    0      1365  -10    9   13    4   -9   12    2    7    2   -3   -5   -9    1    4   17   -3   14    1
    2    1   21    1    3    2    1    1      1552   -7    7   12    5  -11   12   15   12    1   -6   -9   -9    0    5    5    0   14    1
    2    1   22    6    0    0    2    1       900    1   -8   -2   16  -12   -2   13    7   12   12   11   14  -14   16    6   -5   -7    6
    2    1   23    1    3    4    1    1      1521   -7    7   12    3   -8   10    4   11    3   -4   -8  -11    2    5   10    5   12   -1
    2    1   24    4    3    1    2    1      1397   -7    8   15    1   -8   10   16   15    5    1   -5  -13    0    4   11    8   16   -1
    2    1   25    4    3    2    2    1      1743   -3   18   11    5   -5    4    5    8    3   -6   -8   -7    2    5   13    9   12   -3
    2    1   26    1    1    5    1    1       843    1   -6   -2   -9    5   -6    3   -1    4  -13  -15    6  -10   -7   -4    4   -2   22
    2    1   27    1    2    1    1    1      1147  -10   10   -8  -18   -4   14   -6   -1  -10    0    8    0    6   -5   -5  -10   -9   -5
    2    1   28    2    3    0    1    0       974   -8    8   11    4   -9   11    6    9    1   -4  -10   -8    1    6   12    7   13    1
    2    1   29    4    2    3    2    1      1017  -12   10    0  -18   -6   14   -7    0  -11   -2    6   -2    4   -6   -3  -15   -1    4
    2    1   30    2    1    0    1    0       881    0   -5   -4   -8    3   -6    4   -1    5  -13  -14    4  -10   -8   -2    2   -2   12
    2    1   31    4    1    2    1    0       735    1   -6   -6   -6    2   -4    1   -1    4  -13  -16    6  -10   -7   -4    0    4   18
    2    1   32    4    1    5    2    1       819    1   -3   -4   -9    2   -5   -3   -7    6  -14  -12    4   -8   -7   -1    1   -4   11
    2    1   33    1    2    3    1    1      1092  -11   10   -8  -14   -5   17   -3   -3  -13    0    5    0    4   -4   -3  -11  -10   -3
    2    1   34    4    3    3    2    1      3306  -10    9   12    6   -9   12    8   11   -1   -2  -10  -10    3    5    6   -3   11    2
    2    1   35    4    2    1    1    0     13719  -10   13   -8  -15   -4   14   -6   -1  -11    0    8   -2    3   -3   -4  -10  -10   -3
    2    1   36    4    2    2    2    1      3172  -10   10   -8  -14    3   16   -6    1  -12   -1    9   -3    6   -5   -3  -13   -9   -5
    2    1   37    1    3    1    1    1       791   -8    7    7    0   -5   11    7   11    1   -5  -16   -9    9   10   13    6   15    2
    2    1   38    1    1    3    1    1      1609   -9  -14   -2  -11    2   -8    4   -2    8   -9  -16    5  -11  -10   -4   -7    4   16
    2    1   39    2    2    0    1    0       810  -12   11   -7  -15   -5   15   -5   -1  -11   -1    7   -2    5   -5   -4  -11  -10   -4
