    1    1    1    1    1    1    1    1     10305    9   -6  -14   20    5    9   -5    4    6    0  -17    0   -2   -5   -5   -1   11    1
    1    1    2    1    3    1    2    0      1717   12    7   11   -7   -7   -7  -14    4    9   16  -12   20   -2    9  -12   -7    3    5
    1    1    3    1    3    5    2    0       674   14    7    9   -5    0    4  -20    1   14   13   -7   14    8    6  -15   -9    2    2
    1    1    4    1    2    5    3    0      1585    5    2    0    6   -5   -2   11   13    7  -10   23    7   -5  -14    4   -3    4  -13
    1    1    5    1    3    2    2    0      5483   13    8    8   -5    2   -8  -16    5   12   16   -6   13   -1    9  -11   -5    7    0
    1    1    6    1    2    4    1    0      1458   -2    1    1    7   -5   -4   11   11    8  -10   14   12   -4  -16   -6   -9   -1  -21
    1    1    7    1    1    2    3    0      3362    6   -3  -11   11   15   13   -3    4   11    5  -19    7    6  -13   -3   -3   16    1
    1    1    8    1    3    4    1    0      7622   13    7   11   -4   -6   -6  -14    4   11   14  -10   11   -1    9  -12   -7   -3   -1
    1    1    9    1    3    3    2    0      1224   13    7    9   -5   -9   -6   -6    3    9   18   -5   14   -2    9  -20  -13    4    2
    1    1   10    1    2    1    2    1       977    3   -2    2    6   -5    0    4   19    8   -9   17   10   -3   -7  -10   -6   -5   -8
    1    1   11    1    1    5    1    1      1547   10   -4  -12   10   13   14   -3    4    7   -3  -17    6   -1   -2   -4   -2   11    5
    1    1   12    1    1    3    1    1       855    9   -1  -11   13   22   10   -3    6   15  -11  -13    3   -3  -11   -2    1   10    1
    1    1   13    1    1    4    1    1       767    6   -5  -10   11   12   12   -3    7    9   -2  -15    7   -1   -5   -2   -3   16   -1
    1    1   14    1    2    2    2    1      1242    1   -1    1    7   -7   -2    9   15   11   -9   13   11   -9  -23   -5   -7    4  -16
    1    1   15    1    2    3    2    1       770   -2   -5    2    5   -7   -2    9   14   10   -8   15   12   -2  -16   -6   -8    2  -15
    1    2    1    1    1    5    3    0      1125   10   -4  -12   10   13   14   -3    4    7   -3  -17    6   -1   -2   -4   -2   11    5
    1    2    2    1    3    2    3    1       754   13    8    8   -5    2   -8  -16    5   12   16   -6   13   -1    9  -11   -5    7    0
    1    2    3    1    3    1    3    1       814   12    7   11   -7   -7   -7  -14    4    9   16  -12   20   -2    9  -12   -7    3    5
    1    2    4    1    1    1    1    1      2391    9   -6  -14   20    5    9   -5    4    6    0  -17    0   -2   -5   -5   -1   11    1
    1    2    5    1    2    4    2    1      3633   -2    1    1    7   -5   -4   11   11    8  -10   14   12   -4  -16   -6   -9   -1  -21
    1    2    6    1    1    3    3    0       658    9   -1  -11   13   22   10   -3    6   15  -11  -13    3   -3  -11   -2    1   10    1
    1    2    7    1    2    1    3    0       713    3   -2    2    6   -5    0    4   19    8   -9   17   10   -3   -7  -10   -6   -5   -8
    1    2    8    1    1    2    3    0      1479    6   -3  -11   11   15   13   -3    4   11    5  -19    7    6  -13   -3   -3   16    1
    1    2    9    1    3    5    2    0       790   14    7    9   -5    0    4  -20    1   14   13   -7   14    8    6  -15   -9    2    2
    1    2   10    1    2    5    1    0       840    5    2    0    6   -5   -2   11   13    7  -10   23    7   -5  -14    4   -3    4  -13
    1    2   11    1    3    4    1    0       552   13    7   11   -4   -6   -6  -14    4   11   14  -10   11   -1    9  -12   -7   -3   -1
    1    2   12    1    2    2    3    0      1260    1   -1    1    7   -7   -2    9   15   11   -9   13   11   -9  -23   -5   -7    4  -16
    1    2   13    1    2    3    2    1       588   -2   -5    2    5   -7   -2    9   14   10   -8   15   12   -2  -16   -6   -8    2  -15
    1    2   14    1    1    4    1    1       750    6   -5  -10   11   12   12   -3    7    9   -2  -15    7   -1   -5   -2   -3   16   -1
    1    2   15    1    3    3    3    1      1018   13    7    9   -5   -9   -6   -6    3    9   18   -5   14   -2    9  -20  -13    4    2
    1    3    1    1    2    3    2    1       699   -2   -5    2    5   -7   -2    9   14   10   -8   15   12   -2  -16   -6   -8    2  -15
    1    3    2    1    1    3    3    0       824    9   -1  -11   13   22   10   -3    6   15  -11  -13    3   -3  -11   -2    1   10    1
    1    3    3    1    2    4    3    0      1217   -2    1    1    7   -5   -4   11   11    8  -10   14   12   -4  -16   -6   -9   -1  -21
    1    3    4    1    1    2    2    0      1466    6   -3  -11   11   15   13   -3    4   11    5  -19    7    6  -13   -3   -3   16    1
    1    3    5    1    1    5    2    0      1465   10   -4  -12   10   13   14   -3    4    7   -3  -17    6   -1   -2   -4   -2   11    5
    1    3    6    1    2    5    1    0       640    5    2    0    6   -5   -2   11   13    7  -10   23    7   -5  -14    4   -3    4  -13
    1    3    7    1    3    1    3    1      1384   12    7   11   -7   -7   -7  -14    4    9   16  -12   20   -2    9  -12   -7    3    5
    1    3    8    1    1    1    2    0      3067    9   -6  -14   20    5    9   -5    4    6    0  -17    0   -2   -5   -5   -1   11    1
    1    3    9    1    2    1    2    1      1322    3   -2    2    6   -5    0    4   19    8   -9   17   10   -3   -7  -10   -6   -5   -8
    1    3   10    1    2    2    1    0      1183    1   -1    1    7   -7   -2    9   15   11   -9   13   11   -9  -23   -5   -7    4  -16
    1    3   11    1    1    4    1    1       810    6   -5  -10   11   12   12   -3    7    9   -2  -15    7   -1   -5   -2   -3   16   -1
    1    3   12    1    3    5    2    0       443   14    7    9   -5    0    4  -20    1   14   13   -7   14    8    6  -15   -9    2    2
    1    3   13    1    3    3    3    1       675   13    7    9   -5   -9   -6   -6    3    9   18   -5   14   -2    9  -20  -13    4    2
    1    3   14    1    3    2    3    1       610   13    8    8   -5    2   -8  -16    5   12   16   -6   13   -1    9  -11   -5    7    0
    1    3   15    1    3    4    3    1       612   13    7   11   -4   -6   -6  -14    4   11   14  -10   11   -1    9  -12   -7   -3   -1
    1    4    1    1    2    5    1    0      2990    5    2    0    6   -5   -2   11   13    7  -10   23    7   -5  -14    4   -3    4  -13
    1    4    2    1    3    3    1    0      1208   13    7    9   -5   -9   -6   -6    3    9   18   -5   14   -2    9  -20  -13    4    2
    1    4    3    1    1    4    2    0       690    6   -5  -10   11   12   12   -3    7    9   -2  -15    7   -1   -5   -2   -3   16   -1
    1    4    4    1    3    1    1    0      1352   12    7   11   -7   -7   -7  -14    4    9   16  -12   20   -2    9  -12   -7    3    5
    1    4    5    1    2    1    2    1       972    3   -2    2    6   -5    0    4   19    8   -9   17   10   -3   -7  -10   -6   -5   -8
    1    4    6    1    2    3    3    0       647   -2   -5    2    5   -7   -2    9   14   10   -8   15   12   -2  -16   -6   -8    2  -15
    1    4    7    1    1    5    2    0       615   10   -4  -12   10   13   14   -3    4    7   -3  -17    6   -1   -2   -4   -2   11    5
    1    4    8    1    1    2    3    0       895    6   -3  -11   11   15   13   -3    4   11    5  -19    7    6  -13   -3   -3   16    1
    1    4    9    1    2    4    1    0      1038   -2    1    1    7   -5   -4   11   11    8  -10   14   12   -4  -16   -6   -9   -1  -21
    1    4   10    1    3    5    3    1      2894   14    7    9   -5    0    4  -20    1   14   13   -7   14    8    6  -15   -9    2    2
    1    4   11    1    3    2    2    0       909   13    8    8   -5    2   -8  -16    5   12   16   -6   13   -1    9  -11   -5    7    0
    1    4   12    1    3    4    3    1       395   13    7   11   -4   -6   -6  -14    4   11   14  -10   11   -1    9  -12   -7   -3   -1
    1    4   13    1    1    3    1    1      1141    9   -1  -11   13   22   10   -3    6   15  -11  -13    3   -3  -11   -2    1   10    1
    1    4   14    1    2    2    1    0      1201    1   -1    1    7   -7   -2    9   15   11   -9   13   11   -9  -23   -5   -7    4  -16
    1    4   15    1    1    1    2    0      4819    9   -6  -14   20    5    9   -5    4    6    0  -17    0   -2   -5   -5   -1   11    1
    1    5    1    1    3    4    3    1       980   13    7   11   -4   -6   -6  -14    4   11   14  -10   11   -1    9  -12   -7   -3   -1
    1    5    2    1    2    2    3    0       839    1   -1    1    7   -7   -2    9   15   11   -9   13   11   -9  -23   -5   -7    4  -16
    1    5    3    1    3    1    3    1       783   12    7   11   -7   -7   -7  -14    4    9   16  -12   20   -2    9  -12   -7    3    5
    1    5    4    1    2    5    2    1       617    5    2    0    6   -5   -2   11   13    7  -10   23    7   -5  -14    4   -3    4  -13
    1    5    5    1    2    1    1    0       610    3   -2    2    6   -5    0    4   19    8   -9   17   10   -3   -7  -10   -6   -5   -8
    1    5    6    1    3    5    3    1       820   14    7    9   -5    0    4  -20    1   14   13   -7   14    8    6  -15   -9    2    2
    1    5    7    1    1    1    1    1       765    9   -6  -14   20    5    9   -5    4    6    0  -17    0   -2   -5   -5   -1   11    1
    1    5    8    1    1    3    3    0       872    9   -1  -11   13   22   10   -3    6   15  -11  -13    3   -3  -11   -2    1   10    1
    1    5    9    1    1    5    1    1       711   10   -4  -12   10   13   14   -3    4    7   -3  -17    6   -1   -2   -4   -2   11    5
    1    5   10    1    2    3    2    1       876   -2   -5    2    5   -7   -2    9   14   10   -8   15   12   -2  -16   -6   -8    2  -15
    1    5   11    1    1    2    3    0       763    6   -3  -11   11   15   13   -3    4   11    5  -19    7    6  -13   -3   -3   16    1
    1    5   12    1    3    2    3    1       742   13    8    8   -5    2   -8  -16    5   12   16   -6   13   -1    9  -11   -5    7    0
    1    5   13    1    2    4    1    0      1106   -2    1    1    7   -5   -4   11   11    8  -10   14   12   -4  -16   -6   -9   -1  -21
    1    5   14    1    1    4    1    1      2048    6   -5  -10   11   12   12   -3    7    9   -2  -15    7   -1   -5   -2   -3   16   -1
    1    5   15    1    3    3    3    1       744   13    7    9   -5   -9   -6   -6    3    9   18   -5   14   -2    9  -20  -13    4    2
    1    6    1    1    1    2    2    0       972    6   -3  -11   11   15   13   -3    4   11    5  -19    7    6  -13   -3   -3   16    1
    1    6    2    1    3    3    3    1       743   13    7    9   -5   -9   -6   -6    3    9   18   -5   14   -2    9  -20  -13    4    2
    1    6    3    1    3    5    2    0       700   14    7    9   -5    0    4  -20    1   14   13   -7   14    8    6  -15   -9    2    2
    1    6    4    1    2    3    1    0       777   -2   -5    2    5   -7   -2    9   14   10   -8   15   12   -2  -16   -6   -8    2  -15
    1    6    5    1    2    5    2    1       860    5    2    0    6   -5   -2   11   13    7  -10   23    7   -5  -14    4   -3    4  -13
    1    6    6    1    1    5    2    0      2260   10   -4  -12   10   13   14   -3    4    7   -3  -17    6   -1   -2   -4   -2   11    5
    1    6    7    1    3    1    3    1       684   12    7   11   -7   -7   -7  -14    4    9   16  -12   20   -2    9  -12   -7    3    5
    1    6    8    1    3    4    3    1       594   13    7   11   -4   -6   -6  -14    4   11   14  -10   11   -1    9  -12   -7   -3   -1
    1    6    9    1    2    4    1    0      1420   -2    1    1    7   -5   -4   11   11    8  -10   14   12   -4  -16   -6   -9   -1  -21
    1    6   10    1    1    1    1    1      1557    9   -6  -14   20    5    9   -5    4    6    0  -17    0   -2   -5   -5   -1   11    1
    1    6   11    1    1    3    2    0      1073    9   -1  -11   13   22   10   -3    6   15  -11  -13    3   -3  -11   -2    1   10    1
    1    6   12    1    1    4    1    1       864    6   -5  -10   11   12   12   -3    7    9   -2  -15    7   -1   -5   -2   -3   16   -1
    1    6   13    1    2    2    1    0      1255    1   -1    1    7   -7   -2    9   15   11   -9   13   11   -9  -23   -5   -7    4  -16
    1    6   14    1    3    2    3    1       703   13    8    8   -5    2   -8  -16    5   12   16   -6   13   -1    9  -11   -5    7    0
    1    6   15    1    2    1    2    1      1309    3   -2    2    6   -5    0    4   19    8   -9   17   10   -3   -7  -10   -6   -5   -8
    1    7    1    1    1    2    1    1       962    6   -3  -11   11   15   13   -3    4   11    5  -19    7    6  -13   -3   -3   16    1
    1    7    2    1    3    4    3    1       662   13    7   11   -4   -6   -6  -14    4   11   14  -10   11   -1    9  -12   -7   -3   -1
    1    7    3    1    1    4    2    0       733    6   -5  -10   11   12   12   -3    7    9   -2  -15    7   -1   -5   -2   -3   16   -1
    1    7    4    1    1    5    2    0      1130   10   -4  -12   10   13   14   -3    4    7   -3  -17    6   -1   -2   -4   -2   11    5
    1    7    5    1    3    1    3    1       566   12    7   11   -7   -7   -7  -14    4    9   16  -12   20   -2    9  -12   -7    3    5
    1    7    6    1    3    3    3    1       930   13    7    9   -5   -9   -6   -6    3    9   18   -5   14   -2    9  -20  -13    4    2
    1    7    7    1    2    5    1    0      1831    5    2    0    6   -5   -2   11   13    7  -10   23    7   -5  -14    4   -3    4  -13
    1    7    8    1    2    3    2    1       719   -2   -5    2    5   -7   -2    9   14   10   -8   15   12   -2  -16   -6   -8    2  -15
    1    7    9    1    1    1    2    0       916    9   -6  -14   20    5    9   -5    4    6    0  -17    0   -2   -5   -5   -1   11    1
    1    7   10    1    3    5    1    0      1281   14    7    9   -5    0    4  -20    1   14   13   -7   14    8    6  -15   -9    2    2
    1    7   11    1    2    2    2    1       871    1   -1    1    7   -7   -2    9   15   11   -9   13   11   -9  -23   -5   -7    4  -16
    1    7   12    1    3    2    3    1       798   13    8    8   -5    2   -8  -16    5   12   16   -6   13   -1    9  -11   -5    7    0
    1    7   13    1    1    3    3    0      1240    9   -1  -11   13   22   10   -3    6   15  -11  -13    3   -3  -11   -2    1   10    1
    1    7   14    1    2    4    1    0      2520   -2    1    1    7   -5   -4   11   11    8  -10   14   12   -4  -16   -6   -9   -1  -21
    1    7   15    1    2    1    2    1       974    3   -2    2    6   -5    0    4   19    8   -9   17   10   -3   -7  -10   -6   -5   -8
    1    8    1    1    2    4    2    1       665   -2    1    1    7   -5   -4   11   11    8  -10   14   12   -4  -16   -6   -9   -1  -21
    1    8    2    1    3    5    1    0      1007   14    7    9   -5    0    4  -20    1   14   13   -7   14    8    6  -15   -9    2    2
    1    8    3    1    3    4    3    1       537   13    7   11   -4   -6   -6  -14    4   11   14  -10   11   -1    9  -12   -7   -3   -1
    1    8    4    1    2    3    2    1      2062   -2   -5    2    5   -7   -2    9   14   10   -8   15   12   -2  -16   -6   -8    2  -15
    1    8    5    1    3    1    3    1       677   12    7   11   -7   -7   -7  -14    4    9   16  -12   20   -2    9  -12   -7    3    5
    1    8    6    1    2    5    2    1      1116    5    2    0    6   -5   -2   11   13    7  -10   23    7   -5  -14    4   -3    4  -13
    1    8    7    1    1    5    1    1      1617   10   -4  -12   10   13   14   -3    4    7   -3  -17    6   -1   -2   -4   -2   11    5
    1    8    8    1    2    2    2    1       531    1   -1    1    7   -7   -2    9   15   11   -9   13   11   -9  -23   -5   -7    4  -16
    1    8    9    1    1    2    1    1       799    6   -3  -11   11   15   13   -3    4   11    5  -19    7    6  -13   -3   -3   16    1
    1    8   10    1    2    1    2    1      1440    3   -2    2    6   -5    0    4   19    8   -9   17   10   -3   -7  -10   -6   -5   -8
    1    8   11    1    3    3    3    1       785   13    7    9   -5   -9   -6   -6    3    9   18   -5   14   -2    9  -20  -13    4    2
    1    8   12    1    1    4    1    1      1275    6   -5  -10   11   12   12   -3    7    9   -2  -15    7   -1   -5   -2   -3   16   -1
    1    8   13    1    3    2    3    1       762   13    8    8   -5    2   -8  -16    5   12   16   -6   13   -1    9  -11   -5    7    0
    1    8   14    1    1    3    2    0      2214    9   -1  -11   13   22   10   -3    6   15  -11  -13    3   -3  -11   -2    1   10    1
    1    8   15    1    1    1    2    0      1511    9   -6  -14   20    5    9   -5    4    6    0  -17    0   -2   -5   -5   -1   11    1
    1    9    1    1    2    5    1    0       973    5    2    0    6   -5   -2   11   13    7  -10   23    7   -5  -14    4   -3    4  -13
    1    9    2    1    1    4    2    0       920    6   -5  -10   11   12   12   -3    7    9   -2  -15    7   -1   -5   -2   -3   16   -1
    1    9    3    1    3    3    3    1       669   13    7    9   -5   -9   -6   -6    3    9   18   -5   14   -2    9  -20  -13    4    2
    1    9    4    1    2    4    1    0      1196   -2    1    1    7   -5   -4   11   11    8  -10   14   12   -4  -16   -6   -9   -1  -21
    1    9    5    1    2    2    2    1       886    1   -1    1    7   -7   -2    9   15   11   -9   13   11   -9  -23   -5   -7    4  -16
    1    9    6    1    1    3    1    1      1292    9   -1  -11   13   22   10   -3    6   15  -11  -13    3   -3  -11   -2    1   10    1
    1    9    7    1    3    4    3    1       619   13    7   11   -4   -6   -6  -14    4   11   14  -10   11   -1    9  -12   -7   -3   -1
    1    9    8    1    1    1    2    0      1100    9   -6  -14   20    5    9   -5    4    6    0  -17    0   -2   -5   -5   -1   11    1
    1    9    9    1    2    1    1    0       761    3   -2    2    6   -5    0    4   19    8   -9   17   10   -3   -7  -10   -6   -5   -8
    1    9   10    1    3    5    3    1       741   14    7    9   -5    0    4  -20    1   14   13   -7   14    8    6  -15   -9    2    2
    1    9   11    1    2    3    2    1      3521   -2   -5    2    5   -7   -2    9   14   10   -8   15   12   -2  -16   -6   -8    2  -15
    1    9   12    1    1    2    1    1       958    6   -3  -11   11   15   13   -3    4   11    5  -19    7    6  -13   -3   -3   16    1
    1    9   13    1    3    2    3    1       738   13    8    8   -5    2   -8  -16    5   12   16   -6   13   -1    9  -11   -5    7    0
    1    9   14    1    1    5    2    0      1542   10   -4  -12   10   13   14   -3    4    7   -3  -17    6   -1   -2   -4   -2   11    5
    1    9   15    1    3    1    3    1       683   12    7   11   -7   -7   -7  -14    4    9   16  -12   20   -2    9  -12   -7    3    5
    1   10    1    1    3    3    1    0       609   13    7    9   -5   -9   -6   -6    3    9   18   -5   14   -2    9  -20  -13    4    2
    1   10    2    1    3    1    3    1       451   12    7   11   -7   -7   -7  -14    4    9   16  -12   20   -2    9  -12   -7    3    5
    1   10    3    1    1    4    2    0      1018    6   -5  -10   11   12   12   -3    7    9   -2  -15    7   -1   -5   -2   -3   16   -1
    1   10    4    1    2    3    1    0       819   -2   -5    2    5   -7   -2    9   14   10   -8   15   12   -2  -16   -6   -8    2  -15
    1   10    5    1    1    2    2    0       932    6   -3  -11   11   15   13   -3    4   11    5  -19    7    6  -13   -3   -3   16    1
    1   10    6    1    1    5    3    0       608   10   -4  -12   10   13   14   -3    4    7   -3  -17    6   -1   -2   -4   -2   11    5
    1   10    7    1    2    2    2    1       698    1   -1    1    7   -7   -2    9   15   11   -9   13   11   -9  -23   -5   -7    4  -16
    1   10    8    1    3    4    3    1       624   13    7   11   -4   -6   -6  -14    4   11   14  -10   11   -1    9  -12   -7   -3   -1
    1   10    9    1    3    5    1    0       553   14    7    9   -5    0    4  -20    1   14   13   -7   14    8    6  -15   -9    2    2
    1   10   10    1    2    4    2    1      1229   -2    1    1    7   -5   -4   11   11    8  -10   14   12   -4  -16   -6   -9   -1  -21
    1   10   11    1    1    1    2    0      1173    9   -6  -14   20    5    9   -5    4    6    0  -17    0   -2   -5   -5   -1   11    1
    1   10   12    1    1    3    1    1      1176    9   -1  -11   13   22   10   -3    6   15  -11  -13    3   -3  -11   -2    1   10    1
    1   10   13    1    3    2    3    1       627   13    8    8   -5    2   -8  -16    5   12   16   -6   13   -1    9  -11   -5    7    0
    1   10   14    1    2    1    2    1       580    3   -2    2    6   -5    0    4   19    8   -9   17   10   -3   -7  -10   -6   -5   -8
    1   10   15    1    2    5    1    0      1183    5    2    0    6   -5   -2   11   13    7  -10   23    7   -5  -14    4   -3    4  -13
    1   11    1    1    1    5    2    0       737   10   -4  -12   10   13   14   -3    4    7   -3  -17    6   -1   -2   -4   -2   11    5
    1   11    2    1    3    5    3    1      1221   14    7    9   -5    0    4  -20    1   14   13   -7   14    8    6  -15   -9    2    2
    1   11    3    1    2    5    3    0       654    5    2    0    6   -5   -2   11   13    7  -10   23    7   -5  -14    4   -3    4  -13
    1   11    4    1    3    3    3    1      1894   13    7    9   -5   -9   -6   -6    3    9   18   -5   14   -2    9  -20  -13    4    2
    1   11    5    1    1    2    2    0       932    6   -3  -11   11   15   13   -3    4   11    5  -19    7    6  -13   -3   -3   16    1
    1   11    6    1    3    4    3    1       601   13    7   11   -4   -6   -6  -14    4   11   14  -10   11   -1    9  -12   -7   -3   -1
    1   11    7    1    1    1    1    1       755    9   -6  -14   20    5    9   -5    4    6    0  -17    0   -2   -5   -5   -1   11    1
    1   11    8    1    1    3    1    1       974    9   -1  -11   13   22   10   -3    6   15  -11  -13    3   -3  -11   -2    1   10    1
    1   11    9    1    3    2    3    1       633   13    8    8   -5    2   -8  -16    5   12   16   -6   13   -1    9  -11   -5    7    0
    1   11   10    1    2    2    2    1       553    1   -1    1    7   -7   -2    9   15   11   -9   13   11   -9  -23   -5   -7    4  -16
    1   11   11    1    1    4    2    0      1509    6   -5  -10   11   12   12   -3    7    9   -2  -15    7   -1   -5   -2   -3   16   -1
    1   11   12    1    2    4    2    1       643   -2    1    1    7   -5   -4   11   11    8  -10   14   12   -4  -16   -6   -9   -1  -21
    1   11   13    1    2    1    2    1      1163    3   -2    2    6   -5    0    4   19    8   -9   17   10   -3   -7  -10   -6   -5   -8
    1   11   14    1    2    3    1    0       743   -2   -5    2    5   -7   -2    9   14   10   -8   15   12   -2  -16   -6   -8    2  -15
    1   11   15    1    3    1    3    1       715   12    7   11   -7   -7   -7  -14    4    9   16  -12   20   -2    9  -12   -7    3    5
    1   12    1    1    3    1    3    1       704   12    7   11   -7   -7   -7  -14    4    9   16  -12   20   -2    9  -12   -7    3    5
    1   12    2    1    3    3    3    1      1469   13    7    9   -5   -9   -6   -6    3    9   18   -5   14   -2    9  -20  -13    4    2
    1   12    3    1    1    5    1    1      3124   10   -4  -12   10   13   14   -3    4    7   -3  -17    6   -1   -2   -4   -2   11    5
    1   12    4    1    2    5    1    0       962    5    2    0    6   -5   -2   11   13    7  -10   23    7   -5  -14    4   -3    4  -13
    1   12    5    1    3    4    3    1       598   13    7   11   -4   -6   -6  -14    4   11   14  -10   11   -1    9  -12   -7   -3   -1
    1   12    6    1    1    1    2    0      1047    9   -6  -14   20    5    9   -5    4    6    0  -17    0   -2   -5   -5   -1   11    1
    1   12    7    1    1    3    1    1       759    9   -1  -11   13   22   10   -3    6   15  -11  -13    3   -3  -11   -2    1   10    1
    1   12    8    1    2    4    2    1       578   -2    1    1    7   -5   -4   11   11    8  -10   14   12   -4  -16   -6   -9   -1  -21
    1   12    9    1    2    3    2    1       973   -2   -5    2    5   -7   -2    9   14   10   -8   15   12   -2  -16   -6   -8    2  -15
    1   12   10    1    1    2    1    1       864    6   -3  -11   11   15   13   -3    4   11    5  -19    7    6  -13   -3   -3   16    1
    1   12   11    1    3    2    3    1       743   13    8    8   -5    2   -8  -16    5   12   16   -6   13   -1    9  -11   -5    7    0
    1   12   12    1    2    2    1    0      1476    1   -1    1    7   -7   -2    9   15   11   -9   13   11   -9  -23   -5   -7    4  -16
    1   12   13    1    2    1    2    1       635    3   -2    2    6   -5    0    4   19    8   -9   17   10   -3   -7  -10   -6   -5   -8
    1   12   14    1    3    5    2    0      1195   14    7    9   -5    0    4  -20    1   14   13   -7   14    8    6  -15   -9    2    2
    1   12   15    1    1    4    1    1      1533    6   -5  -10   11   12   12   -3    7    9   -2  -15    7   -1   -5   -2   -3   16   -1
    1   13    1    1    1    3    1    1       786    9   -1  -11   13   22   10   -3    6   15  -11  -13    3   -3  -11   -2    1   10    1
    1   13    2    1    3    5    3    1      3452   14    7    9   -5    0    4  -20    1   14   13   -7   14    8    6  -15   -9    2    2
    1   13    3    1    1    2    1    1       852    6   -3  -11   11   15   13   -3    4   11    5  -19    7    6  -13   -3   -3   16    1
    1   13    4    1    3    3    3    1       964   13    7    9   -5   -9   -6   -6    3    9   18   -5   14   -2    9  -20  -13    4    2
    1   13    5    1    2    4    2    1       527   -2    1    1    7   -5   -4   11   11    8  -10   14   12   -4  -16   -6   -9   -1  -21
    1   13    6    1    1    1    1    1      1011    9   -6  -14   20    5    9   -5    4    6    0  -17    0   -2   -5   -5   -1   11    1
    1   13    7    1    3    1    3    1       757   12    7   11   -7   -7   -7  -14    4    9   16  -12   20   -2    9  -12   -7    3    5
    1   13    8    1    2    2    1    0      1361    1   -1    1    7   -7   -2    9   15   11   -9   13   11   -9  -23   -5   -7    4  -16
    1   13    9    1    2    3    2    1       773   -2   -5    2    5   -7   -2    9   14   10   -8   15   12   -2  -16   -6   -8    2  -15
    1   13   10    1    2    1    2    1       560    3   -2    2    6   -5    0    4   19    8   -9   17   10   -3   -7  -10   -6   -5   -8
    1   13   11    1    1    5    2    0      1571   10   -4  -12   10   13   14   -3    4    7   -3  -17    6   -1   -2   -4   -2   11    5
    1   13   12    1    1    4    1    1       630    6   -5  -10   11   12   12   -3    7    9   -2  -15    7   -1   -5   -2   -3   16   -1
    1   13   13    1    2    5    2    1      1135    5    2    0    6   -5   -2   11   13    7  -10   23    7   -5  -14    4   -3    4  -13
    1   13   14    1    3    2    3    1       491   13    8    8   -5    2   -8  -16    5   12   16   -6   13   -1    9  -11   -5    7    0
    1   13   15    1    3    4    3    1       529   13    7   11   -4   -6   -6  -14    4   11   14  -10   11   -1    9  -12   -7   -3   -1
    1   14    1    1    1    1    1    1       790    9   -6  -14   20    5    9   -5    4    6    0  -17    0   -2   -5   -5   -1   11    1
    1   14    2    1    3    2    3    1       680   13    8    8   -5    2   -8  -16    5   12   16   -6   13   -1    9  -11   -5    7    0
    1   14    3    1    1    5    1    1       879   10   -4  -12   10   13   14   -3    4    7   -3  -17    6   -1   -2   -4   -2   11    5
    1   14    4    1    2    3    2    1      1253   -2   -5    2    5   -7   -2    9   14   10   -8   15   12   -2  -16   -6   -8    2  -15
    1   14    5    1    2    5    2    1      1941    5    2    0    6   -5   -2   11   13    7  -10   23    7   -5  -14    4   -3    4  -13
    1   14    6    1    1    2    1    1      1122    6   -3  -11   11   15   13   -3    4   11    5  -19    7    6  -13   -3   -3   16    1
    1   14    7    1    3    3    3    1       791   13    7    9   -5   -9   -6   -6    3    9   18   -5   14   -2    9  -20  -13    4    2
    1   14    8    1    3    5    3    1      1041   14    7    9   -5    0    4  -20    1   14   13   -7   14    8    6  -15   -9    2    2
    1   14    9    1    1    4    1    1      2241    6   -5  -10   11   12   12   -3    7    9   -2  -15    7   -1   -5   -2   -3   16   -1
    1   14   10    1    2    4    2    1       666   -2    1    1    7   -5   -4   11   11    8  -10   14   12   -4  -16   -6   -9   -1  -21
    1   14   11    1    1    3    1    1      1481    9   -1  -11   13   22   10   -3    6   15  -11  -13    3   -3  -11   -2    1   10    1
    1   14   12    1    2    1    2    1      1039    3   -2    2    6   -5    0    4   19    8   -9   17   10   -3   -7  -10   -6   -5   -8
    1   14   13    1    3    1    3    1       736   12    7   11   -7   -7   -7  -14    4    9   16  -12   20   -2    9  -12   -7    3    5
    1   14   14    1    2    2    1    0      1132    1   -1    1    7   -7   -2    9   15   11   -9   13   11   -9  -23   -5   -7    4  -16
    1   14   15    1    3    4    3    1      1032   13    7   11   -4   -6   -6  -14    4   11   14  -10   11   -1    9  -12   -7   -3   -1
    1   15    1    1    2    5    2    1       529    5    2    0    6   -5   -2   11   13    7  -10   23    7   -5  -14    4   -3    4  -13
    1   15    2    1    2    3    2    1       734   -2   -5    2    5   -7   -2    9   14   10   -8   15   12   -2  -16   -6   -8    2  -15
    1   15    3    1    3    4    3    1       882   13    7   11   -4   -6   -6  -14    4   11   14  -10   11   -1    9  -12   -7   -3   -1
    1   15    4    1    2    2    2    1       608    1   -1    1    7   -7   -2    9   15   11   -9   13   11   -9  -23   -5   -7    4  -16
    1   15    5    1    3    5    3    1      1706   14    7    9   -5    0    4  -20    1   14   13   -7   14    8    6  -15   -9    2    2
    1   15    6    1    1    3    1    1       776    9   -1  -11   13   22   10   -3    6   15  -11  -13    3   -3  -11   -2    1   10    1
    1   15    7    1    2    1    2    1       682    3   -2    2    6   -5    0    4   19    8   -9   17   10   -3   -7  -10   -6   -5   -8
    1   15    8    1    1    5    2    0      1081   10   -4  -12   10   13   14   -3    4    7   -3  -17    6   -1   -2   -4   -2   11    5
    1   15    9    1    3    1    3    1       919   12    7   11   -7   -7   -7  -14    4    9   16  -12   20   -2    9  -12   -7    3    5
    1   15   10    1    1    4    1    1      3852    6   -5  -10   11   12   12   -3    7    9   -2  -15    7   -1   -5   -2   -3   16   -1
    1   15   11    1    1    2    1    1      4684    6   -3  -11   11   15   13   -3    4   11    5  -19    7    6  -13   -3   -3   16    1
    1   15   12    1    2    4    2    1       835   -2    1    1    7   -5   -4   11   11    8  -10   14   12   -4  -16   -6   -9   -1  -21
    1   15   13    1    1    1    1    1      1059    9   -6  -14   20    5    9   -5    4    6    0  -17    0   -2   -5   -5   -1   11    1
    1   15   14    1    3    2    3    1       715   13    8    8   -5    2   -8  -16    5   12   16   -6   13   -1    9  -11   -5    7    0
    1   15   15    1    3    3    3    1      1928   13    7    9   -5   -9   -6   -6    3    9   18   -5   14   -2    9  -20  -13    4    2
    2    1    1    4    3    2    1    0      2732   13    9   11   -7   -8   -4  -15    6   12   15   -5   13   -2    9  -22   -6    4    4
    2    1    2    1    1    4    1    1      6544    6   -5  -10   11   12   12   -3    7    9   -2  -15    7   -1   -5   -2   -3   16   -1
    2    1    3    1    2    3    1    1      2558   -2   -5    2    5   -7   -2    9   14   10   -8   15   12   -2  -16   -6   -8    2  -15
    2    1    4    4    2    2    2    1       873   -1   -1   -2    4   -7   -2    8   15    2    0   14   11  -11  -20   -6   -7    4  -15
    2    1    5    1    3    2    2    0      1632   13    8    8   -5    2   -8  -16    5   12   16   -6   13   -1    9  -11   -5    7    0
    2    1    6    4    2    5    2    1      1705    0    0    4    3   -6   -1    5   11    9   -6   14   12   -6  -16   -5   -7    4  -16
    2    1    7    1    2    4    1    1      2319   -2    1    1    7   -5   -4   11   11    8  -10   14   12   -4  -16   -6   -9   -1  -21
    2    1    8    4    1    1    2    1      1508   11    0  -13   14   17   13   -2    7    8   -3  -13    3   -9   -9   -2    1   11    4
    2    1    9    6    0    0    2    1      1090   -3  -12    6    6   10   -6   -5    3  -16   -7   -4  -15   17   -1   14    8   -3    8
    2    1   10    6    0    0    2    1      1088  -15   -9    3    5   16   -6   -8    7  -13   15  -16  -13    8   -2   13    4   -2   -4
    2    1   11    4    3    4    1    0      1366   13    8    8   -6   -6   -7  -11    4   10   18   -5   13    5    6  -12   -7    2    5
    2    1   12    1    1    1    1    1      2985    9   -6  -14   20    5    9   -5    4    6    0  -17    0   -2   -5   -5   -1   11    1
    2    1   13    6    0    0    2    1       948   -3   -8    7    7    8   -5   -2    1  -15   -4   -3  -13   13   -2   19    5   -2   -2
    2    1   14    4    2    4    2    1      1135   -1   -1    0    5   -4   -3   10   12   14  -10   14   11   -9  -11   -3   -9    5  -13
    2    1   15    1    1    2    1    1      1452    6   -3  -11   11   15   13   -3    4   11    5  -19    7    6  -13   -3   -3   16    1
    2    1   16    4    1    4    1    0      1635    7   -3   -9   10   13   13   -2    7    6   -1  -15    6  -10   -5   -1   -1   10   -2
    2    1   17    4    2    3    1    0      4804   -1   -1    2    6   -1    6   11   12    6   -8   16   10   -2  -15   -7   -7    3  -14
    2    1   18    4    2    1    1    0      1694    1   -2    1    5   -7   -2    2   22    8  -11   19    6   -3  -20   -1  -13    9  -23
    2    1   19    1    2    5    2    0      3221    5    2    0    6   -5   -2   11   13    7  -10   23    7   -5  -14    4   -3    4  -13
    2    1   20    1    1    5    2    0      1270   10   -4  -12   10   13   14   -3    4    7   -3  -17    6   -1   -2   -4   -2   11    5
    2    1   21    2    2    0    2    1      2805    0   -1    1    6   -6   -2   10   13    9   -9   15   11   -4  -15   -5   -8    4  -14
    2    1   22    6    0    0    2    1       943  -15  -10    5    4   12  -13   -9    0  -14   13   -7  -10    5   -4   11    5    0   -5
    2    1   23    4    3    1    1    0       843   13    8   10   -5    0    1  -12    5   10   16   -5   10   -1    7   -9  -13    2    4
    2    1   24    1    2    1    1    1      1259    3   -2    2    6   -5    0    4   19    8   -9   17   10   -3   -7  -10   -6   -5   -8
    2    1   25    1    1    3    1    1      2003    9   -1  -11   13   22   10   -3    6   15  -11  -13    3   -3  -11   -2    1   10    1
    2    1   26    4    1    2    2    1       812    9   -6  -12   12   14   10   -3    4    8    0  -19    0   -7   -6   -5   -2   21    2
    2    1   27    2    1    0    2    1      1862    8   -4  -11   12   14   12   -4    5    7   -2  -15    5   -2   -3   -3   -1   11    3
    2    1   28    1    3    5    1    1       910   14    7    9   -5    0    4  -20    1   14   13   -7   14    8    6  -15   -9    2    2
    2    1   29    4    1    5    2    1      1628    4    2  -16   14   13   11   -5    7    8   -2  -15    4   -3   -2   -3    1   12    2
    2    1   30    4    3    3    1    0       693   15   11   12   -7   -3  -10  -19   15   11   15  -10    4   -3    9  -14   -5    2    4
    2    1   31    2    3    0    1    0       787   12    8   10   -6   -7   -6  -14    5   11   16   -6   14   -1    8  -13   -7    3    4
    2    1   32    6    0    0    2    1       846   21   15    8    8  -11    4   -9   -7   -1    7  -16   -4    0   14   -4  -10   -1   -3
    2    1   33    4    1    3    2    1      1542    7   -4  -10   12   12   12   -5    4    9   -2  -14    5   -1   -4  -11    2    9    2
    2    1   34    1    3    1    1    1       714   12    7   11   -7   -7   -7  -14    4    9   16  -12   20   -2    9  -12   -7    3    5
    2    1   35    6    0    0    2    1      1455   17   10    8    8  -11    1  -13   -7    0    7  -13   -3    0   13   -5  -10    0   -6
    2    1   36    1    3    4    1    1       679   13    7   11   -4   -6   -6  -14    4   11   14  -10   11   -1    9  -12   -7   -3   -1
    2    1   37    1    2    2    1    1      1382    1   -1    1    7   -7   -2    9   15   11   -9   13   11   -9  -23   -5   -7    4  -16
    2    1   38    4    3    5    2    1      1272   17   12   18  -16   -8   -5  -13    6   10   15   -7   14    0    6  -15   -9    4    5
    2    1   39    1    3    3    1    1       967   13    7    9   -5   -9   -6   -6    3    9   18   -5   14   -2    9  -20  -13    4    2
