    1    1    1    1    1    5    1    1     35111   11  -11  -11   -4  -18   -3   13    9  -12    5   -9  -12    2    5    8  -13   -6    9
    1    1    2    1    1    3    2    0      2226   10  -13   -1    0   -9   -2   11   10  -13    7   -9  -15    2    5    6   -9   -7    7
    1    1    3    1    1    2    1    1      4699    9   -7   -9    2  -10   -1    7   11  -23    7   -8  -14    5    6    7  -12   -5    6
    1    1    4    1    3    2    3    1      5584   -4    7    3  -14    4  -12   14   -4   10  -12  -14    2  -16    3  -12   15   14    4
    1    1    5    1    3    1    3    1      1970   -1    6    1  -14    2  -11   12    1   13  -17  -23   -3   -9    6  -13   20   12    5
    1    1    6    1    3    5    2    0      1301   -5    1    1  -14    3  -11    4   -1    8  -10   -9    7   -8    9  -12   16   11    6
    1    1    7    1    2    1    2    1      3058   12    2   -7   -9   10   -6    4   -5   -5    7    6    2    5   15   13   15   -2   -4
    1    1    8    1    2    3    2    1      2025   10   -7   -5   -7   19   -5    3   -5   -9    5    4    2    8   10    9   15   -4    3
    1    1    9    1    1    1    1    1      1930   12  -13  -10    2   -9    0   20    0  -13    4   -7   -7    2    7    7  -12   -3    9
    1    1   10    1    2    2    1    0      4814   15   -8   -8  -10    7   -4    1   -6   -9    5    4    1   12    9   13   24   -2    4
    1    1   11    1    3    4    3    1      1774   -3    5    1  -13    6  -11   13   -3    9  -11  -13    2  -12    6  -19   19    2   16
    1    1   12    1    2    4    3    0      1369   15   -8  -13   -4   19   -1    2   -4  -11    5    2    2    7    9   13   16   -4    2
    1    1   13    1    2    5    2    1      6932   15   -6   -5  -10   10   -6    4   -5   -8    7    7   -3   11    8    8   10   -5    4
    1    1   14    1    3    3    2    0      2080   -1    4   -4  -10    0  -20    4   10   11  -12  -14    4  -12    1  -12   15    8    7
    1    1   15    1    1    4    1    1      1469   12   -9  -11    3  -11   -1   11   11   -6   -3  -12  -18    3    7    4  -11   -4    7
    1    2    1    1    3    3    2    0      2756   -1    4   -4  -10    0  -20    4   10   11  -12  -14    4  -12    1  -12   15    8    7
    1    2    2    1    2    1    2    1      1095   12    2   -7   -9   10   -6    4   -5   -5    7    6    2    5   15   13   15   -2   -4
    1    2    3    1    2    4    3    0      2669   15   -8  -13   -4   19   -1    2   -4  -11    5    2    2    7    9   13   16   -4    2
    1    2    4    1    1    5    1    1       964   11  -11  -11   -4  -18   -3   13    9  -12    5   -9  -12    2    5    8  -13   -6    9
    1    2    5    1    3    2    3    1      1150   -4    7    3  -14    4  -12   14   -4   10  -12  -14    2  -16    3  -12   15   14    4
    1    2    6    1    2    5    3    0      3457   15   -6   -5  -10   10   -6    4   -5   -8    7    7   -3   11    8    8   10   -5    4
    1    2    7    1    1    2    1    1       761    9   -7   -9    2  -10   -1    7   11  -23    7   -8  -14    5    6    7  -12   -5    6
    1    2    8    1    1    3    2    0      3148   10  -13   -1    0   -9   -2   11   10  -13    7   -9  -15    2    5    6   -9   -7    7
    1    2    9    1    1    4    1    1      1039   12   -9  -11    3  -11   -1   11   11   -6   -3  -12  -18    3    7    4  -11   -4    7
    1    2   10    1    3    1    3    1      1175   -1    6    1  -14    2  -11   12    1   13  -17  -23   -3   -9    6  -13   20   12    5
    1    2   11    1    1    1    1    1      1802   12  -13  -10    2   -9    0   20    0  -13    4   -7   -7    2    7    7  -12   -3    9
    1    2   12    1    2    2    3    0      2051   15   -8   -8  -10    7   -4    1   -6   -9    5    4    1   12    9   13   24   -2    4
    1    2   13    1    3    4    3    1      1234   -3    5    1  -13    6  -11   13   -3    9  -11  -13    2  -12    6  -19   19    2   16
    1    2   14    1    2    3    3    0       898   10   -7   -5   -7   19   -5    3   -5   -9    5    4    2    8   10    9   15   -4    3
    1    2   15    1    3    5    2    0      1584   -5    1    1  -14    3  -11    4   -1    8  -10   -9    7   -8    9  -12   16   11    6
    1    3    1    1    2    5    2    1      3874   15   -6   -5  -10   10   -6    4   -5   -8    7    7   -3   11    8    8   10   -5    4
    1    3    2    1    3    3    2    0      2360   -1    4   -4  -10    0  -20    4   10   11  -12  -14    4  -12    1  -12   15    8    7
    1    3    3    1    3    1    3    1       908   -1    6    1  -14    2  -11   12    1   13  -17  -23   -3   -9    6  -13   20   12    5
    1    3    4    1    1    5    1    1       841   11  -11  -11   -4  -18   -3   13    9  -12    5   -9  -12    2    5    8  -13   -6    9
    1    3    5    1    2    4    2    1      1321   15   -8  -13   -4   19   -1    2   -4  -11    5    2    2    7    9   13   16   -4    2
    1    3    6    1    2    3    2    1       694   10   -7   -5   -7   19   -5    3   -5   -9    5    4    2    8   10    9   15   -4    3
    1    3    7    1    1    1    1    1      2379   12  -13  -10    2   -9    0   20    0  -13    4   -7   -7    2    7    7  -12   -3    9
    1    3    8    1    3    4    3    1       781   -3    5    1  -13    6  -11   13   -3    9  -11  -13    2  -12    6  -19   19    2   16
    1    3    9    1    1    3    1    1       895   10  -13   -1    0   -9   -2   11   10  -13    7   -9  -15    2    5    6   -9   -7    7
    1    3   10    1    1    4    1    1       701   12   -9  -11    3  -11   -1   11   11   -6   -3  -12  -18    3    7    4  -11   -4    7
    1    3   11    1    1    2    1    1      1651    9   -7   -9    2  -10   -1    7   11  -23    7   -8  -14    5    6    7  -12   -5    6
    1    3   12    1    3    2    3    1       738   -4    7    3  -14    4  -12   14   -4   10  -12  -14    2  -16    3  -12   15   14    4
    1    3   13    1    2    2    2    1      1878   15   -8   -8  -10    7   -4    1   -6   -9    5    4    1   12    9   13   24   -2    4
    1    3   14    1    2    1    2    1       908   12    2   -7   -9   10   -6    4   -5   -5    7    6    2    5   15   13   15   -2   -4
    1    3   15    1    3    5    3    1      1802   -5    1    1  -14    3  -11    4   -1    8  -10   -9    7   -8    9  -12   16   11    6
    1    4    1    1    1    1    1    1       803   12  -13  -10    2   -9    0   20    0  -13    4   -7   -7    2    7    7  -12   -3    9
    1    4    2    1    3    2    3    1       804   -4    7    3  -14    4  -12   14   -4   10  -12  -14    2  -16    3  -12   15   14    4
    1    4    3    1    3    4    3    1       725   -3    5    1  -13    6  -11   13   -3    9  -11  -13    2  -12    6  -19   19    2   16
    1    4    4    1    1    2    1    1       730    9   -7   -9    2  -10   -1    7   11  -23    7   -8  -14    5    6    7  -12   -5    6
    1    4    5    1    3    1    3    1      1102   -1    6    1  -14    2  -11   12    1   13  -17  -23   -3   -9    6  -13   20   12    5
    1    4    6    1    2    4    2    1      1027   15   -8  -13   -4   19   -1    2   -4  -11    5    2    2    7    9   13   16   -4    2
    1    4    7    1    2    3    2    1       524   10   -7   -5   -7   19   -5    3   -5   -9    5    4    2    8   10    9   15   -4    3
    1    4    8    1    3    5    3    1      2793   -5    1    1  -14    3  -11    4   -1    8  -10   -9    7   -8    9  -12   16   11    6
    1    4    9    1    1    3    1    1      1323   10  -13   -1    0   -9   -2   11   10  -13    7   -9  -15    2    5    6   -9   -7    7
    1    4   10    1    2    1    2    1      1015   12    2   -7   -9   10   -6    4   -5   -5    7    6    2    5   15   13   15   -2   -4
    1    4   11    1    1    5    1    1       624   11  -11  -11   -4  -18   -3   13    9  -12    5   -9  -12    2    5    8  -13   -6    9
    1    4   12    1    2    5    2    1      1384   15   -6   -5  -10   10   -6    4   -5   -8    7    7   -3   11    8    8   10   -5    4
    1    4   13    1    3    3    2    0      1458   -1    4   -4  -10    0  -20    4   10   11  -12  -14    4  -12    1  -12   15    8    7
    1    4   14    1    2    2    2    1      2554   15   -8   -8  -10    7   -4    1   -6   -9    5    4    1   12    9   13   24   -2    4
    1    4   15    1    1    4    1    1       597   12   -9  -11    3  -11   -1   11   11   -6   -3  -12  -18    3    7    4  -11   -4    7
    1    5    1    1    2    4    2    1      1854   15   -8  -13   -4   19   -1    2   -4  -11    5    2    2    7    9   13   16   -4    2
    1    5    2    1    2    5    2    1      1749   15   -6   -5  -10   10   -6    4   -5   -8    7    7   -3   11    8    8   10   -5    4
    1    5    3    1    3    4    3    1       801   -3    5    1  -13    6  -11   13   -3    9  -11  -13    2  -12    6  -19   19    2   16
    1    5    4    1    3    1    3    1      1298   -1    6    1  -14    2  -11   12    1   13  -17  -23   -3   -9    6  -13   20   12    5
    1    5    5    1    2    1    2    1       863   12    2   -7   -9   10   -6    4   -5   -5    7    6    2    5   15   13   15   -2   -4
    1    5    6    1    2    2    2    1      1038   15   -8   -8  -10    7   -4    1   -6   -9    5    4    1   12    9   13   24   -2    4
    1    5    7    1    1    5    1    1       598   11  -11  -11   -4  -18   -3   13    9  -12    5   -9  -12    2    5    8  -13   -6    9
    1    5    8    1    1    1    1    1       575   12  -13  -10    2   -9    0   20    0  -13    4   -7   -7    2    7    7  -12   -3    9
    1    5    9    1    3    2    3    1       714   -4    7    3  -14    4  -12   14   -4   10  -12  -14    2  -16    3  -12   15   14    4
    1    5   10    1    1    3    1    1      1566   10  -13   -1    0   -9   -2   11   10  -13    7   -9  -15    2    5    6   -9   -7    7
    1    5   11    1    1    4    1    1       609   12   -9  -11    3  -11   -1   11   11   -6   -3  -12  -18    3    7    4  -11   -4    7
    1    5   12    1    3    3    2    0       954   -1    4   -4  -10    0  -20    4   10   11  -12  -14    4  -12    1  -12   15    8    7
    1    5   13    1    3    5    2    0      1350   -5    1    1  -14    3  -11    4   -1    8  -10   -9    7   -8    9  -12   16   11    6
    1    5   14    1    1    2    1    1       689    9   -7   -9    2  -10   -1    7   11  -23    7   -8  -14    5    6    7  -12   -5    6
    1    5   15    1    2    3    3    0      1911   10   -7   -5   -7   19   -5    3   -5   -9    5    4    2    8   10    9   15   -4    3
    1    6    1    1    3    5    3    1      1644   -5    1    1  -14    3  -11    4   -1    8  -10   -9    7   -8    9  -12   16   11    6
    1    6    2    1    2    5    2    1      1564   15   -6   -5  -10   10   -6    4   -5   -8    7    7   -3   11    8    8   10   -5    4
    1    6    3    1    3    3    2    0      2223   -1    4   -4  -10    0  -20    4   10   11  -12  -14    4  -12    1  -12   15    8    7
    1    6    4    1    2    2    2    1      1239   15   -8   -8  -10    7   -4    1   -6   -9    5    4    1   12    9   13   24   -2    4
    1    6    5    1    1    5    1    1       583   11  -11  -11   -4  -18   -3   13    9  -12    5   -9  -12    2    5    8  -13   -6    9
    1    6    6    1    1    2    1    1       609    9   -7   -9    2  -10   -1    7   11  -23    7   -8  -14    5    6    7  -12   -5    6
    1    6    7    1    3    4    3    1      1290   -3    5    1  -13    6  -11   13   -3    9  -11  -13    2  -12    6  -19   19    2   16
    1    6    8    1    1    3    1    1      2504   10  -13   -1    0   -9   -2   11   10  -13    7   -9  -15    2    5    6   -9   -7    7
    1    6    9    1    2    3    2    1      3830   10   -7   -5   -7   19   -5    3   -5   -9    5    4    2    8   10    9   15   -4    3
    1    6   10    1    2    4    2    1       910   15   -8  -13   -4   19   -1    2   -4  -11    5    2    2    7    9   13   16   -4    2
    1    6   11    1    1    1    1    1       571   12  -13  -10    2   -9    0   20    0  -13    4   -7   -7    2    7    7  -12   -3    9
    1    6   12    1    3    1    3    1      3140   -1    6    1  -14    2  -11   12    1   13  -17  -23   -3   -9    6  -13   20   12    5
    1    6   13    1    1    4    1    1       954   12   -9  -11    3  -11   -1   11   11   -6   -3  -12  -18    3    7    4  -11   -4    7
    1    6   14    1    3    2    3    1       709   -4    7    3  -14    4  -12   14   -4   10  -12  -14    2  -16    3  -12   15   14    4
    1    6   15    1    2    1    2    1       842   12    2   -7   -9   10   -6    4   -5   -5    7    6    2    5   15   13   15   -2   -4
    1    7    1    1    2    4    2    1       970   15   -8  -13   -4   19   -1    2   -4  -11    5    2    2    7    9   13   16   -4    2
    1    7    2    1    1    5    1    1      2677   11  -11  -11   -4  -18   -3   13    9  -12    5   -9  -12    2    5    8  -13   -6    9
    1    7    3    1    3    1    3    1       651   -1    6    1  -14    2  -11   12    1   13  -17  -23   -3   -9    6  -13   20   12    5
    1    7    4    1    1    3    1    1       723   10  -13   -1    0   -9   -2   11   10  -13    7   -9  -15    2    5    6   -9   -7    7
    1    7    5    1    3    5    2    0      1431   -5    1    1  -14    3  -11    4   -1    8  -10   -9    7   -8    9  -12   16   11    6
    1    7    6    1    3    4    3    1       671   -3    5    1  -13    6  -11   13   -3    9  -11  -13    2  -12    6  -19   19    2   16
    1    7    7    1    2    1    2    1       918   12    2   -7   -9   10   -6    4   -5   -5    7    6    2    5   15   13   15   -2   -4
    1    7    8    1    1    1    1    1       658   12  -13  -10    2   -9    0   20    0  -13    4   -7   -7    2    7    7  -12   -3    9
    1    7    9    1    2    3    2    1      1082   10   -7   -5   -7   19   -5    3   -5   -9    5    4    2    8   10    9   15   -4    3
    1    7   10    1    2    2    2    1      1120   15   -8   -8  -10    7   -4    1   -6   -9    5    4    1   12    9   13   24   -2    4
    1    7   11    1    1    2    1    1       852    9   -7   -9    2  -10   -1    7   11  -23    7   -8  -14    5    6    7  -12   -5    6
    1    7   12    1    3    2    3    1       948   -4    7    3  -14    4  -12   14   -4   10  -12  -14    2  -16    3  -12   15   14    4
    1    7   13    1    1    4    1    1       703   12   -9  -11    3  -11   -1   11   11   -6   -3  -12  -18    3    7    4  -11   -4    7
    1    7   14    1    3    3    3    1      1604   -1    4   -4  -10    0  -20    4   10   11  -12  -14    4  -12    1  -12   15    8    7
    1    7   15    1    2    5    2    1      1222   15   -6   -5  -10   10   -6    4   -5   -8    7    7   -3   11    8    8   10   -5    4
    1    8    1    1    3    2    3    1      1078   -4    7    3  -14    4  -12   14   -4   10  -12  -14    2  -16    3  -12   15   14    4
    1    8    2    1    1    4    1    1       621   12   -9  -11    3  -11   -1   11   11   -6   -3  -12  -18    3    7    4  -11   -4    7
    1    8    3    1    3    3    3    1      2533   -1    4   -4  -10    0  -20    4   10   11  -12  -14    4  -12    1  -12   15    8    7
    1    8    4    1    3    4    2    0       593   -3    5    1  -13    6  -11   13   -3    9  -11  -13    2  -12    6  -19   19    2   16
    1    8    5    1    2    1    2    1      1115   12    2   -7   -9   10   -6    4   -5   -5    7    6    2    5   15   13   15   -2   -4
    1    8    6    1    2    2    3    0      2032   15   -8   -8  -10    7   -4    1   -6   -9    5    4    1   12    9   13   24   -2    4
    1    8    7    1    2    5    2    1      1152   15   -6   -5  -10   10   -6    4   -5   -8    7    7   -3   11    8    8   10   -5    4
    1    8    8    1    2    3    2    1      1091   10   -7   -5   -7   19   -5    3   -5   -9    5    4    2    8   10    9   15   -4    3
    1    8    9    1    2    4    3    0       953   15   -8  -13   -4   19   -1    2   -4  -11    5    2    2    7    9   13   16   -4    2
    1    8   10    1    1    2    1    1       692    9   -7   -9    2  -10   -1    7   11  -23    7   -8  -14    5    6    7  -12   -5    6
    1    8   11    1    1    1    1    1      1066   12  -13  -10    2   -9    0   20    0  -13    4   -7   -7    2    7    7  -12   -3    9
    1    8   12    1    3    1    3    1       721   -1    6    1  -14    2  -11   12    1   13  -17  -23   -3   -9    6  -13   20   12    5
    1    8   13    1    1    3    1    1      1125   10  -13   -1    0   -9   -2   11   10  -13    7   -9  -15    2    5    6   -9   -7    7
    1    8   14    1    3    5    3    1      1722   -5    1    1  -14    3  -11    4   -1    8  -10   -9    7   -8    9  -12   16   11    6
    1    8   15    1    1    5    1    1       999   11  -11  -11   -4  -18   -3   13    9  -12    5   -9  -12    2    5    8  -13   -6    9
    1    9    1    1    2    3    2    1      1168   10   -7   -5   -7   19   -5    3   -5   -9    5    4    2    8   10    9   15   -4    3
    1    9    2    1    3    4    3    1       707   -3    5    1  -13    6  -11   13   -3    9  -11  -13    2  -12    6  -19   19    2   16
    1    9    3    1    3    2    3    1       568   -4    7    3  -14    4  -12   14   -4   10  -12  -14    2  -16    3  -12   15   14    4
    1    9    4    1    1    3    1    1       674   10  -13   -1    0   -9   -2   11   10  -13    7   -9  -15    2    5    6   -9   -7    7
    1    9    5    1    2    2    2    1      3641   15   -8   -8  -10    7   -4    1   -6   -9    5    4    1   12    9   13   24   -2    4
    1    9    6    1    1    4    1    1       585   12   -9  -11    3  -11   -1   11   11   -6   -3  -12  -18    3    7    4  -11   -4    7
    1    9    7    1    1    5    1    1       883   11  -11  -11   -4  -18   -3   13    9  -12    5   -9  -12    2    5    8  -13   -6    9
    1    9    8    1    3    1    3    1       705   -1    6    1  -14    2  -11   12    1   13  -17  -23   -3   -9    6  -13   20   12    5
    1    9    9    1    3    5    3    1      2182   -5    1    1  -14    3  -11    4   -1    8  -10   -9    7   -8    9  -12   16   11    6
    1    9   10    1    2    5    2    1      1312   15   -6   -5  -10   10   -6    4   -5   -8    7    7   -3   11    8    8   10   -5    4
    1    9   11    1    2    1    2    1      1037   12    2   -7   -9   10   -6    4   -5   -5    7    6    2    5   15   13   15   -2   -4
    1    9   12    1    1    1    1    1      1157   12  -13  -10    2   -9    0   20    0  -13    4   -7   -7    2    7    7  -12   -3    9
    1    9   13    1    2    4    2    1      1577   15   -8  -13   -4   19   -1    2   -4  -11    5    2    2    7    9   13   16   -4    2
    1    9   14    1    1    2    1    1       779    9   -7   -9    2  -10   -1    7   11  -23    7   -8  -14    5    6    7  -12   -5    6
    1    9   15    1    3    3    2    0      1325   -1    4   -4  -10    0  -20    4   10   11  -12  -14    4  -12    1  -12   15    8    7
    1   10    1    1    1    1    1    1      1274   12  -13  -10    2   -9    0   20    0  -13    4   -7   -7    2    7    7  -12   -3    9
    1   10    2    1    3    1    3    1      1704   -1    6    1  -14    2  -11   12    1   13  -17  -23   -3   -9    6  -13   20   12    5
    1   10    3    1    2    3    2    1      3173   10   -7   -5   -7   19   -5    3   -5   -9    5    4    2    8   10    9   15   -4    3
    1   10    4    1    1    5    1    1       520   11  -11  -11   -4  -18   -3   13    9  -12    5   -9  -12    2    5    8  -13   -6    9
    1   10    5    1    2    2    2    1      2468   15   -8   -8  -10    7   -4    1   -6   -9    5    4    1   12    9   13   24   -2    4
    1   10    6    1    1    4    1    1       643   12   -9  -11    3  -11   -1   11   11   -6   -3  -12  -18    3    7    4  -11   -4    7
    1   10    7    1    2    1    2    1      1435   12    2   -7   -9   10   -6    4   -5   -5    7    6    2    5   15   13   15   -2   -4
    1   10    8    1    2    4    2    1       611   15   -8  -13   -4   19   -1    2   -4  -11    5    2    2    7    9   13   16   -4    2
    1   10    9    1    3    5    3    1      2428   -5    1    1  -14    3  -11    4   -1    8  -10   -9    7   -8    9  -12   16   11    6
    1   10   10    1    2    5    2    1      1741   15   -6   -5  -10   10   -6    4   -5   -8    7    7   -3   11    8    8   10   -5    4
    1   10   11    1    3    2    3    1       681   -4    7    3  -14    4  -12   14   -4   10  -12  -14    2  -16    3  -12   15   14    4
    1   10   12    1    1    3    1    1      1007   10  -13   -1    0   -9   -2   11   10  -13    7   -9  -15    2    5    6   -9   -7    7
    1   10   13    1    1    2    1    1       888    9   -7   -9    2  -10   -1    7   11  -23    7   -8  -14    5    6    7  -12   -5    6
    1   10   14    1    3    3    2    0      1574   -1    4   -4  -10    0  -20    4   10   11  -12  -14    4  -12    1  -12   15    8    7
    1   10   15    1    3    4    3    1       712   -3    5    1  -13    6  -11   13   -3    9  -11  -13    2  -12    6  -19   19    2   16
    1   11    1    1    3    5    2    0      2814   -5    1    1  -14    3  -11    4   -1    8  -10   -9    7   -8    9  -12   16   11    6
    1   11    2    1    1    3    2    0         0   10  -13   -1    0   -9   -2   11   10  -13    7   -9  -15    2    5    6   -9   -7    7
    1   11    3    1    3    3    1    0         0   -1    4   -4  -10    0  -20    4   10   11  -12  -14    4  -12    1  -12   15    8    7
    1   11    4    1    3    4    3    1      1729   -3    5    1  -13    6  -11   13   -3    9  -11  -13    2  -12    6  -19   19    2   16
    1   11    5    1    2    1    2    1      1774   12    2   -7   -9   10   -6    4   -5   -5    7    6    2    5   15   13   15   -2   -4
    1   11    6    1    1    1    1    1      6344   12  -13  -10    2   -9    0   20    0  -13    4   -7   -7    2    7    7  -12   -3    9
    1   11    7    1    3    1    3    1       764   -1    6    1  -14    2  -11   12    1   13  -17  -23   -3   -9    6  -13   20   12    5
    1   11    8    1    2    2    2    1      1199   15   -8   -8  -10    7   -4    1   -6   -9    5    4    1   12    9   13   24   -2    4
    1   11    9    1    3    2    3    1       804   -4    7    3  -14    4  -12   14   -4   10  -12  -14    2  -16    3  -12   15   14    4
    1   11   10    1    2    3    2    1       993   10   -7   -5   -7   19   -5    3   -5   -9    5    4    2    8   10    9   15   -4    3
    1   11   11    1    1    2    1    1      1018    9   -7   -9    2  -10   -1    7   11  -23    7   -8  -14    5    6    7  -12   -5    6
    1   11   12    1    2    5    2    1      1843   15   -6   -5  -10   10   -6    4   -5   -8    7    7   -3   11    8    8   10   -5    4
    1   11   13    1    1    4    1    1       571   12   -9  -11    3  -11   -1   11   11   -6   -3  -12  -18    3    7    4  -11   -4    7
    1   11   14    1    2    4    2    1       598   15   -8  -13   -4   19   -1    2   -4  -11    5    2    2    7    9   13   16   -4    2
    1   11   15    1    1    5    1    1       559   11  -11  -11   -4  -18   -3   13    9  -12    5   -9  -12    2    5    8  -13   -6    9
    1   12    1    1    2    1    2    1      1002   12    2   -7   -9   10   -6    4   -5   -5    7    6    2    5   15   13   15   -2   -4
    1   12    2    1    1    4    1    1       515   12   -9  -11    3  -11   -1   11   11   -6   -3  -12  -18    3    7    4  -11   -4    7
    1   12    3    1    2    3    2    1       528   10   -7   -5   -7   19   -5    3   -5   -9    5    4    2    8   10    9   15   -4    3
    1   12    4    1    3    5    3    1      1277   -5    1    1  -14    3  -11    4   -1    8  -10   -9    7   -8    9  -12   16   11    6
    1   12    5    1    3    1    3    1       667   -1    6    1  -14    2  -11   12    1   13  -17  -23   -3   -9    6  -13   20   12    5
    1   12    6    1    2    2    2    1      2290   15   -8   -8  -10    7   -4    1   -6   -9    5    4    1   12    9   13   24   -2    4
    1   12    7    1    3    2    3    1       648   -4    7    3  -14    4  -12   14   -4   10  -12  -14    2  -16    3  -12   15   14    4
    1   12    8    1    3    3    3    1      2079   -1    4   -4  -10    0  -20    4   10   11  -12  -14    4  -12    1  -12   15    8    7
    1   12    9    1    3    4    3    1      1390   -3    5    1  -13    6  -11   13   -3    9  -11  -13    2  -12    6  -19   19    2   16
    1   12   10    1    2    4    2    1      1048   15   -8  -13   -4   19   -1    2   -4  -11    5    2    2    7    9   13   16   -4    2
    1   12   11    1    1    1    1    1       511   12  -13  -10    2   -9    0   20    0  -13    4   -7   -7    2    7    7  -12   -3    9
    1   12   12    1    1    2    1    1       636    9   -7   -9    2  -10   -1    7   11  -23    7   -8  -14    5    6    7  -12   -5    6
    1   12   13    1    1    5    1    1      1076   11  -11  -11   -4  -18   -3   13    9  -12    5   -9  -12    2    5    8  -13   -6    9
    1   12   14    1    2    5    1    0      1035   15   -6   -5  -10   10   -6    4   -5   -8    7    7   -3   11    8    8   10   -5    4
    1   12   15    1    1    3    1    1       627   10  -13   -1    0   -9   -2   11   10  -13    7   -9  -15    2    5    6   -9   -7    7
    1   13    1    1    3    2    3    1       524   -4    7    3  -14    4  -12   14   -4   10  -12  -14    2  -16    3  -12   15   14    4
    1   13    2    1    3    5    2    0      1304   -5    1    1  -14    3  -11    4   -1    8  -10   -9    7   -8    9  -12   16   11    6
    1   13    3    1    2    2    3    0      3429   15   -8   -8  -10    7   -4    1   -6   -9    5    4    1   12    9   13   24   -2    4
    1   13    4    1    1    5    3    0         0   11  -11  -11   -4  -18   -3   13    9  -12    5   -9  -12    2    5    8  -13   -6    9
    1   13    5    1    3    3    2    0      2703   -1    4   -4  -10    0  -20    4   10   11  -12  -14    4  -12    1  -12   15    8    7
    1   13    6    1    2    1    2    1      1988   12    2   -7   -9   10   -6    4   -5   -5    7    6    2    5   15   13   15   -2   -4
    1   13    7    1    1    4    1    1       615   12   -9  -11    3  -11   -1   11   11   -6   -3  -12  -18    3    7    4  -11   -4    7
    1   13    8    1    3    1    3    1       703   -1    6    1  -14    2  -11   12    1   13  -17  -23   -3   -9    6  -13   20   12    5
    1   13    9    1    2    5    2    1       580   15   -6   -5  -10   10   -6    4   -5   -8    7    7   -3   11    8    8   10   -5    4
    1   13   10    1    1    3    1    1       590   10  -13   -1    0   -9   -2   11   10  -13    7   -9  -15    2    5    6   -9   -7    7
    1   13   11    1    2    3    2    1      2936   10   -7   -5   -7   19   -5    3   -5   -9    5    4    2    8   10    9   15   -4    3
    1   13   12    1    1    1    1    1       580   12  -13  -10    2   -9    0   20    0  -13    4   -7   -7    2    7    7  -12   -3    9
    1   13   13    1    1    2    1    1       526    9   -7   -9    2  -10   -1    7   11  -23    7   -8  -14    5    6    7  -12   -5    6
    1   13   14    1    2    4    1    0       939   15   -8  -13   -4   19   -1    2   -4  -11    5    2    2    7    9   13   16   -4    2
    1   13   15    1    3    4    3    1       839   -3    5    1  -13    6  -11   13   -3    9  -11  -13    2  -12    6  -19   19    2   16
    1   14    1    1    1    5    1    1       839   11  -11  -11   -4  -18   -3   13    9  -12    5   -9  -12    2    5    8  -13   -6    9
    1   14    2    1    2    5    2    1      1351   15   -6   -5  -10   10   -6    4   -5   -8    7    7   -3   11    8    8   10   -5    4
    1   14    3    1    3    3    3    1      2450   -1    4   -4  -10    0  -20    4   10   11  -12  -14    4  -12    1  -12   15    8    7
    1   14    4    1    3    4    3    1       625   -3    5    1  -13    6  -11   13   -3    9  -11  -13    2  -12    6  -19   19    2   16
    1   14    5    1    3    2    3    1       522   -4    7    3  -14    4  -12   14   -4   10  -12  -14    2  -16    3  -12   15   14    4
    1   14    6    1    2    3    2    1      3015   10   -7   -5   -7   19   -5    3   -5   -9    5    4    2    8   10    9   15   -4    3
    1   14    7    1    3    1    3    1      1663   -1    6    1  -14    2  -11   12    1   13  -17  -23   -3   -9    6  -13   20   12    5
    1   14    8    1    1    4    1    1       670   12   -9  -11    3  -11   -1   11   11   -6   -3  -12  -18    3    7    4  -11   -4    7
    1   14    9    1    1    3    1    1       836   10  -13   -1    0   -9   -2   11   10  -13    7   -9  -15    2    5    6   -9   -7    7
    1   14   10    1    1    1    1    1       676   12  -13  -10    2   -9    0   20    0  -13    4   -7   -7    2    7    7  -12   -3    9
    1   14   11    1    3    5    3    1       699   -5    1    1  -14    3  -11    4   -1    8  -10   -9    7   -8    9  -12   16   11    6
    1   14   12    1    2    2    2    1      2432   15   -8   -8  -10    7   -4    1   -6   -9    5    4    1   12    9   13   24   -2    4
    1   14   13    1    2    1    2    1       896   12    2   -7   -9   10   -6    4   -5   -5    7    6    2    5   15   13   15   -2   -4
    1   14   14    1    2    4    2    1       462   15   -8  -13   -4   19   -1    2   -4  -11    5    2    2    7    9   13   16   -4    2
    1   14   15    1    1    2    1    1       621    9   -7   -9    2  -10   -1    7   11  -23    7   -8  -14    5    6    7  -12   -5    6
    1   15    1    1    3    2    3    1       629   -4    7    3  -14    4  -12   14   -4   10  -12  -14    2  -16    3  -12   15   14    4
    1   15    2    1    3    5    3    1      1821   -5    1    1  -14    3  -11    4   -1    8  -10   -9    7   -8    9  -12   16   11    6
    1   15    3    1    1    5    1    1       614   11  -11  -11   -4  -18   -3   13    9  -12    5   -9  -12    2    5    8  -13   -6    9
    1   15    4    1    2    1    2    1       446   12    2   -7   -9   10   -6    4   -5   -5    7    6    2    5   15   13   15   -2   -4
    1   15    5    1    2    4    2    1       558   15   -8  -13   -4   19   -1    2   -4  -11    5    2    2    7    9   13   16   -4    2
    1   15    6    1    3    4    3    1       665   -3    5    1  -13    6  -11   13   -3    9  -11  -13    2  -12    6  -19   19    2   16
    1   15    7    1    2    2    2    1      1680   15   -8   -8  -10    7   -4    1   -6   -9    5    4    1   12    9   13   24   -2    4
    1   15    8    1    1    4    1    1       622   12   -9  -11    3  -11   -1   11   11   -6   -3  -12  -18    3    7    4  -11   -4    7
    1   15    9    1    2    3    2    1      1510   10   -7   -5   -7   19   -5    3   -5   -9    5    4    2    8   10    9   15   -4    3
    1   15   10    1    2    5    2    1      1436   15   -6   -5  -10   10   -6    4   -5   -8    7    7   -3   11    8    8   10   -5    4
    1   15   11    1    1    1    1    1       596   12  -13  -10    2   -9    0   20    0  -13    4   -7   -7    2    7    7  -12   -3    9
    1   15   12    1    1    3    1    1       798   10  -13   -1    0   -9   -2   11   10  -13    7   -9  -15    2    5    6   -9   -7    7
    1   15   13    1    3    3    3    1      3935   -1    4   -4  -10    0  -20    4   10   11  -12  -14    4  -12    1  -12   15    8    7
    1   15   14    1    3    1    3    1       819   -1    6    1  -14    2  -11   12    1   13  -17  -23   -3   -9    6  -13   20   12    5
    1   15   15    1    1    2    1    1       916    9   -7   -9    2  -10   -1    7   11  -23    7   -8  -14    5    6    7  -12   -5    6
    2    1    1    1    3    2    1    1      4102   -4    7    3  -14    4  -12   14   -4   10  -12  -14    2  -16    3  -12   15   14    4
    2    1    2    4    3    1    2    1      1571   -2    7    0  -15    1  -12    8    2    8   -6  -19   -2  -13    8  -12   16   15   -1
    2    1    3    4    1    4    1    0      1638   14  -10   -8    2   -8   -3   10   12  -14    5   -7  -13    5    8    7  -13   -3    7
    2    1    4    1    1    1    2    0      3366   12  -13  -10    2   -9    0   20    0  -13    4   -7   -7    2    7    7  -12   -3    9
    2    1    5    1    2    2    1    1      1120   15   -8   -8  -10    7   -4    1   -6   -9    5    4    1   12    9   13   24   -2    4
    2    1    6    1    2    4    1    1      1269   15   -8  -13   -4   19   -1    2   -4  -11    5    2    2    7    9   13   16   -4    2
    2    1    7    4    3    2    2    1      1540    2    4    1  -16    8   -9    9    0   11   -9   -4   -4  -11    6   -9   14   11    7
    2    1    8    1    2    5    1    1      1160   15   -6   -5  -10   10   -6    4   -5   -8    7    7   -3   11    8    8   10   -5    4
    2    1    9    1    1    4    1    1      1499   12   -9  -11    3  -11   -1   11   11   -6   -3  -12  -18    3    7    4  -11   -4    7
    2    1   10    4    1    3    2    1      2240    8   -9  -12    3   -8   -2    4   15  -18    9   -9  -13    4    5    6  -12   -6    7
    2    1   11    4    2    4    2    1      1112   19   -8   -7  -11    8   -3    4   -5  -13    7    4    3    8    9   13   15   -5    5
    2    1   12    6    0    0    2    1      1485  -13   12   -6   14   -8   12   13  -14    1   -1  -10  -10    1  -17   19    8  -16   -1
    2    1   13    1    3    5    2    0      4531   -5    1    1  -14    3  -11    4   -1    8  -10   -9    7   -8    9  -12   16   11    6
    2    1   14    2    1    0    1    0      2751   12  -11  -10    3   -9   -1   12   10  -13    6   -9  -14    3    6    6  -11   -5    7
    2    1   15    6    0    0    2    1      2482   12    2   -9  -12   -1    4    5   -8  -13   14   15   -3    8   13    0   -6   -1   -9
    2    1   16    2    3    0    1    0       833   -2    5    2  -14    3  -12    9    1    9  -10  -14    3  -12    7  -11   15   12    6
    2    1   17    1    2    1    1    1      1216   12    2   -7   -9   10   -6    4   -5   -5    7    6    2    5   15   13   15   -2   -4
    2    1   18    1    1    5    2    0      1649   11  -11  -11   -4  -18   -3   13    9  -12    5   -9  -12    2    5    8  -13   -6    9
    2    1   19    4    2    2    2    1      1744   14   -9    4   -8    9   -4    5   -5  -12    0    7    6    2    4   11   16   -2    1
    2    1   20    6    0    0    2    1      1804    1    3   13   -9    5   18   -5  -18   12   -3    3  -10   -1   -5   -3    1   16   -9
    2    1   21    1    1    3    1    1       805   10  -13   -1    0   -9   -2   11   10  -13    7   -9  -15    2    5    6   -9   -7    7
    2    1   22    2    2    0    1    0      1319   15   -7   -6  -10    9   -5    3   -6  -10    5    3    2    9   10   12   15   -3    3
    2    1   23    1    2    3    2    0      2004   10   -7   -5   -7   19   -5    3   -5   -9    5    4    2    8   10    9   15   -4    3
    2    1   24    4    2    5    1    0       917   14   -9   -7   -8    8   -6   -1   -6  -11    4    3    0    8   12   13   16    0   -4
    2    1   25    1    3    1    1    1       850   -1    6    1  -14    2  -11   12    1   13  -17  -23   -3   -9    6  -13   20   12    5
    2    1   26    4    3    5    2    1       768    0    7    1  -13    4  -10    8    4   11   -8  -13    2  -16   17   -8   10   22   -2
    2    1   27    1    1    2    2    0       803    9   -7   -9    2  -10   -1    7   11  -23    7   -8  -14    5    6    7  -12   -5    6
    2    1   28    6    0    0    2    1      3668    0    0   11   -9    4   16   -3  -17   12   -2    3   -7    0   -5    4    7   16   -5
    2    1   29    4    2    3    2    1      2307   12   -5   -4  -12   19   -8    2   -5  -10    6    4    0    9    8   12   13   -5    5
    2    1   30    4    1    1    1    0      1336   20  -18  -15    8    0    1   11   10  -13    1  -10  -12    4    7    7  -11   -4    7
    2    1   31    4    1    5    1    0       724   12   -9  -20    2  -10   -1   13   10  -17    3  -10  -15    2    7    5  -10   -5    8
    2    1   32    4    3    3    2    1      4153   -2    4    3  -19    4  -13    9    2   11  -10  -13    1  -10    5  -10   20   17   10
    2    1   33    6    0    0    2    1      1108  -13   10   -4   14   -8   14   14  -16    2   -3   -8  -13    1  -10   17    3  -15   -2
    2    1   34    1    3    4    1    1      5833   -3    5    1  -13    6  -11   13   -3    9  -11  -13    2  -12    6  -19   19    2   16
    2    1   35    4    1    2    2    1      4289   11  -12   -8    4  -11    0   13   10  -11    6   -8  -16   -4    6    9  -14   -6    8
    2    1   36    6    0    0    2    1      1143   13    6  -10  -11   -1    4    5  -10  -16   -1   15   -1    1    5   -9   -5    2    0
    2    1   37    4    2    1    2    1      1067   13   -5   -5  -12    9   -4    6   -7   -8    6    2    2    8   12   13   20    0   -2
    2    1   38    1    3    3    1    1       962   -1    4   -4  -10    0  -20    4   10   11  -12  -14    4  -12    1  -12   15    8    7
    2    1   39    4    3    4    1    0       749   -4    5    1  -15    2  -13   13   -8   11  -12  -20   -7  -13    8  -12   16   13    6
