    1    1    1    1    2    4    2    1      1600    6   -8   -7  -12   19   -2   -5    0   -3    1  -15  -12    8   -4   -7    6    9  -17
    1    1    2    1    2    1    2    1       681    8   -7  -10   -9   15    0   -1   -6   -5    3  -16  -12   10   -3   -5   13    5   -8
    1    1    3    1    3    5    1    0       823    5    7   15    5    8    5   -7  -11   -3   12   11   24  -14   12  -10    3    5   -4
    1    1    4    1    3    2    1    0       792    6    4   23   16   10    9   -7   -2   -1   11   20   23  -12   11  -13    1    0    4
    1    1    5    1    3    1    2    0      1817    6    7   15    9   13    0   -4   -6   -4   12    8   14  -15    9   -8    1    6   -2
    1    1    6    1    2    5    1    0      1554    6   -7   -6  -19   15    3   -5    2   -7    3  -13  -13   14   -3    3   14   15   -5
    1    1    7    1    1    2    3    0       742   -6  -13    1   -8   -1    5   -3    7  -11   10   11   -5   17    6    6   14    3   -3
    1    1    8    1    3    3    1    0       154    7    5   16   11   10    5   -4   -6   -2   11   11   15   -6   13  -10    3   12   -6
    1    1    9    1    2    3    3    0       109    5   -9    1   -8   16   -2   -5   -2   -6    1  -13   -9   10   -1    2    7   17   -8
    1    1   10    1    1    3    1    1       282   -3  -21   -1    0   -2    5    1    6   -8   10   14   -7    9   13   11    4    1   -3
    1    1   11    1    1    4    1    1       448  -10  -14   -3    2   -6   13   -2    8   -9   10   12   -4   12    1    4   12    0   -3
    1    1   12    1    3    4    1    0      2207    6    7   16   13    9    4   -5   -7   -3   12   11   14  -14    9  -13    4    5   -1
    1    1   13    1    2    2    1    0       833   -1   -8  -11  -13   17   -3    5   -5  -12    2  -13  -14   10   -3    4    8   14   -6
    1    1   14    1    1    5    1    1       601   -6  -15    0    3   -5    9   -2    8   -8    9   13   -5   16    4    4   11    3   -1
    1    1   15    1    1    1    1    1       394  -18  -10    3   -4    0    6   -3    7   -7    7   11   -4   18   12    7   15    2    0
    1    2    1    1    3    3    1    0       548    7    5   16   11   10    5   -4   -6   -2   11   11   15   -6   13  -10    3   12   -6
    1    2    2    1    1    5    1    1       512   -6  -15    0    3   -5    9   -2    8   -8    9   13   -5   16    4    4   11    3   -1
    1    2    3    1    3    2    1    0       573    6    4   23   16   10    9   -7   -2   -1   11   20   23  -12   11  -13    1    0    4
    1    2    4    1    1    1    2    0       616  -18  -10    3   -4    0    6   -3    7   -7    7   11   -4   18   12    7   15    2    0
    1    2    5    1    1    2    1    1       448   -6  -13    1   -8   -1    5   -3    7  -11   10   11   -5   17    6    6   14    3   -3
    1    2    6    1    1    3    1    1       536   -3  -21   -1    0   -2    5    1    6   -8   10   14   -7    9   13   11    4    1   -3
    1    2    7    1    3    5    1    0       532    5    7   15    5    8    5   -7  -11   -3   12   11   24  -14   12  -10    3    5   -4
    1    2    8    1    2    4    2    1       784    6   -8   -7  -12   19   -2   -5    0   -3    1  -15  -12    8   -4   -7    6    9  -17
    1    2    9    1    3    1    3    1       898    6    7   15    9   13    0   -4   -6   -4   12    8   14  -15    9   -8    1    6   -2
    1    2   10    1    2    2    3    0       567   -1   -8  -11  -13   17   -3    5   -5  -12    2  -13  -14   10   -3    4    8   14   -6
    1    2   11    1    1    4    1    1      1018  -10  -14   -3    2   -6   13   -2    8   -9   10   12   -4   12    1    4   12    0   -3
    1    2   12    1    2    5    1    0       722    6   -7   -6  -19   15    3   -5    2   -7    3  -13  -13   14   -3    3   14   15   -5
    1    2   13    1    2    3    1    0       735    5   -9    1   -8   16   -2   -5   -2   -6    1  -13   -9   10   -1    2    7   17   -8
    1    2   14    1    3    4    1    0       667    6    7   16   13    9    4   -5   -7   -3   12   11   14  -14    9  -13    4    5   -1
    1    2   15    1    2    1    2    1       978    8   -7  -10   -9   15    0   -1   -6   -5    3  -16  -12   10   -3   -5   13    5   -8
    1    3    1    1    3    5    3    1       749    5    7   15    5    8    5   -7  -11   -3   12   11   24  -14   12  -10    3    5   -4
    1    3    2    1    3    4    3    1       864    6    7   16   13    9    4   -5   -7   -3   12   11   14  -14    9  -13    4    5   -1
    1    3    3    1    1    2    1    1      1167   -6  -13    1   -8   -1    5   -3    7  -11   10   11   -5   17    6    6   14    3   -3
    1    3    4    1    1    4    1    1      1074  -10  -14   -3    2   -6   13   -2    8   -9   10   12   -4   12    1    4   12    0   -3
    1    3    5    1    3    3    3    1       720    7    5   16   11   10    5   -4   -6   -2   11   11   15   -6   13  -10    3   12   -6
    1    3    6    1    2    1    2    1       837    8   -7  -10   -9   15    0   -1   -6   -5    3  -16  -12   10   -3   -5   13    5   -8
    1    3    7    1    2    2    2    1      1301   -1   -8  -11  -13   17   -3    5   -5  -12    2  -13  -14   10   -3    4    8   14   -6
    1    3    8    1    2    3    1    0      1315    5   -9    1   -8   16   -2   -5   -2   -6    1  -13   -9   10   -1    2    7   17   -8
    1    3    9    1    3    1    2    0       575    6    7   15    9   13    0   -4   -6   -4   12    8   14  -15    9   -8    1    6   -2
    1    3   10    1    1    1    1    1       690  -18  -10    3   -4    0    6   -3    7   -7    7   11   -4   18   12    7   15    2    0
    1    3   11    1    3    2    3    1      1128    6    4   23   16   10    9   -7   -2   -1   11   20   23  -12   11  -13    1    0    4
    1    3   12    1    1    5    1    1       677   -6  -15    0    3   -5    9   -2    8   -8    9   13   -5   16    4    4   11    3   -1
    1    3   13    1    2    5    2    1       731    6   -7   -6  -19   15    3   -5    2   -7    3  -13  -13   14   -3    3   14   15   -5
    1    3   14    1    1    3    1    1       576   -3  -21   -1    0   -2    5    1    6   -8   10   14   -7    9   13   11    4    1   -3
    1    3   15    1    2    4    1    0       698    6   -8   -7  -12   19   -2   -5    0   -3    1  -15  -12    8   -4   -7    6    9  -17
    1    4    1    1    3    2    3    1       983    6    4   23   16   10    9   -7   -2   -1   11   20   23  -12   11  -13    1    0    4
    1    4    2    1    3    1    2    0       969    6    7   15    9   13    0   -4   -6   -4   12    8   14  -15    9   -8    1    6   -2
    1    4    3    1    1    2    1    1       500   -6  -13    1   -8   -1    5   -3    7  -11   10   11   -5   17    6    6   14    3   -3
    1    4    4    1    3    3    3    1       769    7    5   16   11   10    5   -4   -6   -2   11   11   15   -6   13  -10    3   12   -6
    1    4    5    1    2    1    2    1      1164    8   -7  -10   -9   15    0   -1   -6   -5    3  -16  -12   10   -3   -5   13    5   -8
    1    4    6    1    3    4    3    1       615    6    7   16   13    9    4   -5   -7   -3   12   11   14  -14    9  -13    4    5   -1
    1    4    7    1    1    5    1    1      2023   -6  -15    0    3   -5    9   -2    8   -8    9   13   -5   16    4    4   11    3   -1
    1    4    8    1    1    1    1    1       744  -18  -10    3   -4    0    6   -3    7   -7    7   11   -4   18   12    7   15    2    0
    1    4    9    1    2    2    3    0      1044   -1   -8  -11  -13   17   -3    5   -5  -12    2  -13  -14   10   -3    4    8   14   -6
    1    4   10    1    3    5    3    1      1548    5    7   15    5    8    5   -7  -11   -3   12   11   24  -14   12  -10    3    5   -4
    1    4   11    1    2    5    2    1       807    6   -7   -6  -19   15    3   -5    2   -7    3  -13  -13   14   -3    3   14   15   -5
    1    4   12    1    2    4    2    1       849    6   -8   -7  -12   19   -2   -5    0   -3    1  -15  -12    8   -4   -7    6    9  -17
    1    4   13    1    2    3    2    1       832    5   -9    1   -8   16   -2   -5   -2   -6    1  -13   -9   10   -1    2    7   17   -8
    1    4   14    1    1    3    1    1       352   -3  -21   -1    0   -2    5    1    6   -8   10   14   -7    9   13   11    4    1   -3
    1    4   15    1    1    4    1    1       443  -10  -14   -3    2   -6   13   -2    8   -9   10   12   -4   12    1    4   12    0   -3
    1    5    1    1    3    4    3    1       652    6    7   16   13    9    4   -5   -7   -3   12   11   14  -14    9  -13    4    5   -1
    1    5    2    1    3    1    3    1       435    6    7   15    9   13    0   -4   -6   -4   12    8   14  -15    9   -8    1    6   -2
    1    5    3    1    3    2    3    1       755    6    4   23   16   10    9   -7   -2   -1   11   20   23  -12   11  -13    1    0    4
    1    5    4    1    3    3    3    1       574    7    5   16   11   10    5   -4   -6   -2   11   11   15   -6   13  -10    3   12   -6
    1    5    5    1    1    1    1    1       785  -18  -10    3   -4    0    6   -3    7   -7    7   11   -4   18   12    7   15    2    0
    1    5    6    1    1    4    1    1       811  -10  -14   -3    2   -6   13   -2    8   -9   10   12   -4   12    1    4   12    0   -3
    1    5    7    1    2    3    2    1      2420    5   -9    1   -8   16   -2   -5   -2   -6    1  -13   -9   10   -1    2    7   17   -8
    1    5    8    1    1    2    1    1       645   -6  -13    1   -8   -1    5   -3    7  -11   10   11   -5   17    6    6   14    3   -3
    1    5    9    1    2    5    2    1      2045    6   -7   -6  -19   15    3   -5    2   -7    3  -13  -13   14   -3    3   14   15   -5
    1    5   10    1    3    5    3    1       621    5    7   15    5    8    5   -7  -11   -3   12   11   24  -14   12  -10    3    5   -4
    1    5   11    1    2    2    2    1       774   -1   -8  -11  -13   17   -3    5   -5  -12    2  -13  -14   10   -3    4    8   14   -6
    1    5   12    1    1    3    1    1       736   -3  -21   -1    0   -2    5    1    6   -8   10   14   -7    9   13   11    4    1   -3
    1    5   13    1    1    5    1    1       732   -6  -15    0    3   -5    9   -2    8   -8    9   13   -5   16    4    4   11    3   -1
    1    5   14    1    2    4    2    1       784    6   -8   -7  -12   19   -2   -5    0   -3    1  -15  -12    8   -4   -7    6    9  -17
    1    5   15    1    2    1    2    1       826    8   -7  -10   -9   15    0   -1   -6   -5    3  -16  -12   10   -3   -5   13    5   -8
    1    6    1    1    1    4    1    1       723  -10  -14   -3    2   -6   13   -2    8   -9   10   12   -4   12    1    4   12    0   -3
    1    6    2    1    3    1    3    1       552    6    7   15    9   13    0   -4   -6   -4   12    8   14  -15    9   -8    1    6   -2
    1    6    3    1    3    4    3    1       499    6    7   16   13    9    4   -5   -7   -3   12   11   14  -14    9  -13    4    5   -1
    1    6    4    1    1    3    1    1       720   -3  -21   -1    0   -2    5    1    6   -8   10   14   -7    9   13   11    4    1   -3
    1    6    5    1    3    3    3    1       717    7    5   16   11   10    5   -4   -6   -2   11   11   15   -6   13  -10    3   12   -6
    1    6    6    1    3    2    3    1       850    6    4   23   16   10    9   -7   -2   -1   11   20   23  -12   11  -13    1    0    4
    1    6    7    1    2    5    2    1      1001    6   -7   -6  -19   15    3   -5    2   -7    3  -13  -13   14   -3    3   14   15   -5
    1    6    8    1    1    2    1    1      2427   -6  -13    1   -8   -1    5   -3    7  -11   10   11   -5   17    6    6   14    3   -3
    1    6    9    1    2    3    2    1       987    5   -9    1   -8   16   -2   -5   -2   -6    1  -13   -9   10   -1    2    7   17   -8
    1    6   10    1    1    1    1    1       717  -18  -10    3   -4    0    6   -3    7   -7    7   11   -4   18   12    7   15    2    0
    1    6   11    1    3    5    2    0       554    5    7   15    5    8    5   -7  -11   -3   12   11   24  -14   12  -10    3    5   -4
    1    6   12    1    2    1    2    1       821    8   -7  -10   -9   15    0   -1   -6   -5    3  -16  -12   10   -3   -5   13    5   -8
    1    6   13    1    1    5    1    1       566   -6  -15    0    3   -5    9   -2    8   -8    9   13   -5   16    4    4   11    3   -1
    1    6   14    1    2    2    2    1      2033   -1   -8  -11  -13   17   -3    5   -5  -12    2  -13  -14   10   -3    4    8   14   -6
    1    6   15    1    2    4    2    1       769    6   -8   -7  -12   19   -2   -5    0   -3    1  -15  -12    8   -4   -7    6    9  -17
    1    7    1    1    2    1    2    1       499    8   -7  -10   -9   15    0   -1   -6   -5    3  -16  -12   10   -3   -5   13    5   -8
    1    7    2    1    2    2    2    1       505   -1   -8  -11  -13   17   -3    5   -5  -12    2  -13  -14   10   -3    4    8   14   -6
    1    7    3    1    2    3    2    1      1190    5   -9    1   -8   16   -2   -5   -2   -6    1  -13   -9   10   -1    2    7   17   -8
    1    7    4    1    1    2    1    1       528   -6  -13    1   -8   -1    5   -3    7  -11   10   11   -5   17    6    6   14    3   -3
    1    7    5    1    2    5    2    1      1061    6   -7   -6  -19   15    3   -5    2   -7    3  -13  -13   14   -3    3   14   15   -5
    1    7    6    1    3    3    3    1       508    7    5   16   11   10    5   -4   -6   -2   11   11   15   -6   13  -10    3   12   -6
    1    7    7    1    1    1    1    1       857  -18  -10    3   -4    0    6   -3    7   -7    7   11   -4   18   12    7   15    2    0
    1    7    8    1    1    5    1    1       681   -6  -15    0    3   -5    9   -2    8   -8    9   13   -5   16    4    4   11    3   -1
    1    7    9    1    3    5    3    1       615    5    7   15    5    8    5   -7  -11   -3   12   11   24  -14   12  -10    3    5   -4
    1    7   10    1    3    4    2    0      1343    6    7   16   13    9    4   -5   -7   -3   12   11   14  -14    9  -13    4    5   -1
    1    7   11    1    3    1    3    1       555    6    7   15    9   13    0   -4   -6   -4   12    8   14  -15    9   -8    1    6   -2
    1    7   12    1    1    4    1    1       599  -10  -14   -3    2   -6   13   -2    8   -9   10   12   -4   12    1    4   12    0   -3
    1    7   13    1    2    4    2    1       656    6   -8   -7  -12   19   -2   -5    0   -3    1  -15  -12    8   -4   -7    6    9  -17
    1    7   14    1    3    2    3    1       583    6    4   23   16   10    9   -7   -2   -1   11   20   23  -12   11  -13    1    0    4
    1    7   15    1    1    3    1    1       689   -3  -21   -1    0   -2    5    1    6   -8   10   14   -7    9   13   11    4    1   -3
    1    8    1    1    1    2    1    1       639   -6  -13    1   -8   -1    5   -3    7  -11   10   11   -5   17    6    6   14    3   -3
    1    8    2    1    1    5    1    1       432   -6  -15    0    3   -5    9   -2    8   -8    9   13   -5   16    4    4   11    3   -1
    1    8    3    1    3    2    3    1       511    6    4   23   16   10    9   -7   -2   -1   11   20   23  -12   11  -13    1    0    4
    1    8    4    1    3    4    3    1       565    6    7   16   13    9    4   -5   -7   -3   12   11   14  -14    9  -13    4    5   -1
    1    8    5    1    2    5    2    1       815    6   -7   -6  -19   15    3   -5    2   -7    3  -13  -13   14   -3    3   14   15   -5
    1    8    6    1    1    4    1    1       576  -10  -14   -3    2   -6   13   -2    8   -9   10   12   -4   12    1    4   12    0   -3
    1    8    7    1    3    1    3    1       595    6    7   15    9   13    0   -4   -6   -4   12    8   14  -15    9   -8    1    6   -2
    1    8    8    1    2    3    2    1       925    5   -9    1   -8   16   -2   -5   -2   -6    1  -13   -9   10   -1    2    7   17   -8
    1    8    9    1    2    1    2    1      1082    8   -7  -10   -9   15    0   -1   -6   -5    3  -16  -12   10   -3   -5   13    5   -8
    1    8   10    1    1    1    1    1       736  -18  -10    3   -4    0    6   -3    7   -7    7   11   -4   18   12    7   15    2    0
    1    8   11    1    3    5    3    1       628    5    7   15    5    8    5   -7  -11   -3   12   11   24  -14   12  -10    3    5   -4
    1    8   12    1    1    3    1    1       780   -3  -21   -1    0   -2    5    1    6   -8   10   14   -7    9   13   11    4    1   -3
    1    8   13    1    2    4    2    1       863    6   -8   -7  -12   19   -2   -5    0   -3    1  -15  -12    8   -4   -7    6    9  -17
    1    8   14    1    2    2    2    1       958   -1   -8  -11  -13   17   -3    5   -5  -12    2  -13  -14   10   -3    4    8   14   -6
    1    8   15    1    3    3    3    1       586    7    5   16   11   10    5   -4   -6   -2   11   11   15   -6   13  -10    3   12   -6
    1    9    1    1    2    5    2    1       708    6   -7   -6  -19   15    3   -5    2   -7    3  -13  -13   14   -3    3   14   15   -5
    1    9    2    1    1    5    1    1       481   -6  -15    0    3   -5    9   -2    8   -8    9   13   -5   16    4    4   11    3   -1
    1    9    3    1    1    1    1    1       631  -18  -10    3   -4    0    6   -3    7   -7    7   11   -4   18   12    7   15    2    0
    1    9    4    1    2    1    2    1       679    8   -7  -10   -9   15    0   -1   -6   -5    3  -16  -12   10   -3   -5   13    5   -8
    1    9    5    1    2    3    2    1       765    5   -9    1   -8   16   -2   -5   -2   -6    1  -13   -9   10   -1    2    7   17   -8
    1    9    6    1    2    2    2    1       464   -1   -8  -11  -13   17   -3    5   -5  -12    2  -13  -14   10   -3    4    8   14   -6
    1    9    7    1    3    3    3    1       487    7    5   16   11   10    5   -4   -6   -2   11   11   15   -6   13  -10    3   12   -6
    1    9    8    1    1    3    1    1       749   -3  -21   -1    0   -2    5    1    6   -8   10   14   -7    9   13   11    4    1   -3
    1    9    9    1    1    4    1    1       784  -10  -14   -3    2   -6   13   -2    8   -9   10   12   -4   12    1    4   12    0   -3
    1    9   10    1    3    1    3    1       722    6    7   15    9   13    0   -4   -6   -4   12    8   14  -15    9   -8    1    6   -2
    1    9   11    1    3    2    3    1       623    6    4   23   16   10    9   -7   -2   -1   11   20   23  -12   11  -13    1    0    4
    1    9   12    1    3    5    3    1       456    5    7   15    5    8    5   -7  -11   -3   12   11   24  -14   12  -10    3    5   -4
    1    9   13    1    3    4    3    1       431    6    7   16   13    9    4   -5   -7   -3   12   11   14  -14    9  -13    4    5   -1
    1    9   14    1    2    4    2    1       807    6   -8   -7  -12   19   -2   -5    0   -3    1  -15  -12    8   -4   -7    6    9  -17
    1    9   15    1    1    2    1    1       937   -6  -13    1   -8   -1    5   -3    7  -11   10   11   -5   17    6    6   14    3   -3
    1   10    1    1    3    2    3    1       797    6    4   23   16   10    9   -7   -2   -1   11   20   23  -12   11  -13    1    0    4
    1   10    2    1    3    5    3    1       503    5    7   15    5    8    5   -7  -11   -3   12   11   24  -14   12  -10    3    5   -4
    1   10    3    1    3    1    3    1       380    6    7   15    9   13    0   -4   -6   -4   12    8   14  -15    9   -8    1    6   -2
    1   10    4    1    2    1    2    1       879    8   -7  -10   -9   15    0   -1   -6   -5    3  -16  -12   10   -3   -5   13    5   -8
    1   10    5    1    2    2    2    1       949   -1   -8  -11  -13   17   -3    5   -5  -12    2  -13  -14   10   -3    4    8   14   -6
    1   10    6    1    2    3    2    1       897    5   -9    1   -8   16   -2   -5   -2   -6    1  -13   -9   10   -1    2    7   17   -8
    1   10    7    1    1    2    1    1       726   -6  -13    1   -8   -1    5   -3    7  -11   10   11   -5   17    6    6   14    3   -3
    1   10    8    1    2    5    2    1       844    6   -7   -6  -19   15    3   -5    2   -7    3  -13  -13   14   -3    3   14   15   -5
    1   10    9    1    3    3    3    1      1028    7    5   16   11   10    5   -4   -6   -2   11   11   15   -6   13  -10    3   12   -6
    1   10   10    1    1    1    1    1       708  -18  -10    3   -4    0    6   -3    7   -7    7   11   -4   18   12    7   15    2    0
    1   10   11    1    1    4    1    1       649  -10  -14   -3    2   -6   13   -2    8   -9   10   12   -4   12    1    4   12    0   -3
    1   10   12    1    1    3    1    1       737   -3  -21   -1    0   -2    5    1    6   -8   10   14   -7    9   13   11    4    1   -3
    1   10   13    1    2    4    2    1       644    6   -8   -7  -12   19   -2   -5    0   -3    1  -15  -12    8   -4   -7    6    9  -17
    1   10   14    1    3    4    3    1       693    6    7   16   13    9    4   -5   -7   -3   12   11   14  -14    9  -13    4    5   -1
    1   10   15    1    1    5    1    1       547   -6  -15    0    3   -5    9   -2    8   -8    9   13   -5   16    4    4   11    3   -1
    1   11    1    1    1    3    1    1       463   -3  -21   -1    0   -2    5    1    6   -8   10   14   -7    9   13   11    4    1   -3
    1   11    2    1    2    1    2    1       622    8   -7  -10   -9   15    0   -1   -6   -5    3  -16  -12   10   -3   -5   13    5   -8
    1   11    3    1    1    1    1    1       591  -18  -10    3   -4    0    6   -3    7   -7    7   11   -4   18   12    7   15    2    0
    1   11    4    1    2    3    2    1      1361    5   -9    1   -8   16   -2   -5   -2   -6    1  -13   -9   10   -1    2    7   17   -8
    1   11    5    1    2    5    2    1       964    6   -7   -6  -19   15    3   -5    2   -7    3  -13  -13   14   -3    3   14   15   -5
    1   11    6    1    1    5    1    1       551   -6  -15    0    3   -5    9   -2    8   -8    9   13   -5   16    4    4   11    3   -1
    1   11    7    1    3    5    2    0       555    5    7   15    5    8    5   -7  -11   -3   12   11   24  -14   12  -10    3    5   -4
    1   11    8    1    3    4    3    1       942    6    7   16   13    9    4   -5   -7   -3   12   11   14  -14    9  -13    4    5   -1
    1   11    9    1    3    3    3    1       602    7    5   16   11   10    5   -4   -6   -2   11   11   15   -6   13  -10    3   12   -6
    1   11   10    1    1    4    1    1      1411  -10  -14   -3    2   -6   13   -2    8   -9   10   12   -4   12    1    4   12    0   -3
    1   11   11    1    1    2    1    1       565   -6  -13    1   -8   -1    5   -3    7  -11   10   11   -5   17    6    6   14    3   -3
    1   11   12    1    2    2    2    1      2823   -1   -8  -11  -13   17   -3    5   -5  -12    2  -13  -14   10   -3    4    8   14   -6
    1   11   13    1    3    1    3    1      4248    6    7   15    9   13    0   -4   -6   -4   12    8   14  -15    9   -8    1    6   -2
    1   11   14    1    3    2    3    1       520    6    4   23   16   10    9   -7   -2   -1   11   20   23  -12   11  -13    1    0    4
    1   11   15    1    2    4    2    1       644    6   -8   -7  -12   19   -2   -5    0   -3    1  -15  -12    8   -4   -7    6    9  -17
    1   12    1    1    1    5    2    0       508   -6  -15    0    3   -5    9   -2    8   -8    9   13   -5   16    4    4   11    3   -1
    1   12    2    1    3    2    3    1       554    6    4   23   16   10    9   -7   -2   -1   11   20   23  -12   11  -13    1    0    4
    1   12    3    1    2    3    2    1       733    5   -9    1   -8   16   -2   -5   -2   -6    1  -13   -9   10   -1    2    7   17   -8
    1   12    4    1    3    5    3    1       713    5    7   15    5    8    5   -7  -11   -3   12   11   24  -14   12  -10    3    5   -4
    1   12    5    1    3    1    3    1       534    6    7   15    9   13    0   -4   -6   -4   12    8   14  -15    9   -8    1    6   -2
    1   12    6    1    3    4    3    1       586    6    7   16   13    9    4   -5   -7   -3   12   11   14  -14    9  -13    4    5   -1
    1   12    7    1    1    4    1    1      1164  -10  -14   -3    2   -6   13   -2    8   -9   10   12   -4   12    1    4   12    0   -3
    1   12    8    1    3    3    3    1      1663    7    5   16   11   10    5   -4   -6   -2   11   11   15   -6   13  -10    3   12   -6
    1   12    9    1    1    2    1    1       742   -6  -13    1   -8   -1    5   -3    7  -11   10   11   -5   17    6    6   14    3   -3
    1   12   10    1    2    2    3    0       586   -1   -8  -11  -13   17   -3    5   -5  -12    2  -13  -14   10   -3    4    8   14   -6
    1   12   11    1    2    4    2    1       740    6   -8   -7  -12   19   -2   -5    0   -3    1  -15  -12    8   -4   -7    6    9  -17
    1   12   12    1    1    1    1    1       536  -18  -10    3   -4    0    6   -3    7   -7    7   11   -4   18   12    7   15    2    0
    1   12   13    1    2    5    1    0       820    6   -7   -6  -19   15    3   -5    2   -7    3  -13  -13   14   -3    3   14   15   -5
    1   12   14    1    1    3    1    1       533   -3  -21   -1    0   -2    5    1    6   -8   10   14   -7    9   13   11    4    1   -3
    1   12   15    1    2    1    2    1       561    8   -7  -10   -9   15    0   -1   -6   -5    3  -16  -12   10   -3   -5   13    5   -8
    1   13    1    1    3    3    3    1       668    7    5   16   11   10    5   -4   -6   -2   11   11   15   -6   13  -10    3   12   -6
    1   13    2    1    3    5    2    0       851    5    7   15    5    8    5   -7  -11   -3   12   11   24  -14   12  -10    3    5   -4
    1   13    3    1    2    2    2    1       802   -1   -8  -11  -13   17   -3    5   -5  -12    2  -13  -14   10   -3    4    8   14   -6
    1   13    4    1    2    1    2    1       780    8   -7  -10   -9   15    0   -1   -6   -5    3  -16  -12   10   -3   -5   13    5   -8
    1   13    5    1    3    1    3    1       543    6    7   15    9   13    0   -4   -6   -4   12    8   14  -15    9   -8    1    6   -2
    1   13    6    1    2    3    2    1       883    5   -9    1   -8   16   -2   -5   -2   -6    1  -13   -9   10   -1    2    7   17   -8
    1   13    7    1    1    1    1    1       641  -18  -10    3   -4    0    6   -3    7   -7    7   11   -4   18   12    7   15    2    0
    1   13    8    1    3    4    3    1       601    6    7   16   13    9    4   -5   -7   -3   12   11   14  -14    9  -13    4    5   -1
    1   13    9    1    1    4    1    1       626  -10  -14   -3    2   -6   13   -2    8   -9   10   12   -4   12    1    4   12    0   -3
    1   13   10    1    1    3    1    1       715   -3  -21   -1    0   -2    5    1    6   -8   10   14   -7    9   13   11    4    1   -3
    1   13   11    1    3    2    3    1       695    6    4   23   16   10    9   -7   -2   -1   11   20   23  -12   11  -13    1    0    4
    1   13   12    1    1    5    1    1       621   -6  -15    0    3   -5    9   -2    8   -8    9   13   -5   16    4    4   11    3   -1
    1   13   13    1    2    4    2    1      1070    6   -8   -7  -12   19   -2   -5    0   -3    1  -15  -12    8   -4   -7    6    9  -17
    1   13   14    1    2    5    2    1       956    6   -7   -6  -19   15    3   -5    2   -7    3  -13  -13   14   -3    3   14   15   -5
    1   13   15    1    1    2    1    1       656   -6  -13    1   -8   -1    5   -3    7  -11   10   11   -5   17    6    6   14    3   -3
    1   14    1    1    2    1    2    1       607    8   -7  -10   -9   15    0   -1   -6   -5    3  -16  -12   10   -3   -5   13    5   -8
    1   14    2    1    3    3    3    1       496    7    5   16   11   10    5   -4   -6   -2   11   11   15   -6   13  -10    3   12   -6
    1   14    3    1    1    5    1    1       686   -6  -15    0    3   -5    9   -2    8   -8    9   13   -5   16    4    4   11    3   -1
    1   14    4    1    3    5    2    0       525    5    7   15    5    8    5   -7  -11   -3   12   11   24  -14   12  -10    3    5   -4
    1   14    5    1    2    3    2    1       633    5   -9    1   -8   16   -2   -5   -2   -6    1  -13   -9   10   -1    2    7   17   -8
    1   14    6    1    1    3    1    1       513   -3  -21   -1    0   -2    5    1    6   -8   10   14   -7    9   13   11    4    1   -3
    1   14    7    1    1    1    1    1       639  -18  -10    3   -4    0    6   -3    7   -7    7   11   -4   18   12    7   15    2    0
    1   14    8    1    2    5    2    1       599    6   -7   -6  -19   15    3   -5    2   -7    3  -13  -13   14   -3    3   14   15   -5
    1   14    9    1    3    2    3    1       504    6    4   23   16   10    9   -7   -2   -1   11   20   23  -12   11  -13    1    0    4
    1   14   10    1    1    4    1    1       621  -10  -14   -3    2   -6   13   -2    8   -9   10   12   -4   12    1    4   12    0   -3
    1   14   11    1    3    1    3    1       718    6    7   15    9   13    0   -4   -6   -4   12    8   14  -15    9   -8    1    6   -2
    1   14   12    1    2    2    2    1      1307   -1   -8  -11  -13   17   -3    5   -5  -12    2  -13  -14   10   -3    4    8   14   -6
    1   14   13    1    3    4    3    1       600    6    7   16   13    9    4   -5   -7   -3   12   11   14  -14    9  -13    4    5   -1
    1   14   14    1    2    4    2    1       785    6   -8   -7  -12   19   -2   -5    0   -3    1  -15  -12    8   -4   -7    6    9  -17
    1   14   15    1    1    2    1    1       644   -6  -13    1   -8   -1    5   -3    7  -11   10   11   -5   17    6    6   14    3   -3
    1   15    1    1    1    4    1    1       627  -10  -14   -3    2   -6   13   -2    8   -9   10   12   -4   12    1    4   12    0   -3
    1   15    2    1    3    3    3    1       508    7    5   16   11   10    5   -4   -6   -2   11   11   15   -6   13  -10    3   12   -6
    1   15    3    1    2    5    2    1       577    6   -7   -6  -19   15    3   -5    2   -7    3  -13  -13   14   -3    3   14   15   -5
    1   15    4    1    1    2    1    1       524   -6  -13    1   -8   -1    5   -3    7  -11   10   11   -5   17    6    6   14    3   -3
    1   15    5    1    2    3    2    1       825    5   -9    1   -8   16   -2   -5   -2   -6    1  -13   -9   10   -1    2    7   17   -8
    1   15    6    1    2    4    2    1       721    6   -8   -7  -12   19   -2   -5    0   -3    1  -15  -12    8   -4   -7    6    9  -17
    1   15    7    1    3    5    2    0       614    5    7   15    5    8    5   -7  -11   -3   12   11   24  -14   12  -10    3    5   -4
    1   15    8    1    1    5    1    1       767   -6  -15    0    3   -5    9   -2    8   -8    9   13   -5   16    4    4   11    3   -1
    1   15    9    1    3    2    3    1       536    6    4   23   16   10    9   -7   -2   -1   11   20   23  -12   11  -13    1    0    4
    1   15   10    1    2    1    2    1       598    8   -7  -10   -9   15    0   -1   -6   -5    3  -16  -12   10   -3   -5   13    5   -8
    1   15   11    1    1    3    1    1       991   -3  -21   -1    0   -2    5    1    6   -8   10   14   -7    9   13   11    4    1   -3
    1   15   12    1    3    4    3    1       601    6    7   16   13    9    4   -5   -7   -3   12   11   14  -14    9  -13    4    5   -1
    1   15   13    1    3    1    3    1       682    6    7   15    9   13    0   -4   -6   -4   12    8   14  -15    9   -8    1    6   -2
    1   15   14    1    2    2    2    1       720   -1   -8  -11  -13   17   -3    5   -5  -12    2  -13  -14   10   -3    4    8   14   -6
    1   15   15    1    1    1    1    1       509  -18  -10    3   -4    0    6   -3    7   -7    7   11   -4   18   12    7   15    2    0
    2    1    1    6    0    0    2    1      2213   16   12   -3   17  -13    4   -2  -12   -6    2    5   10   11   -1   -3    9    5    6
    2    1    2    6    0    0    2    1      1333  -11  -12    6   -2   12  -14   10    8   11   -5   -8   13    1   -9   -6   -3    8   -1
    2    1    3    4    2    4    2    1      1041    6   -9  -10  -13   16   -2   -6    1   -8   -1  -16  -13    9   -8    2   10   16   -8
    2    1    4    1    2    4    1    1      1137    6   -8   -7  -12   19   -2   -5    0   -3    1  -15  -12    8   -4   -7    6    9  -17
    2    1    5    1    1    4    1    1      1501  -10  -14   -3    2   -6   13   -2    8   -9   10   12   -4   12    1    4   12    0   -3
    2    1    6    1    3    4    1    1       947    6    7   16   13    9    4   -5   -7   -3   12   11   14  -14    9  -13    4    5   -1
    2    1    7    4    3    4    1    0       639    6    7   16   10   12    2   -5   -8   -4   14    8   14  -13   12  -11    4    5   -4
    2    1    8    4    2    2    1    0      3807    9   -9   -8  -15   13    3   -4   -1  -12    3  -17  -13    7   -1    2   10   15   -9
    2    1    9    4    3    3    1    0       712    7    5   14    8   12    5   -4   -8   -3   12   11   14  -22   16   -7    2   11   -4
    2    1   10    2    3    0    1    0       613    7    6   15   11   10    4   -4   -7   -4   13   10   14  -13   11   -9    2    7   -3
    2    1   11    4    2    1    2    1      1495    7   -8   -7   -8   17    0   -4    3   -7    0  -16  -12    9   -3    2   13   18  -12
    2    1   12    4    2    5    2    1      1485   -3  -11   -7  -11   16    1   -4   -1   -7   -1  -15  -12   10   -3   -2    2   14   -6
    2    1   13    1    3    3    1    1       963    7    5   16   11   10    5   -4   -6   -2   11   11   15   -6   13  -10    3   12   -6
    2    1   14    4    1    1    2    1      1142   -9  -12   -2    0   -7    6    1   16   -9   11   13   -3   13    4    4   14   -2    4
    2    1   15    1    1    5    1    1      1586   -6  -15    0    3   -5    9   -2    8   -8    9   13   -5   16    4    4   11    3   -1
    2    1   16    1    2    2    1    1      2388   -1   -8  -11  -13   17   -3    5   -5  -12    2  -13  -14   10   -3    4    8   14   -6
    2    1   17    1    2    3    1    1      1574    5   -9    1   -8   16   -2   -5   -2   -6    1  -13   -9   10   -1    2    7   17   -8
    2    1   18    1    3    1    1    1       912    6    7   15    9   13    0   -4   -6   -4   12    8   14  -15    9   -8    1    6   -2
    2    1   19    4    1    5    2    1      1630   -9  -12   -4    2    1    5   -3    7   -8    8   12   -7   17    5    7   13    3   -4
    2    1   20    4    1    3    1    0      1559    1  -20   -3    1   -8    5   -6    8   -9   11   14   -3   15    4    1   10    2   -4
    2    1   21    4    3    1    1    0       690    6    8   16   12    8   -1   -5   -6   -6   15   10   16  -13   12   -8    2    8  -12
    2    1   22    1    1    3    1    1      1104   -3  -21   -1    0   -2    5    1    6   -8   10   14   -7    9   13   11    4    1   -3
    2    1   23    4    1    4    2    1      1077   -6  -12   -2   -6    1    8   -2    7  -18   19   15   -4    9    0    8   15   -7   -9
    2    1   24    6    0    0    2    1       948   15   11   -4   17  -14    6    0  -16    3   -5    4   10    9   -2   -1   10    5    7
    2    1   25    4    2    3    2    1       895    7   -8   -7  -12   16    2    1    3   -6    1  -16  -14    9   -4    4    8   18   -1
    2    1   26    2    2    0    2    1       558    7   -7   -8  -11   15   -1   -4    0   -7    1  -15  -13    8   -3    3    8   15   -7
    2    1   27    4    3    2    2    1      1129   16    5   14   12   10    5   -3   -5   -8   17    8   14  -15   11  -18   11    3   -5
    2    1   28    1    2    5    1    1      1493    6   -7   -6  -19   15    3   -5    2   -7    3  -13  -13   14   -3    3   14   15   -5
    2    1   29    4    1    2    1    0       587   -6  -14   -3    2   -2    9   -3    7   -5    6   11   -4   24    1    6   15    1  -10
    2    1   30    4    3    5    2    1      1478   -1    2   17   11    8    2   -2   -9   -5   19    9   15  -15   13  -10   -5    7   -4
    2    1   31    6    0    0    2    1       724   -3    3   -7   13   14   -3    2  -14  -12    2   -4   -5   15   13  -14   14   -9   -6
    2    1   32    1    3    5    1    1       737    5    7   15    5    8    5   -7  -11   -3   12   11   24  -14   12  -10    3    5   -4
    2    1   33    2    1    0    1    0      1325   -8  -13   -2    1   -1    6   -4    8   -9    9   12   -5   15    5    6   13    2   -2
    2    1   34    6    0    0    2    1       961   -5  -10   -1    3   11  -11    5    8   18  -14   -7   12    1   -6   -2   -4   10    4
    2    1   35    6    0    0    2    1       685   -5    2   -8   14   16    0   -2   -7  -10    2   -5   -5   11   16  -12   13   -8   -4
    2    1   36    1    2    1    1    1      1243    8   -7  -10   -9   15    0   -1   -6   -5    3  -16  -12   10   -3   -5   13    5   -8
    2    1   37    1    3    2    1    1      1179    6    4   23   16   10    9   -7   -2   -1   11   20   23  -12   11  -13    1    0    4
    2    1   38    1    1    1    1    1      1598  -18  -10    3   -4    0    6   -3    7   -7    7   11   -4   18   12    7   15    2    0
    2    1   39    1    1    2    2    0      1015   -6  -13    1   -8   -1    5   -3    7  -11   10   11   -5   17    6    6   14    3   -3
