    1    1    1    1    1    1    1    1      2924    3    8   -7  -14   -7   15   -9    3   -7    0   12   11    9    6   -2   -9   -8   10
    1    1    2    1    3    3    1    0      3368   -9   -9    3    7    3  -11   -8  -13    2   13   12   -9    0   17   12   12    3    2
    1    1    3    1    2    1    2    1       962  -15   20   16    1  -16    1   -8   16   -3    0    6  -14   19   -8   10  -17   -3   12
    1    1    4    1    1    4    1    1      1084   10   17   -6  -11   -8   17  -10    6   -7    4   15    8   13   10    7  -10   -9    9
    1    1    5    1    1    5    1    1      1186    1    6   -4  -15   -4   10   -8    3  -13    3    9    4   13    9    4   -6   -6    8
    1    1    6    1    3    1    2    0      1620  -10  -11    2    8   -3   -9   -8  -13   -1   15   14   -8    6    9   11   14   -2   -2
    1    1    7    1    1    2    1    1      1220    2   10   -7  -15  -12   13   -9    6  -11    3   19   11   12   11    4   -9   -7    9
    1    1    8    1    2    5    2    1      1589   -5   12   14   -3  -15   -2   -7   16   -8    0    2  -22    1   -2    8  -14   -3   13
    1    1    9    1    3    5    1    0      1015   -6  -17    3    4    0   -8   -9  -13  -10   10   11  -10    4   13    9   13    0    3
    1    1   10    1    3    4    2    0      1487  -11  -11    2    7   -3   -9   -8  -14    0   16   13   -9    3   16    9   15    2    1
    1    1   11    1    1    3    1    1      1045    3    8   -6  -16   -6   12  -10    7  -11    2   15   12   12   11   13   -6   -5    9
    1    1   12    1    3    2    3    1      1437  -11  -14    1    3   -2   -8   -7  -11   -7   21   10   -9    3   16    8   15    2    0
    1    1   13    1    2    2    2    1      1237   -5   11   13    0  -14    0   -8   16   -6    0    8  -14    7   -2    4  -14   -6   14
    1    1   14    1    2    3    3    0      2324   -4    8   14   -3  -18   -1  -10   20   -6    0   11  -17    5    0    5  -10   -3   12
    1    1   15    1    2    4    2    1      1657   -9    5   14    0  -12   -1   -9   15   -5    1   11  -12   10   -3    1  -16  -10    7
    1    2    1    1    2    2    2    1       744   -5   11   13    0  -14    0   -8   16   -6    0    8  -14    7   -2    4  -14   -6   14
    1    2    2    1    3    1    1    0       556  -10  -11    2    8   -3   -9   -8  -13   -1   15   14   -8    6    9   11   14   -2   -2
    1    2    3    1    1    2    1    1       775    2   10   -7  -15  -12   13   -9    6  -11    3   19   11   12   11    4   -9   -7    9
    1    2    4    1    1    3    2    0       714    3    8   -6  -16   -6   12  -10    7  -11    2   15   12   12   11   13   -6   -5    9
    1    2    5    1    1    5    3    0      1822    1    6   -4  -15   -4   10   -8    3  -13    3    9    4   13    9    4   -6   -6    8
    1    2    6    1    2    5    2    1      3079   -5   12   14   -3  -15   -2   -7   16   -8    0    2  -22    1   -2    8  -14   -3   13
    1    2    7    1    3    4    3    1      1405  -11  -11    2    7   -3   -9   -8  -14    0   16   13   -9    3   16    9   15    2    1
    1    2    8    1    3    5    1    0      1382   -6  -17    3    4    0   -8   -9  -13  -10   10   11  -10    4   13    9   13    0    3
    1    2    9    1    1    4    1    1      1056   10   17   -6  -11   -8   17  -10    6   -7    4   15    8   13   10    7  -10   -9    9
    1    2   10    1    2    3    2    1       919   -4    8   14   -3  -18   -1  -10   20   -6    0   11  -17    5    0    5  -10   -3   12
    1    2   11    1    3    3    3    1      1572   -9   -9    3    7    3  -11   -8  -13    2   13   12   -9    0   17   12   12    3    2
    1    2   12    1    2    4    2    1      1878   -9    5   14    0  -12   -1   -9   15   -5    1   11  -12   10   -3    1  -16  -10    7
    1    2   13    1    2    1    3    0      2284  -15   20   16    1  -16    1   -8   16   -3    0    6  -14   19   -8   10  -17   -3   12
    1    2   14    1    3    2    3    1      1570  -11  -14    1    3   -2   -8   -7  -11   -7   21   10   -9    3   16    8   15    2    0
    1    2   15    1    1    1    1    1      1108    3    8   -7  -14   -7   15   -9    3   -7    0   12   11    9    6   -2   -9   -8   10
    1    3    1    1    1    4    1    1      2650   10   17   -6  -11   -8   17  -10    6   -7    4   15    8   13   10    7  -10   -9    9
    1    3    2    1    1    5    2    0      1713    1    6   -4  -15   -4   10   -8    3  -13    3    9    4   13    9    4   -6   -6    8
    1    3    3    1    3    1    3    1      3070  -10  -11    2    8   -3   -9   -8  -13   -1   15   14   -8    6    9   11   14   -2   -2
    1    3    4    1    2    3    2    1      1140   -4    8   14   -3  -18   -1  -10   20   -6    0   11  -17    5    0    5  -10   -3   12
    1    3    5    1    3    4    1    0       616  -11  -11    2    7   -3   -9   -8  -14    0   16   13   -9    3   16    9   15    2    1
    1    3    6    1    1    3    1    1      1777    3    8   -6  -16   -6   12  -10    7  -11    2   15   12   12   11   13   -6   -5    9
    1    3    7    1    3    5    3    1      3531   -6  -17    3    4    0   -8   -9  -13  -10   10   11  -10    4   13    9   13    0    3
    1    3    8    1    2    5    1    0      1054   -5   12   14   -3  -15   -2   -7   16   -8    0    2  -22    1   -2    8  -14   -3   13
    1    3    9    1    2    2    2    1      1382   -5   11   13    0  -14    0   -8   16   -6    0    8  -14    7   -2    4  -14   -6   14
    1    3   10    1    3    3    3    1      1120   -9   -9    3    7    3  -11   -8  -13    2   13   12   -9    0   17   12   12    3    2
    1    3   11    1    2    4    2    1      1172   -9    5   14    0  -12   -1   -9   15   -5    1   11  -12   10   -3    1  -16  -10    7
    1    3   12    1    3    2    1    0      1447  -11  -14    1    3   -2   -8   -7  -11   -7   21   10   -9    3   16    8   15    2    0
    1    3   13    1    1    2    1    1       558    2   10   -7  -15  -12   13   -9    6  -11    3   19   11   12   11    4   -9   -7    9
    1    3   14    1    2    1    2    1      2137  -15   20   16    1  -16    1   -8   16   -3    0    6  -14   19   -8   10  -17   -3   12
    1    3   15    1    1    1    3    0      1349    3    8   -7  -14   -7   15   -9    3   -7    0   12   11    9    6   -2   -9   -8   10
    1    4    1    1    2    2    2    1      1665   -5   11   13    0  -14    0   -8   16   -6    0    8  -14    7   -2    4  -14   -6   14
    1    4    2    1    3    5    1    0      1151   -6  -17    3    4    0   -8   -9  -13  -10   10   11  -10    4   13    9   13    0    3
    1    4    3    1    1    2    1    1       403    2   10   -7  -15  -12   13   -9    6  -11    3   19   11   12   11    4   -9   -7    9
    1    4    4    1    1    5    3    0      1700    1    6   -4  -15   -4   10   -8    3  -13    3    9    4   13    9    4   -6   -6    8
    1    4    5    1    2    4    2    1       929   -9    5   14    0  -12   -1   -9   15   -5    1   11  -12   10   -3    1  -16  -10    7
    1    4    6    1    3    2    3    1      1437  -11  -14    1    3   -2   -8   -7  -11   -7   21   10   -9    3   16    8   15    2    0
    1    4    7    1    2    5    2    1      1909   -5   12   14   -3  -15   -2   -7   16   -8    0    2  -22    1   -2    8  -14   -3   13
    1    4    8    1    1    4    1    1       938   10   17   -6  -11   -8   17  -10    6   -7    4   15    8   13   10    7  -10   -9    9
    1    4    9    1    3    4    3    1       966  -11  -11    2    7   -3   -9   -8  -14    0   16   13   -9    3   16    9   15    2    1
    1    4   10    1    1    1    1    1      1184    3    8   -7  -14   -7   15   -9    3   -7    0   12   11    9    6   -2   -9   -8   10
    1    4   11    1    3    1    3    1       898  -10  -11    2    8   -3   -9   -8  -13   -1   15   14   -8    6    9   11   14   -2   -2
    1    4   12    1    1    3    1    1       544    3    8   -6  -16   -6   12  -10    7  -11    2   15   12   12   11   13   -6   -5    9
    1    4   13    1    3    3    3    1       747   -9   -9    3    7    3  -11   -8  -13    2   13   12   -9    0   17   12   12    3    2
    1    4   14    1    2    3    2    1      1614   -4    8   14   -3  -18   -1  -10   20   -6    0   11  -17    5    0    5  -10   -3   12
    1    4   15    1    2    1    2    1      1087  -15   20   16    1  -16    1   -8   16   -3    0    6  -14   19   -8   10  -17   -3   12
    1    5    1    1    1    2    1    1       645    2   10   -7  -15  -12   13   -9    6  -11    3   19   11   12   11    4   -9   -7    9
    1    5    2    1    1    5    1    1      1724    1    6   -4  -15   -4   10   -8    3  -13    3    9    4   13    9    4   -6   -6    8
    1    5    3    1    3    4    3    1       648  -11  -11    2    7   -3   -9   -8  -14    0   16   13   -9    3   16    9   15    2    1
    1    5    4    1    1    4    1    1       864   10   17   -6  -11   -8   17  -10    6   -7    4   15    8   13   10    7  -10   -9    9
    1    5    5    1    3    3    3    1       814   -9   -9    3    7    3  -11   -8  -13    2   13   12   -9    0   17   12   12    3    2
    1    5    6    1    1    1    1    1       959    3    8   -7  -14   -7   15   -9    3   -7    0   12   11    9    6   -2   -9   -8   10
    1    5    7    1    3    2    3    1       890  -11  -14    1    3   -2   -8   -7  -11   -7   21   10   -9    3   16    8   15    2    0
    1    5    8    1    2    2    2    1       679   -5   11   13    0  -14    0   -8   16   -6    0    8  -14    7   -2    4  -14   -6   14
    1    5    9    1    2    4    2    1       654   -9    5   14    0  -12   -1   -9   15   -5    1   11  -12   10   -3    1  -16  -10    7
    1    5   10    1    2    1    2    1      1749  -15   20   16    1  -16    1   -8   16   -3    0    6  -14   19   -8   10  -17   -3   12
    1    5   11    1    2    5    2    1      3120   -5   12   14   -3  -15   -2   -7   16   -8    0    2  -22    1   -2    8  -14   -3   13
    1    5   12    1    1    3    1    1       645    3    8   -6  -16   -6   12  -10    7  -11    2   15   12   12   11   13   -6   -5    9
    1    5   13    1    3    1    3    1       716  -10  -11    2    8   -3   -9   -8  -13   -1   15   14   -8    6    9   11   14   -2   -2
    1    5   14    1    2    3    2    1      1392   -4    8   14   -3  -18   -1  -10   20   -6    0   11  -17    5    0    5  -10   -3   12
    1    5   15    1    3    5    2    0      2586   -6  -17    3    4    0   -8   -9  -13  -10   10   11  -10    4   13    9   13    0    3
    1    6    1    1    2    2    2    1       595   -5   11   13    0  -14    0   -8   16   -6    0    8  -14    7   -2    4  -14   -6   14
    1    6    2    1    1    3    1    1       765    3    8   -6  -16   -6   12  -10    7  -11    2   15   12   12   11   13   -6   -5    9
    1    6    3    1    1    4    1    1      1439   10   17   -6  -11   -8   17  -10    6   -7    4   15    8   13   10    7  -10   -9    9
    1    6    4    1    1    5    1    1      2055    1    6   -4  -15   -4   10   -8    3  -13    3    9    4   13    9    4   -6   -6    8
    1    6    5    1    1    1    1    1       999    3    8   -7  -14   -7   15   -9    3   -7    0   12   11    9    6   -2   -9   -8   10
    1    6    6    1    2    3    2    1       800   -4    8   14   -3  -18   -1  -10   20   -6    0   11  -17    5    0    5  -10   -3   12
    1    6    7    1    3    1    3    1       689  -10  -11    2    8   -3   -9   -8  -13   -1   15   14   -8    6    9   11   14   -2   -2
    1    6    8    1    3    3    3    1      3319   -9   -9    3    7    3  -11   -8  -13    2   13   12   -9    0   17   12   12    3    2
    1    6    9    1    2    4    2    1       772   -9    5   14    0  -12   -1   -9   15   -5    1   11  -12   10   -3    1  -16  -10    7
    1    6   10    1    3    5    1    0       646   -6  -17    3    4    0   -8   -9  -13  -10   10   11  -10    4   13    9   13    0    3
    1    6   11    1    2    1    2    1       766  -15   20   16    1  -16    1   -8   16   -3    0    6  -14   19   -8   10  -17   -3   12
    1    6   12    1    2    5    2    1      1120   -5   12   14   -3  -15   -2   -7   16   -8    0    2  -22    1   -2    8  -14   -3   13
    1    6   13    1    3    4    3    1       629  -11  -11    2    7   -3   -9   -8  -14    0   16   13   -9    3   16    9   15    2    1
    1    6   14    1    3    2    3    1      1341  -11  -14    1    3   -2   -8   -7  -11   -7   21   10   -9    3   16    8   15    2    0
    1    6   15    1    1    2    1    1       681    2   10   -7  -15  -12   13   -9    6  -11    3   19   11   12   11    4   -9   -7    9
    1    7    1    1    1    4    1    1      1295   10   17   -6  -11   -8   17  -10    6   -7    4   15    8   13   10    7  -10   -9    9
    1    7    2    1    3    5    2    0       924   -6  -17    3    4    0   -8   -9  -13  -10   10   11  -10    4   13    9   13    0    3
    1    7    3    1    2    5    2    1       776   -5   12   14   -3  -15   -2   -7   16   -8    0    2  -22    1   -2    8  -14   -3   13
    1    7    4    1    2    2    1    0      2554   -5   11   13    0  -14    0   -8   16   -6    0    8  -14    7   -2    4  -14   -6   14
    1    7    5    1    1    5    1    1       981    1    6   -4  -15   -4   10   -8    3  -13    3    9    4   13    9    4   -6   -6    8
    1    7    6    1    2    1    2    1      1375  -15   20   16    1  -16    1   -8   16   -3    0    6  -14   19   -8   10  -17   -3   12
    1    7    7    1    2    3    2    1      1562   -4    8   14   -3  -18   -1  -10   20   -6    0   11  -17    5    0    5  -10   -3   12
    1    7    8    1    1    3    1    1       589    3    8   -6  -16   -6   12  -10    7  -11    2   15   12   12   11   13   -6   -5    9
    1    7    9    1    1    2    1    1      1319    2   10   -7  -15  -12   13   -9    6  -11    3   19   11   12   11    4   -9   -7    9
    1    7   10    1    3    2    3    1      2867  -11  -14    1    3   -2   -8   -7  -11   -7   21   10   -9    3   16    8   15    2    0
    1    7   11    1    3    1    3    1       770  -10  -11    2    8   -3   -9   -8  -13   -1   15   14   -8    6    9   11   14   -2   -2
    1    7   12    1    3    4    3    1       660  -11  -11    2    7   -3   -9   -8  -14    0   16   13   -9    3   16    9   15    2    1
    1    7   13    1    1    1    1    1      1051    3    8   -7  -14   -7   15   -9    3   -7    0   12   11    9    6   -2   -9   -8   10
    1    7   14    1    3    3    3    1       850   -9   -9    3    7    3  -11   -8  -13    2   13   12   -9    0   17   12   12    3    2
    1    7   15    1    2    4    2    1      1601   -9    5   14    0  -12   -1   -9   15   -5    1   11  -12   10   -3    1  -16  -10    7
    1    8    1    1    3    3    3    1       611   -9   -9    3    7    3  -11   -8  -13    2   13   12   -9    0   17   12   12    3    2
    1    8    2    1    2    1    2    1       987  -15   20   16    1  -16    1   -8   16   -3    0    6  -14   19   -8   10  -17   -3   12
    1    8    3    1    2    2    2    1       645   -5   11   13    0  -14    0   -8   16   -6    0    8  -14    7   -2    4  -14   -6   14
    1    8    4    1    1    2    1    1       508    2   10   -7  -15  -12   13   -9    6  -11    3   19   11   12   11    4   -9   -7    9
    1    8    5    1    3    4    3    1       602  -11  -11    2    7   -3   -9   -8  -14    0   16   13   -9    3   16    9   15    2    1
    1    8    6    1    2    5    2    1       643   -5   12   14   -3  -15   -2   -7   16   -8    0    2  -22    1   -2    8  -14   -3   13
    1    8    7    1    1    4    1    1       986   10   17   -6  -11   -8   17  -10    6   -7    4   15    8   13   10    7  -10   -9    9
    1    8    8    1    3    5    2    0       580   -6  -17    3    4    0   -8   -9  -13  -10   10   11  -10    4   13    9   13    0    3
    1    8    9    1    3    1    3    1       542  -10  -11    2    8   -3   -9   -8  -13   -1   15   14   -8    6    9   11   14   -2   -2
    1    8   10    1    2    3    2    1       810   -4    8   14   -3  -18   -1  -10   20   -6    0   11  -17    5    0    5  -10   -3   12
    1    8   11    1    3    2    3    1       827  -11  -14    1    3   -2   -8   -7  -11   -7   21   10   -9    3   16    8   15    2    0
    1    8   12    1    1    3    1    1       507    3    8   -6  -16   -6   12  -10    7  -11    2   15   12   12   11   13   -6   -5    9
    1    8   13    1    1    5    1    1      1176    1    6   -4  -15   -4   10   -8    3  -13    3    9    4   13    9    4   -6   -6    8
    1    8   14    1    1    1    1    1       986    3    8   -7  -14   -7   15   -9    3   -7    0   12   11    9    6   -2   -9   -8   10
    1    8   15    1    2    4    2    1      3044   -9    5   14    0  -12   -1   -9   15   -5    1   11  -12   10   -3    1  -16  -10    7
    1    9    1    1    1    3    1    1       699    3    8   -6  -16   -6   12  -10    7  -11    2   15   12   12   11   13   -6   -5    9
    1    9    2    1    1    5    1    1       800    1    6   -4  -15   -4   10   -8    3  -13    3    9    4   13    9    4   -6   -6    8
    1    9    3    1    3    3    3    1       754   -9   -9    3    7    3  -11   -8  -13    2   13   12   -9    0   17   12   12    3    2
    1    9    4    1    1    4    1    1       853   10   17   -6  -11   -8   17  -10    6   -7    4   15    8   13   10    7  -10   -9    9
    1    9    5    1    3    1    3    1       628  -10  -11    2    8   -3   -9   -8  -13   -1   15   14   -8    6    9   11   14   -2   -2
    1    9    6    1    1    2    1    1       508    2   10   -7  -15  -12   13   -9    6  -11    3   19   11   12   11    4   -9   -7    9
    1    9    7    1    3    4    3    1       729  -11  -11    2    7   -3   -9   -8  -14    0   16   13   -9    3   16    9   15    2    1
    1    9    8    1    3    2    3    1       605  -11  -14    1    3   -2   -8   -7  -11   -7   21   10   -9    3   16    8   15    2    0
    1    9    9    1    2    2    2    1      1638   -5   11   13    0  -14    0   -8   16   -6    0    8  -14    7   -2    4  -14   -6   14
    1    9   10    1    3    5    3    1       710   -6  -17    3    4    0   -8   -9  -13  -10   10   11  -10    4   13    9   13    0    3
    1    9   11    1    1    1    1    1       891    3    8   -7  -14   -7   15   -9    3   -7    0   12   11    9    6   -2   -9   -8   10
    1    9   12    1    2    1    2    1       761  -15   20   16    1  -16    1   -8   16   -3    0    6  -14   19   -8   10  -17   -3   12
    1    9   13    1    2    5    2    1      3211   -5   12   14   -3  -15   -2   -7   16   -8    0    2  -22    1   -2    8  -14   -3   13
    1    9   14    1    2    3    2    1       780   -4    8   14   -3  -18   -1  -10   20   -6    0   11  -17    5    0    5  -10   -3   12
    1    9   15    1    2    4    2    1      2446   -9    5   14    0  -12   -1   -9   15   -5    1   11  -12   10   -3    1  -16  -10    7
    1   10    1    1    1    3    1    1       893    3    8   -6  -16   -6   12  -10    7  -11    2   15   12   12   11   13   -6   -5    9
    1   10    2    1    3    4    3    1       811  -11  -11    2    7   -3   -9   -8  -14    0   16   13   -9    3   16    9   15    2    1
    1   10    3    1    2    2    2    1       907   -5   11   13    0  -14    0   -8   16   -6    0    8  -14    7   -2    4  -14   -6   14
    1   10    4    1    1    2    1    1       504    2   10   -7  -15  -12   13   -9    6  -11    3   19   11   12   11    4   -9   -7    9
    1   10    5    1    1    1    1    1      1094    3    8   -7  -14   -7   15   -9    3   -7    0   12   11    9    6   -2   -9   -8   10
    1   10    6    1    1    5    1    1       651    1    6   -4  -15   -4   10   -8    3  -13    3    9    4   13    9    4   -6   -6    8
    1   10    7    1    3    1    3    1       658  -10  -11    2    8   -3   -9   -8  -13   -1   15   14   -8    6    9   11   14   -2   -2
    1   10    8    1    3    2    3    1       697  -11  -14    1    3   -2   -8   -7  -11   -7   21   10   -9    3   16    8   15    2    0
    1   10    9    1    3    3    3    1       575   -9   -9    3    7    3  -11   -8  -13    2   13   12   -9    0   17   12   12    3    2
    1   10   10    1    1    4    1    1       745   10   17   -6  -11   -8   17  -10    6   -7    4   15    8   13   10    7  -10   -9    9
    1   10   11    1    2    5    3    0      1165   -5   12   14   -3  -15   -2   -7   16   -8    0    2  -22    1   -2    8  -14   -3   13
    1   10   12    1    3    5    2    0      1423   -6  -17    3    4    0   -8   -9  -13  -10   10   11  -10    4   13    9   13    0    3
    1   10   13    1    2    1    2    1      1496  -15   20   16    1  -16    1   -8   16   -3    0    6  -14   19   -8   10  -17   -3   12
    1   10   14    1    2    3    2    1      2653   -4    8   14   -3  -18   -1  -10   20   -6    0   11  -17    5    0    5  -10   -3   12
    1   10   15    1    2    4    1    0      1492   -9    5   14    0  -12   -1   -9   15   -5    1   11  -12   10   -3    1  -16  -10    7
    1   11    1    1    2    3    2    1      1914   -4    8   14   -3  -18   -1  -10   20   -6    0   11  -17    5    0    5  -10   -3   12
    1   11    2    1    3    1    3    1       655  -10  -11    2    8   -3   -9   -8  -13   -1   15   14   -8    6    9   11   14   -2   -2
    1   11    3    1    1    3    1    1      1046    3    8   -6  -16   -6   12  -10    7  -11    2   15   12   12   11   13   -6   -5    9
    1   11    4    1    1    1    1    1       909    3    8   -7  -14   -7   15   -9    3   -7    0   12   11    9    6   -2   -9   -8   10
    1   11    5    1    1    5    1    1       666    1    6   -4  -15   -4   10   -8    3  -13    3    9    4   13    9    4   -6   -6    8
    1   11    6    1    1    2    1    1       545    2   10   -7  -15  -12   13   -9    6  -11    3   19   11   12   11    4   -9   -7    9
    1   11    7    1    2    5    3    0      3452   -5   12   14   -3  -15   -2   -7   16   -8    0    2  -22    1   -2    8  -14   -3   13
    1   11    8    1    3    5    3    1       547   -6  -17    3    4    0   -8   -9  -13  -10   10   11  -10    4   13    9   13    0    3
    1   11    9    1    3    2    3    1       990  -11  -14    1    3   -2   -8   -7  -11   -7   21   10   -9    3   16    8   15    2    0
    1   11   10    1    3    3    2    0       648   -9   -9    3    7    3  -11   -8  -13    2   13   12   -9    0   17   12   12    3    2
    1   11   11    1    2    4    2    1       975   -9    5   14    0  -12   -1   -9   15   -5    1   11  -12   10   -3    1  -16  -10    7
    1   11   12    1    2    2    2    1      1754   -5   11   13    0  -14    0   -8   16   -6    0    8  -14    7   -2    4  -14   -6   14
    1   11   13    1    1    4    1    1      1061   10   17   -6  -11   -8   17  -10    6   -7    4   15    8   13   10    7  -10   -9    9
    1   11   14    1    3    4    3    1       764  -11  -11    2    7   -3   -9   -8  -14    0   16   13   -9    3   16    9   15    2    1
    1   11   15    1    2    1    2    1      1182  -15   20   16    1  -16    1   -8   16   -3    0    6  -14   19   -8   10  -17   -3   12
    1   12    1    1    1    2    1    1       576    2   10   -7  -15  -12   13   -9    6  -11    3   19   11   12   11    4   -9   -7    9
    1   12    2    1    3    3    3    1       586   -9   -9    3    7    3  -11   -8  -13    2   13   12   -9    0   17   12   12    3    2
    1   12    3    1    1    1    1    1      1028    3    8   -7  -14   -7   15   -9    3   -7    0   12   11    9    6   -2   -9   -8   10
    1   12    4    1    2    3    2    1      1676   -4    8   14   -3  -18   -1  -10   20   -6    0   11  -17    5    0    5  -10   -3   12
    1   12    5    1    2    1    2    1      1450  -15   20   16    1  -16    1   -8   16   -3    0    6  -14   19   -8   10  -17   -3   12
    1   12    6    1    3    4    3    1       625  -11  -11    2    7   -3   -9   -8  -14    0   16   13   -9    3   16    9   15    2    1
    1   12    7    1    3    1    3    1       490  -10  -11    2    8   -3   -9   -8  -13   -1   15   14   -8    6    9   11   14   -2   -2
    1   12    8    1    1    3    1    1       664    3    8   -6  -16   -6   12  -10    7  -11    2   15   12   12   11   13   -6   -5    9
    1   12    9    1    3    5    3    1      1534   -6  -17    3    4    0   -8   -9  -13  -10   10   11  -10    4   13    9   13    0    3
    1   12   10    1    1    4    1    1      1026   10   17   -6  -11   -8   17  -10    6   -7    4   15    8   13   10    7  -10   -9    9
    1   12   11    1    2    4    2    1       890   -9    5   14    0  -12   -1   -9   15   -5    1   11  -12   10   -3    1  -16  -10    7
    1   12   12    1    2    5    2    1      5064   -5   12   14   -3  -15   -2   -7   16   -8    0    2  -22    1   -2    8  -14   -3   13
    1   12   13    1    3    2    3    1       975  -11  -14    1    3   -2   -8   -7  -11   -7   21   10   -9    3   16    8   15    2    0
    1   12   14    1    1    5    1    1      1225    1    6   -4  -15   -4   10   -8    3  -13    3    9    4   13    9    4   -6   -6    8
    1   12   15    1    2    2    2    1      1162   -5   11   13    0  -14    0   -8   16   -6    0    8  -14    7   -2    4  -14   -6   14
    1   13    1    1    2    1    2    1       957  -15   20   16    1  -16    1   -8   16   -3    0    6  -14   19   -8   10  -17   -3   12
    1   13    2    1    3    2    3    1      1288  -11  -14    1    3   -2   -8   -7  -11   -7   21   10   -9    3   16    8   15    2    0
    1   13    3    1    2    4    2    1      1462   -9    5   14    0  -12   -1   -9   15   -5    1   11  -12   10   -3    1  -16  -10    7
    1   13    4    1    3    5    3    1       700   -6  -17    3    4    0   -8   -9  -13  -10   10   11  -10    4   13    9   13    0    3
    1   13    5    1    1    4    1    1      1330   10   17   -6  -11   -8   17  -10    6   -7    4   15    8   13   10    7  -10   -9    9
    1   13    6    1    1    1    1    1      3885    3    8   -7  -14   -7   15   -9    3   -7    0   12   11    9    6   -2   -9   -8   10
    1   13    7    1    3    1    3    1       819  -10  -11    2    8   -3   -9   -8  -13   -1   15   14   -8    6    9   11   14   -2   -2
    1   13    8    1    3    3    3    1       644   -9   -9    3    7    3  -11   -8  -13    2   13   12   -9    0   17   12   12    3    2
    1   13    9    1    1    5    1    1       683    1    6   -4  -15   -4   10   -8    3  -13    3    9    4   13    9    4   -6   -6    8
    1   13   10    1    3    4    3    1       529  -11  -11    2    7   -3   -9   -8  -14    0   16   13   -9    3   16    9   15    2    1
    1   13   11    1    2    2    2    1       509   -5   11   13    0  -14    0   -8   16   -6    0    8  -14    7   -2    4  -14   -6   14
    1   13   12    1    2    3    2    1      1386   -4    8   14   -3  -18   -1  -10   20   -6    0   11  -17    5    0    5  -10   -3   12
    1   13   13    1    1    2    1    1      1412    2   10   -7  -15  -12   13   -9    6  -11    3   19   11   12   11    4   -9   -7    9
    1   13   14    1    2    5    2    1      1132   -5   12   14   -3  -15   -2   -7   16   -8    0    2  -22    1   -2    8  -14   -3   13
    1   13   15    1    1    3    1    1       720    3    8   -6  -16   -6   12  -10    7  -11    2   15   12   12   11   13   -6   -5    9
    1   14    1    1    3    3    3    1       565   -9   -9    3    7    3  -11   -8  -13    2   13   12   -9    0   17   12   12    3    2
    1   14    2    1    3    1    3    1       799  -10  -11    2    8   -3   -9   -8  -13   -1   15   14   -8    6    9   11   14   -2   -2
    1   14    3    1    2    1    2    1       864  -15   20   16    1  -16    1   -8   16   -3    0    6  -14   19   -8   10  -17   -3   12
    1   14    4    1    2    2    2    1       895   -5   11   13    0  -14    0   -8   16   -6    0    8  -14    7   -2    4  -14   -6   14
    1   14    5    1    3    2    3    1      1516  -11  -14    1    3   -2   -8   -7  -11   -7   21   10   -9    3   16    8   15    2    0
    1   14    6    1    1    2    1    1       513    2   10   -7  -15  -12   13   -9    6  -11    3   19   11   12   11    4   -9   -7    9
    1   14    7    1    2    5    2    1      1310   -5   12   14   -3  -15   -2   -7   16   -8    0    2  -22    1   -2    8  -14   -3   13
    1   14    8    1    1    4    1    1       874   10   17   -6  -11   -8   17  -10    6   -7    4   15    8   13   10    7  -10   -9    9
    1   14    9    1    3    5    3    1      1529   -6  -17    3    4    0   -8   -9  -13  -10   10   11  -10    4   13    9   13    0    3
    1   14   10    1    1    3    1    1      1965    3    8   -6  -16   -6   12  -10    7  -11    2   15   12   12   11   13   -6   -5    9
    1   14   11    1    3    4    3    1       911  -11  -11    2    7   -3   -9   -8  -14    0   16   13   -9    3   16    9   15    2    1
    1   14   12    1    1    1    1    1      1292    3    8   -7  -14   -7   15   -9    3   -7    0   12   11    9    6   -2   -9   -8   10
    1   14   13    1    2    3    2    1      1386   -4    8   14   -3  -18   -1  -10   20   -6    0   11  -17    5    0    5  -10   -3   12
    1   14   14    1    1    5    1    1       836    1    6   -4  -15   -4   10   -8    3  -13    3    9    4   13    9    4   -6   -6    8
    1   14   15    1    2    4    2    1       644   -9    5   14    0  -12   -1   -9   15   -5    1   11  -12   10   -3    1  -16  -10    7
    1   15    1    1    3    2    3    1       411  -11  -14    1    3   -2   -8   -7  -11   -7   21   10   -9    3   16    8   15    2    0
    1   15    2    1    3    5    3    1      1707   -6  -17    3    4    0   -8   -9  -13  -10   10   11  -10    4   13    9   13    0    3
    1   15    3    1    2    5    3    0       889   -5   12   14   -3  -15   -2   -7   16   -8    0    2  -22    1   -2    8  -14   -3   13
    1   15    4    1    1    2    1    1       551    2   10   -7  -15  -12   13   -9    6  -11    3   19   11   12   11    4   -9   -7    9
    1   15    5    1    3    4    3    1       658  -11  -11    2    7   -3   -9   -8  -14    0   16   13   -9    3   16    9   15    2    1
    1   15    6    1    1    1    1    1      1145    3    8   -7  -14   -7   15   -9    3   -7    0   12   11    9    6   -2   -9   -8   10
    1   15    7    1    1    3    1    1      1069    3    8   -6  -16   -6   12  -10    7  -11    2   15   12   12   11   13   -6   -5    9
    1   15    8    1    3    3    3    1       643   -9   -9    3    7    3  -11   -8  -13    2   13   12   -9    0   17   12   12    3    2
    1   15    9    1    3    1    3    1       586  -10  -11    2    8   -3   -9   -8  -13   -1   15   14   -8    6    9   11   14   -2   -2
    1   15   10    1    2    2    2    1      1460   -5   11   13    0  -14    0   -8   16   -6    0    8  -14    7   -2    4  -14   -6   14
    1   15   11    1    1    4    1    1       635   10   17   -6  -11   -8   17  -10    6   -7    4   15    8   13   10    7  -10   -9    9
    1   15   12    1    1    5    1    1       627    1    6   -4  -15   -4   10   -8    3  -13    3    9    4   13    9    4   -6   -6    8
    1   15   13    1    2    3    2    1      1419   -4    8   14   -3  -18   -1  -10   20   -6    0   11  -17    5    0    5  -10   -3   12
    1   15   14    1    2    4    2    1       947   -9    5   14    0  -12   -1   -9   15   -5    1   11  -12   10   -3    1  -16  -10    7
    1   15   15    1    2    1    2    1       975  -15   20   16    1  -16    1   -8   16   -3    0    6  -14   19   -8   10  -17   -3   12
    2    1    1    1    2    4    1    1      2878   -9    5   14    0  -12   -1   -9   15   -5    1   11  -12   10   -3    1  -16  -10    7
    2    1    2    4    1    5    2    1      3628    3    7   -5  -15   -7   17   -9    5  -13    5   14    8   11   10    3  -11   -9    8
    2    1    3    1    3    5    2    0      2604   -6  -17    3    4    0   -8   -9  -13  -10   10   11  -10    4   13    9   13    0    3
    2    1    4    1    1    1    1    1      1477    3    8   -7  -14   -7   15   -9    3   -7    0   12   11    9    6   -2   -9   -8   10
    2    1    5    4    1    2    2    1      2123    3    7   -5  -15  -11   18   -6    7  -11    4   11   12   12    9    3  -18   -7   10
    2    1    6    1    1    4    2    0      3080   10   17   -6  -11   -8   17  -10    6   -7    4   15    8   13   10    7  -10   -9    9
    2    1    7    6    0    0    2    1      1790   -6   -5    1    0   20   10    0   -9  -14   -4   -4    8   11    7   -6   14    5    0
    2    1    8    4    3    5    2    1      1928  -10  -10    0    8   -2  -10    2   -8    0   14   10  -11    2   16    9   16   -4   -4
    2    1    9    1    1    3    1    1      1291    3    8   -6  -16   -6   12  -10    7  -11    2   15   12   12   11   13   -6   -5    9
    2    1   10    6    0    0    2    1      1305   -5  -14    4  -11    9   -3    6    2   17    6  -16    8  -11   12  -10  -13   12   -3
    2    1   11    6    0    0    2    1      1015  -11   -6    0    3   14   15   -1  -11  -13   -5   -6    7   12    6  -10   14   12    2
    2    1   12    4    1    4    2    1       831   -7    9   -6  -19   -2    9  -11    6  -17   13   13    9   10    8    6  -13  -13    8
    2    1   13    1    3    3    1    1      1167   -9   -9    3    7    3  -11   -8  -13    2   13   12   -9    0   17   12   12    3    2
    2    1   14    6    0    0    2    1       930   -4  -16    5   -6    7   -4    2    7   14    6  -11    5  -13   12   -9  -11   11  -11
    2    1   15    4    2    1    2    1      1870   -7   11   13    1  -13    0   -6   14   -7    1    9  -17    9   -5    5  -11   -3   12
    2    1   16    6    0    0    2    1       772    6   12   -4    9   -1  -15   23    2   16   15   14   -8    5  -15   16    6    9  -13
    2    1   17    4    3    3    2    1       999   -8  -17    1    6   -2  -10   -6  -15    1   16   13   -6    3   13    4    6    3    2
    2    1   18    1    2    1    1    1      1040  -15   20   16    1  -16    1   -8   16   -3    0    6  -14   19   -8   10  -17   -3   12
    2    1   19    1    3    1    1    1      1000  -10  -11    2    8   -3   -9   -8  -13   -1   15   14   -8    6    9   11   14   -2   -2
    2    1   20    1    3    2    1    1      1137  -11  -14    1    3   -2   -8   -7  -11   -7   21   10   -9    3   16    8   15    2    0
    2    1   21    2    2    0    2    1      2677   -6   13   14   -1  -14    1   -7   15   -6    1    7  -15    9   -4    6  -12   -4   12
    2    1   22    1    1    5    1    1      1147    1    6   -4  -15   -4   10   -8    3  -13    3    9    4   13    9    4   -6   -6    8
    2    1   23    1    3    4    1    1      1086  -11  -11    2    7   -3   -9   -8  -14    0   16   13   -9    3   16    9   15    2    1
    2    1   24    4    1    1    2    1      2132    1    9   -7  -15   -8   15  -16    2  -11    3   13   -1   11   10    4  -13   -5   10
    2    1   25    1    2    5    1    1      1776   -5   12   14   -3  -15   -2   -7   16   -8    0    2  -22    1   -2    8  -14   -3   13
    2    1   26    4    3    4    2    1      2026   -9  -10   -2    9   -1   -8   -5  -12   -2   16   16  -13    7   19    9   16    5    2
    2    1   27    4    3    1    2    1      2218  -11  -14    2    8    0   -9   -5  -13  -10   15   11   -7    4   15   10   13    8    9
    2    1   28    1    2    2    2    0      1315   -5   11   13    0  -14    0   -8   16   -6    0    8  -14    7   -2    4  -14   -6   14
    2    1   29    4    2    3    2    1       911   -4   14   14    0  -13    0   -8   14   -4    3    5  -15    4   -4   11   -9   -3   11
    2    1   30    4    3    2    2    1      2876   -9  -10   10    5   -3  -10   -7  -11   -2   16   13   -6    2   15   12   15    7    3
    2    1   31    4    2    4    2    1       858   -7   13   12   -1  -10   -2   -7   16   -1    5    8  -17    7   -5    5  -12   -3   12
    2    1   32    1    2    3    1    1      1017   -4    8   14   -3  -18   -1  -10   20   -6    0   11  -17    5    0    5  -10   -3   12
    2    1   33    2    1    0    1    0      2289    2    8   -6  -15   -7   14   -9    4  -12    4   14    9   12   10    5  -10   -7    8
    2    1   34    2    3    0    1    0       807  -11  -12    1    7   -2   -9   -7  -13    0   15   12   -8    3   15   10   14    4    1
    2    1   35    4    1    3    2    1       889    1   10   -5  -13   -6   23   -8    3  -13    5   15   11   11   10    5   -9   -5    6
    2    1   36    4    2    5    2    1       855   -6   12   15   -1  -15    2    0   16   -8    0   11  -13    5   -2    4   -8   -3   11
    2    1   37    1    1    2    1    1      1190    2   10   -7  -15  -12   13   -9    6  -11    3   19   11   12   11    4   -9   -7    9
    2    1   38    6    0    0    2    1      1320    7    2  -10    4    1  -14   13    0   16   14   17   -8    6  -15   15    5   13  -13
    2    1   39    4    2    2    2    1      2356   -7   15   16    0  -14    3   -8   13   -5    3   13   -9   15   -8    8  -11   -3   12
