    1    1    1    1    1    2    1    1      5591   -5  -14   12    5    6   11  -14    9    8   -2  -16    3   -9   16    0   12   -7    0
    1    1    2    1    1    4    2    0      1091    4   -9   13    4    5    2   -5    7   15   -8  -16   -4   -5   15    0   10   -6   -5
    1    1    3    1    3    5    2    0      1193   11   16   14   -3  -13   -3   19    7   15  -11   -3  -10  -20   -1   20    1   13   19
    1    1    4    1    2    5    2    1      2411    0   12    1   -9    3    2   10   -8    5    5   -9   -5    5   -4   -7   -4   -1    3
    1    1    5    1    3    1    2    0      2924   12   20   13   -1  -20  -10    9   10   20  -16   -1   -6  -12   -7   11    0   13   14
    1    1    6    1    2    2    2    1      1209    0   11   -3  -11    0    6    7  -14    4   -2   -8    5   11   -8   -9   -1  -12   11
    1    1    7    1    2    3    1    0      1851   -2   14    3  -11    1    3    9   -8    4    6   -3    6    1    0   -6   -7    6    1
    1    1    8    1    1    5    1    1      1554    2   -8   13    6    9   10   -4    5   12   -6  -12   -8   -5   12    1   14   -6   -1
    1    1    9    1    3    2    3    1      1749   10   11   13   -2  -14   -2    8    8   15  -10   -2  -11  -14  -10   16   -6   14   16
    1    1   10    1    3    4    2    0       705    8   11   18   -3  -16   -6   10    9   17  -12   -2  -11  -16   -9   13   -8   13   23
    1    1   11    1    2    4    3    0      2086    3   12    0   -8    6    1   10  -10    5    8   -6    3    7   -6   -6  -15   -4    2
    1    1   12    1    1    1    1    1       709    5  -12   15    6    5    6   -5    8   13   -5  -14   -7   -2   12    0   10   -6   -4
    1    1   13    1    2    1    2    1      3834    1   11    2   -7    4    5    9   -8    2    8   -9    6    3   -5   -8   -4   -5    1
    1    1   14    1    1    3    3    0      1218    4   -9   13    7   10   11   -3    7   13   -6  -15   -6  -14   17    3    7   -6   -1
    1    1   15    1    3    3    3    1       834   10   13   17    3  -13   -4   12    9   18  -11   -4  -10  -13  -11   17   -1   16   13
    1    2    1    1    2    3    2    1       691   -2   14    3  -11    1    3    9   -8    4    6   -3    6    1    0   -6   -7    6    1
    1    2    2    1    2    5    2    1      1529    0   12    1   -9    3    2   10   -8    5    5   -9   -5    5   -4   -7   -4   -1    3
    1    2    3    1    3    3    3    1       765   10   13   17    3  -13   -4   12    9   18  -11   -4  -10  -13  -11   17   -1   16   13
    1    2    4    1    2    4    2    1      1984    3   12    0   -8    6    1   10  -10    5    8   -6    3    7   -6   -6  -15   -4    2
    1    2    5    1    1    1    1    1       546    5  -12   15    6    5    6   -5    8   13   -5  -14   -7   -2   12    0   10   -6   -4
    1    2    6    1    3    5    3    1      2638   11   16   14   -3  -13   -3   19    7   15  -11   -3  -10  -20   -1   20    1   13   19
    1    2    7    1    3    2    3    1       998   10   11   13   -2  -14   -2    8    8   15  -10   -2  -11  -14  -10   16   -6   14   16
    1    2    8    1    1    4    1    1      1024    4   -9   13    4    5    2   -5    7   15   -8  -16   -4   -5   15    0   10   -6   -5
    1    2    9    1    1    5    1    1       840    2   -8   13    6    9   10   -4    5   12   -6  -12   -8   -5   12    1   14   -6   -1
    1    2   10    1    3    1    2    0       729   12   20   13   -1  -20  -10    9   10   20  -16   -1   -6  -12   -7   11    0   13   14
    1    2   11    1    1    3    1    1       653    4   -9   13    7   10   11   -3    7   13   -6  -15   -6  -14   17    3    7   -6   -1
    1    2   12    1    2    1    2    1       597    1   11    2   -7    4    5    9   -8    2    8   -9    6    3   -5   -8   -4   -5    1
    1    2   13    1    2    2    3    0      2095    0   11   -3  -11    0    6    7  -14    4   -2   -8    5   11   -8   -9   -1  -12   11
    1    2   14    1    1    2    3    0      2845   -5  -14   12    5    6   11  -14    9    8   -2  -16    3   -9   16    0   12   -7    0
    1    2   15    1    3    4    3    1       941    8   11   18   -3  -16   -6   10    9   17  -12   -2  -11  -16   -9   13   -8   13   23
    1    3    1    1    1    5    1    1       729    2   -8   13    6    9   10   -4    5   12   -6  -12   -8   -5   12    1   14   -6   -1
    1    3    2    1    1    2    1    1      2894   -5  -14   12    5    6   11  -14    9    8   -2  -16    3   -9   16    0   12   -7    0
    1    3    3    1    2    3    2    1       732   -2   14    3  -11    1    3    9   -8    4    6   -3    6    1    0   -6   -7    6    1
    1    3    4    1    2    4    2    1      2080    3   12    0   -8    6    1   10  -10    5    8   -6    3    7   -6   -6  -15   -4    2
    1    3    5    1    3    5    3    1       895   11   16   14   -3  -13   -3   19    7   15  -11   -3  -10  -20   -1   20    1   13   19
    1    3    6    1    2    2    2    1      3885    0   11   -3  -11    0    6    7  -14    4   -2   -8    5   11   -8   -9   -1  -12   11
    1    3    7    1    3    1    2    0      2387   12   20   13   -1  -20  -10    9   10   20  -16   -1   -6  -12   -7   11    0   13   14
    1    3    8    1    1    1    1    1       805    5  -12   15    6    5    6   -5    8   13   -5  -14   -7   -2   12    0   10   -6   -4
    1    3    9    1    2    5    2    1       630    0   12    1   -9    3    2   10   -8    5    5   -9   -5    5   -4   -7   -4   -1    3
    1    3   10    1    3    4    3    1       639    8   11   18   -3  -16   -6   10    9   17  -12   -2  -11  -16   -9   13   -8   13   23
    1    3   11    1    1    4    1    1      1271    4   -9   13    4    5    2   -5    7   15   -8  -16   -4   -5   15    0   10   -6   -5
    1    3   12    1    3    3    3    1       598   10   13   17    3  -13   -4   12    9   18  -11   -4  -10  -13  -11   17   -1   16   13
    1    3   13    1    1    3    1    1      1263    4   -9   13    7   10   11   -3    7   13   -6  -15   -6  -14   17    3    7   -6   -1
    1    3   14    1    3    2    3    1       751   10   11   13   -2  -14   -2    8    8   15  -10   -2  -11  -14  -10   16   -6   14   16
    1    3   15    1    2    1    2    1       642    1   11    2   -7    4    5    9   -8    2    8   -9    6    3   -5   -8   -4   -5    1
    1    4    1    1    3    1    3    1      2618   12   20   13   -1  -20  -10    9   10   20  -16   -1   -6  -12   -7   11    0   13   14
    1    4    2    1    1    1    1    1       595    5  -12   15    6    5    6   -5    8   13   -5  -14   -7   -2   12    0   10   -6   -4
    1    4    3    1    1    3    1    1      2573    4   -9   13    7   10   11   -3    7   13   -6  -15   -6  -14   17    3    7   -6   -1
    1    4    4    1    2    4    2    1       600    3   12    0   -8    6    1   10  -10    5    8   -6    3    7   -6   -6  -15   -4    2
    1    4    5    1    3    3    3    1       513   10   13   17    3  -13   -4   12    9   18  -11   -4  -10  -13  -11   17   -1   16   13
    1    4    6    1    3    5    3    1       975   11   16   14   -3  -13   -3   19    7   15  -11   -3  -10  -20   -1   20    1   13   19
    1    4    7    1    2    2    2    1       585    0   11   -3  -11    0    6    7  -14    4   -2   -8    5   11   -8   -9   -1  -12   11
    1    4    8    1    3    2    3    1       803   10   11   13   -2  -14   -2    8    8   15  -10   -2  -11  -14  -10   16   -6   14   16
    1    4    9    1    1    2    1    1       821   -5  -14   12    5    6   11  -14    9    8   -2  -16    3   -9   16    0   12   -7    0
    1    4   10    1    2    1    2    1       533    1   11    2   -7    4    5    9   -8    2    8   -9    6    3   -5   -8   -4   -5    1
    1    4   11    1    1    5    1    1       754    2   -8   13    6    9   10   -4    5   12   -6  -12   -8   -5   12    1   14   -6   -1
    1    4   12    1    1    4    1    1      1125    4   -9   13    4    5    2   -5    7   15   -8  -16   -4   -5   15    0   10   -6   -5
    1    4   13    1    2    5    2    1       650    0   12    1   -9    3    2   10   -8    5    5   -9   -5    5   -4   -7   -4   -1    3
    1    4   14    1    2    3    2    1      1025   -2   14    3  -11    1    3    9   -8    4    6   -3    6    1    0   -6   -7    6    1
    1    4   15    1    3    4    3    1       426    8   11   18   -3  -16   -6   10    9   17  -12   -2  -11  -16   -9   13   -8   13   23
    1    5    1    1    1    5    1    1       506    2   -8   13    6    9   10   -4    5   12   -6  -12   -8   -5   12    1   14   -6   -1
    1    5    2    1    3    1    3    1       536   12   20   13   -1  -20  -10    9   10   20  -16   -1   -6  -12   -7   11    0   13   14
    1    5    3    1    3    3    3    1       660   10   13   17    3  -13   -4   12    9   18  -11   -4  -10  -13  -11   17   -1   16   13
    1    5    4    1    1    1    1    1       667    5  -12   15    6    5    6   -5    8   13   -5  -14   -7   -2   12    0   10   -6   -4
    1    5    5    1    2    1    2    1       370    1   11    2   -7    4    5    9   -8    2    8   -9    6    3   -5   -8   -4   -5    1
    1    5    6    1    2    4    2    1       548    3   12    0   -8    6    1   10  -10    5    8   -6    3    7   -6   -6  -15   -4    2
    1    5    7    1    3    4    3    1       384    8   11   18   -3  -16   -6   10    9   17  -12   -2  -11  -16   -9   13   -8   13   23
    1    5    8    1    2    3    2    1       594   -2   14    3  -11    1    3    9   -8    4    6   -3    6    1    0   -6   -7    6    1
    1    5    9    1    1    2    1    1       636   -5  -14   12    5    6   11  -14    9    8   -2  -16    3   -9   16    0   12   -7    0
    1    5   10    1    2    2    2    1       676    0   11   -3  -11    0    6    7  -14    4   -2   -8    5   11   -8   -9   -1  -12   11
    1    5   11    1    2    5    2    1       587    0   12    1   -9    3    2   10   -8    5    5   -9   -5    5   -4   -7   -4   -1    3
    1    5   12    1    3    2    3    1       981   10   11   13   -2  -14   -2    8    8   15  -10   -2  -11  -14  -10   16   -6   14   16
    1    5   13    1    1    4    1    1       831    4   -9   13    4    5    2   -5    7   15   -8  -16   -4   -5   15    0   10   -6   -5
    1    5   14    1    3    5    3    1       767   11   16   14   -3  -13   -3   19    7   15  -11   -3  -10  -20   -1   20    1   13   19
    1    5   15    1    1    3    1    1       690    4   -9   13    7   10   11   -3    7   13   -6  -15   -6  -14   17    3    7   -6   -1
    1    6    1    1    3    5    3    1      1448   11   16   14   -3  -13   -3   19    7   15  -11   -3  -10  -20   -1   20    1   13   19
    1    6    2    1    2    1    2    1       415    1   11    2   -7    4    5    9   -8    2    8   -9    6    3   -5   -8   -4   -5    1
    1    6    3    1    1    2    1    1       976   -5  -14   12    5    6   11  -14    9    8   -2  -16    3   -9   16    0   12   -7    0
    1    6    4    1    1    5    1    1       747    2   -8   13    6    9   10   -4    5   12   -6  -12   -8   -5   12    1   14   -6   -1
    1    6    5    1    1    3    1    1      1007    4   -9   13    7   10   11   -3    7   13   -6  -15   -6  -14   17    3    7   -6   -1
    1    6    6    1    1    1    1    1       744    5  -12   15    6    5    6   -5    8   13   -5  -14   -7   -2   12    0   10   -6   -4
    1    6    7    1    2    4    2    1       556    3   12    0   -8    6    1   10  -10    5    8   -6    3    7   -6   -6  -15   -4    2
    1    6    8    1    3    1    3    1       744   12   20   13   -1  -20  -10    9   10   20  -16   -1   -6  -12   -7   11    0   13   14
    1    6    9    1    3    4    3    1      1164    8   11   18   -3  -16   -6   10    9   17  -12   -2  -11  -16   -9   13   -8   13   23
    1    6   10    1    3    2    3    1       671   10   11   13   -2  -14   -2    8    8   15  -10   -2  -11  -14  -10   16   -6   14   16
    1    6   11    1    1    4    1    1      1046    4   -9   13    4    5    2   -5    7   15   -8  -16   -4   -5   15    0   10   -6   -5
    1    6   12    1    3    3    3    1       462   10   13   17    3  -13   -4   12    9   18  -11   -4  -10  -13  -11   17   -1   16   13
    1    6   13    1    2    5    2    1       557    0   12    1   -9    3    2   10   -8    5    5   -9   -5    5   -4   -7   -4   -1    3
    1    6   14    1    2    2    2    1      1337    0   11   -3  -11    0    6    7  -14    4   -2   -8    5   11   -8   -9   -1  -12   11
    1    6   15    1    2    3    2    1       549   -2   14    3  -11    1    3    9   -8    4    6   -3    6    1    0   -6   -7    6    1
    1    7    1    1    2    5    2    1       608    0   12    1   -9    3    2   10   -8    5    5   -9   -5    5   -4   -7   -4   -1    3
    1    7    2    1    3    5    3    1      1546   11   16   14   -3  -13   -3   19    7   15  -11   -3  -10  -20   -1   20    1   13   19
    1    7    3    1    1    5    1    1       573    2   -8   13    6    9   10   -4    5   12   -6  -12   -8   -5   12    1   14   -6   -1
    1    7    4    1    1    3    1    1       552    4   -9   13    7   10   11   -3    7   13   -6  -15   -6  -14   17    3    7   -6   -1
    1    7    5    1    2    3    2    1       516   -2   14    3  -11    1    3    9   -8    4    6   -3    6    1    0   -6   -7    6    1
    1    7    6    1    1    1    1    1       960    5  -12   15    6    5    6   -5    8   13   -5  -14   -7   -2   12    0   10   -6   -4
    1    7    7    1    1    4    1    1       652    4   -9   13    4    5    2   -5    7   15   -8  -16   -4   -5   15    0   10   -6   -5
    1    7    8    1    2    2    1    0      1075    0   11   -3  -11    0    6    7  -14    4   -2   -8    5   11   -8   -9   -1  -12   11
    1    7    9    1    3    3    3    1       618   10   13   17    3  -13   -4   12    9   18  -11   -4  -10  -13  -11   17   -1   16   13
    1    7   10    1    3    4    3    1       531    8   11   18   -3  -16   -6   10    9   17  -12   -2  -11  -16   -9   13   -8   13   23
    1    7   11    1    2    4    2    1       704    3   12    0   -8    6    1   10  -10    5    8   -6    3    7   -6   -6  -15   -4    2
    1    7   12    1    3    2    3    1       645   10   11   13   -2  -14   -2    8    8   15  -10   -2  -11  -14  -10   16   -6   14   16
    1    7   13    1    2    1    2    1      1069    1   11    2   -7    4    5    9   -8    2    8   -9    6    3   -5   -8   -4   -5    1
    1    7   14    1    3    1    3    1       708   12   20   13   -1  -20  -10    9   10   20  -16   -1   -6  -12   -7   11    0   13   14
    1    7   15    1    1    2    1    1       985   -5  -14   12    5    6   11  -14    9    8   -2  -16    3   -9   16    0   12   -7    0
    1    8    1    1    1    1    1    1       739    5  -12   15    6    5    6   -5    8   13   -5  -14   -7   -2   12    0   10   -6   -4
    1    8    2    1    2    1    2    1      1047    1   11    2   -7    4    5    9   -8    2    8   -9    6    3   -5   -8   -4   -5    1
    1    8    3    1    3    5    3    1      2015   11   16   14   -3  -13   -3   19    7   15  -11   -3  -10  -20   -1   20    1   13   19
    1    8    4    1    2    2    2    1      2272    0   11   -3  -11    0    6    7  -14    4   -2   -8    5   11   -8   -9   -1  -12   11
    1    8    5    1    3    1    3    1      1127   12   20   13   -1  -20  -10    9   10   20  -16   -1   -6  -12   -7   11    0   13   14
    1    8    6    1    3    4    3    1      1195    8   11   18   -3  -16   -6   10    9   17  -12   -2  -11  -16   -9   13   -8   13   23
    1    8    7    1    1    5    1    1       638    2   -8   13    6    9   10   -4    5   12   -6  -12   -8   -5   12    1   14   -6   -1
    1    8    8    1    1    4    1    1      1206    4   -9   13    4    5    2   -5    7   15   -8  -16   -4   -5   15    0   10   -6   -5
    1    8    9    1    2    4    2    1       999    3   12    0   -8    6    1   10  -10    5    8   -6    3    7   -6   -6  -15   -4    2
    1    8   10    1    1    2    1    1       752   -5  -14   12    5    6   11  -14    9    8   -2  -16    3   -9   16    0   12   -7    0
    1    8   11    1    3    2    3    1       596   10   11   13   -2  -14   -2    8    8   15  -10   -2  -11  -14  -10   16   -6   14   16
    1    8   12    1    2    3    2    1       622   -2   14    3  -11    1    3    9   -8    4    6   -3    6    1    0   -6   -7    6    1
    1    8   13    1    2    5    2    1       407    0   12    1   -9    3    2   10   -8    5    5   -9   -5    5   -4   -7   -4   -1    3
    1    8   14    1    3    3    3    1       536   10   13   17    3  -13   -4   12    9   18  -11   -4  -10  -13  -11   17   -1   16   13
    1    8   15    1    1    3    1    1       388    4   -9   13    7   10   11   -3    7   13   -6  -15   -6  -14   17    3    7   -6   -1
    1    9    1    1    2    5    2    1       310    0   12    1   -9    3    2   10   -8    5    5   -9   -5    5   -4   -7   -4   -1    3
    1    9    2    1    3    2    3    1       331   10   11   13   -2  -14   -2    8    8   15  -10   -2  -11  -14  -10   16   -6   14   16
    1    9    3    1    3    3    3    1       432   10   13   17    3  -13   -4   12    9   18  -11   -4  -10  -13  -11   17   -1   16   13
    1    9    4    1    2    4    2    1       527    3   12    0   -8    6    1   10  -10    5    8   -6    3    7   -6   -6  -15   -4    2
    1    9    5    1    3    1    3    1       540   12   20   13   -1  -20  -10    9   10   20  -16   -1   -6  -12   -7   11    0   13   14
    1    9    6    1    2    1    2    1       376    1   11    2   -7    4    5    9   -8    2    8   -9    6    3   -5   -8   -4   -5    1
    1    9    7    1    3    4    3    1       539    8   11   18   -3  -16   -6   10    9   17  -12   -2  -11  -16   -9   13   -8   13   23
    1    9    8    1    2    2    2    1       455    0   11   -3  -11    0    6    7  -14    4   -2   -8    5   11   -8   -9   -1  -12   11
    1    9    9    1    1    2    1    1       583   -5  -14   12    5    6   11  -14    9    8   -2  -16    3   -9   16    0   12   -7    0
    1    9   10    1    1    1    1    1       481    5  -12   15    6    5    6   -5    8   13   -5  -14   -7   -2   12    0   10   -6   -4
    1    9   11    1    1    4    1    1       511    4   -9   13    4    5    2   -5    7   15   -8  -16   -4   -5   15    0   10   -6   -5
    1    9   12    1    3    5    3    1       413   11   16   14   -3  -13   -3   19    7   15  -11   -3  -10  -20   -1   20    1   13   19
    1    9   13    1    1    5    1    1       718    2   -8   13    6    9   10   -4    5   12   -6  -12   -8   -5   12    1   14   -6   -1
    1    9   14    1    2    3    2    1       499   -2   14    3  -11    1    3    9   -8    4    6   -3    6    1    0   -6   -7    6    1
    1    9   15    1    1    3    1    1       672    4   -9   13    7   10   11   -3    7   13   -6  -15   -6  -14   17    3    7   -6   -1
    1   10    1    1    1    3    1    1       407    4   -9   13    7   10   11   -3    7   13   -6  -15   -6  -14   17    3    7   -6   -1
    1   10    2    1    1    5    1    1       600    2   -8   13    6    9   10   -4    5   12   -6  -12   -8   -5   12    1   14   -6   -1
    1   10    3    1    3    3    3    1       434   10   13   17    3  -13   -4   12    9   18  -11   -4  -10  -13  -11   17   -1   16   13
    1   10    4    1    2    2    2    1       802    0   11   -3  -11    0    6    7  -14    4   -2   -8    5   11   -8   -9   -1  -12   11
    1   10    5    1    3    2    3    1       787   10   11   13   -2  -14   -2    8    8   15  -10   -2  -11  -14  -10   16   -6   14   16
    1   10    6    1    2    3    2    1       517   -2   14    3  -11    1    3    9   -8    4    6   -3    6    1    0   -6   -7    6    1
    1   10    7    1    1    4    1    1       450    4   -9   13    4    5    2   -5    7   15   -8  -16   -4   -5   15    0   10   -6   -5
    1   10    8    1    2    5    2    1       449    0   12    1   -9    3    2   10   -8    5    5   -9   -5    5   -4   -7   -4   -1    3
    1   10    9    1    3    4    3    1       609    8   11   18   -3  -16   -6   10    9   17  -12   -2  -11  -16   -9   13   -8   13   23
    1   10   10    1    3    1    3    1       554   12   20   13   -1  -20  -10    9   10   20  -16   -1   -6  -12   -7   11    0   13   14
    1   10   11    1    3    5    3    1      2789   11   16   14   -3  -13   -3   19    7   15  -11   -3  -10  -20   -1   20    1   13   19
    1   10   12    1    2    1    2    1       568    1   11    2   -7    4    5    9   -8    2    8   -9    6    3   -5   -8   -4   -5    1
    1   10   13    1    2    4    2    1       514    3   12    0   -8    6    1   10  -10    5    8   -6    3    7   -6   -6  -15   -4    2
    1   10   14    1    1    2    1    1       544   -5  -14   12    5    6   11  -14    9    8   -2  -16    3   -9   16    0   12   -7    0
    1   10   15    1    1    1    1    1       556    5  -12   15    6    5    6   -5    8   13   -5  -14   -7   -2   12    0   10   -6   -4
    1   11    1    1    2    2    2    1       503    0   11   -3  -11    0    6    7  -14    4   -2   -8    5   11   -8   -9   -1  -12   11
    1   11    2    1    1    2    2    0       820   -5  -14   12    5    6   11  -14    9    8   -2  -16    3   -9   16    0   12   -7    0
    1   11    3    1    3    2    3    1      1077   10   11   13   -2  -14   -2    8    8   15  -10   -2  -11  -14  -10   16   -6   14   16
    1   11    4    1    1    5    1    1       492    2   -8   13    6    9   10   -4    5   12   -6  -12   -8   -5   12    1   14   -6   -1
    1   11    5    1    3    1    3    1       650   12   20   13   -1  -20  -10    9   10   20  -16   -1   -6  -12   -7   11    0   13   14
    1   11    6    1    2    5    2    1       561    0   12    1   -9    3    2   10   -8    5    5   -9   -5    5   -4   -7   -4   -1    3
    1   11    7    1    2    3    2    1       540   -2   14    3  -11    1    3    9   -8    4    6   -3    6    1    0   -6   -7    6    1
    1   11    8    1    3    3    3    1      1001   10   13   17    3  -13   -4   12    9   18  -11   -4  -10  -13  -11   17   -1   16   13
    1   11    9    1    1    1    1    1       834    5  -12   15    6    5    6   -5    8   13   -5  -14   -7   -2   12    0   10   -6   -4
    1   11   10    1    3    5    3    1       722   11   16   14   -3  -13   -3   19    7   15  -11   -3  -10  -20   -1   20    1   13   19
    1   11   11    1    2    4    2    1       695    3   12    0   -8    6    1   10  -10    5    8   -6    3    7   -6   -6  -15   -4    2
    1   11   12    1    1    4    1    1       941    4   -9   13    4    5    2   -5    7   15   -8  -16   -4   -5   15    0   10   -6   -5
    1   11   13    1    1    3    1    1       569    4   -9   13    7   10   11   -3    7   13   -6  -15   -6  -14   17    3    7   -6   -1
    1   11   14    1    2    1    2    1       900    1   11    2   -7    4    5    9   -8    2    8   -9    6    3   -5   -8   -4   -5    1
    1   11   15    1    3    4    3    1      1073    8   11   18   -3  -16   -6   10    9   17  -12   -2  -11  -16   -9   13   -8   13   23
    1   12    1    1    3    1    3    1       856   12   20   13   -1  -20  -10    9   10   20  -16   -1   -6  -12   -7   11    0   13   14
    1   12    2    1    2    3    2    1      1176   -2   14    3  -11    1    3    9   -8    4    6   -3    6    1    0   -6   -7    6    1
    1   12    3    1    1    5    1    1       762    2   -8   13    6    9   10   -4    5   12   -6  -12   -8   -5   12    1   14   -6   -1
    1   12    4    1    3    2    3    1       654   10   11   13   -2  -14   -2    8    8   15  -10   -2  -11  -14  -10   16   -6   14   16
    1   12    5    1    1    2    1    1      3349   -5  -14   12    5    6   11  -14    9    8   -2  -16    3   -9   16    0   12   -7    0
    1   12    6    1    2    4    2    1       560    3   12    0   -8    6    1   10  -10    5    8   -6    3    7   -6   -6  -15   -4    2
    1   12    7    1    3    3    3    1       844   10   13   17    3  -13   -4   12    9   18  -11   -4  -10  -13  -11   17   -1   16   13
    1   12    8    1    2    5    2    1       588    0   12    1   -9    3    2   10   -8    5    5   -9   -5    5   -4   -7   -4   -1    3
    1   12    9    1    1    4    1    1       678    4   -9   13    4    5    2   -5    7   15   -8  -16   -4   -5   15    0   10   -6   -5
    1   12   10    1    1    3    1    1       636    4   -9   13    7   10   11   -3    7   13   -6  -15   -6  -14   17    3    7   -6   -1
    1   12   11    1    3    4    3    1       516    8   11   18   -3  -16   -6   10    9   17  -12   -2  -11  -16   -9   13   -8   13   23
    1   12   12    1    1    1    1    1       641    5  -12   15    6    5    6   -5    8   13   -5  -14   -7   -2   12    0   10   -6   -4
    1   12   13    1    2    1    2    1       441    1   11    2   -7    4    5    9   -8    2    8   -9    6    3   -5   -8   -4   -5    1
    1   12   14    1    2    2    2    1       505    0   11   -3  -11    0    6    7  -14    4   -2   -8    5   11   -8   -9   -1  -12   11
    1   12   15    1    3    5    3    1       327   11   16   14   -3  -13   -3   19    7   15  -11   -3  -10  -20   -1   20    1   13   19
    1   13    1    1    1    5    1    1       620    2   -8   13    6    9   10   -4    5   12   -6  -12   -8   -5   12    1   14   -6   -1
    1   13    2    1    3    4    3    1       676    8   11   18   -3  -16   -6   10    9   17  -12   -2  -11  -16   -9   13   -8   13   23
    1   13    3    1    2    1    2    1       619    1   11    2   -7    4    5    9   -8    2    8   -9    6    3   -5   -8   -4   -5    1
    1   13    4    1    2    5    2    1       692    0   12    1   -9    3    2   10   -8    5    5   -9   -5    5   -4   -7   -4   -1    3
    1   13    5    1    3    2    3    1       602   10   11   13   -2  -14   -2    8    8   15  -10   -2  -11  -14  -10   16   -6   14   16
    1   13    6    1    1    4    1    1       611    4   -9   13    4    5    2   -5    7   15   -8  -16   -4   -5   15    0   10   -6   -5
    1   13    7    1    3    5    3    1       605   11   16   14   -3  -13   -3   19    7   15  -11   -3  -10  -20   -1   20    1   13   19
    1   13    8    1    1    2    1    1       806   -5  -14   12    5    6   11  -14    9    8   -2  -16    3   -9   16    0   12   -7    0
    1   13    9    1    2    2    2    1       631    0   11   -3  -11    0    6    7  -14    4   -2   -8    5   11   -8   -9   -1  -12   11
    1   13   10    1    2    3    2    1       655   -2   14    3  -11    1    3    9   -8    4    6   -3    6    1    0   -6   -7    6    1
    1   13   11    1    2    4    2    1       439    3   12    0   -8    6    1   10  -10    5    8   -6    3    7   -6   -6  -15   -4    2
    1   13   12    1    1    3    1    1       711    4   -9   13    7   10   11   -3    7   13   -6  -15   -6  -14   17    3    7   -6   -1
    1   13   13    1    3    3    3    1       876   10   13   17    3  -13   -4   12    9   18  -11   -4  -10  -13  -11   17   -1   16   13
    1   13   14    1    1    1    1    1       763    5  -12   15    6    5    6   -5    8   13   -5  -14   -7   -2   12    0   10   -6   -4
    1   13   15    1    3    1    3    1       526   12   20   13   -1  -20  -10    9   10   20  -16   -1   -6  -12   -7   11    0   13   14
    1   14    1    1    3    3    3    1       571   10   13   17    3  -13   -4   12    9   18  -11   -4  -10  -13  -11   17   -1   16   13
    1   14    2    1    2    2    2    1       886    0   11   -3  -11    0    6    7  -14    4   -2   -8    5   11   -8   -9   -1  -12   11
    1   14    3    1    3    2    3    1       644   10   11   13   -2  -14   -2    8    8   15  -10   -2  -11  -14  -10   16   -6   14   16
    1   14    4    1    2    3    2    1       476   -2   14    3  -11    1    3    9   -8    4    6   -3    6    1    0   -6   -7    6    1
    1   14    5    1    1    2    1    1      1115   -5  -14   12    5    6   11  -14    9    8   -2  -16    3   -9   16    0   12   -7    0
    1   14    6    1    2    1    2    1       687    1   11    2   -7    4    5    9   -8    2    8   -9    6    3   -5   -8   -4   -5    1
    1   14    7    1    2    4    2    1       517    3   12    0   -8    6    1   10  -10    5    8   -6    3    7   -6   -6  -15   -4    2
    1   14    8    1    3    1    3    1      1330   12   20   13   -1  -20  -10    9   10   20  -16   -1   -6  -12   -7   11    0   13   14
    1   14    9    1    2    5    2    1       511    0   12    1   -9    3    2   10   -8    5    5   -9   -5    5   -4   -7   -4   -1    3
    1   14   10    1    1    3    1    1       668    4   -9   13    7   10   11   -3    7   13   -6  -15   -6  -14   17    3    7   -6   -1
    1   14   11    1    3    4    3    1       563    8   11   18   -3  -16   -6   10    9   17  -12   -2  -11  -16   -9   13   -8   13   23
    1   14   12    1    3    5    3    1       462   11   16   14   -3  -13   -3   19    7   15  -11   -3  -10  -20   -1   20    1   13   19
    1   14   13    1    1    5    1    1       590    2   -8   13    6    9   10   -4    5   12   -6  -12   -8   -5   12    1   14   -6   -1
    1   14   14    1    1    4    1    1       776    4   -9   13    4    5    2   -5    7   15   -8  -16   -4   -5   15    0   10   -6   -5
    1   14   15    1    1    1    1    1       491    5  -12   15    6    5    6   -5    8   13   -5  -14   -7   -2   12    0   10   -6   -4
    1   15    1    1    2    1    2    1       665    1   11    2   -7    4    5    9   -8    2    8   -9    6    3   -5   -8   -4   -5    1
    1   15    2    1    2    3    2    1       383   -2   14    3  -11    1    3    9   -8    4    6   -3    6    1    0   -6   -7    6    1
    1   15    3    1    1    1    1    1       625    5  -12   15    6    5    6   -5    8   13   -5  -14   -7   -2   12    0   10   -6   -4
    1   15    4    1    3    5    3    1       570   11   16   14   -3  -13   -3   19    7   15  -11   -3  -10  -20   -1   20    1   13   19
    1   15    5    1    1    3    1    1       453    4   -9   13    7   10   11   -3    7   13   -6  -15   -6  -14   17    3    7   -6   -1
    1   15    6    1    3    4    3    1       516    8   11   18   -3  -16   -6   10    9   17  -12   -2  -11  -16   -9   13   -8   13   23
    1   15    7    1    3    2    3    1       497   10   11   13   -2  -14   -2    8    8   15  -10   -2  -11  -14  -10   16   -6   14   16
    1   15    8    1    2    4    2    1       447    3   12    0   -8    6    1   10  -10    5    8   -6    3    7   -6   -6  -15   -4    2
    1   15    9    1    2    5    2    1       623    0   12    1   -9    3    2   10   -8    5    5   -9   -5    5   -4   -7   -4   -1    3
    1   15   10    1    3    3    3    1       584   10   13   17    3  -13   -4   12    9   18  -11   -4  -10  -13  -11   17   -1   16   13
    1   15   11    1    2    2    1    0       514    0   11   -3  -11    0    6    7  -14    4   -2   -8    5   11   -8   -9   -1  -12   11
    1   15   12    1    1    5    1    1       543    2   -8   13    6    9   10   -4    5   12   -6  -12   -8   -5   12    1   14   -6   -1
    1   15   13    1    1    4    1    1       587    4   -9   13    4    5    2   -5    7   15   -8  -16   -4   -5   15    0   10   -6   -5
    1   15   14    1    3    1    3    1       933   12   20   13   -1  -20  -10    9   10   20  -16   -1   -6  -12   -7   11    0   13   14
    1   15   15    1    1    2    1    1      1041   -5  -14   12    5    6   11  -14    9    8   -2  -16    3   -9   16    0   12   -7    0
    2    1    1    4    1    2    2    1      4173    2   -8   12    2    9   10   -2    7   14   -7  -19   -2  -11   16    0   11   -3   -1
    2    1    2    6    0    0    2    1       936    8   12   12  -10    6    6   -5   12    5   16    9   -7   -9    3  -12   -8    9   -3
    2    1    3    6    0    0    2    1       677   23   11   -2   -4  -10  -15    0   -1   -8   -4    2   -4   13  -16   18    9   -8    8
    2    1    4    4    2    3    2    1      3675   -1   12    2  -10    1    2   12   -8    4    6   -8    2    6   -4   -4   -5   -5    4
    2    1    5    1    3    1    1    1       938   12   20   13   -1  -20  -10    9   10   20  -16   -1   -6  -12   -7   11    0   13   14
    2    1    6    1    2    1    1    1      5110    1   11    2   -7    4    5    9   -8    2    8   -9    6    3   -5   -8   -4   -5    1
    2    1    7    4    3    1    2    1      1835    9   11   14    0  -10   -7   11   10   14  -12    5  -21  -13   -6    9   -3   13   14
    2    1    8    1    1    3    1    1      1124    4   -9   13    7   10   11   -3    7   13   -6  -15   -6  -14   17    3    7   -6   -1
    2    1    9    1    3    2    1    1      2600   10   11   13   -2  -14   -2    8    8   15  -10   -2  -11  -14  -10   16   -6   14   16
    2    1   10    4    1    5    1    0      3058    3  -10   15    6    7   12   -2   11   11   -8  -14   -8   -4   12    8    7   -5    0
    2    1   11    2    3    0    2    1      1929    9   12   14   -1  -13   -2   11   11   16  -11   -3  -11  -14   -8   12    0   14   14
    2    1   12    1    1    4    2    0      4350    4   -9   13    4    5    2   -5    7   15   -8  -16   -4   -5   15    0   10   -6   -5
    2    1   13    4    2    1    2    1      1297   -1   11    3   -9   -3    1   10  -12    1    9  -16    5   14   -7   -5   -3   -2    4
    2    1   14    2    2    0    1    0      2416    1   12    2   -9    2    4   10   -9    3    7   -7    4    6   -5   -6   -5   -3    2
    2    1   15    4    3    5    2    1      1152   11   10   16   -2  -17   -2    7    7   15  -13   -2  -13  -15   -6   21    9   15   13
    2    1   16    2    1    0    1    0      2964    4  -10   13    5    8   11   -4    6   13   -7  -14   -6   -4   11   -1   12   -5   -1
    2    1   17    1    1    1    1    1      3007    5  -12   15    6    5    6   -5    8   13   -5  -14   -7   -2   12    0   10   -6   -4
    2    1   18    1    3    3    1    1      1465   10   13   17    3  -13   -4   12    9   18  -11   -4  -10  -13  -11   17   -1   16   13
    2    1   19    4    2    5    2    1      2863    3    8    2   -8    3    4   10   -8    1    5   -9    6    5   -4   -7   -3   -2    3
    2    1   20    6    0    0    2    1      1103  -11   -5    4   -5   -2   -8   -4    0    2    2    8    7  -12  -14    5   -7   -1    4
    2    1   21    4    2    2    2    1      2004    1   13    2  -11    2    2   20   -7    3    8   -8    5    8   -4   -5   -7   -4    2
    2    1   22    4    2    4    2    1      1014    2   11    0   -7    3    4   14  -11    3   -2   -9    4    7   -5   -6   -3   -5    3
    2    1   23    4    3    2    2    1      1167    9   11   14   -2  -15   -4   11   10   15  -10  -13  -12  -12   -8    8    1   12   12
    2    1   24    1    1    2    1    1      1218   -5  -14   12    5    6   11  -14    9    8   -2  -16    3   -9   16    0   12   -7    0
    2    1   25    1    1    5    1    1      1987    2   -8   13    6    9   10   -4    5   12   -6  -12   -8   -5   12    1   14   -6   -1
    2    1   26    6    0    0    2    1      1412   10    7   -1   -3  -13  -12   -3    7  -13   -8    1   -6   12  -13   14   13   -5    8
    2    1   27    1    2    3    1    1      1518   -2   14    3  -11    1    3    9   -8    4    6   -3    6    1    0   -6   -7    6    1
    2    1   28    1    3    4    2    0      2083    8   11   18   -3  -16   -6   10    9   17  -12   -2  -11  -16   -9   13   -8   13   23
    2    1   29    4    3    3    2    1       977   10   14   14    0  -12   -3    2    2   15  -11   -5  -13  -15   -9   10   -1   17   14
    2    1   30    4    1    1    2    1       828    8  -11   15    6   10   12    6    8   13   -5  -15   -6    0   10    3   17   -3   -3
    2    1   31    1    2    2    1    1      2076    0   11   -3  -11    0    6    7  -14    4   -2   -8    5   11   -8   -9   -1  -12   11
    2    1   32    4    1    3    1    0      1947    5  -12   11    7    6   10   -4    4   12   -5  -16   -7   -5   12    2    9   -4    0
    2    1   33    1    2    4    2    0      6447    3   12    0   -8    6    1   10  -10    5    8   -6    3    7   -6   -6  -15   -4    2
    2    1   34    4    3    4    2    1      2495    8   10   15   -1  -14    1    5   10   16  -12   -5  -11  -12   -7   13    2   16   16
    2    1   35    1    2    5    1    1      2093    0   12    1   -9    3    2   10   -8    5    5   -9   -5    5   -4   -7   -4   -1    3
    2    1   36    4    1    4    2    1       923    3  -10   12    5    6   11   -3    5   12    1  -13   -4   -3   10    2   21   -7   -3
    2    1   37    6    0    0    2    1       856    7   11    9   -3    2    4   -6   11    7   14    5   -4  -12    4  -15   -8    8   -5
    2    1   38    6    0    0    2    1      2264  -12   -2    4   -6    3  -14   -1   -5    3   -2    4   11   -8   -6    5    0   -1    6
    2    1   39    1    3    5    1    1      1551   11   16   14   -3  -13   -3   19    7   15  -11   -3  -10  -20   -1   20    1   13   19
