    1    1    1    1    2    2    1    0      2951   -4  -12   -1   10    5  -11    2    0   -6   12   16   -2    7    5   11    0   -6    4
    1    1    2    1    1    4    2    0      1663   14  -12    4  -13    3    7   13   -1    8   -3   -8   19    7    1  -14   11   -4  -12
    1    1    3    1    3    5    3    1       735    1   14  -14    8    9    3   23   11    1   -3   16   14   11    9  -11   -6  -16   10
    1    1    4    1    1    5    2    0      1171   13  -13    6  -13    3    3   13    4    0    3  -13   15    4    5  -13   11   -7  -13
    1    1    5    1    1    1    2    0      2342   13  -14   14  -10    2    7   10    0    6   -4  -11   18    8    1  -12   10   -6  -10
    1    1    6    1    3    3    2    0      2618   10   10  -11    6    1   -4   13   14   -5    1   16   10   14    9  -11   -7  -11   15
    1    1    7    1    1    2    2    0      1538   16  -12    0  -20    1    4   11    2   10    6   -9   16    9   -1  -11    9  -15   -4
    1    1    8    1    2    4    2    1      2790   -4  -10    0   12    4   -9   12  -10   -3    2   14    0    9    5   10   -1    3    4
    1    1    9    1    3    4    2    0      1433    0   17  -10    3    6   -3   16   13   -6    2   15   11   11   11  -11   -7   -8   13
    1    1   10    1    2    1    2    1      1777   -4  -10   -1   11   12  -12   10  -10   -2   17   13   -1    8    3   12    1   -5    2
    1    1   11    1    3    2    1    0      1851   -3   20   -6   -3    8    0   16   17   -2    0   16   12   10   12   -9   -7  -19    2
    1    1   12    1    1    3    1    1      1875   12  -15    8   -9    1    6   10   -2    9   -5  -14   21    8   -1  -13    7   -4   -9
    1    1   13    1    2    3    2    1       954  -11  -11    1   10    1   -8   12   -9  -11   12   15   -1   10    3   11   -2   -6    1
    1    1   14    1    3    1    3    1       437   -1   13  -12    6   -1   -3   10   16   -7    5   12   12   21   17  -12   -6  -15    4
    1    1   15    1    2    5    1    0       901    1   -1    0   12    3  -12   13  -11    4    6   16   -2    4    3    9    1   -5   -2
    1    2    1    1    2    4    2    1      2178   -4  -10    0   12    4   -9   12  -10   -3    2   14    0    9    5   10   -1    3    4
    1    2    2    1    3    5    3    1      1149    1   14  -14    8    9    3   23   11    1   -3   16   14   11    9  -11   -6  -16   10
    1    2    3    1    2    5    1    0      1809    1   -1    0   12    3  -12   13  -11    4    6   16   -2    4    3    9    1   -5   -2
    1    2    4    1    1    4    2    0       362   14  -12    4  -13    3    7   13   -1    8   -3   -8   19    7    1  -14   11   -4  -12
    1    2    5    1    3    2    3    1       253   -3   20   -6   -3    8    0   16   17   -2    0   16   12   10   12   -9   -7  -19    2
    1    2    6    1    1    2    1    1      2069   16  -12    0  -20    1    4   11    2   10    6   -9   16    9   -1  -11    9  -15   -4
    1    2    7    1    3    4    2    0       292    0   17  -10    3    6   -3   16   13   -6    2   15   11   11   11  -11   -7   -8   13
    1    2    8    1    1    5    2    0       362   13  -13    6  -13    3    3   13    4    0    3  -13   15    4    5  -13   11   -7  -13
    1    2    9    1    3    3    3    1       989   10   10  -11    6    1   -4   13   14   -5    1   16   10   14    9  -11   -7  -11   15
    1    2   10    1    1    1    1    1      3399   13  -14   14  -10    2    7   10    0    6   -4  -11   18    8    1  -12   10   -6  -10
    1    2   11    1    2    1    1    0       801   -4  -10   -1   11   12  -12   10  -10   -2   17   13   -1    8    3   12    1   -5    2
    1    2   12    1    1    3    3    0       770   12  -15    8   -9    1    6   10   -2    9   -5  -14   21    8   -1  -13    7   -4   -9
    1    2   13    1    2    3    2    1       949  -11  -11    1   10    1   -8   12   -9  -11   12   15   -1   10    3   11   -2   -6    1
    1    2   14    1    2    2    3    0      2128   -4  -12   -1   10    5  -11    2    0   -6   12   16   -2    7    5   11    0   -6    4
    1    2   15    1    3    1    3    1        61   -1   13  -12    6   -1   -3   10   16   -7    5   12   12   21   17  -12   -6  -15    4
    1    3    1    1    3    3    3    1       828   10   10  -11    6    1   -4   13   14   -5    1   16   10   14    9  -11   -7  -11   15
    1    3    2    1    3    2    2    0       973   -3   20   -6   -3    8    0   16   17   -2    0   16   12   10   12   -9   -7  -19    2
    1    3    3    1    3    1    1    0      1975   -1   13  -12    6   -1   -3   10   16   -7    5   12   12   21   17  -12   -6  -15    4
    1    3    4    1    2    1    2    1      1898   -4  -10   -1   11   12  -12   10  -10   -2   17   13   -1    8    3   12    1   -5    2
    1    3    5    1    1    3    3    0      1728   12  -15    8   -9    1    6   10   -2    9   -5  -14   21    8   -1  -13    7   -4   -9
    1    3    6    1    1    4    1    1       941   14  -12    4  -13    3    7   13   -1    8   -3   -8   19    7    1  -14   11   -4  -12
    1    3    7    1    1    2    3    0      3928   16  -12    0  -20    1    4   11    2   10    6   -9   16    9   -1  -11    9  -15   -4
    1    3    8    1    2    3    2    1      1277  -11  -11    1   10    1   -8   12   -9  -11   12   15   -1   10    3   11   -2   -6    1
    1    3    9    1    3    5    1    0      2284    1   14  -14    8    9    3   23   11    1   -3   16   14   11    9  -11   -6  -16   10
    1    3   10    1    2    4    2    1      2242   -4  -10    0   12    4   -9   12  -10   -3    2   14    0    9    5   10   -1    3    4
    1    3   11    1    2    2    2    1       874   -4  -12   -1   10    5  -11    2    0   -6   12   16   -2    7    5   11    0   -6    4
    1    3   12    1    3    4    1    0      3625    0   17  -10    3    6   -3   16   13   -6    2   15   11   11   11  -11   -7   -8   13
    1    3   13    1    1    1    1    1      1722   13  -14   14  -10    2    7   10    0    6   -4  -11   18    8    1  -12   10   -6  -10
    1    3   14    1    2    5    1    0      1847    1   -1    0   12    3  -12   13  -11    4    6   16   -2    4    3    9    1   -5   -2
    1    3   15    1    1    5    1    1      1951   13  -13    6  -13    3    3   13    4    0    3  -13   15    4    5  -13   11   -7  -13
    1    4    1    1    1    4    2    0       706   14  -12    4  -13    3    7   13   -1    8   -3   -8   19    7    1  -14   11   -4  -12
    1    4    2    1    2    3    1    0      2871  -11  -11    1   10    1   -8   12   -9  -11   12   15   -1   10    3   11   -2   -6    1
    1    4    3    1    3    3    3    1      1350   10   10  -11    6    1   -4   13   14   -5    1   16   10   14    9  -11   -7  -11   15
    1    4    4    1    1    1    1    1       802   13  -14   14  -10    2    7   10    0    6   -4  -11   18    8    1  -12   10   -6  -10
    1    4    5    1    1    5    2    0      1619   13  -13    6  -13    3    3   13    4    0    3  -13   15    4    5  -13   11   -7  -13
    1    4    6    1    1    3    1    1      1044   12  -15    8   -9    1    6   10   -2    9   -5  -14   21    8   -1  -13    7   -4   -9
    1    4    7    1    3    4    2    0      1852    0   17  -10    3    6   -3   16   13   -6    2   15   11   11   11  -11   -7   -8   13
    1    4    8    1    3    2    2    0      1219   -3   20   -6   -3    8    0   16   17   -2    0   16   12   10   12   -9   -7  -19    2
    1    4    9    1    3    5    3    1       852    1   14  -14    8    9    3   23   11    1   -3   16   14   11    9  -11   -6  -16   10
    1    4   10    1    2    4    1    0       931   -4  -10    0   12    4   -9   12  -10   -3    2   14    0    9    5   10   -1    3    4
    1    4   11    1    2    1    2    1      2031   -4  -10   -1   11   12  -12   10  -10   -2   17   13   -1    8    3   12    1   -5    2
    1    4   12    1    2    5    3    0       768    1   -1    0   12    3  -12   13  -11    4    6   16   -2    4    3    9    1   -5   -2
    1    4   13    1    1    2    2    0       482   16  -12    0  -20    1    4   11    2   10    6   -9   16    9   -1  -11    9  -15   -4
    1    4   14    1    2    2    1    0       416   -4  -12   -1   10    5  -11    2    0   -6   12   16   -2    7    5   11    0   -6    4
    1    4   15    1    3    1    3    1       801   -1   13  -12    6   -1   -3   10   16   -7    5   12   12   21   17  -12   -6  -15    4
    1    5    1    1    3    3    2    0       770   10   10  -11    6    1   -4   13   14   -5    1   16   10   14    9  -11   -7  -11   15
    1    5    2    1    3    4    2    0       981    0   17  -10    3    6   -3   16   13   -6    2   15   11   11   11  -11   -7   -8   13
    1    5    3    1    1    5    1    1      1151   13  -13    6  -13    3    3   13    4    0    3  -13   15    4    5  -13   11   -7  -13
    1    5    4    1    2    5    2    1       867    1   -1    0   12    3  -12   13  -11    4    6   16   -2    4    3    9    1   -5   -2
    1    5    5    1    3    1    2    0      1313   -1   13  -12    6   -1   -3   10   16   -7    5   12   12   21   17  -12   -6  -15    4
    1    5    6    1    3    2    3    1      1231   -3   20   -6   -3    8    0   16   17   -2    0   16   12   10   12   -9   -7  -19    2
    1    5    7    1    1    4    3    0       735   14  -12    4  -13    3    7   13   -1    8   -3   -8   19    7    1  -14   11   -4  -12
    1    5    8    1    1    2    2    0      1075   16  -12    0  -20    1    4   11    2   10    6   -9   16    9   -1  -11    9  -15   -4
    1    5    9    1    1    3    1    1       890   12  -15    8   -9    1    6   10   -2    9   -5  -14   21    8   -1  -13    7   -4   -9
    1    5   10    1    3    5    2    0      1064    1   14  -14    8    9    3   23   11    1   -3   16   14   11    9  -11   -6  -16   10
    1    5   11    1    2    4    2    1       752   -4  -10    0   12    4   -9   12  -10   -3    2   14    0    9    5   10   -1    3    4
    1    5   12    1    2    3    2    1       723  -11  -11    1   10    1   -8   12   -9  -11   12   15   -1   10    3   11   -2   -6    1
    1    5   13    1    1    1    1    1       808   13  -14   14  -10    2    7   10    0    6   -4  -11   18    8    1  -12   10   -6  -10
    1    5   14    1    2    1    2    1      1145   -4  -10   -1   11   12  -12   10  -10   -2   17   13   -1    8    3   12    1   -5    2
    1    5   15    1    2    2    3    0      1613   -4  -12   -1   10    5  -11    2    0   -6   12   16   -2    7    5   11    0   -6    4
    1    6    1    1    3    5    3    1       783    1   14  -14    8    9    3   23   11    1   -3   16   14   11    9  -11   -6  -16   10
    1    6    2    1    2    4    1    0      3489   -4  -10    0   12    4   -9   12  -10   -3    2   14    0    9    5   10   -1    3    4
    1    6    3    1    3    3    3    1      2087   10   10  -11    6    1   -4   13   14   -5    1   16   10   14    9  -11   -7  -11   15
    1    6    4    1    3    2    1    0      1045   -3   20   -6   -3    8    0   16   17   -2    0   16   12   10   12   -9   -7  -19    2
    1    6    5    1    2    2    2    1       893   -4  -12   -1   10    5  -11    2    0   -6   12   16   -2    7    5   11    0   -6    4
    1    6    6    1    3    1    1    0      1211   -1   13  -12    6   -1   -3   10   16   -7    5   12   12   21   17  -12   -6  -15    4
    1    6    7    1    1    1    1    1      1436   13  -14   14  -10    2    7   10    0    6   -4  -11   18    8    1  -12   10   -6  -10
    1    6    8    1    3    4    3    1      2741    0   17  -10    3    6   -3   16   13   -6    2   15   11   11   11  -11   -7   -8   13
    1    6    9    1    2    3    2    1       889  -11  -11    1   10    1   -8   12   -9  -11   12   15   -1   10    3   11   -2   -6    1
    1    6   10    1    2    5    3    0      1079    1   -1    0   12    3  -12   13  -11    4    6   16   -2    4    3    9    1   -5   -2
    1    6   11    1    1    3    1    1       637   12  -15    8   -9    1    6   10   -2    9   -5  -14   21    8   -1  -13    7   -4   -9
    1    6   12    1    1    4    1    1       742   14  -12    4  -13    3    7   13   -1    8   -3   -8   19    7    1  -14   11   -4  -12
    1    6   13    1    1    2    2    0      1674   16  -12    0  -20    1    4   11    2   10    6   -9   16    9   -1  -11    9  -15   -4
    1    6   14    1    2    1    1    0       776   -4  -10   -1   11   12  -12   10  -10   -2   17   13   -1    8    3   12    1   -5    2
    1    6   15    1    1    5    1    1      1003   13  -13    6  -13    3    3   13    4    0    3  -13   15    4    5  -13   11   -7  -13
    1    7    1    1    1    5    1    1       724   13  -13    6  -13    3    3   13    4    0    3  -13   15    4    5  -13   11   -7  -13
    1    7    2    1    2    3    2    1       697  -11  -11    1   10    1   -8   12   -9  -11   12   15   -1   10    3   11   -2   -6    1
    1    7    3    1    2    2    2    1       559   -4  -12   -1   10    5  -11    2    0   -6   12   16   -2    7    5   11    0   -6    4
    1    7    4    1    3    5    3    1       922    1   14  -14    8    9    3   23   11    1   -3   16   14   11    9  -11   -6  -16   10
    1    7    5    1    3    1    3    1      1383   -1   13  -12    6   -1   -3   10   16   -7    5   12   12   21   17  -12   -6  -15    4
    1    7    6    1    3    2    1    0      1218   -3   20   -6   -3    8    0   16   17   -2    0   16   12   10   12   -9   -7  -19    2
    1    7    7    1    2    4    2    1       882   -4  -10    0   12    4   -9   12  -10   -3    2   14    0    9    5   10   -1    3    4
    1    7    8    1    1    1    1    1       880   13  -14   14  -10    2    7   10    0    6   -4  -11   18    8    1  -12   10   -6  -10
    1    7    9    1    1    2    3    0      2287   16  -12    0  -20    1    4   11    2   10    6   -9   16    9   -1  -11    9  -15   -4
    1    7   10    1    2    1    2    1       789   -4  -10   -1   11   12  -12   10  -10   -2   17   13   -1    8    3   12    1   -5    2
    1    7   11    1    1    3    1    1       775   12  -15    8   -9    1    6   10   -2    9   -5  -14   21    8   -1  -13    7   -4   -9
    1    7   12    1    3    3    3    1      3578   10   10  -11    6    1   -4   13   14   -5    1   16   10   14    9  -11   -7  -11   15
    1    7   13    1    3    4    3    1      1485    0   17  -10    3    6   -3   16   13   -6    2   15   11   11   11  -11   -7   -8   13
    1    7   14    1    2    5    2    1      1283    1   -1    0   12    3  -12   13  -11    4    6   16   -2    4    3    9    1   -5   -2
    1    7   15    1    1    4    1    1      1297   14  -12    4  -13    3    7   13   -1    8   -3   -8   19    7    1  -14   11   -4  -12
    1    8    1    1    1    2    1    1      1183   16  -12    0  -20    1    4   11    2   10    6   -9   16    9   -1  -11    9  -15   -4
    1    8    2    1    2    1    2    1       785   -4  -10   -1   11   12  -12   10  -10   -2   17   13   -1    8    3   12    1   -5    2
    1    8    3    1    1    5    3    0      1571   13  -13    6  -13    3    3   13    4    0    3  -13   15    4    5  -13   11   -7  -13
    1    8    4    1    1    3    1    1       982   12  -15    8   -9    1    6   10   -2    9   -5  -14   21    8   -1  -13    7   -4   -9
    1    8    5    1    2    2    2    1       736   -4  -12   -1   10    5  -11    2    0   -6   12   16   -2    7    5   11    0   -6    4
    1    8    6    1    2    3    2    1       820  -11  -11    1   10    1   -8   12   -9  -11   12   15   -1   10    3   11   -2   -6    1
    1    8    7    1    3    5    3    1      1364    1   14  -14    8    9    3   23   11    1   -3   16   14   11    9  -11   -6  -16   10
    1    8    8    1    1    1    1    1       895   13  -14   14  -10    2    7   10    0    6   -4  -11   18    8    1  -12   10   -6  -10
    1    8    9    1    2    4    2    1       894   -4  -10    0   12    4   -9   12  -10   -3    2   14    0    9    5   10   -1    3    4
    1    8   10    1    3    1    3    1      1947   -1   13  -12    6   -1   -3   10   16   -7    5   12   12   21   17  -12   -6  -15    4
    1    8   11    1    2    5    2    1      2720    1   -1    0   12    3  -12   13  -11    4    6   16   -2    4    3    9    1   -5   -2
    1    8   12    1    3    3    3    1       772   10   10  -11    6    1   -4   13   14   -5    1   16   10   14    9  -11   -7  -11   15
    1    8   13    1    1    4    1    1      1079   14  -12    4  -13    3    7   13   -1    8   -3   -8   19    7    1  -14   11   -4  -12
    1    8   14    1    3    4    2    0      2190    0   17  -10    3    6   -3   16   13   -6    2   15   11   11   11  -11   -7   -8   13
    1    8   15    1    3    2    1    0      2664   -3   20   -6   -3    8    0   16   17   -2    0   16   12   10   12   -9   -7  -19    2
    1    9    1    1    1    5    3    0       847   13  -13    6  -13    3    3   13    4    0    3  -13   15    4    5  -13   11   -7  -13
    1    9    2    1    2    1    2    1       879   -4  -10   -1   11   12  -12   10  -10   -2   17   13   -1    8    3   12    1   -5    2
    1    9    3    1    2    2    2    1       494   -4  -12   -1   10    5  -11    2    0   -6   12   16   -2    7    5   11    0   -6    4
    1    9    4    1    3    1    3    1      1004   -1   13  -12    6   -1   -3   10   16   -7    5   12   12   21   17  -12   -6  -15    4
    1    9    5    1    2    4    2    1      1637   -4  -10    0   12    4   -9   12  -10   -3    2   14    0    9    5   10   -1    3    4
    1    9    6    1    1    3    1    1       934   12  -15    8   -9    1    6   10   -2    9   -5  -14   21    8   -1  -13    7   -4   -9
    1    9    7    1    1    4    1    1      1506   14  -12    4  -13    3    7   13   -1    8   -3   -8   19    7    1  -14   11   -4  -12
    1    9    8    1    2    5    2    1       999    1   -1    0   12    3  -12   13  -11    4    6   16   -2    4    3    9    1   -5   -2
    1    9    9    1    3    4    3    1      1024    0   17  -10    3    6   -3   16   13   -6    2   15   11   11   11  -11   -7   -8   13
    1    9   10    1    1    1    1    1       969   13  -14   14  -10    2    7   10    0    6   -4  -11   18    8    1  -12   10   -6  -10
    1    9   11    1    3    3    2    0       884   10   10  -11    6    1   -4   13   14   -5    1   16   10   14    9  -11   -7  -11   15
    1    9   12    1    3    5    3    1      1010    1   14  -14    8    9    3   23   11    1   -3   16   14   11    9  -11   -6  -16   10
    1    9   13    1    3    2    3    1       971   -3   20   -6   -3    8    0   16   17   -2    0   16   12   10   12   -9   -7  -19    2
    1    9   14    1    2    3    2    1       998  -11  -11    1   10    1   -8   12   -9  -11   12   15   -1   10    3   11   -2   -6    1
    1    9   15    1    1    2    1    1      1071   16  -12    0  -20    1    4   11    2   10    6   -9   16    9   -1  -11    9  -15   -4
    1   10    1    1    1    4    3    0      2006   14  -12    4  -13    3    7   13   -1    8   -3   -8   19    7    1  -14   11   -4  -12
    1   10    2    1    1    2    1    1      2056   16  -12    0  -20    1    4   11    2   10    6   -9   16    9   -1  -11    9  -15   -4
    1   10    3    1    1    1    1    1       839   13  -14   14  -10    2    7   10    0    6   -4  -11   18    8    1  -12   10   -6  -10
    1   10    4    1    2    5    2    1       807    1   -1    0   12    3  -12   13  -11    4    6   16   -2    4    3    9    1   -5   -2
    1   10    5    1    3    5    3    1       649    1   14  -14    8    9    3   23   11    1   -3   16   14   11    9  -11   -6  -16   10
    1   10    6    1    2    2    2    1      1408   -4  -12   -1   10    5  -11    2    0   -6   12   16   -2    7    5   11    0   -6    4
    1   10    7    1    3    3    3    1      3481   10   10  -11    6    1   -4   13   14   -5    1   16   10   14    9  -11   -7  -11   15
    1   10    8    1    2    4    2    1      1359   -4  -10    0   12    4   -9   12  -10   -3    2   14    0    9    5   10   -1    3    4
    1   10    9    1    2    3    2    1      1275  -11  -11    1   10    1   -8   12   -9  -11   12   15   -1   10    3   11   -2   -6    1
    1   10   10    1    3    4    3    1      1610    0   17  -10    3    6   -3   16   13   -6    2   15   11   11   11  -11   -7   -8   13
    1   10   11    1    1    5    1    1       859   13  -13    6  -13    3    3   13    4    0    3  -13   15    4    5  -13   11   -7  -13
    1   10   12    1    1    3    1    1       634   12  -15    8   -9    1    6   10   -2    9   -5  -14   21    8   -1  -13    7   -4   -9
    1   10   13    1    3    1    3    1      2322   -1   13  -12    6   -1   -3   10   16   -7    5   12   12   21   17  -12   -6  -15    4
    1   10   14    1    2    1    2    1      1719   -4  -10   -1   11   12  -12   10  -10   -2   17   13   -1    8    3   12    1   -5    2
    1   10   15    1    3    2    3    1       996   -3   20   -6   -3    8    0   16   17   -2    0   16   12   10   12   -9   -7  -19    2
    1   11    1    1    1    1    1    1      1054   13  -14   14  -10    2    7   10    0    6   -4  -11   18    8    1  -12   10   -6  -10
    1   11    2    1    3    5    3    1       870    1   14  -14    8    9    3   23   11    1   -3   16   14   11    9  -11   -6  -16   10
    1   11    3    1    2    1    2    1       628   -4  -10   -1   11   12  -12   10  -10   -2   17   13   -1    8    3   12    1   -5    2
    1   11    4    1    2    3    2    1      1133  -11  -11    1   10    1   -8   12   -9  -11   12   15   -1   10    3   11   -2   -6    1
    1   11    5    1    1    2    1    1      1537   16  -12    0  -20    1    4   11    2   10    6   -9   16    9   -1  -11    9  -15   -4
    1   11    6    1    3    4    3    1       997    0   17  -10    3    6   -3   16   13   -6    2   15   11   11   11  -11   -7   -8   13
    1   11    7    1    1    4    1    1      1055   14  -12    4  -13    3    7   13   -1    8   -3   -8   19    7    1  -14   11   -4  -12
    1   11    8    1    2    2    2    1       951   -4  -12   -1   10    5  -11    2    0   -6   12   16   -2    7    5   11    0   -6    4
    1   11    9    1    1    3    1    1       722   12  -15    8   -9    1    6   10   -2    9   -5  -14   21    8   -1  -13    7   -4   -9
    1   11   10    1    2    4    2    1       679   -4  -10    0   12    4   -9   12  -10   -3    2   14    0    9    5   10   -1    3    4
    1   11   11    1    2    5    3    0       685    1   -1    0   12    3  -12   13  -11    4    6   16   -2    4    3    9    1   -5   -2
    1   11   12    1    3    2    3    1      1459   -3   20   -6   -3    8    0   16   17   -2    0   16   12   10   12   -9   -7  -19    2
    1   11   13    1    3    1    3    1      1627   -1   13  -12    6   -1   -3   10   16   -7    5   12   12   21   17  -12   -6  -15    4
    1   11   14    1    3    3    3    1       556   10   10  -11    6    1   -4   13   14   -5    1   16   10   14    9  -11   -7  -11   15
    1   11   15    1    1    5    1    1       919   13  -13    6  -13    3    3   13    4    0    3  -13   15    4    5  -13   11   -7  -13
    1   12    1    1    3    2    3    1       739   -3   20   -6   -3    8    0   16   17   -2    0   16   12   10   12   -9   -7  -19    2
    1   12    2    1    3    5    3    1      1016    1   14  -14    8    9    3   23   11    1   -3   16   14   11    9  -11   -6  -16   10
    1   12    3    1    1    5    1    1       929   13  -13    6  -13    3    3   13    4    0    3  -13   15    4    5  -13   11   -7  -13
    1   12    4    1    2    2    2    1       941   -4  -12   -1   10    5  -11    2    0   -6   12   16   -2    7    5   11    0   -6    4
    1   12    5    1    1    4    1    1      2985   14  -12    4  -13    3    7   13   -1    8   -3   -8   19    7    1  -14   11   -4  -12
    1   12    6    1    2    1    2    1       867   -4  -10   -1   11   12  -12   10  -10   -2   17   13   -1    8    3   12    1   -5    2
    1   12    7    1    2    3    2    1       914  -11  -11    1   10    1   -8   12   -9  -11   12   15   -1   10    3   11   -2   -6    1
    1   12    8    1    1    2    1    1       832   16  -12    0  -20    1    4   11    2   10    6   -9   16    9   -1  -11    9  -15   -4
    1   12    9    1    1    3    1    1      1504   12  -15    8   -9    1    6   10   -2    9   -5  -14   21    8   -1  -13    7   -4   -9
    1   12   10    1    3    4    3    1       501    0   17  -10    3    6   -3   16   13   -6    2   15   11   11   11  -11   -7   -8   13
    1   12   11    1    3    3    3    1       978   10   10  -11    6    1   -4   13   14   -5    1   16   10   14    9  -11   -7  -11   15
    1   12   12    1    2    4    2    1       765   -4  -10    0   12    4   -9   12  -10   -3    2   14    0    9    5   10   -1    3    4
    1   12   13    1    3    1    3    1      2304   -1   13  -12    6   -1   -3   10   16   -7    5   12   12   21   17  -12   -6  -15    4
    1   12   14    1    1    1    1    1      1221   13  -14   14  -10    2    7   10    0    6   -4  -11   18    8    1  -12   10   -6  -10
    1   12   15    1    2    5    2    1      1478    1   -1    0   12    3  -12   13  -11    4    6   16   -2    4    3    9    1   -5   -2
    1   13    1    1    2    3    2    1      1309  -11  -11    1   10    1   -8   12   -9  -11   12   15   -1   10    3   11   -2   -6    1
    1   13    2    1    2    1    2    1       746   -4  -10   -1   11   12  -12   10  -10   -2   17   13   -1    8    3   12    1   -5    2
    1   13    3    1    3    1    3    1       990   -1   13  -12    6   -1   -3   10   16   -7    5   12   12   21   17  -12   -6  -15    4
    1   13    4    1    2    5    2    1       904    1   -1    0   12    3  -12   13  -11    4    6   16   -2    4    3    9    1   -5   -2
    1   13    5    1    2    4    2    1       710   -4  -10    0   12    4   -9   12  -10   -3    2   14    0    9    5   10   -1    3    4
    1   13    6    1    3    4    3    1       939    0   17  -10    3    6   -3   16   13   -6    2   15   11   11   11  -11   -7   -8   13
    1   13    7    1    3    5    3    1       951    1   14  -14    8    9    3   23   11    1   -3   16   14   11    9  -11   -6  -16   10
    1   13    8    1    1    3    1    1       723   12  -15    8   -9    1    6   10   -2    9   -5  -14   21    8   -1  -13    7   -4   -9
    1   13    9    1    3    3    3    1       919   10   10  -11    6    1   -4   13   14   -5    1   16   10   14    9  -11   -7  -11   15
    1   13   10    1    2    2    2    1       772   -4  -12   -1   10    5  -11    2    0   -6   12   16   -2    7    5   11    0   -6    4
    1   13   11    1    1    5    1    1       727   13  -13    6  -13    3    3   13    4    0    3  -13   15    4    5  -13   11   -7  -13
    1   13   12    1    1    4    1    1       668   14  -12    4  -13    3    7   13   -1    8   -3   -8   19    7    1  -14   11   -4  -12
    1   13   13    1    1    2    1    1       738   16  -12    0  -20    1    4   11    2   10    6   -9   16    9   -1  -11    9  -15   -4
    1   13   14    1    1    1    1    1      1414   13  -14   14  -10    2    7   10    0    6   -4  -11   18    8    1  -12   10   -6  -10
    1   13   15    1    3    2    3    1      1055   -3   20   -6   -3    8    0   16   17   -2    0   16   12   10   12   -9   -7  -19    2
    1   14    1    1    3    5    3    1       743    1   14  -14    8    9    3   23   11    1   -3   16   14   11    9  -11   -6  -16   10
    1   14    2    1    1    4    1    1       827   14  -12    4  -13    3    7   13   -1    8   -3   -8   19    7    1  -14   11   -4  -12
    1   14    3    1    3    3    3    1       891   10   10  -11    6    1   -4   13   14   -5    1   16   10   14    9  -11   -7  -11   15
    1   14    4    1    1    1    1    1       810   13  -14   14  -10    2    7   10    0    6   -4  -11   18    8    1  -12   10   -6  -10
    1   14    5    1    2    4    2    1      1419   -4  -10    0   12    4   -9   12  -10   -3    2   14    0    9    5   10   -1    3    4
    1   14    6    1    1    3    1    1       788   12  -15    8   -9    1    6   10   -2    9   -5  -14   21    8   -1  -13    7   -4   -9
    1   14    7    1    1    5    1    1      1414   13  -13    6  -13    3    3   13    4    0    3  -13   15    4    5  -13   11   -7  -13
    1   14    8    1    1    2    1    1       784   16  -12    0  -20    1    4   11    2   10    6   -9   16    9   -1  -11    9  -15   -4
    1   14    9    1    3    2    3    1       674   -3   20   -6   -3    8    0   16   17   -2    0   16   12   10   12   -9   -7  -19    2
    1   14   10    1    3    4    3    1      1000    0   17  -10    3    6   -3   16   13   -6    2   15   11   11   11  -11   -7   -8   13
    1   14   11    1    2    5    2    1      3170    1   -1    0   12    3  -12   13  -11    4    6   16   -2    4    3    9    1   -5   -2
    1   14   12    1    2    2    2    1      1621   -4  -12   -1   10    5  -11    2    0   -6   12   16   -2    7    5   11    0   -6    4
    1   14   13    1    2    1    2    1       757   -4  -10   -1   11   12  -12   10  -10   -2   17   13   -1    8    3   12    1   -5    2
    1   14   14    1    2    3    2    1       601  -11  -11    1   10    1   -8   12   -9  -11   12   15   -1   10    3   11   -2   -6    1
    1   14   15    1    3    1    3    1       706   -1   13  -12    6   -1   -3   10   16   -7    5   12   12   21   17  -12   -6  -15    4
    1   15    1    1    3    3    3    1      1735   10   10  -11    6    1   -4   13   14   -5    1   16   10   14    9  -11   -7  -11   15
    1   15    2    1    2    1    2    1       835   -4  -10   -1   11   12  -12   10  -10   -2   17   13   -1    8    3   12    1   -5    2
    1   15    3    1    2    3    2    1       868  -11  -11    1   10    1   -8   12   -9  -11   12   15   -1   10    3   11   -2   -6    1
    1   15    4    1    1    1    1    1       754   13  -14   14  -10    2    7   10    0    6   -4  -11   18    8    1  -12   10   -6  -10
    1   15    5    1    1    4    1    1       597   14  -12    4  -13    3    7   13   -1    8   -3   -8   19    7    1  -14   11   -4  -12
    1   15    6    1    3    1    3    1       720   -1   13  -12    6   -1   -3   10   16   -7    5   12   12   21   17  -12   -6  -15    4
    1   15    7    1    3    5    3    1       900    1   14  -14    8    9    3   23   11    1   -3   16   14   11    9  -11   -6  -16   10
    1   15    8    1    3    2    3    1       818   -3   20   -6   -3    8    0   16   17   -2    0   16   12   10   12   -9   -7  -19    2
    1   15    9    1    2    4    2    1       690   -4  -10    0   12    4   -9   12  -10   -3    2   14    0    9    5   10   -1    3    4
    1   15   10    1    2    2    2    1       729   -4  -12   -1   10    5  -11    2    0   -6   12   16   -2    7    5   11    0   -6    4
    1   15   11    1    1    3    2    0       653   12  -15    8   -9    1    6   10   -2    9   -5  -14   21    8   -1  -13    7   -4   -9
    1   15   12    1    1    5    1    1      1365   13  -13    6  -13    3    3   13    4    0    3  -13   15    4    5  -13   11   -7  -13
    1   15   13    1    2    5    2    1      1135    1   -1    0   12    3  -12   13  -11    4    6   16   -2    4    3    9    1   -5   -2
    1   15   14    1    3    4    3    1       755    0   17  -10    3    6   -3   16   13   -6    2   15   11   11   11  -11   -7   -8   13
    1   15   15    1    1    2    1    1      1095   16  -12    0  -20    1    4   11    2   10    6   -9   16    9   -1  -11    9  -15   -4
    2    1    1    4    1    1    1    0      2460   13  -12    5  -12    0    6   15   -2    9   -4  -12   16   10   -1  -11   11   -4   -9
    2    1    2    1    1    2    1    1      1595   16  -12    0  -20    1    4   11    2   10    6   -9   16    9   -1  -11    9  -15   -4
    2    1    3    4    2    3    2    1      5613   -8  -15    1   13    2   -8   13  -11   -6   12   14   -2    8    4    9    1   -8    5
    2    1    4    4    2    1    2    1      1694   -1  -10    2    6    5  -10    8  -10   -6   12   15    0    7    2    9    1   -4    1
    2    1    5    6    0    0    2    1      2140    7    8  -10    6  -13    4  -10  -11  -13   15   17   -4    9    3  -23    0    2   -6
    2    1    6    1    2    3    1    1      2056  -11  -11    1   10    1   -8   12   -9  -11   12   15   -1   10    3   11   -2   -6    1
    2    1    7    4    3    4    2    1      2392    0   13   -8    4   10    1   14   15    4    8   12   10   13   12  -11   -7  -14    5
    2    1    8    1    2    2    2    0      1530   -4  -12   -1   10    5  -11    2    0   -6   12   16   -2    7    5   11    0   -6    4
    2    1    9    1    3    5    1    1      1774    1   14  -14    8    9    3   23   11    1   -3   16   14   11    9  -11   -6  -16   10
    2    1   10    6    0    0    2    1      1113   15  -16   -3  -12    3    1    2    9   -7  -15  -15   -7  -10    6    9   -3    2  -10
    2    1   11    1    1    4    1    1      1582   14  -12    4  -13    3    7   13   -1    8   -3   -8   19    7    1  -14   11   -4  -12
    2    1   12    4    3    5    1    0      7808    2   15  -11    0    8    2   17   13  -11    9   16   11   10   10  -12   -9  -16    5
    2    1   13    1    3    3    1    1      1178   10   10  -11    6    1   -4   13   14   -5    1   16   10   14    9  -11   -7  -11   15
    2    1   14    4    3    2    2    1      1660   -7   18   -9    1    7    0   15   17   -3    3   13   12   12   21  -10   -7  -15    7
    2    1   15    6    0    0    2    1      1644   -7  -10   -1    9  -10    1   -2  -15   17   -5   -7    7    6   -5   16   -2   -9  -13
    2    1   16    1    2    4    1    1      1100   -4  -10    0   12    4   -9   12  -10   -3    2   14    0    9    5   10   -1    3    4
    2    1   17    4    2    4    2    1      1825   -5  -10    0   10    2   -8   10   -9   -6   13   24    1    8    3    9   -1  -11    2
    2    1   18    2    2    0    2    1      8538   -3  -11    0   11    4  -10   11  -10   -5   11   14   -1    9    3   10    0   -6    3
    2    1   19    1    1    3    2    0       822   12  -15    8   -9    1    6   10   -2    9   -5  -14   21    8   -1  -13    7   -4   -9
    2    1   20    6    0    0    1    0         0   15  -12   -5  -12    3    4    3   10   -6  -14  -10  -12   -9    4    5   -1    4  -13
    2    1   21    4    3    3    2    1      2616   -5    7  -13    4   -1    9   15   16   -3    5   11    8   13   12  -10   -4  -17   12
    2    1   22    1    3    1    1    1      1937   -1   13  -12    6   -1   -3   10   16   -7    5   12   12   21   17  -12   -6  -15    4
    2    1   23    4    1    5    2    1       933    9  -14    3  -13    2    7   12    0    8    1  -17   24   -1    1  -11    9   -3  -12
    2    1   24    1    2    1    1    1      1761   -4  -10   -1   11   12  -12   10  -10   -2   17   13   -1    8    3   12    1   -5    2
    2    1   25    4    1    3    1    0      2557   15  -14    4  -13    2    6   10    1    8   -3   -1    9    7    0  -14    6   -5   -9
    2    1   26    1    1    5    1    1      1112   13  -13    6  -13    3    3   13    4    0    3  -13   15    4    5  -13   11   -7  -13
    2    1   27    4    2    5    2    1      1102   -3  -10    0   12    6   -9   10  -10   -8   17   12   -2    7    2    9    0   -7    4
    2    1   28    6    0    0    2    1      1027    7   11   -9    7  -13    4  -11  -12   -8   18   16   -1   20    9  -11   -4   -3  -14
    2    1   29    6    0    0    2    1       764   -2  -21   13   -4  -11    3  -10  -14   17   -7  -10   -8   -1  -14    8   -7   -6   -8
    2    1   30    1    2    5    1    1      1183    1   -1    0   12    3  -12   13  -11    4    6   16   -2    4    3    9    1   -5   -2
    2    1   31    4    3    1    2    1      1008    0   17  -11    4    8    0   22    8   -5    1   14   17   10   13   -8   -5  -15    5
    2    1   32    4    1    4    2    1      3626   13  -15    5  -12    9    3    8  -10    2   -1  -16   21    8    0  -11    8   -5  -10
    2    1   33    1    3    2    2    0      3371   -3   20   -6   -3    8    0   16   17   -2    0   16   12   10   12   -9   -7  -19    2
    2    1   34    2    1    0    1    0      2517   14  -14    5  -13    1    5   11    0    7   -2  -11   16    9    1  -12    9   -5  -11
    2    1   35    4    1    2    1    0      3074   13  -15    6  -13    4   11   12    0    8   -3  -10   18   12   -4  -15    9   -3  -12
    2    1   36    4    2    2    2    1      3097   -3  -13   -1    9   14  -16   10   -9  -14   20   15   -1   11    1    9   -5   -8    3
    2    1   37    1    1    1    2    0      4702   13  -14   14  -10    2    7   10    0    6   -4  -11   18    8    1  -12   10   -6  -10
    2    1   38    1    3    4    1    1      1556    0   17  -10    3    6   -3   16   13   -6    2   15   11   11   11  -11   -7   -8   13
    2    1   39    2    3    0    1    0      1575    0   15  -12    5    8    1   15   15   -5    3   14   12   12   11  -10   -6  -14    6
