    1    1    1    1    3    1    1    0      8493    8    4    9    6  -14    0    0    4   16   -3    6  -12   -1  -10   -6  -12   14   -8
    1    1    2    1    2    2    1    0      4640  -15   -9    5   20    8   10    0   -2   -3   -7   16    3  -12    8    8   14    1   13
    1    1    3    1    2    4    1    0      3368  -13  -10   11   12   13   20   -6   -3    0   -6   16    2  -12    9   10   14    2   16
    1    1    4    1    3    4    2    0     14162   10    2   14    8  -12    0   -1   10   19   -5   11  -10   -5  -12   -7  -11   14   -9
    1    1    5    1    1    1    1    1      1006   16   -2   11    2   -6   -2   -8   -4    8  -18    1    5   13   -1  -15   -3   -8  -15
    1    1    6    1    2    5    2    1      2903  -11   -8   19   14    6   10    1   -4   -3   -6   15    4  -12    8   12   11    1   15
    1    1    7    1    2    1    2    1      1012  -16   -9   14   11    8    9    1   -4   -3   -6   15    3  -14   10   11    9    6   18
    1    1    8    1    1    4    3    0      1613   16   -7    7   -9   -4   -1  -14   -3   -7  -15    1    5   10    0  -15   -5  -10  -12
    1    1    9    1    1    2    3    0      1006   15  -13    4   -4   -6   -3  -11   -5   -2   -8   10   -4   11    2  -14   -3   -8  -13
    1    1   10    1    3    5    2    0      2455    9    5   14    6  -20   -2    3   15   14   -2    2  -16   -5  -15   -1  -16   13   -7
    1    1   11    1    3    3    2    0       871    8    6   18    9  -16   -2    2    6   13    0    5  -15    5  -20   -6   -9   15   -7
    1    1   12    1    1    3    1    1       885   14  -12    7   -5  -10   -2  -14    5   -1   -6    0    3   10    1  -13   -4  -11  -13
    1    1   13    1    2    3    2    1      1219  -14   -9   10    6    6   12    3   -7   -7   -3   12    3  -14    9    3    4    1   16
    1    1   14    1    3    2    3    1      2516   10    9    7    1  -12   -1   -4   -2   17   -1    6   -9   -2  -10   -3  -13   11   -8
    1    1   15    1    1    5    3    0      1233   12  -11    7   -5   -7   -1   -8   -5   -1   -7    1    3   10    2  -17    4  -10  -14
    1    2    1    1    3    1    3    1      1520    8    4    9    6  -14    0    0    4   16   -3    6  -12   -1  -10   -6  -12   14   -8
    1    2    2    1    2    3    2    1      1349  -14   -9   10    6    6   12    3   -7   -7   -3   12    3  -14    9    3    4    1   16
    1    2    3    1    1    4    1    1       656   16   -7    7   -9   -4   -1  -14   -3   -7  -15    1    5   10    0  -15   -5  -10  -12
    1    2    4    1    3    3    3    1      4119    8    6   18    9  -16   -2    2    6   13    0    5  -15    5  -20   -6   -9   15   -7
    1    2    5    1    2    4    1    0       948  -13  -10   11   12   13   20   -6   -3    0   -6   16    2  -12    9   10   14    2   16
    1    2    6    1    1    3    1    1       959   14  -12    7   -5  -10   -2  -14    5   -1   -6    0    3   10    1  -13   -4  -11  -13
    1    2    7    1    3    4    3    1      1131   10    2   14    8  -12    0   -1   10   19   -5   11  -10   -5  -12   -7  -11   14   -9
    1    2    8    1    1    2    1    1      3567   15  -13    4   -4   -6   -3  -11   -5   -2   -8   10   -4   11    2  -14   -3   -8  -13
    1    2    9    1    2    2    1    0      1953  -15   -9    5   20    8   10    0   -2   -3   -7   16    3  -12    8    8   14    1   13
    1    2   10    1    1    1    2    0       869   16   -2   11    2   -6   -2   -8   -4    8  -18    1    5   13   -1  -15   -3   -8  -15
    1    2   11    1    2    1    1    0      1075  -16   -9   14   11    8    9    1   -4   -3   -6   15    3  -14   10   11    9    6   18
    1    2   12    1    2    5    2    1      1434  -11   -8   19   14    6   10    1   -4   -3   -6   15    4  -12    8   12   11    1   15
    1    2   13    1    3    5    3    1       722    9    5   14    6  -20   -2    3   15   14   -2    2  -16   -5  -15   -1  -16   13   -7
    1    2   14    1    1    5    1    1       902   12  -11    7   -5   -7   -1   -8   -5   -1   -7    1    3   10    2  -17    4  -10  -14
    1    2   15    1    3    2    2    0      1556   10    9    7    1  -12   -1   -4   -2   17   -1    6   -9   -2  -10   -3  -13   11   -8
    1    3    1    1    1    5    3    0      2071   12  -11    7   -5   -7   -1   -8   -5   -1   -7    1    3   10    2  -17    4  -10  -14
    1    3    2    1    1    2    1    1      5926   15  -13    4   -4   -6   -3  -11   -5   -2   -8   10   -4   11    2  -14   -3   -8  -13
    1    3    3    1    2    1    2    1      1002  -16   -9   14   11    8    9    1   -4   -3   -6   15    3  -14   10   11    9    6   18
    1    3    4    1    1    3    1    1       979   14  -12    7   -5  -10   -2  -14    5   -1   -6    0    3   10    1  -13   -4  -11  -13
    1    3    5    1    3    2    3    1       958   10    9    7    1  -12   -1   -4   -2   17   -1    6   -9   -2  -10   -3  -13   11   -8
    1    3    6    1    3    5    3    1       825    9    5   14    6  -20   -2    3   15   14   -2    2  -16   -5  -15   -1  -16   13   -7
    1    3    7    1    2    2    2    1      2698  -15   -9    5   20    8   10    0   -2   -3   -7   16    3  -12    8    8   14    1   13
    1    3    8    1    2    5    2    1       959  -11   -8   19   14    6   10    1   -4   -3   -6   15    4  -12    8   12   11    1   15
    1    3    9    1    1    1    1    1       826   16   -2   11    2   -6   -2   -8   -4    8  -18    1    5   13   -1  -15   -3   -8  -15
    1    3   10    1    3    4    3    1       587   10    2   14    8  -12    0   -1   10   19   -5   11  -10   -5  -12   -7  -11   14   -9
    1    3   11    1    2    4    2    1       965  -13  -10   11   12   13   20   -6   -3    0   -6   16    2  -12    9   10   14    2   16
    1    3   12    1    3    3    3    1       672    8    6   18    9  -16   -2    2    6   13    0    5  -15    5  -20   -6   -9   15   -7
    1    3   13    1    2    3    1    0       806  -14   -9   10    6    6   12    3   -7   -7   -3   12    3  -14    9    3    4    1   16
    1    3   14    1    3    1    3    1       552    8    4    9    6  -14    0    0    4   16   -3    6  -12   -1  -10   -6  -12   14   -8
    1    3   15    1    1    4    1    1       915   16   -7    7   -9   -4   -1  -14   -3   -7  -15    1    5   10    0  -15   -5  -10  -12
    1    4    1    1    2    5    2    1       783  -11   -8   19   14    6   10    1   -4   -3   -6   15    4  -12    8   12   11    1   15
    1    4    2    1    2    2    2    1      1633  -15   -9    5   20    8   10    0   -2   -3   -7   16    3  -12    8    8   14    1   13
    1    4    3    1    3    5    3    1       641    9    5   14    6  -20   -2    3   15   14   -2    2  -16   -5  -15   -1  -16   13   -7
    1    4    4    1    3    4    3    1       425   10    2   14    8  -12    0   -1   10   19   -5   11  -10   -5  -12   -7  -11   14   -9
    1    4    5    1    1    3    1    1       714   14  -12    7   -5  -10   -2  -14    5   -1   -6    0    3   10    1  -13   -4  -11  -13
    1    4    6    1    2    4    2    1       639  -13  -10   11   12   13   20   -6   -3    0   -6   16    2  -12    9   10   14    2   16
    1    4    7    1    1    1    1    1       839   16   -2   11    2   -6   -2   -8   -4    8  -18    1    5   13   -1  -15   -3   -8  -15
    1    4    8    1    1    2    1    1      1350   15  -13    4   -4   -6   -3  -11   -5   -2   -8   10   -4   11    2  -14   -3   -8  -13
    1    4    9    1    3    2    3    1       786   10    9    7    1  -12   -1   -4   -2   17   -1    6   -9   -2  -10   -3  -13   11   -8
    1    4   10    1    2    3    2    1       996  -14   -9   10    6    6   12    3   -7   -7   -3   12    3  -14    9    3    4    1   16
    1    4   11    1    1    4    1    1      1342   16   -7    7   -9   -4   -1  -14   -3   -7  -15    1    5   10    0  -15   -5  -10  -12
    1    4   12    1    2    1    3    0      1034  -16   -9   14   11    8    9    1   -4   -3   -6   15    3  -14   10   11    9    6   18
    1    4   13    1    3    1    3    1       706    8    4    9    6  -14    0    0    4   16   -3    6  -12   -1  -10   -6  -12   14   -8
    1    4   14    1    3    3    3    1       615    8    6   18    9  -16   -2    2    6   13    0    5  -15    5  -20   -6   -9   15   -7
    1    4   15    1    1    5    1    1       687   12  -11    7   -5   -7   -1   -8   -5   -1   -7    1    3   10    2  -17    4  -10  -14
    1    5    1    1    3    3    3    1       646    8    6   18    9  -16   -2    2    6   13    0    5  -15    5  -20   -6   -9   15   -7
    1    5    2    1    1    3    1    1       765   14  -12    7   -5  -10   -2  -14    5   -1   -6    0    3   10    1  -13   -4  -11  -13
    1    5    3    1    1    4    2    0       816   16   -7    7   -9   -4   -1  -14   -3   -7  -15    1    5   10    0  -15   -5  -10  -12
    1    5    4    1    2    4    1    0      1041  -13  -10   11   12   13   20   -6   -3    0   -6   16    2  -12    9   10   14    2   16
    1    5    5    1    3    4    3    1       505   10    2   14    8  -12    0   -1   10   19   -5   11  -10   -5  -12   -7  -11   14   -9
    1    5    6    1    2    3    1    0       758  -14   -9   10    6    6   12    3   -7   -7   -3   12    3  -14    9    3    4    1   16
    1    5    7    1    2    2    2    1      1001  -15   -9    5   20    8   10    0   -2   -3   -7   16    3  -12    8    8   14    1   13
    1    5    8    1    3    5    3    1       675    9    5   14    6  -20   -2    3   15   14   -2    2  -16   -5  -15   -1  -16   13   -7
    1    5    9    1    1    1    1    1      1353   16   -2   11    2   -6   -2   -8   -4    8  -18    1    5   13   -1  -15   -3   -8  -15
    1    5   10    1    3    2    3    1      1621   10    9    7    1  -12   -1   -4   -2   17   -1    6   -9   -2  -10   -3  -13   11   -8
    1    5   11    1    1    5    1    1       709   12  -11    7   -5   -7   -1   -8   -5   -1   -7    1    3   10    2  -17    4  -10  -14
    1    5   12    1    2    1    2    1      2042  -16   -9   14   11    8    9    1   -4   -3   -6   15    3  -14   10   11    9    6   18
    1    5   13    1    1    2    1    1       970   15  -13    4   -4   -6   -3  -11   -5   -2   -8   10   -4   11    2  -14   -3   -8  -13
    1    5   14    1    3    1    3    1       501    8    4    9    6  -14    0    0    4   16   -3    6  -12   -1  -10   -6  -12   14   -8
    1    5   15    1    2    5    2    1      3442  -11   -8   19   14    6   10    1   -4   -3   -6   15    4  -12    8   12   11    1   15
    1    6    1    1    1    2    1    1       522   15  -13    4   -4   -6   -3  -11   -5   -2   -8   10   -4   11    2  -14   -3   -8  -13
    1    6    2    1    1    1    2    0       919   16   -2   11    2   -6   -2   -8   -4    8  -18    1    5   13   -1  -15   -3   -8  -15
    1    6    3    1    1    3    1    1       755   14  -12    7   -5  -10   -2  -14    5   -1   -6    0    3   10    1  -13   -4  -11  -13
    1    6    4    1    3    3    3    1       599    8    6   18    9  -16   -2    2    6   13    0    5  -15    5  -20   -6   -9   15   -7
    1    6    5    1    3    2    3    1       576   10    9    7    1  -12   -1   -4   -2   17   -1    6   -9   -2  -10   -3  -13   11   -8
    1    6    6    1    2    4    2    1      8522  -13  -10   11   12   13   20   -6   -3    0   -6   16    2  -12    9   10   14    2   16
    1    6    7    1    2    1    1    0       951  -16   -9   14   11    8    9    1   -4   -3   -6   15    3  -14   10   11    9    6   18
    1    6    8    1    1    4    1    1       882   16   -7    7   -9   -4   -1  -14   -3   -7  -15    1    5   10    0  -15   -5  -10  -12
    1    6    9    1    2    5    2    1       912  -11   -8   19   14    6   10    1   -4   -3   -6   15    4  -12    8   12   11    1   15
    1    6   10    1    1    5    1    1       702   12  -11    7   -5   -7   -1   -8   -5   -1   -7    1    3   10    2  -17    4  -10  -14
    1    6   11    1    2    3    1    0       899  -14   -9   10    6    6   12    3   -7   -7   -3   12    3  -14    9    3    4    1   16
    1    6   12    1    2    2    2    1       848  -15   -9    5   20    8   10    0   -2   -3   -7   16    3  -12    8    8   14    1   13
    1    6   13    1    3    5    3    1       751    9    5   14    6  -20   -2    3   15   14   -2    2  -16   -5  -15   -1  -16   13   -7
    1    6   14    1    3    1    3    1      4707    8    4    9    6  -14    0    0    4   16   -3    6  -12   -1  -10   -6  -12   14   -8
    1    6   15    1    3    4    3    1       888   10    2   14    8  -12    0   -1   10   19   -5   11  -10   -5  -12   -7  -11   14   -9
    1    7    1    1    3    3    3    1       646    8    6   18    9  -16   -2    2    6   13    0    5  -15    5  -20   -6   -9   15   -7
    1    7    2    1    1    4    1    1       893   16   -7    7   -9   -4   -1  -14   -3   -7  -15    1    5   10    0  -15   -5  -10  -12
    1    7    3    1    1    3    1    1       587   14  -12    7   -5  -10   -2  -14    5   -1   -6    0    3   10    1  -13   -4  -11  -13
    1    7    4    1    3    5    3    1       549    9    5   14    6  -20   -2    3   15   14   -2    2  -16   -5  -15   -1  -16   13   -7
    1    7    5    1    3    1    3    1       496    8    4    9    6  -14    0    0    4   16   -3    6  -12   -1  -10   -6  -12   14   -8
    1    7    6    1    3    2    3    1       830   10    9    7    1  -12   -1   -4   -2   17   -1    6   -9   -2  -10   -3  -13   11   -8
    1    7    7    1    3    4    3    1       606   10    2   14    8  -12    0   -1   10   19   -5   11  -10   -5  -12   -7  -11   14   -9
    1    7    8    1    1    1    1    1      1959   16   -2   11    2   -6   -2   -8   -4    8  -18    1    5   13   -1  -15   -3   -8  -15
    1    7    9    1    1    5    1    1       698   12  -11    7   -5   -7   -1   -8   -5   -1   -7    1    3   10    2  -17    4  -10  -14
    1    7   10    1    2    2    2    1      2368  -15   -9    5   20    8   10    0   -2   -3   -7   16    3  -12    8    8   14    1   13
    1    7   11    1    2    4    2    1       674  -13  -10   11   12   13   20   -6   -3    0   -6   16    2  -12    9   10   14    2   16
    1    7   12    1    2    1    1    0       825  -16   -9   14   11    8    9    1   -4   -3   -6   15    3  -14   10   11    9    6   18
    1    7   13    1    2    5    2    1       937  -11   -8   19   14    6   10    1   -4   -3   -6   15    4  -12    8   12   11    1   15
    1    7   14    1    2    3    1    0      2021  -14   -9   10    6    6   12    3   -7   -7   -3   12    3  -14    9    3    4    1   16
    1    7   15    1    1    2    1    1       582   15  -13    4   -4   -6   -3  -11   -5   -2   -8   10   -4   11    2  -14   -3   -8  -13
    1    8    1    1    1    1    1    1       912   16   -2   11    2   -6   -2   -8   -4    8  -18    1    5   13   -1  -15   -3   -8  -15
    1    8    2    1    2    4    2    1      1437  -13  -10   11   12   13   20   -6   -3    0   -6   16    2  -12    9   10   14    2   16
    1    8    3    1    2    3    2    1       789  -14   -9   10    6    6   12    3   -7   -7   -3   12    3  -14    9    3    4    1   16
    1    8    4    1    1    4    1    1      1495   16   -7    7   -9   -4   -1  -14   -3   -7  -15    1    5   10    0  -15   -5  -10  -12
    1    8    5    1    3    5    3    1       701    9    5   14    6  -20   -2    3   15   14   -2    2  -16   -5  -15   -1  -16   13   -7
    1    8    6    1    3    3    3    1       546    8    6   18    9  -16   -2    2    6   13    0    5  -15    5  -20   -6   -9   15   -7
    1    8    7    1    3    2    3    1       702   10    9    7    1  -12   -1   -4   -2   17   -1    6   -9   -2  -10   -3  -13   11   -8
    1    8    8    1    2    2    2    1      6211  -15   -9    5   20    8   10    0   -2   -3   -7   16    3  -12    8    8   14    1   13
    1    8    9    1    2    1    2    1       844  -16   -9   14   11    8    9    1   -4   -3   -6   15    3  -14   10   11    9    6   18
    1    8   10    1    1    5    1    1       652   12  -11    7   -5   -7   -1   -8   -5   -1   -7    1    3   10    2  -17    4  -10  -14
    1    8   11    1    2    5    1    0      1123  -11   -8   19   14    6   10    1   -4   -3   -6   15    4  -12    8   12   11    1   15
    1    8   12    1    1    2    1    1       680   15  -13    4   -4   -6   -3  -11   -5   -2   -8   10   -4   11    2  -14   -3   -8  -13
    1    8   13    1    3    1    3    1       558    8    4    9    6  -14    0    0    4   16   -3    6  -12   -1  -10   -6  -12   14   -8
    1    8   14    1    1    3    1    1       905   14  -12    7   -5  -10   -2  -14    5   -1   -6    0    3   10    1  -13   -4  -11  -13
    1    8   15    1    3    4    3    1       551   10    2   14    8  -12    0   -1   10   19   -5   11  -10   -5  -12   -7  -11   14   -9
    1    9    1    1    3    1    3    1       498    8    4    9    6  -14    0    0    4   16   -3    6  -12   -1  -10   -6  -12   14   -8
    1    9    2    1    2    5    2    1      2399  -11   -8   19   14    6   10    1   -4   -3   -6   15    4  -12    8   12   11    1   15
    1    9    3    1    2    1    2    1       913  -16   -9   14   11    8    9    1   -4   -3   -6   15    3  -14   10   11    9    6   18
    1    9    4    1    3    4    3    1       734   10    2   14    8  -12    0   -1   10   19   -5   11  -10   -5  -12   -7  -11   14   -9
    1    9    5    1    1    5    1    1       594   12  -11    7   -5   -7   -1   -8   -5   -1   -7    1    3   10    2  -17    4  -10  -14
    1    9    6    1    2    2    2    1       620  -15   -9    5   20    8   10    0   -2   -3   -7   16    3  -12    8    8   14    1   13
    1    9    7    1    1    1    1    1       868   16   -2   11    2   -6   -2   -8   -4    8  -18    1    5   13   -1  -15   -3   -8  -15
    1    9    8    1    3    2    3    1       387   10    9    7    1  -12   -1   -4   -2   17   -1    6   -9   -2  -10   -3  -13   11   -8
    1    9    9    1    2    3    2    1      1237  -14   -9   10    6    6   12    3   -7   -7   -3   12    3  -14    9    3    4    1   16
    1    9   10    1    1    4    1    1       453   16   -7    7   -9   -4   -1  -14   -3   -7  -15    1    5   10    0  -15   -5  -10  -12
    1    9   11    1    1    2    1    1       500   15  -13    4   -4   -6   -3  -11   -5   -2   -8   10   -4   11    2  -14   -3   -8  -13
    1    9   12    1    3    5    3    1       497    9    5   14    6  -20   -2    3   15   14   -2    2  -16   -5  -15   -1  -16   13   -7
    1    9   13    1    1    3    1    1      1183   14  -12    7   -5  -10   -2  -14    5   -1   -6    0    3   10    1  -13   -4  -11  -13
    1    9   14    1    2    4    2    1       465  -13  -10   11   12   13   20   -6   -3    0   -6   16    2  -12    9   10   14    2   16
    1    9   15    1    3    3    3    1       831    8    6   18    9  -16   -2    2    6   13    0    5  -15    5  -20   -6   -9   15   -7
    1   10    1    1    2    3    2    1      1151  -14   -9   10    6    6   12    3   -7   -7   -3   12    3  -14    9    3    4    1   16
    1   10    2    1    2    5    1    0       771  -11   -8   19   14    6   10    1   -4   -3   -6   15    4  -12    8   12   11    1   15
    1   10    3    1    3    5    3    1       821    9    5   14    6  -20   -2    3   15   14   -2    2  -16   -5  -15   -1  -16   13   -7
    1   10    4    1    2    1    1    0      1174  -16   -9   14   11    8    9    1   -4   -3   -6   15    3  -14   10   11    9    6   18
    1   10    5    1    1    4    1    1       569   16   -7    7   -9   -4   -1  -14   -3   -7  -15    1    5   10    0  -15   -5  -10  -12
    1   10    6    1    1    3    1    1       691   14  -12    7   -5  -10   -2  -14    5   -1   -6    0    3   10    1  -13   -4  -11  -13
    1   10    7    1    3    1    3    1       473    8    4    9    6  -14    0    0    4   16   -3    6  -12   -1  -10   -6  -12   14   -8
    1   10    8    1    1    2    1    1       808   15  -13    4   -4   -6   -3  -11   -5   -2   -8   10   -4   11    2  -14   -3   -8  -13
    1   10    9    1    3    3    3    1       841    8    6   18    9  -16   -2    2    6   13    0    5  -15    5  -20   -6   -9   15   -7
    1   10   10    1    2    2    1    0      1385  -15   -9    5   20    8   10    0   -2   -3   -7   16    3  -12    8    8   14    1   13
    1   10   11    1    1    1    1    1       723   16   -2   11    2   -6   -2   -8   -4    8  -18    1    5   13   -1  -15   -3   -8  -15
    1   10   12    1    3    4    3    1       551   10    2   14    8  -12    0   -1   10   19   -5   11  -10   -5  -12   -7  -11   14   -9
    1   10   13    1    1    5    1    1       547   12  -11    7   -5   -7   -1   -8   -5   -1   -7    1    3   10    2  -17    4  -10  -14
    1   10   14    1    3    2    3    1       574   10    9    7    1  -12   -1   -4   -2   17   -1    6   -9   -2  -10   -3  -13   11   -8
    1   10   15    1    2    4    2    1      1097  -13  -10   11   12   13   20   -6   -3    0   -6   16    2  -12    9   10   14    2   16
    1   11    1    1    2    3    2    1       494  -14   -9   10    6    6   12    3   -7   -7   -3   12    3  -14    9    3    4    1   16
    1   11    2    1    2    4    2    1       716  -13  -10   11   12   13   20   -6   -3    0   -6   16    2  -12    9   10   14    2   16
    1   11    3    1    1    4    1    1       497   16   -7    7   -9   -4   -1  -14   -3   -7  -15    1    5   10    0  -15   -5  -10  -12
    1   11    4    1    2    1    2    1       686  -16   -9   14   11    8    9    1   -4   -3   -6   15    3  -14   10   11    9    6   18
    1   11    5    1    2    2    2    1       980  -15   -9    5   20    8   10    0   -2   -3   -7   16    3  -12    8    8   14    1   13
    1   11    6    1    3    3    3    1       686    8    6   18    9  -16   -2    2    6   13    0    5  -15    5  -20   -6   -9   15   -7
    1   11    7    1    3    5    3    1       660    9    5   14    6  -20   -2    3   15   14   -2    2  -16   -5  -15   -1  -16   13   -7
    1   11    8    1    2    5    2    1       667  -11   -8   19   14    6   10    1   -4   -3   -6   15    4  -12    8   12   11    1   15
    1   11    9    1    1    5    1    1       418   12  -11    7   -5   -7   -1   -8   -5   -1   -7    1    3   10    2  -17    4  -10  -14
    1   11   10    1    3    2    3    1       418   10    9    7    1  -12   -1   -4   -2   17   -1    6   -9   -2  -10   -3  -13   11   -8
    1   11   11    1    1    1    1    1      1267   16   -2   11    2   -6   -2   -8   -4    8  -18    1    5   13   -1  -15   -3   -8  -15
    1   11   12    1    1    3    1    1      1265   14  -12    7   -5  -10   -2  -14    5   -1   -6    0    3   10    1  -13   -4  -11  -13
    1   11   13    1    3    4    3    1       640   10    2   14    8  -12    0   -1   10   19   -5   11  -10   -5  -12   -7  -11   14   -9
    1   11   14    1    3    1    3    1       488    8    4    9    6  -14    0    0    4   16   -3    6  -12   -1  -10   -6  -12   14   -8
    1   11   15    1    1    2    1    1       598   15  -13    4   -4   -6   -3  -11   -5   -2   -8   10   -4   11    2  -14   -3   -8  -13
    1   12    1    1    2    5    2    1      1055  -11   -8   19   14    6   10    1   -4   -3   -6   15    4  -12    8   12   11    1   15
    1   12    2    1    1    2    1    1       598   15  -13    4   -4   -6   -3  -11   -5   -2   -8   10   -4   11    2  -14   -3   -8  -13
    1   12    3    1    2    1    2    1       752  -16   -9   14   11    8    9    1   -4   -3   -6   15    3  -14   10   11    9    6   18
    1   12    4    1    3    3    3    1       531    8    6   18    9  -16   -2    2    6   13    0    5  -15    5  -20   -6   -9   15   -7
    1   12    5    1    1    4    1    1       831   16   -7    7   -9   -4   -1  -14   -3   -7  -15    1    5   10    0  -15   -5  -10  -12
    1   12    6    1    2    4    2    1      1247  -13  -10   11   12   13   20   -6   -3    0   -6   16    2  -12    9   10   14    2   16
    1   12    7    1    1    3    1    1      7886   14  -12    7   -5  -10   -2  -14    5   -1   -6    0    3   10    1  -13   -4  -11  -13
    1   12    8    1    2    3    2    1       852  -14   -9   10    6    6   12    3   -7   -7   -3   12    3  -14    9    3    4    1   16
    1   12    9    1    1    1    2    0      1155   16   -2   11    2   -6   -2   -8   -4    8  -18    1    5   13   -1  -15   -3   -8  -15
    1   12   10    1    3    5    3    1       519    9    5   14    6  -20   -2    3   15   14   -2    2  -16   -5  -15   -1  -16   13   -7
    1   12   11    1    3    1    3    1       835    8    4    9    6  -14    0    0    4   16   -3    6  -12   -1  -10   -6  -12   14   -8
    1   12   12    1    1    5    1    1       676   12  -11    7   -5   -7   -1   -8   -5   -1   -7    1    3   10    2  -17    4  -10  -14
    1   12   13    1    3    4    3    1       538   10    2   14    8  -12    0   -1   10   19   -5   11  -10   -5  -12   -7  -11   14   -9
    1   12   14    1    2    2    2    1      1238  -15   -9    5   20    8   10    0   -2   -3   -7   16    3  -12    8    8   14    1   13
    1   12   15    1    3    2    3    1       678   10    9    7    1  -12   -1   -4   -2   17   -1    6   -9   -2  -10   -3  -13   11   -8
    1   13    1    1    3    2    3    1       989   10    9    7    1  -12   -1   -4   -2   17   -1    6   -9   -2  -10   -3  -13   11   -8
    1   13    2    1    2    4    2    1      2022  -13  -10   11   12   13   20   -6   -3    0   -6   16    2  -12    9   10   14    2   16
    1   13    3    1    2    3    2    1      4263  -14   -9   10    6    6   12    3   -7   -7   -3   12    3  -14    9    3    4    1   16
    1   13    4    1    1    4    1    1       942   16   -7    7   -9   -4   -1  -14   -3   -7  -15    1    5   10    0  -15   -5  -10  -12
    1   13    5    1    3    4    3    1       586   10    2   14    8  -12    0   -1   10   19   -5   11  -10   -5  -12   -7  -11   14   -9
    1   13    6    1    3    5    3    1       611    9    5   14    6  -20   -2    3   15   14   -2    2  -16   -5  -15   -1  -16   13   -7
    1   13    7    1    1    1    2    0      2797   16   -2   11    2   -6   -2   -8   -4    8  -18    1    5   13   -1  -15   -3   -8  -15
    1   13    8    1    1    3    1    1      2126   14  -12    7   -5  -10   -2  -14    5   -1   -6    0    3   10    1  -13   -4  -11  -13
    1   13    9    1    1    2    1    1       411   15  -13    4   -4   -6   -3  -11   -5   -2   -8   10   -4   11    2  -14   -3   -8  -13
    1   13   10    1    2    2    2    1      1388  -15   -9    5   20    8   10    0   -2   -3   -7   16    3  -12    8    8   14    1   13
    1   13   11    1    1    5    1    1       742   12  -11    7   -5   -7   -1   -8   -5   -1   -7    1    3   10    2  -17    4  -10  -14
    1   13   12    1    3    3    3    1      1450    8    6   18    9  -16   -2    2    6   13    0    5  -15    5  -20   -6   -9   15   -7
    1   13   13    1    3    1    3    1      1361    8    4    9    6  -14    0    0    4   16   -3    6  -12   -1  -10   -6  -12   14   -8
    1   13   14    1    2    5    2    1       732  -11   -8   19   14    6   10    1   -4   -3   -6   15    4  -12    8   12   11    1   15
    1   13   15    1    2    1    2    1      1392  -16   -9   14   11    8    9    1   -4   -3   -6   15    3  -14   10   11    9    6   18
    1   14    1    1    2    5    2    1      1066  -11   -8   19   14    6   10    1   -4   -3   -6   15    4  -12    8   12   11    1   15
    1   14    2    1    1    3    1    1      1313   14  -12    7   -5  -10   -2  -14    5   -1   -6    0    3   10    1  -13   -4  -11  -13
    1   14    3    1    3    5    3    1       686    9    5   14    6  -20   -2    3   15   14   -2    2  -16   -5  -15   -1  -16   13   -7
    1   14    4    1    3    2    3    1       612   10    9    7    1  -12   -1   -4   -2   17   -1    6   -9   -2  -10   -3  -13   11   -8
    1   14    5    1    1    5    1    1     13708   12  -11    7   -5   -7   -1   -8   -5   -1   -7    1    3   10    2  -17    4  -10  -14
    1   14    6    1    2    1    2    1     10890  -16   -9   14   11    8    9    1   -4   -3   -6   15    3  -14   10   11    9    6   18
    1   14    7    1    2    2    2    1      1224  -15   -9    5   20    8   10    0   -2   -3   -7   16    3  -12    8    8   14    1   13
    1   14    8    1    3    4    3    1      1384   10    2   14    8  -12    0   -1   10   19   -5   11  -10   -5  -12   -7  -11   14   -9
    1   14    9    1    1    4    1    1      1170   16   -7    7   -9   -4   -1  -14   -3   -7  -15    1    5   10    0  -15   -5  -10  -12
    1   14   10    1    3    1    3    1       581    8    4    9    6  -14    0    0    4   16   -3    6  -12   -1  -10   -6  -12   14   -8
    1   14   11    1    2    3    2    1       863  -14   -9   10    6    6   12    3   -7   -7   -3   12    3  -14    9    3    4    1   16
    1   14   12    1    3    3    3    1       637    8    6   18    9  -16   -2    2    6   13    0    5  -15    5  -20   -6   -9   15   -7
    1   14   13    1    2    4    2    1       965  -13  -10   11   12   13   20   -6   -3    0   -6   16    2  -12    9   10   14    2   16
    1   14   14    1    1    1    2    0       608   16   -2   11    2   -6   -2   -8   -4    8  -18    1    5   13   -1  -15   -3   -8  -15
    1   14   15    1    1    2    1    1       586   15  -13    4   -4   -6   -3  -11   -5   -2   -8   10   -4   11    2  -14   -3   -8  -13
    1   15    1    1    3    3    3    1       819    8    6   18    9  -16   -2    2    6   13    0    5  -15    5  -20   -6   -9   15   -7
    1   15    2    1    3    1    3    1      4356    8    4    9    6  -14    0    0    4   16   -3    6  -12   -1  -10   -6  -12   14   -8
    1   15    3    1    3    2    3    1       487   10    9    7    1  -12   -1   -4   -2   17   -1    6   -9   -2  -10   -3  -13   11   -8
    1   15    4    1    2    2    2    1       789  -15   -9    5   20    8   10    0   -2   -3   -7   16    3  -12    8    8   14    1   13
    1   15    5    1    1    3    1    1      1399   14  -12    7   -5  -10   -2  -14    5   -1   -6    0    3   10    1  -13   -4  -11  -13
    1   15    6    1    2    3    2    1      1136  -14   -9   10    6    6   12    3   -7   -7   -3   12    3  -14    9    3    4    1   16
    1   15    7    1    1    4    1    1       644   16   -7    7   -9   -4   -1  -14   -3   -7  -15    1    5   10    0  -15   -5  -10  -12
    1   15    8    1    3    5    3    1       508    9    5   14    6  -20   -2    3   15   14   -2    2  -16   -5  -15   -1  -16   13   -7
    1   15    9    1    2    5    2    1       970  -11   -8   19   14    6   10    1   -4   -3   -6   15    4  -12    8   12   11    1   15
    1   15   10    1    2    4    2    1      3028  -13  -10   11   12   13   20   -6   -3    0   -6   16    2  -12    9   10   14    2   16
    1   15   11    1    1    2    1    1       573   15  -13    4   -4   -6   -3  -11   -5   -2   -8   10   -4   11    2  -14   -3   -8  -13
    1   15   12    1    2    1    2    1       583  -16   -9   14   11    8    9    1   -4   -3   -6   15    3  -14   10   11    9    6   18
    1   15   13    1    1    5    1    1      1025   12  -11    7   -5   -7   -1   -8   -5   -1   -7    1    3   10    2  -17    4  -10  -14
    1   15   14    1    1    1    1    1       906   16   -2   11    2   -6   -2   -8   -4    8  -18    1    5   13   -1  -15   -3   -8  -15
    1   15   15    1    3    4    3    1       631   10    2   14    8  -12    0   -1   10   19   -5   11  -10   -5  -12   -7  -11   14   -9
    2    1    1    4    1    1    2    1      2177   10  -21    4   -5   -6   -2  -10   -5   -2   -9    1    2   20   -7  -18    1  -13   -5
    2    1    2    4    1    4    2    1      1036   14  -13    4   -5    3    1  -12   -6   -2   -7   -1    6   11    0  -11   -2  -15  -18
    2    1    3    1    3    3    1    1      1060    8    6   18    9  -16   -2    2    6   13    0    5  -15    5  -20   -6   -9   15   -7
    2    1    4    4    2    4    2    1      1803  -14   -7   10   16    8   10    2    0   -2   -8   13    5  -13    9    8   14   -3    6
    2    1    5    1    2    1    1    1      2276  -16   -9   14   11    8    9    1   -4   -3   -6   15    3  -14   10   11    9    6   18
    2    1    6    2    2    0    2    1      1355  -14   -8   12   11    7   10    1   -3   -2   -7   14    4  -13    8   10   12    2   15
    2    1    7    1    3    2    1    1      1942   10    9    7    1  -12   -1   -4   -2   17   -1    6   -9   -2  -10   -3  -13   11   -8
    2    1    8    1    2    5    1    1      2170  -11   -8   19   14    6   10    1   -4   -3   -6   15    4  -12    8   12   11    1   15
    2    1    9    1    1    1    1    1      1749   16   -2   11    2   -6   -2   -8   -4    8  -18    1    5   13   -1  -15   -3   -8  -15
    2    1   10    4    3    5    2    1      1008    8    4    3    1   -5   -9   -1    7   19    5    7  -13   -3  -10   -5  -13   15   -9
    2    1   11    6    0    0    2    1       825   10   -8    3  -10    6    4   -5  -15   13   -8    2   16    1  -14  -13  -11    6  -11
    2    1   12    2    3    0    1    0       682    9    4   13   10  -13   -1    1    5   15   -2    7  -14   -3  -12   -6  -11   13   -8
    2    1   13    1    3    4    1    1      1136   10    2   14    8  -12    0   -1   10   19   -5   11  -10   -5  -12   -7  -11   14   -9
    2    1   14    1    1    4    2    0       996   16   -7    7   -9   -4   -1  -14   -3   -7  -15    1    5   10    0  -15   -5  -10  -12
    2    1   15    4    1    3    2    1       861   14  -11    5   -5   -7   -3  -16    2    2   -9    1   -5    3   10  -10   -7   -1   -4
    2    1   16    4    1    2    2    1      1564   14  -14    7   -4   -4   -3  -13   -5   -3   -6  -10    7   12    1  -19  -11  -11  -12
    2    1   17    1    2    4    2    0      3887  -13  -10   11   12   13   20   -6   -3    0   -6   16    2  -12    9   10   14    2   16
    2    1   18    6    0    0    2    1       837   12    2   -8   16  -16   13    1    1    5  -10   12   14   -7   -5   13  -13   16   13
    2    1   19    1    3    1    1    1       693    8    4    9    6  -14    0    0    4   16   -3    6  -12   -1  -10   -6  -12   14   -8
    2    1   20    4    3    2    2    1       875   11    6   23   19  -15    1    2    4    6   -1    7  -13   -5  -10  -14  -18    8   -4
    2    1   21    4    3    1    2    1      3193    5    8   17    3  -15    0    0    6   12   -1    6  -13    3  -14   -7   -6   15  -10
    2    1   22    1    1    3    1    1      1580   14  -12    7   -5  -10   -2  -14    5   -1   -6    0    3   10    1  -13   -4  -11  -13
    2    1   23    4    3    3    1    0      1118   10    4   12   11  -11   -3    3    3   17    0    6  -11   -4  -13   -7  -10   14   -9
    2    1   24    6    0    0    2    1       802   13    5    0   -2   -5    3   -4   -9   -7    1   13   17   15  -12   -7   13   18    3
    2    1   25    6    0    0    2    1       963   15    3   -1   -1   -4   11   -2  -10   -7    1   13   16   16  -13  -11   20   16   -5
    2    1   26    4    2    2    2    1       622  -20  -13   13   11    9   11    1   -1   -1   -8   15    3  -17    6   17   17    2   17
    2    1   27    4    3    4    2    1      1415   10    4    6   14   -4   -4   -3    7   10   -5    5  -12   -2  -13   -4  -21   14   -9
    2    1   28    1    1    5    1    1      1263   12  -11    7   -5   -7   -1   -8   -5   -1   -7    1    3   10    2  -17    4  -10  -14
    2    1   29    6    0    0    2    1       942   11   -5   10   -9    6    4   -9  -21    6   -9    3   13    2  -12  -13  -16   10   -3
    2    1   30    1    3    5    1    1       970    9    5   14    6  -20   -2    3   15   14   -2    2  -16   -5  -15   -1  -16   13   -7
    2    1   31    1    1    2    2    0      1620   15  -13    4   -4   -6   -3  -11   -5   -2   -8   10   -4   11    2  -14   -3   -8  -13
    2    1   32    4    2    3    2    1      3093  -13   -8   13   16    7    8   -1    6    3   -9   14    6  -14    9    9   12    3   14
    2    1   33    4    2    5    2    1      1259  -14   -9   14    9    5   11    2   -9    5   -6   19   10  -21   13   18    5    1   14
    2    1   34    1    2    2    1    1      1434  -15   -9    5   20    8   10    0   -2   -3   -7   16    3  -12    8    8   14    1   13
    2    1   35    4    1    5    2    1      1106   12  -13    4   -5   -7   -3  -11   -5    2   -7   -1    5    9    1  -14   -3   -9  -15
    2    1   36    2    1    0    2    1      1367   13  -12    6   -6   -5   -2  -12   -5   -1   -8    0    4   11    1  -14   -4   -9  -13
    2    1   37    6    0    0    2    1      1058   14    2   -5   18  -12   11   10    2    6  -11   15   12   -7   -5   13  -13   11    8
    2    1   38    4    2    1    1    0      1609  -12   -2   11   11   -2   16    2   -4    6   -7   14    6  -21    2    8   11    3   17
    2    1   39    1    2    3    1    1      3674  -14   -9   10    6    6   12    3   -7   -7   -3   12    3  -14    9    3    4    1   16
