    1    1    1    1    3    4    1    0      6974    3   13   -1   -3    5   -2    2   18   -5   -6    2    3  -12    1    4   -9   -2   11
    1    1    2    1    1    4    2    0      1347   -7  -23   -4   12    1   -6   12  -10    1    8   12   14  -10   -5  -13    4  -16   17
    1    1    3    1    1    5    2    0      1311   -4  -20   -2    9   -5    3   14  -13   -1    6   10   14    2  -10  -10    4  -13   16
    1    1    4    1    3    2    3    1      1708    6    8   -4    1    5   -1    5   18   -5   -7   -2   -1   -9   10    6    1    1   13
    1    1    5    1    1    1    1    1       873   -7  -12   -4   15    3   -8    9   -8    2    8   13   15    4  -11  -14    5  -13   17
    1    1    6    1    1    3    3    0      1208  -10  -16   -5   11   -3   -2   24   -3    1   -1   13   18    2  -14  -14    1  -14   15
    1    1    7    1    2    2    3    0       729    7   -9  -14   -7  -13  -15   22   -5   -1    1   17  -19   15  -12   -4   -2    0  -17
    1    1    8    1    2    4    3    0      1022    8  -10  -13   -8  -14  -15   16    1  -10   12    8  -15    3   -6   -3   -2   -2  -13
    1    1    9    1    2    1    1    0      3159    8   -8  -15  -12  -12  -14    5   -6   -8   12    6  -14   13  -20   -4   -4   -6  -16
    1    1   10    1    1    2    2    0       763   -7  -14   -6   13    0   -7   18   -8   -4    0   17   21    0  -10  -15    1  -16   17
    1    1   11    1    3    5    2    0      1262    5    8   -6   -1    5    0    3   16   -3   -6    0   -1   -7   12    0   -6   -1   13
    1    1   12    1    3    1    2    0       749    6   10   -9    3    5   -2    5    8   -6   -8   -4    0   -8    8    2   -6    0   13
    1    1   13    1    2    3    2    1      2385    4  -11  -12   -7  -15  -13   16    0   -8   10    7  -14   11  -14   -5   -4   -1  -15
    1    1   14    1    3    3    1    0       659    0    9   -5   -3    6    0    4   15   -4   -5   -4   -1    1   15    3  -10   -1   11
    1    1   15    1    2    5    2    1      1194    6  -11  -14   -7  -18  -17   19    0   -6    9    3  -15   11  -16   -6   -2   -3  -14
    1    2    1    1    2    4    2    1       860    8  -10  -13   -8  -14  -15   16    1  -10   12    8  -15    3   -6   -3   -2   -2  -13
    1    2    2    1    3    4    1    0      1148    3   13   -1   -3    5   -2    2   18   -5   -6    2    3  -12    1    4   -9   -2   11
    1    2    3    1    1    3    1    1      1599  -10  -16   -5   11   -3   -2   24   -3    1   -1   13   18    2  -14  -14    1  -14   15
    1    2    4    1    1    2    1    1       896   -7  -14   -6   13    0   -7   18   -8   -4    0   17   21    0  -10  -15    1  -16   17
    1    2    5    1    3    1    3    1       846    6   10   -9    3    5   -2    5    8   -6   -8   -4    0   -8    8    2   -6    0   13
    1    2    6    1    2    2    2    1      1439    7   -9  -14   -7  -13  -15   22   -5   -1    1   17  -19   15  -12   -4   -2    0  -17
    1    2    7    1    2    3    2    1       807    4  -11  -12   -7  -15  -13   16    0   -8   10    7  -14   11  -14   -5   -4   -1  -15
    1    2    8    1    3    3    1    0      1736    0    9   -5   -3    6    0    4   15   -4   -5   -4   -1    1   15    3  -10   -1   11
    1    2    9    1    3    2    3    1      1572    6    8   -4    1    5   -1    5   18   -5   -7   -2   -1   -9   10    6    1    1   13
    1    2   10    1    1    4    1    1       791   -7  -23   -4   12    1   -6   12  -10    1    8   12   14  -10   -5  -13    4  -16   17
    1    2   11    1    3    5    3    1      1177    5    8   -6   -1    5    0    3   16   -3   -6    0   -1   -7   12    0   -6   -1   13
    1    2   12    1    2    5    2    1       652    6  -11  -14   -7  -18  -17   19    0   -6    9    3  -15   11  -16   -6   -2   -3  -14
    1    2   13    1    2    1    3    0      1747    8   -8  -15  -12  -12  -14    5   -6   -8   12    6  -14   13  -20   -4   -4   -6  -16
    1    2   14    1    1    1    1    1      1183   -7  -12   -4   15    3   -8    9   -8    2    8   13   15    4  -11  -14    5  -13   17
    1    2   15    1    1    5    2    0       897   -4  -20   -2    9   -5    3   14  -13   -1    6   10   14    2  -10  -10    4  -13   16
    1    3    1    1    2    1    2    1       735    8   -8  -15  -12  -12  -14    5   -6   -8   12    6  -14   13  -20   -4   -4   -6  -16
    1    3    2    1    2    2    1    0      1140    7   -9  -14   -7  -13  -15   22   -5   -1    1   17  -19   15  -12   -4   -2    0  -17
    1    3    3    1    3    3    2    0      2295    0    9   -5   -3    6    0    4   15   -4   -5   -4   -1    1   15    3  -10   -1   11
    1    3    4    1    3    4    2    0      2221    3   13   -1   -3    5   -2    2   18   -5   -6    2    3  -12    1    4   -9   -2   11
    1    3    5    1    1    5    1    1       886   -4  -20   -2    9   -5    3   14  -13   -1    6   10   14    2  -10  -10    4  -13   16
    1    3    6    1    2    5    2    1      1412    6  -11  -14   -7  -18  -17   19    0   -6    9    3  -15   11  -16   -6   -2   -3  -14
    1    3    7    1    1    2    1    1      1022   -7  -14   -6   13    0   -7   18   -8   -4    0   17   21    0  -10  -15    1  -16   17
    1    3    8    1    3    2    3    1       726    6    8   -4    1    5   -1    5   18   -5   -7   -2   -1   -9   10    6    1    1   13
    1    3    9    1    1    3    1    1       779  -10  -16   -5   11   -3   -2   24   -3    1   -1   13   18    2  -14  -14    1  -14   15
    1    3   10    1    3    5    3    1      1502    5    8   -6   -1    5    0    3   16   -3   -6    0   -1   -7   12    0   -6   -1   13
    1    3   11    1    1    1    1    1       851   -7  -12   -4   15    3   -8    9   -8    2    8   13   15    4  -11  -14    5  -13   17
    1    3   12    1    2    4    2    1       499    8  -10  -13   -8  -14  -15   16    1  -10   12    8  -15    3   -6   -3   -2   -2  -13
    1    3   13    1    2    3    2    1      2736    4  -11  -12   -7  -15  -13   16    0   -8   10    7  -14   11  -14   -5   -4   -1  -15
    1    3   14    1    1    4    1    1      1204   -7  -23   -4   12    1   -6   12  -10    1    8   12   14  -10   -5  -13    4  -16   17
    1    3   15    1    3    1    2    0      1142    6   10   -9    3    5   -2    5    8   -6   -8   -4    0   -8    8    2   -6    0   13
    1    4    1    1    2    4    2    1       698    8  -10  -13   -8  -14  -15   16    1  -10   12    8  -15    3   -6   -3   -2   -2  -13
    1    4    2    1    3    2    3    1       751    6    8   -4    1    5   -1    5   18   -5   -7   -2   -1   -9   10    6    1    1   13
    1    4    3    1    1    4    1    1       914   -7  -23   -4   12    1   -6   12  -10    1    8   12   14  -10   -5  -13    4  -16   17
    1    4    4    1    1    5    2    0      1519   -4  -20   -2    9   -5    3   14  -13   -1    6   10   14    2  -10  -10    4  -13   16
    1    4    5    1    3    1    2    0      3092    6   10   -9    3    5   -2    5    8   -6   -8   -4    0   -8    8    2   -6    0   13
    1    4    6    1    2    3    1    0       954    4  -11  -12   -7  -15  -13   16    0   -8   10    7  -14   11  -14   -5   -4   -1  -15
    1    4    7    1    1    2    1    1      3109   -7  -14   -6   13    0   -7   18   -8   -4    0   17   21    0  -10  -15    1  -16   17
    1    4    8    1    2    1    2    1       571    8   -8  -15  -12  -12  -14    5   -6   -8   12    6  -14   13  -20   -4   -4   -6  -16
    1    4    9    1    1    1    1    1       870   -7  -12   -4   15    3   -8    9   -8    2    8   13   15    4  -11  -14    5  -13   17
    1    4   10    1    1    3    1    1       788  -10  -16   -5   11   -3   -2   24   -3    1   -1   13   18    2  -14  -14    1  -14   15
    1    4   11    1    3    5    3    1       998    5    8   -6   -1    5    0    3   16   -3   -6    0   -1   -7   12    0   -6   -1   13
    1    4   12    1    3    3    3    1       800    0    9   -5   -3    6    0    4   15   -4   -5   -4   -1    1   15    3  -10   -1   11
    1    4   13    1    3    4    3    1      2465    3   13   -1   -3    5   -2    2   18   -5   -6    2    3  -12    1    4   -9   -2   11
    1    4   14    1    2    5    2    1      1120    6  -11  -14   -7  -18  -17   19    0   -6    9    3  -15   11  -16   -6   -2   -3  -14
    1    4   15    1    2    2    2    1       565    7   -9  -14   -7  -13  -15   22   -5   -1    1   17  -19   15  -12   -4   -2    0  -17
    1    5    1    1    2    4    2    1       687    8  -10  -13   -8  -14  -15   16    1  -10   12    8  -15    3   -6   -3   -2   -2  -13
    1    5    2    1    1    2    1    1       566   -7  -14   -6   13    0   -7   18   -8   -4    0   17   21    0  -10  -15    1  -16   17
    1    5    3    1    3    2    3    1      1904    6    8   -4    1    5   -1    5   18   -5   -7   -2   -1   -9   10    6    1    1   13
    1    5    4    1    1    1    1    1       870   -7  -12   -4   15    3   -8    9   -8    2    8   13   15    4  -11  -14    5  -13   17
    1    5    5    1    2    5    2    1       516    6  -11  -14   -7  -18  -17   19    0   -6    9    3  -15   11  -16   -6   -2   -3  -14
    1    5    6    1    3    4    3    1       721    3   13   -1   -3    5   -2    2   18   -5   -6    2    3  -12    1    4   -9   -2   11
    1    5    7    1    3    5    3    1      2566    5    8   -6   -1    5    0    3   16   -3   -6    0   -1   -7   12    0   -6   -1   13
    1    5    8    1    2    3    2    1       528    4  -11  -12   -7  -15  -13   16    0   -8   10    7  -14   11  -14   -5   -4   -1  -15
    1    5    9    1    3    3    3    1       861    0    9   -5   -3    6    0    4   15   -4   -5   -4   -1    1   15    3  -10   -1   11
    1    5   10    1    3    1    2    0      2045    6   10   -9    3    5   -2    5    8   -6   -8   -4    0   -8    8    2   -6    0   13
    1    5   11    1    1    4    1    1       589   -7  -23   -4   12    1   -6   12  -10    1    8   12   14  -10   -5  -13    4  -16   17
    1    5   12    1    2    1    2    1      2295    8   -8  -15  -12  -12  -14    5   -6   -8   12    6  -14   13  -20   -4   -4   -6  -16
    1    5   13    1    1    5    1    1      3021   -4  -20   -2    9   -5    3   14  -13   -1    6   10   14    2  -10  -10    4  -13   16
    1    5   14    1    1    3    1    1       838  -10  -16   -5   11   -3   -2   24   -3    1   -1   13   18    2  -14  -14    1  -14   15
    1    5   15    1    2    2    2    1       646    7   -9  -14   -7  -13  -15   22   -5   -1    1   17  -19   15  -12   -4   -2    0  -17
    1    6    1    1    1    4    1    1       686   -7  -23   -4   12    1   -6   12  -10    1    8   12   14  -10   -5  -13    4  -16   17
    1    6    2    1    2    4    2    1       532    8  -10  -13   -8  -14  -15   16    1  -10   12    8  -15    3   -6   -3   -2   -2  -13
    1    6    3    1    3    3    3    1       544    0    9   -5   -3    6    0    4   15   -4   -5   -4   -1    1   15    3  -10   -1   11
    1    6    4    1    3    4    3    1       828    3   13   -1   -3    5   -2    2   18   -5   -6    2    3  -12    1    4   -9   -2   11
    1    6    5    1    1    1    1    1       861   -7  -12   -4   15    3   -8    9   -8    2    8   13   15    4  -11  -14    5  -13   17
    1    6    6    1    3    2    2    0       556    6    8   -4    1    5   -1    5   18   -5   -7   -2   -1   -9   10    6    1    1   13
    1    6    7    1    3    1    3    1      2535    6   10   -9    3    5   -2    5    8   -6   -8   -4    0   -8    8    2   -6    0   13
    1    6    8    1    1    2    1    1       691   -7  -14   -6   13    0   -7   18   -8   -4    0   17   21    0  -10  -15    1  -16   17
    1    6    9    1    3    5    3    1      1146    5    8   -6   -1    5    0    3   16   -3   -6    0   -1   -7   12    0   -6   -1   13
    1    6   10    1    2    2    2    1       526    7   -9  -14   -7  -13  -15   22   -5   -1    1   17  -19   15  -12   -4   -2    0  -17
    1    6   11    1    2    5    2    1       586    6  -11  -14   -7  -18  -17   19    0   -6    9    3  -15   11  -16   -6   -2   -3  -14
    1    6   12    1    1    5    1    1       692   -4  -20   -2    9   -5    3   14  -13   -1    6   10   14    2  -10  -10    4  -13   16
    1    6   13    1    2    3    2    1       522    4  -11  -12   -7  -15  -13   16    0   -8   10    7  -14   11  -14   -5   -4   -1  -15
    1    6   14    1    1    3    1    1       583  -10  -16   -5   11   -3   -2   24   -3    1   -1   13   18    2  -14  -14    1  -14   15
    1    6   15    1    2    1    2    1      1185    8   -8  -15  -12  -12  -14    5   -6   -8   12    6  -14   13  -20   -4   -4   -6  -16
    1    7    1    1    1    5    1    1       547   -4  -20   -2    9   -5    3   14  -13   -1    6   10   14    2  -10  -10    4  -13   16
    1    7    2    1    2    3    2    1       655    4  -11  -12   -7  -15  -13   16    0   -8   10    7  -14   11  -14   -5   -4   -1  -15
    1    7    3    1    2    4    2    1       487    8  -10  -13   -8  -14  -15   16    1  -10   12    8  -15    3   -6   -3   -2   -2  -13
    1    7    4    1    3    4    3    1       629    3   13   -1   -3    5   -2    2   18   -5   -6    2    3  -12    1    4   -9   -2   11
    1    7    5    1    2    1    3    0      1182    8   -8  -15  -12  -12  -14    5   -6   -8   12    6  -14   13  -20   -4   -4   -6  -16
    1    7    6    1    3    1    3    1      1696    6   10   -9    3    5   -2    5    8   -6   -8   -4    0   -8    8    2   -6    0   13
    1    7    7    1    3    2    2    0       830    6    8   -4    1    5   -1    5   18   -5   -7   -2   -1   -9   10    6    1    1   13
    1    7    8    1    1    4    1    1       782   -7  -23   -4   12    1   -6   12  -10    1    8   12   14  -10   -5  -13    4  -16   17
    1    7    9    1    3    3    3    1      1440    0    9   -5   -3    6    0    4   15   -4   -5   -4   -1    1   15    3  -10   -1   11
    1    7   10    1    1    2    1    1       889   -7  -14   -6   13    0   -7   18   -8   -4    0   17   21    0  -10  -15    1  -16   17
    1    7   11    1    2    5    2    1       615    6  -11  -14   -7  -18  -17   19    0   -6    9    3  -15   11  -16   -6   -2   -3  -14
    1    7   12    1    3    5    3    1       799    5    8   -6   -1    5    0    3   16   -3   -6    0   -1   -7   12    0   -6   -1   13
    1    7   13    1    2    2    2    1       593    7   -9  -14   -7  -13  -15   22   -5   -1    1   17  -19   15  -12   -4   -2    0  -17
    1    7   14    1    1    3    1    1       651  -10  -16   -5   11   -3   -2   24   -3    1   -1   13   18    2  -14  -14    1  -14   15
    1    7   15    1    1    1    1    1       818   -7  -12   -4   15    3   -8    9   -8    2    8   13   15    4  -11  -14    5  -13   17
    1    8    1    1    3    1    3    1      1427    6   10   -9    3    5   -2    5    8   -6   -8   -4    0   -8    8    2   -6    0   13
    1    8    2    1    2    1    3    0       940    8   -8  -15  -12  -12  -14    5   -6   -8   12    6  -14   13  -20   -4   -4   -6  -16
    1    8    3    1    3    3    3    1      1304    0    9   -5   -3    6    0    4   15   -4   -5   -4   -1    1   15    3  -10   -1   11
    1    8    4    1    1    5    1    1       821   -4  -20   -2    9   -5    3   14  -13   -1    6   10   14    2  -10  -10    4  -13   16
    1    8    5    1    1    2    1    1       774   -7  -14   -6   13    0   -7   18   -8   -4    0   17   21    0  -10  -15    1  -16   17
    1    8    6    1    2    5    2    1       873    6  -11  -14   -7  -18  -17   19    0   -6    9    3  -15   11  -16   -6   -2   -3  -14
    1    8    7    1    2    3    2    1       711    4  -11  -12   -7  -15  -13   16    0   -8   10    7  -14   11  -14   -5   -4   -1  -15
    1    8    8    1    3    5    3    1      1245    5    8   -6   -1    5    0    3   16   -3   -6    0   -1   -7   12    0   -6   -1   13
    1    8    9    1    1    1    1    1       925   -7  -12   -4   15    3   -8    9   -8    2    8   13   15    4  -11  -14    5  -13   17
    1    8   10    1    1    3    1    1      1146  -10  -16   -5   11   -3   -2   24   -3    1   -1   13   18    2  -14  -14    1  -14   15
    1    8   11    1    1    4    1    1       925   -7  -23   -4   12    1   -6   12  -10    1    8   12   14  -10   -5  -13    4  -16   17
    1    8   12    1    3    4    2    0      1130    3   13   -1   -3    5   -2    2   18   -5   -6    2    3  -12    1    4   -9   -2   11
    1    8   13    1    2    4    2    1       575    8  -10  -13   -8  -14  -15   16    1  -10   12    8  -15    3   -6   -3   -2   -2  -13
    1    8   14    1    2    2    2    1      1066    7   -9  -14   -7  -13  -15   22   -5   -1    1   17  -19   15  -12   -4   -2    0  -17
    1    8   15    1    3    2    3    1       432    6    8   -4    1    5   -1    5   18   -5   -7   -2   -1   -9   10    6    1    1   13
    1    9    1    1    3    2    3    1       544    6    8   -4    1    5   -1    5   18   -5   -7   -2   -1   -9   10    6    1    1   13
    1    9    2    1    3    1    3    1      1453    6   10   -9    3    5   -2    5    8   -6   -8   -4    0   -8    8    2   -6    0   13
    1    9    3    1    1    1    1    1       644   -7  -12   -4   15    3   -8    9   -8    2    8   13   15    4  -11  -14    5  -13   17
    1    9    4    1    3    3    3    1       492    0    9   -5   -3    6    0    4   15   -4   -5   -4   -1    1   15    3  -10   -1   11
    1    9    5    1    2    4    2    1       602    8  -10  -13   -8  -14  -15   16    1  -10   12    8  -15    3   -6   -3   -2   -2  -13
    1    9    6    1    2    1    3    0      1731    8   -8  -15  -12  -12  -14    5   -6   -8   12    6  -14   13  -20   -4   -4   -6  -16
    1    9    7    1    1    4    1    1       624   -7  -23   -4   12    1   -6   12  -10    1    8   12   14  -10   -5  -13    4  -16   17
    1    9    8    1    1    5    1    1       777   -4  -20   -2    9   -5    3   14  -13   -1    6   10   14    2  -10  -10    4  -13   16
    1    9    9    1    2    2    2    1       619    7   -9  -14   -7  -13  -15   22   -5   -1    1   17  -19   15  -12   -4   -2    0  -17
    1    9   10    1    2    5    2    1       468    6  -11  -14   -7  -18  -17   19    0   -6    9    3  -15   11  -16   -6   -2   -3  -14
    1    9   11    1    3    5    3    1       722    5    8   -6   -1    5    0    3   16   -3   -6    0   -1   -7   12    0   -6   -1   13
    1    9   12    1    1    2    1    1       887   -7  -14   -6   13    0   -7   18   -8   -4    0   17   21    0  -10  -15    1  -16   17
    1    9   13    1    1    3    1    1       757  -10  -16   -5   11   -3   -2   24   -3    1   -1   13   18    2  -14  -14    1  -14   15
    1    9   14    1    2    3    2    1       808    4  -11  -12   -7  -15  -13   16    0   -8   10    7  -14   11  -14   -5   -4   -1  -15
    1    9   15    1    3    4    3    1      1514    3   13   -1   -3    5   -2    2   18   -5   -6    2    3  -12    1    4   -9   -2   11
    1   10    1    1    1    1    1    1       623   -7  -12   -4   15    3   -8    9   -8    2    8   13   15    4  -11  -14    5  -13   17
    1   10    2    1    2    1    2    1      1416    8   -8  -15  -12  -12  -14    5   -6   -8   12    6  -14   13  -20   -4   -4   -6  -16
    1   10    3    1    1    4    1    1      1185   -7  -23   -4   12    1   -6   12  -10    1    8   12   14  -10   -5  -13    4  -16   17
    1   10    4    1    2    2    2    1       563    7   -9  -14   -7  -13  -15   22   -5   -1    1   17  -19   15  -12   -4   -2    0  -17
    1   10    5    1    3    2    3    1      1550    6    8   -4    1    5   -1    5   18   -5   -7   -2   -1   -9   10    6    1    1   13
    1   10    6    1    3    4    3    1      1234    3   13   -1   -3    5   -2    2   18   -5   -6    2    3  -12    1    4   -9   -2   11
    1   10    7    1    1    5    1    1       738   -4  -20   -2    9   -5    3   14  -13   -1    6   10   14    2  -10  -10    4  -13   16
    1   10    8    1    1    2    1    1      1110   -7  -14   -6   13    0   -7   18   -8   -4    0   17   21    0  -10  -15    1  -16   17
    1   10    9    1    2    3    2    1       603    4  -11  -12   -7  -15  -13   16    0   -8   10    7  -14   11  -14   -5   -4   -1  -15
    1   10   10    1    2    4    2    1       501    8  -10  -13   -8  -14  -15   16    1  -10   12    8  -15    3   -6   -3   -2   -2  -13
    1   10   11    1    3    5    3    1       450    5    8   -6   -1    5    0    3   16   -3   -6    0   -1   -7   12    0   -6   -1   13
    1   10   12    1    3    1    3    1      1057    6   10   -9    3    5   -2    5    8   -6   -8   -4    0   -8    8    2   -6    0   13
    1   10   13    1    2    5    2    1       841    6  -11  -14   -7  -18  -17   19    0   -6    9    3  -15   11  -16   -6   -2   -3  -14
    1   10   14    1    3    3    2    0      2249    0    9   -5   -3    6    0    4   15   -4   -5   -4   -1    1   15    3  -10   -1   11
    1   10   15    1    1    3    1    1       640  -10  -16   -5   11   -3   -2   24   -3    1   -1   13   18    2  -14  -14    1  -14   15
    1   11    1    1    2    2    2    1       424    7   -9  -14   -7  -13  -15   22   -5   -1    1   17  -19   15  -12   -4   -2    0  -17
    1   11    2    1    3    5    3    1       857    5    8   -6   -1    5    0    3   16   -3   -6    0   -1   -7   12    0   -6   -1   13
    1   11    3    1    2    3    2    1       633    4  -11  -12   -7  -15  -13   16    0   -8   10    7  -14   11  -14   -5   -4   -1  -15
    1   11    4    1    2    5    2    1       577    6  -11  -14   -7  -18  -17   19    0   -6    9    3  -15   11  -16   -6   -2   -3  -14
    1   11    5    1    3    4    3    1       811    3   13   -1   -3    5   -2    2   18   -5   -6    2    3  -12    1    4   -9   -2   11
    1   11    6    1    2    1    2    1      1949    8   -8  -15  -12  -12  -14    5   -6   -8   12    6  -14   13  -20   -4   -4   -6  -16
    1   11    7    1    1    4    1    1       512   -7  -23   -4   12    1   -6   12  -10    1    8   12   14  -10   -5  -13    4  -16   17
    1   11    8    1    1    2    1    1      1021   -7  -14   -6   13    0   -7   18   -8   -4    0   17   21    0  -10  -15    1  -16   17
    1   11    9    1    3    1    3    1      1062    6   10   -9    3    5   -2    5    8   -6   -8   -4    0   -8    8    2   -6    0   13
    1   11   10    1    1    5    1    1       749   -4  -20   -2    9   -5    3   14  -13   -1    6   10   14    2  -10  -10    4  -13   16
    1   11   11    1    3    3    3    1      1217    0    9   -5   -3    6    0    4   15   -4   -5   -4   -1    1   15    3  -10   -1   11
    1   11   12    1    1    1    1    1      1074   -7  -12   -4   15    3   -8    9   -8    2    8   13   15    4  -11  -14    5  -13   17
    1   11   13    1    2    4    2    1       504    8  -10  -13   -8  -14  -15   16    1  -10   12    8  -15    3   -6   -3   -2   -2  -13
    1   11   14    1    1    3    1    1       774  -10  -16   -5   11   -3   -2   24   -3    1   -1   13   18    2  -14  -14    1  -14   15
    1   11   15    1    3    2    3    1      1016    6    8   -4    1    5   -1    5   18   -5   -7   -2   -1   -9   10    6    1    1   13
    1   12    1    1    1    5    1    1       609   -4  -20   -2    9   -5    3   14  -13   -1    6   10   14    2  -10  -10    4  -13   16
    1   12    2    1    3    3    3    1       859    0    9   -5   -3    6    0    4   15   -4   -5   -4   -1    1   15    3  -10   -1   11
    1   12    3    1    1    3    1    1       650  -10  -16   -5   11   -3   -2   24   -3    1   -1   13   18    2  -14  -14    1  -14   15
    1   12    4    1    3    5    3    1       802    5    8   -6   -1    5    0    3   16   -3   -6    0   -1   -7   12    0   -6   -1   13
    1   12    5    1    2    5    2    1       707    6  -11  -14   -7  -18  -17   19    0   -6    9    3  -15   11  -16   -6   -2   -3  -14
    1   12    6    1    3    2    3    1       648    6    8   -4    1    5   -1    5   18   -5   -7   -2   -1   -9   10    6    1    1   13
    1   12    7    1    3    4    3    1       959    3   13   -1   -3    5   -2    2   18   -5   -6    2    3  -12    1    4   -9   -2   11
    1   12    8    1    1    2    1    1       779   -7  -14   -6   13    0   -7   18   -8   -4    0   17   21    0  -10  -15    1  -16   17
    1   12    9    1    2    2    2    1       926    7   -9  -14   -7  -13  -15   22   -5   -1    1   17  -19   15  -12   -4   -2    0  -17
    1   12   10    1    2    3    2    1       635    4  -11  -12   -7  -15  -13   16    0   -8   10    7  -14   11  -14   -5   -4   -1  -15
    1   12   11    1    2    1    2    1      1538    8   -8  -15  -12  -12  -14    5   -6   -8   12    6  -14   13  -20   -4   -4   -6  -16
    1   12   12    1    1    4    1    1       599   -7  -23   -4   12    1   -6   12  -10    1    8   12   14  -10   -5  -13    4  -16   17
    1   12   13    1    2    4    2    1       704    8  -10  -13   -8  -14  -15   16    1  -10   12    8  -15    3   -6   -3   -2   -2  -13
    1   12   14    1    1    1    1    1       694   -7  -12   -4   15    3   -8    9   -8    2    8   13   15    4  -11  -14    5  -13   17
    1   12   15    1    3    1    3    1       859    6   10   -9    3    5   -2    5    8   -6   -8   -4    0   -8    8    2   -6    0   13
    1   13    1    1    1    3    1    1       779  -10  -16   -5   11   -3   -2   24   -3    1   -1   13   18    2  -14  -14    1  -14   15
    1   13    2    1    1    5    1    1       654   -4  -20   -2    9   -5    3   14  -13   -1    6   10   14    2  -10  -10    4  -13   16
    1   13    3    1    3    1    3    1      1189    6   10   -9    3    5   -2    5    8   -6   -8   -4    0   -8    8    2   -6    0   13
    1   13    4    1    1    1    1    1       647   -7  -12   -4   15    3   -8    9   -8    2    8   13   15    4  -11  -14    5  -13   17
    1   13    5    1    1    2    1    1       511   -7  -14   -6   13    0   -7   18   -8   -4    0   17   21    0  -10  -15    1  -16   17
    1   13    6    1    2    3    2    1       636    4  -11  -12   -7  -15  -13   16    0   -8   10    7  -14   11  -14   -5   -4   -1  -15
    1   13    7    1    2    2    2    1       549    7   -9  -14   -7  -13  -15   22   -5   -1    1   17  -19   15  -12   -4   -2    0  -17
    1   13    8    1    3    5    3    1       736    5    8   -6   -1    5    0    3   16   -3   -6    0   -1   -7   12    0   -6   -1   13
    1   13    9    1    2    1    3    0       836    8   -8  -15  -12  -12  -14    5   -6   -8   12    6  -14   13  -20   -4   -4   -6  -16
    1   13   10    1    2    4    2    1       756    8  -10  -13   -8  -14  -15   16    1  -10   12    8  -15    3   -6   -3   -2   -2  -13
    1   13   11    1    3    3    3    1      1288    0    9   -5   -3    6    0    4   15   -4   -5   -4   -1    1   15    3  -10   -1   11
    1   13   12    1    1    4    1    1       565   -7  -23   -4   12    1   -6   12  -10    1    8   12   14  -10   -5  -13    4  -16   17
    1   13   13    1    3    2    3    1      1152    6    8   -4    1    5   -1    5   18   -5   -7   -2   -1   -9   10    6    1    1   13
    1   13   14    1    2    5    2    1       612    6  -11  -14   -7  -18  -17   19    0   -6    9    3  -15   11  -16   -6   -2   -3  -14
    1   13   15    1    3    4    3    1       765    3   13   -1   -3    5   -2    2   18   -5   -6    2    3  -12    1    4   -9   -2   11
    1   14    1    1    3    5    3    1       672    5    8   -6   -1    5    0    3   16   -3   -6    0   -1   -7   12    0   -6   -1   13
    1   14    2    1    3    1    3    1       678    6   10   -9    3    5   -2    5    8   -6   -8   -4    0   -8    8    2   -6    0   13
    1   14    3    1    2    5    2    1       605    6  -11  -14   -7  -18  -17   19    0   -6    9    3  -15   11  -16   -6   -2   -3  -14
    1   14    4    1    3    2    3    1      1015    6    8   -4    1    5   -1    5   18   -5   -7   -2   -1   -9   10    6    1    1   13
    1   14    5    1    2    1    2    1      2479    8   -8  -15  -12  -12  -14    5   -6   -8   12    6  -14   13  -20   -4   -4   -6  -16
    1   14    6    1    1    1    1    1       766   -7  -12   -4   15    3   -8    9   -8    2    8   13   15    4  -11  -14    5  -13   17
    1   14    7    1    3    4    3    1      1025    3   13   -1   -3    5   -2    2   18   -5   -6    2    3  -12    1    4   -9   -2   11
    1   14    8    1    2    4    2    1       793    8  -10  -13   -8  -14  -15   16    1  -10   12    8  -15    3   -6   -3   -2   -2  -13
    1   14    9    1    1    4    1    1       731   -7  -23   -4   12    1   -6   12  -10    1    8   12   14  -10   -5  -13    4  -16   17
    1   14   10    1    1    5    1    1      1296   -4  -20   -2    9   -5    3   14  -13   -1    6   10   14    2  -10  -10    4  -13   16
    1   14   11    1    1    3    1    1       702  -10  -16   -5   11   -3   -2   24   -3    1   -1   13   18    2  -14  -14    1  -14   15
    1   14   12    1    1    2    1    1       563   -7  -14   -6   13    0   -7   18   -8   -4    0   17   21    0  -10  -15    1  -16   17
    1   14   13    1    2    2    2    1       542    7   -9  -14   -7  -13  -15   22   -5   -1    1   17  -19   15  -12   -4   -2    0  -17
    1   14   14    1    2    3    2    1       571    4  -11  -12   -7  -15  -13   16    0   -8   10    7  -14   11  -14   -5   -4   -1  -15
    1   14   15    1    3    3    3    1       613    0    9   -5   -3    6    0    4   15   -4   -5   -4   -1    1   15    3  -10   -1   11
    1   15    1    1    2    1    2    1      2575    8   -8  -15  -12  -12  -14    5   -6   -8   12    6  -14   13  -20   -4   -4   -6  -16
    1   15    2    1    1    5    1    1       601   -4  -20   -2    9   -5    3   14  -13   -1    6   10   14    2  -10  -10    4  -13   16
    1   15    3    1    2    4    2    1       627    8  -10  -13   -8  -14  -15   16    1  -10   12    8  -15    3   -6   -3   -2   -2  -13
    1   15    4    1    1    1    1    1       860   -7  -12   -4   15    3   -8    9   -8    2    8   13   15    4  -11  -14    5  -13   17
    1   15    5    1    3    3    3    1      1051    0    9   -5   -3    6    0    4   15   -4   -5   -4   -1    1   15    3  -10   -1   11
    1   15    6    1    3    1    3    1      1154    6   10   -9    3    5   -2    5    8   -6   -8   -4    0   -8    8    2   -6    0   13
    1   15    7    1    3    5    3    1       678    5    8   -6   -1    5    0    3   16   -3   -6    0   -1   -7   12    0   -6   -1   13
    1   15    8    1    1    3    1    1       764  -10  -16   -5   11   -3   -2   24   -3    1   -1   13   18    2  -14  -14    1  -14   15
    1   15    9    1    2    3    2    1       975    4  -11  -12   -7  -15  -13   16    0   -8   10    7  -14   11  -14   -5   -4   -1  -15
    1   15   10    1    1    4    1    1       762   -7  -23   -4   12    1   -6   12  -10    1    8   12   14  -10   -5  -13    4  -16   17
    1   15   11    1    3    2    3    1       749    6    8   -4    1    5   -1    5   18   -5   -7   -2   -1   -9   10    6    1    1   13
    1   15   12    1    2    2    2    1       625    7   -9  -14   -7  -13  -15   22   -5   -1    1   17  -19   15  -12   -4   -2    0  -17
    1   15   13    1    3    4    3    1      1161    3   13   -1   -3    5   -2    2   18   -5   -6    2    3  -12    1    4   -9   -2   11
    1   15   14    1    2    5    2    1       653    6  -11  -14   -7  -18  -17   19    0   -6    9    3  -15   11  -16   -6   -2   -3  -14
    1   15   15    1    1    2    1    1       708   -7  -14   -6   13    0   -7   18   -8   -4    0   17   21    0  -10  -15    1  -16   17
    2    1    1    4    1    2    1    0      2183   -6  -16   -4   12    3   -6   15  -13   -3    6   11   13   -5   -4  -15    2  -14   24
    2    1    2    1    2    2    1    1      1169    7   -9  -14   -7  -13  -15   22   -5   -1    1   17  -19   15  -12   -4   -2    0  -17
    2    1    3    6    0    0    2    1      1623   10    0   -5  -10   -9   13   17    5   16    7   -8    5   13   12    4    9    9    4
    2    1    4    4    2    2    1    0       957    3  -11  -14   -6  -12  -14   16    1   -7   11    7  -13   11  -16   -2   -1   -1  -14
    2    1    5    4    3    4    1    0      1929    8   10   -4   -3    3   -4    3   18   -6   -4   -6    0   -7   11    0  -10   -1   12
    2    1    6    6    0    0    2    1       734   10    0   -9    6  -14   12    3  -13   14    8  -13    8   13    1   -7  -14  -10    0
    2    1    7    4    2    5    2    1       962    5   -8   -8   -1  -11  -12   20   11   -9   10    5  -13   11  -16   -5   -5    2  -10
    2    1    8    6    0    0    2    1      1133    3   16    0   -5   -8   20   13  -12   17    8    5    7  -15    0   -7   14   -4    1
    2    1    9    4    2    3    1    0      1313    7   -9  -16  -11  -14  -15   17    6   -7    9   10  -11   11  -17   -3   -3   -4  -14
    2    1   10    6    0    0    2    1      1694   -4   16    0   -7    0   10    5  -10   13   12    9    5  -13    1   -8   13    2    6
    2    1   11    1    3    3    1    1       732    0    9   -5   -3    6    0    4   15   -4   -5   -4   -1    1   15    3  -10   -1   11
    2    1   12    4    3    2    2    1      1968    4    9   -2    1    6    0    4   15  -10   -2   -6    3   -7   10    9  -16    1   12
    2    1   13    1    1    1    1    1       867   -7  -12   -4   15    3   -8    9   -8    2    8   13   15    4  -11  -14    5  -13   17
    2    1   14    1    1    5    1    1       594   -4  -20   -2    9   -5    3   14  -13   -1    6   10   14    2  -10  -10    4  -13   16
    2    1   15    1    2    4    1    1      1148    8  -10  -13   -8  -14  -15   16    1  -10   12    8  -15    3   -6   -3   -2   -2  -13
    2    1   16    1    1    4    1    1      1215   -7  -23   -4   12    1   -6   12  -10    1    8   12   14  -10   -5  -13    4  -16   17
    2    1   17    1    3    5    1    1      1104    5    8   -6   -1    5    0    3   16   -3   -6    0   -1   -7   12    0   -6   -1   13
    2    1   18    1    1    2    1    1       582   -7  -14   -6   13    0   -7   18   -8   -4    0   17   21    0  -10  -15    1  -16   17
    2    1   19    2    2    0    1    0      2015    6  -10  -13   -7  -13  -14   15    1   -8   11    7  -15   10  -15   -4   -3   -2  -14
    2    1   20    1    3    2    1    1      3680    6    8   -4    1    5   -1    5   18   -5   -7   -2   -1   -9   10    6    1    1   13
    2    1   21    1    3    1    1    1      1118    6   10   -9    3    5   -2    5    8   -6   -8   -4    0   -8    8    2   -6    0   13
    2    1   22    4    3    3    2    1      1011    7    8   -3   -2    2   -1    3   18   -5   -6    0   -4   -7    8    1  -12  -10    5
    2    1   23    4    2    1    1    0      2412    5  -15  -14   -7  -14  -16   17   -1   -8   10   11  -19   11   -9   -2   -4   -7  -18
    2    1   24    1    2    3    1    1      1662    4  -11  -12   -7  -15  -13   16    0   -8   10    7  -14   11  -14   -5   -4   -1  -15
    2    1   25    4    1    3    2    1      1661   -9  -13   -1    6    1   -9   13  -11    4   16   12   16    5   -6  -15    0  -14   15
    2    1   26    1    2    5    1    1      1373    6  -11  -14   -7  -18  -17   19    0   -6    9    3  -15   11  -16   -6   -2   -3  -14
    2    1   27    4    3    5    1    0      1064    7   11   -5   -1    2   -3    5   15   -6   -5   -1   -2   -5    8    1   -9    0   11
    2    1   28    1    2    1    1    1      1726    8   -8  -15  -12  -12  -14    5   -6   -8   12    6  -14   13  -20   -4   -4   -6  -16
    2    1   29    4    1    1    2    1      2507   -7  -13   -7   13    2   -8   13  -13   -1    9   11   15    1  -10  -10    7  -13   15
    2    1   30    4    2    4    2    1       984    8  -11  -21  -16  -12  -14   13    2   -8   12    9  -17   11  -14   -3   -3   -3  -13
    2    1   31    4    3    1    2    1      3266    6    8   -4    1    4   -3    3   16   -6   -5   -1   -2   -6    8   -1   -9   -1   12
    2    1   32    2    3    0    1    0      3121    6    9   -4   -1    4   -2    4   16   -5   -5   -2   -2   -7    9    1   -8    0   12
    2    1   33    6    0    0    2    1       758    9   -3   -4  -10   -8   11   24   -4   14    7    3   15   11    8    7    8    2   12
    2    1   34    4    1    4    2    1       793  -10  -15   -6   13    2   -7   14   -8    0    6   13   14   -1   -9   -8    9  -18   16
    2    1   35    2    1    0    1    0      1420   -8  -14   -5   13    1   -7   14  -12   -1    7   12   15    0   -9  -13    3  -14   16
    2    1   36    1    1    3    2    0      2932  -10  -16   -5   11   -3   -2   24   -3    1   -1   13   18    2  -14  -14    1  -14   15
    2    1   37    6    0    0    2    1      1392   12   -1   -9    5  -11    9    7  -14    9   12  -13    7    7   11   -9  -13  -14   -1
    2    1   38    1    3    4    1    1       794    3   13   -1   -3    5   -2    2   18   -5   -6    2    3  -12    1    4   -9   -2   11
    2    1   39    4    1    5    2    1      1692   -7  -13   -6   14    1   -5   16  -11    1   10   15   14    2  -11  -15    4   -5    6
