    1    1    1    1    3    4    1    0      4950    1  -10   -5   10  -15   12   16   13   18   -7    8    0    4    2  -17    5   -6   -3
    1    1    2    1    3    2    3    1      5095    3  -11   -3   17   -9    1   15   13   17  -10   11    2    3    0  -15    2   -5    1
    1    1    3    1    1    3    3    0      3501   -4   -6    6  -22  -13   -8   -8   -8   -6    9   10   -3   10    5   13    0   -3    0
    1    1    4    1    1    2    1    1      3795   -4   -4   15  -17  -14  -12   -8   -8   -5    8    2   -1   12    6   16    1   -3   12
    1    1    5    1    3    1    2    0      2157    1  -10   -5   17   -5    2   13   16   14   -9   10    0    3   -1  -14    1    0   -1
    1    1    6    1    3    3    3    1      3704    0  -10    4    8   -3    5   15   15   18   -7   14    5    0    2  -13    0   -6    1
    1    1    7    1    1    5    2    0      2918    0   -3   14  -15    1    3   -9   -5   -7    6   18    3   11    1   16    4   -5    8
    1    1    8    1    1    1    2    0      3938    1   -8    8  -14   -9   -4   -9   -7   -4    8   10   -4   13    1   14    3   -4    5
    1    1    9    1    2    2    1    0      2231   -2   -2  -12    7    2   -3   13   -3   15   -1   -4   -3    5   12   15  -11   -1   -7
    1    1   10    1    2    5    1    0      2031    4    8  -13    6  -16   -3   12   -3   11    2   -5   -1    9    6   14   -9    0   -4
    1    1   11    1    2    1    1    0      3535    3    8  -14    9   -8  -12   10   -3   14    5   -4   -3    3    5   12  -10    0   -7
    1    1   12    1    1    4    3    0      3108    1   -3   11  -13   -9   -3   -7   -8   -7    6   10   -5   12   -1   18    2   -5   12
    1    1   13    1    2    3    2    1      2313    5    7  -12    6    4   -5   11   -2   14    0   -6   -2    6   12   15  -11   -1    4
    1    1   14    1    3    5    3    1      3278    6  -13   -4   14   -7    1   14   16   17   -9   11    1    3   -1  -14    1   -4   -1
    1    1   15    1    2    4    1    0      6509    3    8  -14    9   -9  -15   14   -5   11   -6    4  -10    1   15   19  -14    1   -4
    1    2    1    1    3    2    3    1      2939    3  -11   -3   17   -9    1   15   13   17  -10   11    2    3    0  -15    2   -5    1
    1    2    2    1    2    2    1    0     10551   -2   -2  -12    7    2   -3   13   -3   15   -1   -4   -3    5   12   15  -11   -1   -7
    1    2    3    1    2    3    2    1      2067    5    7  -12    6    4   -5   11   -2   14    0   -6   -2    6   12   15  -11   -1    4
    1    2    4    1    2    1    2    1      4817    3    8  -14    9   -8  -12   10   -3   14    5   -4   -3    3    5   12  -10    0   -7
    1    2    5    1    3    5    3    1      2610    6  -13   -4   14   -7    1   14   16   17   -9   11    1    3   -1  -14    1   -4   -1
    1    2    6    1    1    3    1    1      3516   -4   -6    6  -22  -13   -8   -8   -8   -6    9   10   -3   10    5   13    0   -3    0
    1    2    7    1    2    5    2    1      2944    4    8  -13    6  -16   -3   12   -3   11    2   -5   -1    9    6   14   -9    0   -4
    1    2    8    1    1    2    3    0      2748   -4   -4   15  -17  -14  -12   -8   -8   -5    8    2   -1   12    6   16    1   -3   12
    1    2    9    1    1    1    1    1      4256    1   -8    8  -14   -9   -4   -9   -7   -4    8   10   -4   13    1   14    3   -4    5
    1    2   10    1    3    1    2    0      2983    1  -10   -5   17   -5    2   13   16   14   -9   10    0    3   -1  -14    1    0   -1
    1    2   11    1    2    4    2    1      8721    3    8  -14    9   -9  -15   14   -5   11   -6    4  -10    1   15   19  -14    1   -4
    1    2   12    1    1    5    2    0      8582    0   -3   14  -15    1    3   -9   -5   -7    6   18    3   11    1   16    4   -5    8
    1    2   13    1    3    3    3    1      2177    0  -10    4    8   -3    5   15   15   18   -7   14    5    0    2  -13    0   -6    1
    1    2   14    1    1    4    1    1      3467    1   -3   11  -13   -9   -3   -7   -8   -7    6   10   -5   12   -1   18    2   -5   12
    1    2   15    1    3    4    3    1      1746    1  -10   -5   10  -15   12   16   13   18   -7    8    0    4    2  -17    5   -6   -3
    1    3    1    1    1    4    1    1      1950    1   -3   11  -13   -9   -3   -7   -8   -7    6   10   -5   12   -1   18    2   -5   12
    1    3    2    1    3    5    3    1      4258    6  -13   -4   14   -7    1   14   16   17   -9   11    1    3   -1  -14    1   -4   -1
    1    3    3    1    3    2    1    0      4921    3  -11   -3   17   -9    1   15   13   17  -10   11    2    3    0  -15    2   -5    1
    1    3    4    1    3    3    3    1      1062    0  -10    4    8   -3    5   15   15   18   -7   14    5    0    2  -13    0   -6    1
    1    3    5    1    2    1    2    1      2573    3    8  -14    9   -8  -12   10   -3   14    5   -4   -3    3    5   12  -10    0   -7
    1    3    6    1    1    2    1    1      4152   -4   -4   15  -17  -14  -12   -8   -8   -5    8    2   -1   12    6   16    1   -3   12
    1    3    7    1    1    5    2    0      3460    0   -3   14  -15    1    3   -9   -5   -7    6   18    3   11    1   16    4   -5    8
    1    3    8    1    2    2    2    1      7611   -2   -2  -12    7    2   -3   13   -3   15   -1   -4   -3    5   12   15  -11   -1   -7
    1    3    9    1    3    4    3    1      1341    1  -10   -5   10  -15   12   16   13   18   -7    8    0    4    2  -17    5   -6   -3
    1    3   10    1    2    5    1    0      2313    4    8  -13    6  -16   -3   12   -3   11    2   -5   -1    9    6   14   -9    0   -4
    1    3   11    1    1    3    1    1      3790   -4   -6    6  -22  -13   -8   -8   -8   -6    9   10   -3   10    5   13    0   -3    0
    1    3   12    1    2    3    2    1      1336    5    7  -12    6    4   -5   11   -2   14    0   -6   -2    6   12   15  -11   -1    4
    1    3   13    1    3    1    1    0      3189    1  -10   -5   17   -5    2   13   16   14   -9   10    0    3   -1  -14    1    0   -1
    1    3   14    1    2    4    1    0      1735    3    8  -14    9   -9  -15   14   -5   11   -6    4  -10    1   15   19  -14    1   -4
    1    3   15    1    1    1    3    0      5794    1   -8    8  -14   -9   -4   -9   -7   -4    8   10   -4   13    1   14    3   -4    5
    1    4    1    1    1    1    1    1      1517    1   -8    8  -14   -9   -4   -9   -7   -4    8   10   -4   13    1   14    3   -4    5
    1    4    2    1    2    4    2    1      2130    3    8  -14    9   -9  -15   14   -5   11   -6    4  -10    1   15   19  -14    1   -4
    1    4    3    1    3    4    3    1      2494    1  -10   -5   10  -15   12   16   13   18   -7    8    0    4    2  -17    5   -6   -3
    1    4    4    1    2    5    2    1      9820    4    8  -13    6  -16   -3   12   -3   11    2   -5   -1    9    6   14   -9    0   -4
    1    4    5    1    2    3    2    1      4181    5    7  -12    6    4   -5   11   -2   14    0   -6   -2    6   12   15  -11   -1    4
    1    4    6    1    1    4    1    1      3040    1   -3   11  -13   -9   -3   -7   -8   -7    6   10   -5   12   -1   18    2   -5   12
    1    4    7    1    3    1    1    0      3400    1  -10   -5   17   -5    2   13   16   14   -9   10    0    3   -1  -14    1    0   -1
    1    4    8    1    2    1    2    1      7809    3    8  -14    9   -8  -12   10   -3   14    5   -4   -3    3    5   12  -10    0   -7
    1    4    9    1    1    3    1    1      2075   -4   -6    6  -22  -13   -8   -8   -8   -6    9   10   -3   10    5   13    0   -3    0
    1    4   10    1    1    2    1    1      1993   -4   -4   15  -17  -14  -12   -8   -8   -5    8    2   -1   12    6   16    1   -3   12
    1    4   11    1    2    2    2    1      2204   -2   -2  -12    7    2   -3   13   -3   15   -1   -4   -3    5   12   15  -11   -1   -7
    1    4   12    1    1    5    1    1      3829    0   -3   14  -15    1    3   -9   -5   -7    6   18    3   11    1   16    4   -5    8
    1    4   13    1    3    5    3    1      2382    6  -13   -4   14   -7    1   14   16   17   -9   11    1    3   -1  -14    1   -4   -1
    1    4   14    1    3    3    3    1      1696    0  -10    4    8   -3    5   15   15   18   -7   14    5    0    2  -13    0   -6    1
    1    4   15    1    3    2    3    1      2318    3  -11   -3   17   -9    1   15   13   17  -10   11    2    3    0  -15    2   -5    1
    1    5    1    1    1    5    1    1      1795    0   -3   14  -15    1    3   -9   -5   -7    6   18    3   11    1   16    4   -5    8
    1    5    2    1    2    3    2    1      1197    5    7  -12    6    4   -5   11   -2   14    0   -6   -2    6   12   15  -11   -1    4
    1    5    3    1    3    4    3    1      6319    1  -10   -5   10  -15   12   16   13   18   -7    8    0    4    2  -17    5   -6   -3
    1    5    4    1    3    1    3    1      1524    1  -10   -5   17   -5    2   13   16   14   -9   10    0    3   -1  -14    1    0   -1
    1    5    5    1    1    1    2    0      1912    1   -8    8  -14   -9   -4   -9   -7   -4    8   10   -4   13    1   14    3   -4    5
    1    5    6    1    2    1    2    1      1854    3    8  -14    9   -8  -12   10   -3   14    5   -4   -3    3    5   12  -10    0   -7
    1    5    7    1    2    2    2    1      4581   -2   -2  -12    7    2   -3   13   -3   15   -1   -4   -3    5   12   15  -11   -1   -7
    1    5    8    1    1    2    1    1      1600   -4   -4   15  -17  -14  -12   -8   -8   -5    8    2   -1   12    6   16    1   -3   12
    1    5    9    1    2    4    2    1      2193    3    8  -14    9   -9  -15   14   -5   11   -6    4  -10    1   15   19  -14    1   -4
    1    5   10    1    2    5    1    0      1755    4    8  -13    6  -16   -3   12   -3   11    2   -5   -1    9    6   14   -9    0   -4
    1    5   11    1    1    4    1    1      4710    1   -3   11  -13   -9   -3   -7   -8   -7    6   10   -5   12   -1   18    2   -5   12
    1    5   12    1    3    5    3    1      1180    6  -13   -4   14   -7    1   14   16   17   -9   11    1    3   -1  -14    1   -4   -1
    1    5   13    1    3    2    3    1      1631    3  -11   -3   17   -9    1   15   13   17  -10   11    2    3    0  -15    2   -5    1
    1    5   14    1    3    3    3    1      2207    0  -10    4    8   -3    5   15   15   18   -7   14    5    0    2  -13    0   -6    1
    1    5   15    1    1    3    1    1      1929   -4   -6    6  -22  -13   -8   -8   -8   -6    9   10   -3   10    5   13    0   -3    0
    1    6    1    1    3    1    3    1      1822    1  -10   -5   17   -5    2   13   16   14   -9   10    0    3   -1  -14    1    0   -1
    1    6    2    1    3    3    3    1      1606    0  -10    4    8   -3    5   15   15   18   -7   14    5    0    2  -13    0   -6    1
    1    6    3    1    1    1    1    1      4648    1   -8    8  -14   -9   -4   -9   -7   -4    8   10   -4   13    1   14    3   -4    5
    1    6    4    1    2    3    2    1      2863    5    7  -12    6    4   -5   11   -2   14    0   -6   -2    6   12   15  -11   -1    4
    1    6    5    1    2    1    1    0      2927    3    8  -14    9   -8  -12   10   -3   14    5   -4   -3    3    5   12  -10    0   -7
    1    6    6    1    1    4    1    1      2700    1   -3   11  -13   -9   -3   -7   -8   -7    6   10   -5   12   -1   18    2   -5   12
    1    6    7    1    1    3    1    1      2225   -4   -6    6  -22  -13   -8   -8   -8   -6    9   10   -3   10    5   13    0   -3    0
    1    6    8    1    2    2    2    1      1738   -2   -2  -12    7    2   -3   13   -3   15   -1   -4   -3    5   12   15  -11   -1   -7
    1    6    9    1    2    5    1    0      1814    4    8  -13    6  -16   -3   12   -3   11    2   -5   -1    9    6   14   -9    0   -4
    1    6   10    1    1    2    1    1      1167   -4   -4   15  -17  -14  -12   -8   -8   -5    8    2   -1   12    6   16    1   -3   12
    1    6   11    1    2    4    2    1      1378    3    8  -14    9   -9  -15   14   -5   11   -6    4  -10    1   15   19  -14    1   -4
    1    6   12    1    3    4    3    1       957    1  -10   -5   10  -15   12   16   13   18   -7    8    0    4    2  -17    5   -6   -3
    1    6   13    1    3    5    3    1      1016    6  -13   -4   14   -7    1   14   16   17   -9   11    1    3   -1  -14    1   -4   -1
    1    6   14    1    1    5    1    1      1233    0   -3   14  -15    1    3   -9   -5   -7    6   18    3   11    1   16    4   -5    8
    1    6   15    1    3    2    3    1      1905    3  -11   -3   17   -9    1   15   13   17  -10   11    2    3    0  -15    2   -5    1
    1    7    1    1    1    1    1    1      5446    1   -8    8  -14   -9   -4   -9   -7   -4    8   10   -4   13    1   14    3   -4    5
    1    7    2    1    1    5    1    1      2446    0   -3   14  -15    1    3   -9   -5   -7    6   18    3   11    1   16    4   -5    8
    1    7    3    1    1    2    1    1       974   -4   -4   15  -17  -14  -12   -8   -8   -5    8    2   -1   12    6   16    1   -3   12
    1    7    4    1    1    4    1    1      1641    1   -3   11  -13   -9   -3   -7   -8   -7    6   10   -5   12   -1   18    2   -5   12
    1    7    5    1    3    1    3    1      1001    1  -10   -5   17   -5    2   13   16   14   -9   10    0    3   -1  -14    1    0   -1
    1    7    6    1    3    4    3    1      1043    1  -10   -5   10  -15   12   16   13   18   -7    8    0    4    2  -17    5   -6   -3
    1    7    7    1    2    2    2    1      3275   -2   -2  -12    7    2   -3   13   -3   15   -1   -4   -3    5   12   15  -11   -1   -7
    1    7    8    1    3    5    3    1      1225    6  -13   -4   14   -7    1   14   16   17   -9   11    1    3   -1  -14    1   -4   -1
    1    7    9    1    2    1    2    1      1626    3    8  -14    9   -8  -12   10   -3   14    5   -4   -3    3    5   12  -10    0   -7
    1    7   10    1    3    2    3    1      1355    3  -11   -3   17   -9    1   15   13   17  -10   11    2    3    0  -15    2   -5    1
    1    7   11    1    2    4    1    0      3046    3    8  -14    9   -9  -15   14   -5   11   -6    4  -10    1   15   19  -14    1   -4
    1    7   12    1    2    3    2    1      1263    5    7  -12    6    4   -5   11   -2   14    0   -6   -2    6   12   15  -11   -1    4
    1    7   13    1    2    5    2    1      1342    4    8  -13    6  -16   -3   12   -3   11    2   -5   -1    9    6   14   -9    0   -4
    1    7   14    1    1    3    1    1      1178   -4   -6    6  -22  -13   -8   -8   -8   -6    9   10   -3   10    5   13    0   -3    0
    1    7   15    1    3    3    3    1       941    0  -10    4    8   -3    5   15   15   18   -7   14    5    0    2  -13    0   -6    1
    1    8    1    1    3    4    3    1       825    1  -10   -5   10  -15   12   16   13   18   -7    8    0    4    2  -17    5   -6   -3
    1    8    2    1    1    3    1    1      1321   -4   -6    6  -22  -13   -8   -8   -8   -6    9   10   -3   10    5   13    0   -3    0
    1    8    3    1    2    1    2    1       934    3    8  -14    9   -8  -12   10   -3   14    5   -4   -3    3    5   12  -10    0   -7
    1    8    4    1    1    5    1    1      1554    0   -3   14  -15    1    3   -9   -5   -7    6   18    3   11    1   16    4   -5    8
    1    8    5    1    2    5    2    1      1142    4    8  -13    6  -16   -3   12   -3   11    2   -5   -1    9    6   14   -9    0   -4
    1    8    6    1    3    3    3    1      1050    0  -10    4    8   -3    5   15   15   18   -7   14    5    0    2  -13    0   -6    1
    1    8    7    1    3    2    3    1      1297    3  -11   -3   17   -9    1   15   13   17  -10   11    2    3    0  -15    2   -5    1
    1    8    8    1    2    4    2    1      1343    3    8  -14    9   -9  -15   14   -5   11   -6    4  -10    1   15   19  -14    1   -4
    1    8    9    1    1    2    1    1      2315   -4   -4   15  -17  -14  -12   -8   -8   -5    8    2   -1   12    6   16    1   -3   12
    1    8   10    1    2    3    2    1      1168    5    7  -12    6    4   -5   11   -2   14    0   -6   -2    6   12   15  -11   -1    4
    1    8   11    1    3    1    3    1       947    1  -10   -5   17   -5    2   13   16   14   -9   10    0    3   -1  -14    1    0   -1
    1    8   12    1    3    5    3    1      5743    6  -13   -4   14   -7    1   14   16   17   -9   11    1    3   -1  -14    1   -4   -1
    1    8   13    1    2    2    2    1      3787   -2   -2  -12    7    2   -3   13   -3   15   -1   -4   -3    5   12   15  -11   -1   -7
    1    8   14    1    1    1    2    0      3381    1   -8    8  -14   -9   -4   -9   -7   -4    8   10   -4   13    1   14    3   -4    5
    1    8   15    1    1    4    1    1      1199    1   -3   11  -13   -9   -3   -7   -8   -7    6   10   -5   12   -1   18    2   -5   12
    1    9    1    1    1    2    1    1      2817   -4   -4   15  -17  -14  -12   -8   -8   -5    8    2   -1   12    6   16    1   -3   12
    1    9    2    1    2    5    2    1      5810    4    8  -13    6  -16   -3   12   -3   11    2   -5   -1    9    6   14   -9    0   -4
    1    9    3    1    1    5    1    1      2827    0   -3   14  -15    1    3   -9   -5   -7    6   18    3   11    1   16    4   -5    8
    1    9    4    1    1    4    1    1      1212    1   -3   11  -13   -9   -3   -7   -8   -7    6   10   -5   12   -1   18    2   -5   12
    1    9    5    1    3    2    3    1      2461    3  -11   -3   17   -9    1   15   13   17  -10   11    2    3    0  -15    2   -5    1
    1    9    6    1    1    1    2    0      1292    1   -8    8  -14   -9   -4   -9   -7   -4    8   10   -4   13    1   14    3   -4    5
    1    9    7    1    3    3    3    1       971    0  -10    4    8   -3    5   15   15   18   -7   14    5    0    2  -13    0   -6    1
    1    9    8    1    2    4    3    0      1845    3    8  -14    9   -9  -15   14   -5   11   -6    4  -10    1   15   19  -14    1   -4
    1    9    9    1    3    4    3    1       765    1  -10   -5   10  -15   12   16   13   18   -7    8    0    4    2  -17    5   -6   -3
    1    9   10    1    2    2    1    0      1808   -2   -2  -12    7    2   -3   13   -3   15   -1   -4   -3    5   12   15  -11   -1   -7
    1    9   11    1    2    3    2    1       842    5    7  -12    6    4   -5   11   -2   14    0   -6   -2    6   12   15  -11   -1    4
    1    9   12    1    3    1    3    1      1002    1  -10   -5   17   -5    2   13   16   14   -9   10    0    3   -1  -14    1    0   -1
    1    9   13    1    2    1    2    1      2803    3    8  -14    9   -8  -12   10   -3   14    5   -4   -3    3    5   12  -10    0   -7
    1    9   14    1    1    3    1    1      1028   -4   -6    6  -22  -13   -8   -8   -8   -6    9   10   -3   10    5   13    0   -3    0
    1    9   15    1    3    5    3    1      1021    6  -13   -4   14   -7    1   14   16   17   -9   11    1    3   -1  -14    1   -4   -1
    1   10    1    1    3    3    3    1      1542    0  -10    4    8   -3    5   15   15   18   -7   14    5    0    2  -13    0   -6    1
    1   10    2    1    2    1    2    1      1082    3    8  -14    9   -8  -12   10   -3   14    5   -4   -3    3    5   12  -10    0   -7
    1   10    3    1    3    2    3    1      1488    3  -11   -3   17   -9    1   15   13   17  -10   11    2    3    0  -15    2   -5    1
    1   10    4    1    2    2    2    1      2390   -2   -2  -12    7    2   -3   13   -3   15   -1   -4   -3    5   12   15  -11   -1   -7
    1   10    5    1    2    3    2    1       937    5    7  -12    6    4   -5   11   -2   14    0   -6   -2    6   12   15  -11   -1    4
    1   10    6    1    3    5    3    1       884    6  -13   -4   14   -7    1   14   16   17   -9   11    1    3   -1  -14    1   -4   -1
    1   10    7    1    3    1    3    1       834    1  -10   -5   17   -5    2   13   16   14   -9   10    0    3   -1  -14    1    0   -1
    1   10    8    1    2    5    2    1      1011    4    8  -13    6  -16   -3   12   -3   11    2   -5   -1    9    6   14   -9    0   -4
    1   10    9    1    1    3    1    1      2044   -4   -6    6  -22  -13   -8   -8   -8   -6    9   10   -3   10    5   13    0   -3    0
    1   10   10    1    1    4    1    1       988    1   -3   11  -13   -9   -3   -7   -8   -7    6   10   -5   12   -1   18    2   -5   12
    1   10   11    1    1    5    1    1      1142    0   -3   14  -15    1    3   -9   -5   -7    6   18    3   11    1   16    4   -5    8
    1   10   12    1    2    4    2    1      1306    3    8  -14    9   -9  -15   14   -5   11   -6    4  -10    1   15   19  -14    1   -4
    1   10   13    1    1    2    1    1      1048   -4   -4   15  -17  -14  -12   -8   -8   -5    8    2   -1   12    6   16    1   -3   12
    1   10   14    1    3    4    3    1       879    1  -10   -5   10  -15   12   16   13   18   -7    8    0    4    2  -17    5   -6   -3
    1   10   15    1    1    1    1    1      3918    1   -8    8  -14   -9   -4   -9   -7   -4    8   10   -4   13    1   14    3   -4    5
    1   11    1    1    3    3    3    1       867    0  -10    4    8   -3    5   15   15   18   -7   14    5    0    2  -13    0   -6    1
    1   11    2    1    1    4    1    1     10450    1   -3   11  -13   -9   -3   -7   -8   -7    6   10   -5   12   -1   18    2   -5   12
    1   11    3    1    1    2    1    1       770   -4   -4   15  -17  -14  -12   -8   -8   -5    8    2   -1   12    6   16    1   -3   12
    1   11    4    1    1    1    1    1      1076    1   -8    8  -14   -9   -4   -9   -7   -4    8   10   -4   13    1   14    3   -4    5
    1   11    5    1    2    5    2    1       891    4    8  -13    6  -16   -3   12   -3   11    2   -5   -1    9    6   14   -9    0   -4
    1   11    6    1    2    3    2    1       889    5    7  -12    6    4   -5   11   -2   14    0   -6   -2    6   12   15  -11   -1    4
    1   11    7    1    3    5    3    1       775    6  -13   -4   14   -7    1   14   16   17   -9   11    1    3   -1  -14    1   -4   -1
    1   11    8    1    2    4    2    1      1306    3    8  -14    9   -9  -15   14   -5   11   -6    4  -10    1   15   19  -14    1   -4
    1   11    9    1    2    2    2    1      4135   -2   -2  -12    7    2   -3   13   -3   15   -1   -4   -3    5   12   15  -11   -1   -7
    1   11   10    1    1    5    1    1       867    0   -3   14  -15    1    3   -9   -5   -7    6   18    3   11    1   16    4   -5    8
    1   11   11    1    2    1    2    1      1330    3    8  -14    9   -8  -12   10   -3   14    5   -4   -3    3    5   12  -10    0   -7
    1   11   12    1    1    3    1    1       847   -4   -6    6  -22  -13   -8   -8   -8   -6    9   10   -3   10    5   13    0   -3    0
    1   11   13    1    3    2    3    1      2015    3  -11   -3   17   -9    1   15   13   17  -10   11    2    3    0  -15    2   -5    1
    1   11   14    1    3    4    3    1       752    1  -10   -5   10  -15   12   16   13   18   -7    8    0    4    2  -17    5   -6   -3
    1   11   15    1    3    1    3    1       995    1  -10   -5   17   -5    2   13   16   14   -9   10    0    3   -1  -14    1    0   -1
    1   12    1    1    3    3    3    1      1117    0  -10    4    8   -3    5   15   15   18   -7   14    5    0    2  -13    0   -6    1
    1   12    2    1    2    3    2    1       930    5    7  -12    6    4   -5   11   -2   14    0   -6   -2    6   12   15  -11   -1    4
    1   12    3    1    2    1    2    1      1151    3    8  -14    9   -8  -12   10   -3   14    5   -4   -3    3    5   12  -10    0   -7
    1   12    4    1    3    1    3    1       898    1  -10   -5   17   -5    2   13   16   14   -9   10    0    3   -1  -14    1    0   -1
    1   12    5    1    1    3    1    1       800   -4   -6    6  -22  -13   -8   -8   -8   -6    9   10   -3   10    5   13    0   -3    0
    1   12    6    1    3    5    3    1      1057    6  -13   -4   14   -7    1   14   16   17   -9   11    1    3   -1  -14    1   -4   -1
    1   12    7    1    1    5    1    1      2088    0   -3   14  -15    1    3   -9   -5   -7    6   18    3   11    1   16    4   -5    8
    1   12    8    1    3    4    3    1       902    1  -10   -5   10  -15   12   16   13   18   -7    8    0    4    2  -17    5   -6   -3
    1   12    9    1    2    2    1    0      1652   -2   -2  -12    7    2   -3   13   -3   15   -1   -4   -3    5   12   15  -11   -1   -7
    1   12   10    1    1    4    1    1       995    1   -3   11  -13   -9   -3   -7   -8   -7    6   10   -5   12   -1   18    2   -5   12
    1   12   11    1    1    2    1    1       845   -4   -4   15  -17  -14  -12   -8   -8   -5    8    2   -1   12    6   16    1   -3   12
    1   12   12    1    2    5    2    1      1069    4    8  -13    6  -16   -3   12   -3   11    2   -5   -1    9    6   14   -9    0   -4
    1   12   13    1    2    4    2    1      1428    3    8  -14    9   -9  -15   14   -5   11   -6    4  -10    1   15   19  -14    1   -4
    1   12   14    1    3    2    3    1       557    3  -11   -3   17   -9    1   15   13   17  -10   11    2    3    0  -15    2   -5    1
    1   12   15    1    1    1    1    1      1288    1   -8    8  -14   -9   -4   -9   -7   -4    8   10   -4   13    1   14    3   -4    5
    1   13    1    1    1    1    1    1      1414    1   -8    8  -14   -9   -4   -9   -7   -4    8   10   -4   13    1   14    3   -4    5
    1   13    2    1    2    2    2    1      2848   -2   -2  -12    7    2   -3   13   -3   15   -1   -4   -3    5   12   15  -11   -1   -7
    1   13    3    1    2    3    2    1       895    5    7  -12    6    4   -5   11   -2   14    0   -6   -2    6   12   15  -11   -1    4
    1   13    4    1    3    1    3    1       638    1  -10   -5   17   -5    2   13   16   14   -9   10    0    3   -1  -14    1    0   -1
    1   13    5    1    3    5    3    1       630    6  -13   -4   14   -7    1   14   16   17   -9   11    1    3   -1  -14    1   -4   -1
    1   13    6    1    3    2    3    1       639    3  -11   -3   17   -9    1   15   13   17  -10   11    2    3    0  -15    2   -5    1
    1   13    7    1    2    1    2    1       822    3    8  -14    9   -8  -12   10   -3   14    5   -4   -3    3    5   12  -10    0   -7
    1   13    8    1    1    2    1    1       871   -4   -4   15  -17  -14  -12   -8   -8   -5    8    2   -1   12    6   16    1   -3   12
    1   13    9    1    3    3    3    1       934    0  -10    4    8   -3    5   15   15   18   -7   14    5    0    2  -13    0   -6    1
    1   13   10    1    1    3    1    1       882   -4   -6    6  -22  -13   -8   -8   -8   -6    9   10   -3   10    5   13    0   -3    0
    1   13   11    1    2    5    2    1       768    4    8  -13    6  -16   -3   12   -3   11    2   -5   -1    9    6   14   -9    0   -4
    1   13   12    1    1    5    1    1      1203    0   -3   14  -15    1    3   -9   -5   -7    6   18    3   11    1   16    4   -5    8
    1   13   13    1    1    4    1    1      1108    1   -3   11  -13   -9   -3   -7   -8   -7    6   10   -5   12   -1   18    2   -5   12
    1   13   14    1    3    4    3    1      1914    1  -10   -5   10  -15   12   16   13   18   -7    8    0    4    2  -17    5   -6   -3
    1   13   15    1    2    4    2    1      1519    3    8  -14    9   -9  -15   14   -5   11   -6    4  -10    1   15   19  -14    1   -4
    1   14    1    1    2    3    2    1       900    5    7  -12    6    4   -5   11   -2   14    0   -6   -2    6   12   15  -11   -1    4
    1   14    2    1    1    2    1    1      1393   -4   -4   15  -17  -14  -12   -8   -8   -5    8    2   -1   12    6   16    1   -3   12
    1   14    3    1    1    1    1    1      1035    1   -8    8  -14   -9   -4   -9   -7   -4    8   10   -4   13    1   14    3   -4    5
    1   14    4    1    1    4    1    1       995    1   -3   11  -13   -9   -3   -7   -8   -7    6   10   -5   12   -1   18    2   -5   12
    1   14    5    1    2    1    2    1      1054    3    8  -14    9   -8  -12   10   -3   14    5   -4   -3    3    5   12  -10    0   -7
    1   14    6    1    3    2    3    1      1045    3  -11   -3   17   -9    1   15   13   17  -10   11    2    3    0  -15    2   -5    1
    1   14    7    1    3    4    3    1       637    1  -10   -5   10  -15   12   16   13   18   -7    8    0    4    2  -17    5   -6   -3
    1   14    8    1    3    3    3    1       741    0  -10    4    8   -3    5   15   15   18   -7   14    5    0    2  -13    0   -6    1
    1   14    9    1    3    5    3    1       633    6  -13   -4   14   -7    1   14   16   17   -9   11    1    3   -1  -14    1   -4   -1
    1   14   10    1    1    3    1    1      1025   -4   -6    6  -22  -13   -8   -8   -8   -6    9   10   -3   10    5   13    0   -3    0
    1   14   11    1    2    4    2    1      1338    3    8  -14    9   -9  -15   14   -5   11   -6    4  -10    1   15   19  -14    1   -4
    1   14   12    1    2    2    2    1      2694   -2   -2  -12    7    2   -3   13   -3   15   -1   -4   -3    5   12   15  -11   -1   -7
    1   14   13    1    3    1    3    1      1100    1  -10   -5   17   -5    2   13   16   14   -9   10    0    3   -1  -14    1    0   -1
    1   14   14    1    1    5    1    1      1826    0   -3   14  -15    1    3   -9   -5   -7    6   18    3   11    1   16    4   -5    8
    1   14   15    1    2    5    2    1      1386    4    8  -13    6  -16   -3   12   -3   11    2   -5   -1    9    6   14   -9    0   -4
    1   15    1    1    1    4    1    1      1044    1   -3   11  -13   -9   -3   -7   -8   -7    6   10   -5   12   -1   18    2   -5   12
    1   15    2    1    3    4    3    1      1164    1  -10   -5   10  -15   12   16   13   18   -7    8    0    4    2  -17    5   -6   -3
    1   15    3    1    1    1    1    1      4304    1   -8    8  -14   -9   -4   -9   -7   -4    8   10   -4   13    1   14    3   -4    5
    1   15    4    1    2    4    2    1       901    3    8  -14    9   -9  -15   14   -5   11   -6    4  -10    1   15   19  -14    1   -4
    1   15    5    1    3    2    3    1      1186    3  -11   -3   17   -9    1   15   13   17  -10   11    2    3    0  -15    2   -5    1
    1   15    6    1    2    2    2    1      1765   -2   -2  -12    7    2   -3   13   -3   15   -1   -4   -3    5   12   15  -11   -1   -7
    1   15    7    1    3    1    3    1       767    1  -10   -5   17   -5    2   13   16   14   -9   10    0    3   -1  -14    1    0   -1
    1   15    8    1    3    3    3    1       882    0  -10    4    8   -3    5   15   15   18   -7   14    5    0    2  -13    0   -6    1
    1   15    9    1    1    2    1    1       896   -4   -4   15  -17  -14  -12   -8   -8   -5    8    2   -1   12    6   16    1   -3   12
    1   15   10    1    2    1    2    1       814    3    8  -14    9   -8  -12   10   -3   14    5   -4   -3    3    5   12  -10    0   -7
    1   15   11    1    2    5    2    1       928    4    8  -13    6  -16   -3   12   -3   11    2   -5   -1    9    6   14   -9    0   -4
    1   15   12    1    1    3    1    1      1052   -4   -6    6  -22  -13   -8   -8   -8   -6    9   10   -3   10    5   13    0   -3    0
    1   15   13    1    1    5    1    1      2164    0   -3   14  -15    1    3   -9   -5   -7    6   18    3   11    1   16    4   -5    8
    1   15   14    1    2    3    2    1       959    5    7  -12    6    4   -5   11   -2   14    0   -6   -2    6   12   15  -11   -1    4
    1   15   15    1    3    5    3    1       683    6  -13   -4   14   -7    1   14   16   17   -9   11    1    3   -1  -14    1   -4   -1
    2    1    1    4    3    1    2    1      7871   -6   -9   -7   17   -8   -2   13   16   16   -9   10   -1    2    1  -15    1   -6   -3
    2    1    2    6    0    0    2    1      2470   -6  -10   -9    1  -12   -9   -9  -15    9  -12  -14   -1    5   -1   10   14   -3    4
    2    1    3    6    0    0    2    1      1893   15  -10   14    1  -11   11    9   -6   15   -7   -5   -4    1   -8   -9   16    6   -4
    2    1    4    4    1    4    2    1      3915    1   -2   13  -13   -9   -5   -7   -8   -4   10    9    2   11    0   14    4   -6    7
    2    1    5    1    1    2    1    1      1120   -4   -4   15  -17  -14  -12   -8   -8   -5    8    2   -1   12    6   16    1   -3   12
    2    1    6    4    2    2    2    1      3045    5    6  -11    7   -5  -13   12   -3   13    7   -4    4    2   20   12  -11   -1   -4
    2    1    7    1    3    3    1    1       861    0  -10    4    8   -3    5   15   15   18   -7   14    5    0    2  -13    0   -6    1
    2    1    8    4    1    5    2    1      2380    2   -5   10  -11   -8   -6   -9   -8  -11    4   10   -4   14    0   14    3   -5    8
    2    1    9    4    3    2    2    1      1103    0  -11   -6    8  -10   -7   14   14   16   -6   10   -1   12    7  -14    2   -5   -3
    2    1   10    1    3    5    1    1       900    6  -13   -4   14   -7    1   14   16   17   -9   11    1    3   -1  -14    1   -4   -1
    2    1   11    4    2    4    1    0      2018    6    7  -14    7   -5  -18   11   -6   15    1   -3   -3    9   11   14  -11    8    2
    2    1   12    6    0    0    2    1      1475   13   -7   11   -1  -10   11   11   -8   16  -10   -8   -2   -1   -7   -9   16    9   -5
    2    1   13    4    3    4    1    0       809    2  -12   -4   15   -6    4   15   17   14   -6    8    3    5    8  -15   -2   -4    1
    2    1   14    1    1    5    1    1      2939    0   -3   14  -15    1    3   -9   -5   -7    6   18    3   11    1   16    4   -5    8
    2    1   15    1    3    1    1    1      1463    1  -10   -5   17   -5    2   13   16   14   -9   10    0    3   -1  -14    1    0   -1
    2    1   16    1    2    4    1    1      2206    3    8  -14    9   -9  -15   14   -5   11   -6    4  -10    1   15   19  -14    1   -4
    2    1   17    1    1    4    1    1      1256    1   -3   11  -13   -9   -3   -7   -8   -7    6   10   -5   12   -1   18    2   -5   12
    2    1   18    4    2    1    2    1      4055   10    8  -13    5   -5  -14   11   -3   14   -1   -3   -1    5    9   15  -11    2   -8
    2    1   19    6    0    0    2    1      2007    1  -21  -10    2  -10  -10   -8   -2    1   -3  -11   -3    9    6   10   14   -4    5
    2    1   20    1    2    5    1    1      1160    4    8  -13    6  -16   -3   12   -3   11    2   -5   -1    9    6   14   -9    0   -4
    2    1   21    1    2    3    1    1      1132    5    7  -12    6    4   -5   11   -2   14    0   -6   -2    6   12   15  -11   -1    4
    2    1   22    4    3    3    2    1      2415    1  -13    1   18    0    0   16   15   15   -7    7    3    2    1  -15    2   -3   -1
    2    1   23    2    3    0    1    0      1136    2  -11   -5   16   -5    3   14   15   16   -8    9    1    2    0  -14    0   -5   -1
    2    1   24    1    1    1    1    1      2324    1   -8    8  -14   -9   -4   -9   -7   -4    8   10   -4   13    1   14    3   -4    5
    2    1   25    1    3    4    1    1       889    1  -10   -5   10  -15   12   16   13   18   -7    8    0    4    2  -17    5   -6   -3
    2    1   26    4    2    5    1    0      2775    5    6  -16    3   -5  -14   21   -3   12    1   -5   -3    5   20   14   -9    4   -4
    2    1   27    4    1    1    2    1      1642   -1   -5    9  -18   -5   -5   -6   -7   -6   10    6    0   12    0   23   -2   -5    5
    2    1   28    6    0    0    2    1      2298   -7    6   13   -5   17    7   -6   -3    0   -2   -6    9   12   16    4  -13  -15   -3
    2    1   29    4    1    3    1    0      2671   -1   -3   14  -12   -9   -5   -7   -7    0    2    8   -3   12    0   16    1    2   10
    2    1   30    6    0    0    2    1      1718   -6    3   15   -2    8    5   -6   -4    1   -1   -3   13   12   15    7   -4  -15   -3
    2    1   31    1    3    2    1    1      1587    3  -11   -3   17   -9    1   15   13   17  -10   11    2    3    0  -15    2   -5    1
    2    1   32    2    2    0    2    1      2309    4    7  -13    7   -6  -13   12   -4   13    0   -4   -2    6   11   14  -10   -1   -6
    2    1   33    1    2    1    1    1      1162    3    8  -14    9   -8  -12   10   -3   14    5   -4   -3    3    5   12  -10    0   -7
    2    1   34    1    2    2    1    1      1678   -2   -2  -12    7    2   -3   13   -3   15   -1   -4   -3    5   12   15  -11   -1   -7
    2    1   35    4    1    2    2    1      1757    0   -5    4  -21   -9   -4   -6   -8    4    1   18   -7   12    1   14    3    3   16
    2    1   36    2    1    0    2    1      1816    0   -4   12  -13   -8   -4   -8   -7   -6    8    9   -3   13    0   15    2   -4    7
    2    1   37    4    3    5    2    1      1776    4  -11   -7   20   -7    4   12   16   15   -6   10    0    1   -4  -11   -2   -4   -2
    2    1   38    4    2    3    2    1      3067    5    4  -15    7   -7  -14   11   -4    8    5   -3   -1    5   15   15   -8   -4  -11
    2    1   39    1    1    3    1    1      1986   -4   -6    6  -22  -13   -8   -8   -8   -6    9   10   -3   10    5   13    0   -3    0
