    1    1    1    1    3    5    1    0      5391   15    7    4   10   -5   11   21   19  -13   -6    3   -7    9   13   -6  -12    7    0
    1    1    2    1    3    2    2    0      2126   13    6    4   12   -2    8    8   21  -10  -12    7   -8    7   16   -8  -10    3    1
    1    1    3    1    2    3    3    0      1691    9   -4   -2    5    0    0   11   -5   20   24   -4    1    4    0   -5   -8   12  -12
    1    1    4    1    1    3    1    1      1689   -3    5    2   15   11    2    9   14   12   -2    2    9   -2    0   12   -9   12    6
    1    1    5    1    2    2    3    0      1143    7   -1   -4    4  -13  -14    6  -13   11   18  -11   -4   -3    1   -1   -6    4  -11
    1    1    6    1    3    1    3    1      1243   16    4    5   12   -4   10   16   14   -9   -8    5  -10    8   14   -7  -10    7    3
    1    1    7    1    1    4    2    0       778    4   12    3   16   11    6    8   15   11   -2    3    9   -1   -3   19  -11   11   11
    1    1    8    1    2    1    2    1      1661    8   -2   -9    0  -11   -8    2   -9   13   17   -3   -5   -4    2   -3   -9    8   -8
    1    1    9    1    3    3    1    0      2764   16    4    6    9   -3    8   12   15  -13   -8    6   -9   12    7   -8  -11    7    7
    1    1   10    1    1    1    3    0       927    0   17    5   18   14    4    9   20   12   -1    9    6    0   -2   16  -10   13    7
    1    1   11    1    2    5    2    1      1100    8   -3   -7    7   -8  -10    2   -8   15   14   -6   -7    2    4   -3   -9    5   -9
    1    1   12    1    1    5    3    0      2673    2   13    3   16   15    2   11   15   14   -5    0    6   -2   -4   18   -4   13   10
    1    1   13    1    3    4    2    0       743   16    6    6    9   -1   10   13   11  -10  -10    8   -5    7   12   -6  -13    4    3
    1    1   14    1    2    4    3    0      1596   13    5   -6    3  -11  -10    5   -9   18   20  -14   -8    6    9   -3  -11    1    0
    1    1   15    1    1    2    1    1      4030    4   12    5   15   14    6    8   15   10   -1   12   12    0    1   16  -11   11    7
    1    2    1    1    2    3    3    0      1213    9   -4   -2    5    0    0   11   -5   20   24   -4    1    4    0   -5   -8   12  -12
    1    2    2    1    1    2    3    0      1006    4   12    5   15   14    6    8   15   10   -1   12   12    0    1   16  -11   11    7
    1    2    3    1    2    2    2    1       871    7   -1   -4    4  -13  -14    6  -13   11   18  -11   -4   -3    1   -1   -6    4  -11
    1    2    4    1    1    4    1    1      1766    4   12    3   16   11    6    8   15   11   -2    3    9   -1   -3   19  -11   11   11
    1    2    5    1    1    3    1    1      1648   -3    5    2   15   11    2    9   14   12   -2    2    9   -2    0   12   -9   12    6
    1    2    6    1    2    4    2    1      1728   13    5   -6    3  -11  -10    5   -9   18   20  -14   -8    6    9   -3  -11    1    0
    1    2    7    1    3    1    3    1      3612   16    4    5   12   -4   10   16   14   -9   -8    5  -10    8   14   -7  -10    7    3
    1    2    8    1    3    4    1    0      6045   16    6    6    9   -1   10   13   11  -10  -10    8   -5    7   12   -6  -13    4    3
    1    2    9    1    2    5    2    1      1005    8   -3   -7    7   -8  -10    2   -8   15   14   -6   -7    2    4   -3   -9    5   -9
    1    2   10    1    1    1    1    1      1927    0   17    5   18   14    4    9   20   12   -1    9    6    0   -2   16  -10   13    7
    1    2   11    1    3    2    3    1      3243   13    6    4   12   -2    8    8   21  -10  -12    7   -8    7   16   -8  -10    3    1
    1    2   12    1    1    5    1    1      1179    2   13    3   16   15    2   11   15   14   -5    0    6   -2   -4   18   -4   13   10
    1    2   13    1    3    3    3    1      3453   16    4    6    9   -3    8   12   15  -13   -8    6   -9   12    7   -8  -11    7    7
    1    2   14    1    3    5    3    1     12612   15    7    4   10   -5   11   21   19  -13   -6    3   -7    9   13   -6  -12    7    0
    1    2   15    1    2    1    2    1      2525    8   -2   -9    0  -11   -8    2   -9   13   17   -3   -5   -4    2   -3   -9    8   -8
    1    3    1    1    2    2    2    1       810    7   -1   -4    4  -13  -14    6  -13   11   18  -11   -4   -3    1   -1   -6    4  -11
    1    3    2    1    1    4    1    1      1627    4   12    3   16   11    6    8   15   11   -2    3    9   -1   -3   19  -11   11   11
    1    3    3    1    3    4    3    1      1756   16    6    6    9   -1   10   13   11  -10  -10    8   -5    7   12   -6  -13    4    3
    1    3    4    1    2    5    2    1       839    8   -3   -7    7   -8  -10    2   -8   15   14   -6   -7    2    4   -3   -9    5   -9
    1    3    5    1    1    1    1    1      1255    0   17    5   18   14    4    9   20   12   -1    9    6    0   -2   16  -10   13    7
    1    3    6    1    2    3    2    1      1975    9   -4   -2    5    0    0   11   -5   20   24   -4    1    4    0   -5   -8   12  -12
    1    3    7    1    2    1    2    1       873    8   -2   -9    0  -11   -8    2   -9   13   17   -3   -5   -4    2   -3   -9    8   -8
    1    3    8    1    1    2    2    0      1192    4   12    5   15   14    6    8   15   10   -1   12   12    0    1   16  -11   11    7
    1    3    9    1    1    5    1    1      1594    2   13    3   16   15    2   11   15   14   -5    0    6   -2   -4   18   -4   13   10
    1    3   10    1    3    2    3    1      1164   13    6    4   12   -2    8    8   21  -10  -12    7   -8    7   16   -8  -10    3    1
    1    3   11    1    3    3    1    0      3502   16    4    6    9   -3    8   12   15  -13   -8    6   -9   12    7   -8  -11    7    7
    1    3   12    1    3    5    1    0      1363   15    7    4   10   -5   11   21   19  -13   -6    3   -7    9   13   -6  -12    7    0
    1    3   13    1    2    4    3    0      1262   13    5   -6    3  -11  -10    5   -9   18   20  -14   -8    6    9   -3  -11    1    0
    1    3   14    1    1    3    1    1      1389   -3    5    2   15   11    2    9   14   12   -2    2    9   -2    0   12   -9   12    6
    1    3   15    1    3    1    2    0      1095   16    4    5   12   -4   10   16   14   -9   -8    5  -10    8   14   -7  -10    7    3
    1    4    1    1    2    2    2    1       477    7   -1   -4    4  -13  -14    6  -13   11   18  -11   -4   -3    1   -1   -6    4  -11
    1    4    2    1    1    1    3    0       988    0   17    5   18   14    4    9   20   12   -1    9    6    0   -2   16  -10   13    7
    1    4    3    1    2    5    2    1       934    8   -3   -7    7   -8  -10    2   -8   15   14   -6   -7    2    4   -3   -9    5   -9
    1    4    4    1    3    2    1    0      4962   13    6    4   12   -2    8    8   21  -10  -12    7   -8    7   16   -8  -10    3    1
    1    4    5    1    2    1    2    1       685    8   -2   -9    0  -11   -8    2   -9   13   17   -3   -5   -4    2   -3   -9    8   -8
    1    4    6    1    1    5    1    1      1139    2   13    3   16   15    2   11   15   14   -5    0    6   -2   -4   18   -4   13   10
    1    4    7    1    2    4    3    0      3527   13    5   -6    3  -11  -10    5   -9   18   20  -14   -8    6    9   -3  -11    1    0
    1    4    8    1    2    3    2    1       780    9   -4   -2    5    0    0   11   -5   20   24   -4    1    4    0   -5   -8   12  -12
    1    4    9    1    3    3    3    1      1902   16    4    6    9   -3    8   12   15  -13   -8    6   -9   12    7   -8  -11    7    7
    1    4   10    1    3    1    3    1      2035   16    4    5   12   -4   10   16   14   -9   -8    5  -10    8   14   -7  -10    7    3
    1    4   11    1    3    4    3    1       979   16    6    6    9   -1   10   13   11  -10  -10    8   -5    7   12   -6  -13    4    3
    1    4   12    1    1    2    3    0      1773    4   12    5   15   14    6    8   15   10   -1   12   12    0    1   16  -11   11    7
    1    4   13    1    3    5    2    0      2120   15    7    4   10   -5   11   21   19  -13   -6    3   -7    9   13   -6  -12    7    0
    1    4   14    1    1    3    3    0      3461   -3    5    2   15   11    2    9   14   12   -2    2    9   -2    0   12   -9   12    6
    1    4   15    1    1    4    1    1      1964    4   12    3   16   11    6    8   15   11   -2    3    9   -1   -3   19  -11   11   11
    1    5    1    1    3    5    3    1      1262   15    7    4   10   -5   11   21   19  -13   -6    3   -7    9   13   -6  -12    7    0
    1    5    2    1    3    1    3    1      1406   16    4    5   12   -4   10   16   14   -9   -8    5  -10    8   14   -7  -10    7    3
    1    5    3    1    1    5    1    1       999    2   13    3   16   15    2   11   15   14   -5    0    6   -2   -4   18   -4   13   10
    1    5    4    1    1    3    1    1       752   -3    5    2   15   11    2    9   14   12   -2    2    9   -2    0   12   -9   12    6
    1    5    5    1    2    3    2    1       771    9   -4   -2    5    0    0   11   -5   20   24   -4    1    4    0   -5   -8   12  -12
    1    5    6    1    3    4    3    1      1046   16    6    6    9   -1   10   13   11  -10  -10    8   -5    7   12   -6  -13    4    3
    1    5    7    1    2    5    2    1       717    8   -3   -7    7   -8  -10    2   -8   15   14   -6   -7    2    4   -3   -9    5   -9
    1    5    8    1    2    4    3    0      4562   13    5   -6    3  -11  -10    5   -9   18   20  -14   -8    6    9   -3  -11    1    0
    1    5    9    1    1    1    1    1      1709    0   17    5   18   14    4    9   20   12   -1    9    6    0   -2   16  -10   13    7
    1    5   10    1    1    2    1    1      2346    4   12    5   15   14    6    8   15   10   -1   12   12    0    1   16  -11   11    7
    1    5   11    1    1    4    1    1      1726    4   12    3   16   11    6    8   15   11   -2    3    9   -1   -3   19  -11   11   11
    1    5   12    1    3    3    3    1      1914   16    4    6    9   -3    8   12   15  -13   -8    6   -9   12    7   -8  -11    7    7
    1    5   13    1    3    2    3    1      1023   13    6    4   12   -2    8    8   21  -10  -12    7   -8    7   16   -8  -10    3    1
    1    5   14    1    2    1    2    1       744    8   -2   -9    0  -11   -8    2   -9   13   17   -3   -5   -4    2   -3   -9    8   -8
    1    5   15    1    2    2    2    1       604    7   -1   -4    4  -13  -14    6  -13   11   18  -11   -4   -3    1   -1   -6    4  -11
    1    6    1    1    3    5    3    1      2549   15    7    4   10   -5   11   21   19  -13   -6    3   -7    9   13   -6  -12    7    0
    1    6    2    1    3    3    3    1      1488   16    4    6    9   -3    8   12   15  -13   -8    6   -9   12    7   -8  -11    7    7
    1    6    3    1    1    4    1    1      1814    4   12    3   16   11    6    8   15   11   -2    3    9   -1   -3   19  -11   11   11
    1    6    4    1    2    1    2    1       655    8   -2   -9    0  -11   -8    2   -9   13   17   -3   -5   -4    2   -3   -9    8   -8
    1    6    5    1    2    2    2    1       726    7   -1   -4    4  -13  -14    6  -13   11   18  -11   -4   -3    1   -1   -6    4  -11
    1    6    6    1    2    3    2    1      1291    9   -4   -2    5    0    0   11   -5   20   24   -4    1    4    0   -5   -8   12  -12
    1    6    7    1    2    5    2    1       808    8   -3   -7    7   -8  -10    2   -8   15   14   -6   -7    2    4   -3   -9    5   -9
    1    6    8    1    1    5    1    1      1098    2   13    3   16   15    2   11   15   14   -5    0    6   -2   -4   18   -4   13   10
    1    6    9    1    1    2    1    1      6351    4   12    5   15   14    6    8   15   10   -1   12   12    0    1   16  -11   11    7
    1    6   10    1    3    2    2    0       706   13    6    4   12   -2    8    8   21  -10  -12    7   -8    7   16   -8  -10    3    1
    1    6   11    1    2    4    3    0       936   13    5   -6    3  -11  -10    5   -9   18   20  -14   -8    6    9   -3  -11    1    0
    1    6   12    1    1    3    1    1      1172   -3    5    2   15   11    2    9   14   12   -2    2    9   -2    0   12   -9   12    6
    1    6   13    1    1    1    3    0      1414    0   17    5   18   14    4    9   20   12   -1    9    6    0   -2   16  -10   13    7
    1    6   14    1    3    1    3    1       991   16    4    5   12   -4   10   16   14   -9   -8    5  -10    8   14   -7  -10    7    3
    1    6   15    1    3    4    3    1      1193   16    6    6    9   -1   10   13   11  -10  -10    8   -5    7   12   -6  -13    4    3
    1    7    1    1    2    3    2    1       827    9   -4   -2    5    0    0   11   -5   20   24   -4    1    4    0   -5   -8   12  -12
    1    7    2    1    1    5    1    1       683    2   13    3   16   15    2   11   15   14   -5    0    6   -2   -4   18   -4   13   10
    1    7    3    1    3    3    3    1      1361   16    4    6    9   -3    8   12   15  -13   -8    6   -9   12    7   -8  -11    7    7
    1    7    4    1    2    1    2    1       797    8   -2   -9    0  -11   -8    2   -9   13   17   -3   -5   -4    2   -3   -9    8   -8
    1    7    5    1    1    2    3    0      1806    4   12    5   15   14    6    8   15   10   -1   12   12    0    1   16  -11   11    7
    1    7    6    1    3    4    3    1      1623   16    6    6    9   -1   10   13   11  -10  -10    8   -5    7   12   -6  -13    4    3
    1    7    7    1    1    1    1    1      1736    0   17    5   18   14    4    9   20   12   -1    9    6    0   -2   16  -10   13    7
    1    7    8    1    1    4    1    1       899    4   12    3   16   11    6    8   15   11   -2    3    9   -1   -3   19  -11   11   11
    1    7    9    1    2    2    2    1       785    7   -1   -4    4  -13  -14    6  -13   11   18  -11   -4   -3    1   -1   -6    4  -11
    1    7   10    1    1    3    1    1       915   -3    5    2   15   11    2    9   14   12   -2    2    9   -2    0   12   -9   12    6
    1    7   11    1    2    4    3    0      1647   13    5   -6    3  -11  -10    5   -9   18   20  -14   -8    6    9   -3  -11    1    0
    1    7   12    1    3    2    3    1      1599   13    6    4   12   -2    8    8   21  -10  -12    7   -8    7   16   -8  -10    3    1
    1    7   13    1    3    5    2    0      1328   15    7    4   10   -5   11   21   19  -13   -6    3   -7    9   13   -6  -12    7    0
    1    7   14    1    3    1    3    1       973   16    4    5   12   -4   10   16   14   -9   -8    5  -10    8   14   -7  -10    7    3
    1    7   15    1    2    5    2    1       855    8   -3   -7    7   -8  -10    2   -8   15   14   -6   -7    2    4   -3   -9    5   -9
    1    8    1    1    3    2    2    0      2918   13    6    4   12   -2    8    8   21  -10  -12    7   -8    7   16   -8  -10    3    1
    1    8    2    1    2    4    2    1      1987   13    5   -6    3  -11  -10    5   -9   18   20  -14   -8    6    9   -3  -11    1    0
    1    8    3    1    1    1    1    1      1237    0   17    5   18   14    4    9   20   12   -1    9    6    0   -2   16  -10   13    7
    1    8    4    1    3    1    3    1     17045   16    4    5   12   -4   10   16   14   -9   -8    5  -10    8   14   -7  -10    7    3
    1    8    5    1    3    4    3    1       621   16    6    6    9   -1   10   13   11  -10  -10    8   -5    7   12   -6  -13    4    3
    1    8    6    1    1    2    1    1      1221    4   12    5   15   14    6    8   15   10   -1   12   12    0    1   16  -11   11    7
    1    8    7    1    2    1    2    1       646    8   -2   -9    0  -11   -8    2   -9   13   17   -3   -5   -4    2   -3   -9    8   -8
    1    8    8    1    3    3    3    1      1694   16    4    6    9   -3    8   12   15  -13   -8    6   -9   12    7   -8  -11    7    7
    1    8    9    1    1    5    1    1      1004    2   13    3   16   15    2   11   15   14   -5    0    6   -2   -4   18   -4   13   10
    1    8   10    1    2    2    2    1       933    7   -1   -4    4  -13  -14    6  -13   11   18  -11   -4   -3    1   -1   -6    4  -11
    1    8   11    1    2    3    2    1       705    9   -4   -2    5    0    0   11   -5   20   24   -4    1    4    0   -5   -8   12  -12
    1    8   12    1    3    5    3    1      1878   15    7    4   10   -5   11   21   19  -13   -6    3   -7    9   13   -6  -12    7    0
    1    8   13    1    1    3    1    1      1213   -3    5    2   15   11    2    9   14   12   -2    2    9   -2    0   12   -9   12    6
    1    8   14    1    2    5    2    1       734    8   -3   -7    7   -8  -10    2   -8   15   14   -6   -7    2    4   -3   -9    5   -9
    1    8   15    1    1    4    1    1      1058    4   12    3   16   11    6    8   15   11   -2    3    9   -1   -3   19  -11   11   11
    1    9    1    1    1    1    1    1      4569    0   17    5   18   14    4    9   20   12   -1    9    6    0   -2   16  -10   13    7
    1    9    2    1    2    4    3    0      2819   13    5   -6    3  -11  -10    5   -9   18   20  -14   -8    6    9   -3  -11    1    0
    1    9    3    1    2    3    2    1       852    9   -4   -2    5    0    0   11   -5   20   24   -4    1    4    0   -5   -8   12  -12
    1    9    4    1    3    2    3    1      1091   13    6    4   12   -2    8    8   21  -10  -12    7   -8    7   16   -8  -10    3    1
    1    9    5    1    1    4    1    1       873    4   12    3   16   11    6    8   15   11   -2    3    9   -1   -3   19  -11   11   11
    1    9    6    1    1    5    1    1      1080    2   13    3   16   15    2   11   15   14   -5    0    6   -2   -4   18   -4   13   10
    1    9    7    1    1    3    1    1       686   -3    5    2   15   11    2    9   14   12   -2    2    9   -2    0   12   -9   12    6
    1    9    8    1    2    5    2    1       612    8   -3   -7    7   -8  -10    2   -8   15   14   -6   -7    2    4   -3   -9    5   -9
    1    9    9    1    1    2    3    0      1469    4   12    5   15   14    6    8   15   10   -1   12   12    0    1   16  -11   11    7
    1    9   10    1    3    3    3    1      1620   16    4    6    9   -3    8   12   15  -13   -8    6   -9   12    7   -8  -11    7    7
    1    9   11    1    3    4    3    1      2820   16    6    6    9   -1   10   13   11  -10  -10    8   -5    7   12   -6  -13    4    3
    1    9   12    1    2    2    2    1       693    7   -1   -4    4  -13  -14    6  -13   11   18  -11   -4   -3    1   -1   -6    4  -11
    1    9   13    1    3    5    3    1      2139   15    7    4   10   -5   11   21   19  -13   -6    3   -7    9   13   -6  -12    7    0
    1    9   14    1    3    1    3    1      1031   16    4    5   12   -4   10   16   14   -9   -8    5  -10    8   14   -7  -10    7    3
    1    9   15    1    2    1    2    1       639    8   -2   -9    0  -11   -8    2   -9   13   17   -3   -5   -4    2   -3   -9    8   -8
    1   10    1    1    2    4    3    0      2247   13    5   -6    3  -11  -10    5   -9   18   20  -14   -8    6    9   -3  -11    1    0
    1   10    2    1    2    1    2    1       622    8   -2   -9    0  -11   -8    2   -9   13   17   -3   -5   -4    2   -3   -9    8   -8
    1   10    3    1    3    4    3    1      1911   16    6    6    9   -1   10   13   11  -10  -10    8   -5    7   12   -6  -13    4    3
    1   10    4    1    2    5    2    1       764    8   -3   -7    7   -8  -10    2   -8   15   14   -6   -7    2    4   -3   -9    5   -9
    1   10    5    1    3    2    3    1      4638   13    6    4   12   -2    8    8   21  -10  -12    7   -8    7   16   -8  -10    3    1
    1   10    6    1    1    5    1    1       886    2   13    3   16   15    2   11   15   14   -5    0    6   -2   -4   18   -4   13   10
    1   10    7    1    1    4    1    1       884    4   12    3   16   11    6    8   15   11   -2    3    9   -1   -3   19  -11   11   11
    1   10    8    1    2    2    2    1       802    7   -1   -4    4  -13  -14    6  -13   11   18  -11   -4   -3    1   -1   -6    4  -11
    1   10    9    1    1    2    1    1      1124    4   12    5   15   14    6    8   15   10   -1   12   12    0    1   16  -11   11    7
    1   10   10    1    3    5    3    1      2040   15    7    4   10   -5   11   21   19  -13   -6    3   -7    9   13   -6  -12    7    0
    1   10   11    1    3    3    3    1      1064   16    4    6    9   -3    8   12   15  -13   -8    6   -9   12    7   -8  -11    7    7
    1   10   12    1    2    3    2    1       895    9   -4   -2    5    0    0   11   -5   20   24   -4    1    4    0   -5   -8   12  -12
    1   10   13    1    1    3    1    1      1085   -3    5    2   15   11    2    9   14   12   -2    2    9   -2    0   12   -9   12    6
    1   10   14    1    1    1    1    1      1347    0   17    5   18   14    4    9   20   12   -1    9    6    0   -2   16  -10   13    7
    1   10   15    1    3    1    3    1      2062   16    4    5   12   -4   10   16   14   -9   -8    5  -10    8   14   -7  -10    7    3
    1   11    1    1    2    5    2    1       701    8   -3   -7    7   -8  -10    2   -8   15   14   -6   -7    2    4   -3   -9    5   -9
    1   11    2    1    3    3    2    0      4339   16    4    6    9   -3    8   12   15  -13   -8    6   -9   12    7   -8  -11    7    7
    1   11    3    1    3    2    3    1      1831   13    6    4   12   -2    8    8   21  -10  -12    7   -8    7   16   -8  -10    3    1
    1   11    4    1    3    4    3    1      1247   16    6    6    9   -1   10   13   11  -10  -10    8   -5    7   12   -6  -13    4    3
    1   11    5    1    1    4    1    1       894    4   12    3   16   11    6    8   15   11   -2    3    9   -1   -3   19  -11   11   11
    1   11    6    1    1    5    1    1      1516    2   13    3   16   15    2   11   15   14   -5    0    6   -2   -4   18   -4   13   10
    1   11    7    1    3    1    3    1      1472   16    4    5   12   -4   10   16   14   -9   -8    5  -10    8   14   -7  -10    7    3
    1   11    8    1    2    1    2    1       743    8   -2   -9    0  -11   -8    2   -9   13   17   -3   -5   -4    2   -3   -9    8   -8
    1   11    9    1    1    3    1    1       747   -3    5    2   15   11    2    9   14   12   -2    2    9   -2    0   12   -9   12    6
    1   11   10    1    1    1    1    1      8846    0   17    5   18   14    4    9   20   12   -1    9    6    0   -2   16  -10   13    7
    1   11   11    1    1    2    1    1      1197    4   12    5   15   14    6    8   15   10   -1   12   12    0    1   16  -11   11    7
    1   11   12    1    2    4    3    0      1183   13    5   -6    3  -11  -10    5   -9   18   20  -14   -8    6    9   -3  -11    1    0
    1   11   13    1    3    5    3    1      1105   15    7    4   10   -5   11   21   19  -13   -6    3   -7    9   13   -6  -12    7    0
    1   11   14    1    2    3    2    1       838    9   -4   -2    5    0    0   11   -5   20   24   -4    1    4    0   -5   -8   12  -12
    1   11   15    1    2    2    2    1       758    7   -1   -4    4  -13  -14    6  -13   11   18  -11   -4   -3    1   -1   -6    4  -11
    1   12    1    1    1    1    1    1       697    0   17    5   18   14    4    9   20   12   -1    9    6    0   -2   16  -10   13    7
    1   12    2    1    3    5    3    1      1710   15    7    4   10   -5   11   21   19  -13   -6    3   -7    9   13   -6  -12    7    0
    1   12    3    1    2    4    2    1      1116   13    5   -6    3  -11  -10    5   -9   18   20  -14   -8    6    9   -3  -11    1    0
    1   12    4    1    2    5    2    1      1184    8   -3   -7    7   -8  -10    2   -8   15   14   -6   -7    2    4   -3   -9    5   -9
    1   12    5    1    2    1    2    1       675    8   -2   -9    0  -11   -8    2   -9   13   17   -3   -5   -4    2   -3   -9    8   -8
    1   12    6    1    3    4    3    1       969   16    6    6    9   -1   10   13   11  -10  -10    8   -5    7   12   -6  -13    4    3
    1   12    7    1    2    3    2    1       739    9   -4   -2    5    0    0   11   -5   20   24   -4    1    4    0   -5   -8   12  -12
    1   12    8    1    1    4    1    1       423    4   12    3   16   11    6    8   15   11   -2    3    9   -1   -3   19  -11   11   11
    1   12    9    1    3    2    3    1      1320   13    6    4   12   -2    8    8   21  -10  -12    7   -8    7   16   -8  -10    3    1
    1   12   10    1    1    2    1    1       709    4   12    5   15   14    6    8   15   10   -1   12   12    0    1   16  -11   11    7
    1   12   11    1    1    5    1    1       970    2   13    3   16   15    2   11   15   14   -5    0    6   -2   -4   18   -4   13   10
    1   12   12    1    1    3    1    1       677   -3    5    2   15   11    2    9   14   12   -2    2    9   -2    0   12   -9   12    6
    1   12   13    1    2    2    2    1       587    7   -1   -4    4  -13  -14    6  -13   11   18  -11   -4   -3    1   -1   -6    4  -11
    1   12   14    1    3    1    3    1       645   16    4    5   12   -4   10   16   14   -9   -8    5  -10    8   14   -7  -10    7    3
    1   12   15    1    3    3    3    1      1309   16    4    6    9   -3    8   12   15  -13   -8    6   -9   12    7   -8  -11    7    7
    1   13    1    1    3    5    3    1      1178   15    7    4   10   -5   11   21   19  -13   -6    3   -7    9   13   -6  -12    7    0
    1   13    2    1    1    1    1    1      1501    0   17    5   18   14    4    9   20   12   -1    9    6    0   -2   16  -10   13    7
    1   13    3    1    3    4    3    1       882   16    6    6    9   -1   10   13   11  -10  -10    8   -5    7   12   -6  -13    4    3
    1   13    4    1    3    2    3    1      1280   13    6    4   12   -2    8    8   21  -10  -12    7   -8    7   16   -8  -10    3    1
    1   13    5    1    2    2    2    1       686    7   -1   -4    4  -13  -14    6  -13   11   18  -11   -4   -3    1   -1   -6    4  -11
    1   13    6    1    3    1    3    1       884   16    4    5   12   -4   10   16   14   -9   -8    5  -10    8   14   -7  -10    7    3
    1   13    7    1    1    4    1    1      1122    4   12    3   16   11    6    8   15   11   -2    3    9   -1   -3   19  -11   11   11
    1   13    8    1    2    5    2    1       615    8   -3   -7    7   -8  -10    2   -8   15   14   -6   -7    2    4   -3   -9    5   -9
    1   13    9    1    2    3    2    1       959    9   -4   -2    5    0    0   11   -5   20   24   -4    1    4    0   -5   -8   12  -12
    1   13   10    1    2    1    2    1       619    8   -2   -9    0  -11   -8    2   -9   13   17   -3   -5   -4    2   -3   -9    8   -8
    1   13   11    1    1    5    1    1      1011    2   13    3   16   15    2   11   15   14   -5    0    6   -2   -4   18   -4   13   10
    1   13   12    1    2    4    2    1      2637   13    5   -6    3  -11  -10    5   -9   18   20  -14   -8    6    9   -3  -11    1    0
    1   13   13    1    1    3    1    1       757   -3    5    2   15   11    2    9   14   12   -2    2    9   -2    0   12   -9   12    6
    1   13   14    1    3    3    3    1       952   16    4    6    9   -3    8   12   15  -13   -8    6   -9   12    7   -8  -11    7    7
    1   13   15    1    1    2    1    1       931    4   12    5   15   14    6    8   15   10   -1   12   12    0    1   16  -11   11    7
    1   14    1    1    2    4    2    1      1023   13    5   -6    3  -11  -10    5   -9   18   20  -14   -8    6    9   -3  -11    1    0
    1   14    2    1    1    5    1    1       728    2   13    3   16   15    2   11   15   14   -5    0    6   -2   -4   18   -4   13   10
    1   14    3    1    3    3    3    1       716   16    4    6    9   -3    8   12   15  -13   -8    6   -9   12    7   -8  -11    7    7
    1   14    4    1    3    5    3    1       801   15    7    4   10   -5   11   21   19  -13   -6    3   -7    9   13   -6  -12    7    0
    1   14    5    1    1    3    1    1       834   -3    5    2   15   11    2    9   14   12   -2    2    9   -2    0   12   -9   12    6
    1   14    6    1    2    1    2    1       578    8   -2   -9    0  -11   -8    2   -9   13   17   -3   -5   -4    2   -3   -9    8   -8
    1   14    7    1    2    5    2    1       557    8   -3   -7    7   -8  -10    2   -8   15   14   -6   -7    2    4   -3   -9    5   -9
    1   14    8    1    3    1    3    1      1448   16    4    5   12   -4   10   16   14   -9   -8    5  -10    8   14   -7  -10    7    3
    1   14    9    1    2    2    2    1       591    7   -1   -4    4  -13  -14    6  -13   11   18  -11   -4   -3    1   -1   -6    4  -11
    1   14   10    1    1    4    1    1       969    4   12    3   16   11    6    8   15   11   -2    3    9   -1   -3   19  -11   11   11
    1   14   11    1    1    2    1    1       900    4   12    5   15   14    6    8   15   10   -1   12   12    0    1   16  -11   11    7
    1   14   12    1    2    3    2    1       769    9   -4   -2    5    0    0   11   -5   20   24   -4    1    4    0   -5   -8   12  -12
    1   14   13    1    1    1    1    1      1156    0   17    5   18   14    4    9   20   12   -1    9    6    0   -2   16  -10   13    7
    1   14   14    1    3    4    3    1       999   16    6    6    9   -1   10   13   11  -10  -10    8   -5    7   12   -6  -13    4    3
    1   14   15    1    3    2    3    1      1137   13    6    4   12   -2    8    8   21  -10  -12    7   -8    7   16   -8  -10    3    1
    1   15    1    1    2    1    2    1       692    8   -2   -9    0  -11   -8    2   -9   13   17   -3   -5   -4    2   -3   -9    8   -8
    1   15    2    1    2    4    2    1      1066   13    5   -6    3  -11  -10    5   -9   18   20  -14   -8    6    9   -3  -11    1    0
    1   15    3    1    1    1    1    1      1857    0   17    5   18   14    4    9   20   12   -1    9    6    0   -2   16  -10   13    7
    1   15    4    1    3    3    3    1      1400   16    4    6    9   -3    8   12   15  -13   -8    6   -9   12    7   -8  -11    7    7
    1   15    5    1    3    1    3    1      1346   16    4    5   12   -4   10   16   14   -9   -8    5  -10    8   14   -7  -10    7    3
    1   15    6    1    2    2    2    1       765    7   -1   -4    4  -13  -14    6  -13   11   18  -11   -4   -3    1   -1   -6    4  -11
    1   15    7    1    2    5    2    1       800    8   -3   -7    7   -8  -10    2   -8   15   14   -6   -7    2    4   -3   -9    5   -9
    1   15    8    1    1    4    1    1       705    4   12    3   16   11    6    8   15   11   -2    3    9   -1   -3   19  -11   11   11
    1   15    9    1    3    5    3    1      1207   15    7    4   10   -5   11   21   19  -13   -6    3   -7    9   13   -6  -12    7    0
    1   15   10    1    1    5    1    1       840    2   13    3   16   15    2   11   15   14   -5    0    6   -2   -4   18   -4   13   10
    1   15   11    1    2    3    2    1       744    9   -4   -2    5    0    0   11   -5   20   24   -4    1    4    0   -5   -8   12  -12
    1   15   12    1    1    2    1    1       972    4   12    5   15   14    6    8   15   10   -1   12   12    0    1   16  -11   11    7
    1   15   13    1    3    2    3    1      2246   13    6    4   12   -2    8    8   21  -10  -12    7   -8    7   16   -8  -10    3    1
    1   15   14    1    1    3    1    1       750   -3    5    2   15   11    2    9   14   12   -2    2    9   -2    0   12   -9   12    6
    1   15   15    1    3    4    3    1       993   16    6    6    9   -1   10   13   11  -10  -10    8   -5    7   12   -6  -13    4    3
    2    1    1    1    1    2    1    1      2960    4   12    5   15   14    6    8   15   10   -1   12   12    0    1   16  -11   11    7
    2    1    2    1    1    4    1    1      3851    4   12    3   16   11    6    8   15   11   -2    3    9   -1   -3   19  -11   11   11
    2    1    3    6    0    0    2    1      1395  -10    0  -14    5   13   -9   15    2    6    4   15   -7   11  -13    1   -5   -9   14
    2    1    4    4    3    4    1    0      1389   18    3    5   11   -2    9   12   14  -11   -7    6  -10    9   12   -8   -9    5    3
    2    1    5    4    3    5    1    0      6774   14    5    4    8   -4    9   13   13   -9   -8    8  -11   10   15   -5  -10    0    7
    2    1    6    1    1    5    2    0      4633    2   13    3   16   15    2   11   15   14   -5    0    6   -2   -4   18   -4   13   10
    2    1    7    4    3    1    2    1      7329   10    7    3    8   -4   10   15   13  -12   -8    0  -18    9   13   -5  -11    7    3
    2    1    8    6    0    0    2    1       909  -13  -11   10    2   16    1    5   11   -9    9   -1   -3  -20    0  -13   -7   -5   -6
    2    1    9    2    2    0    1    0       955    7   -3   -6    5   -9   -9    3   -9   13   16   -4   -5    1    5   -5   -9    7   -8
    2    1   10    1    2    3    1    1       822    9   -4   -2    5    0    0   11   -5   20   24   -4    1    4    0   -5   -8   12  -12
    2    1   11    1    3    1    1    1      1031   16    4    5   12   -4   10   16   14   -9   -8    5  -10    8   14   -7  -10    7    3
    2    1   12    1    3    2    1    1      1183   13    6    4   12   -2    8    8   21  -10  -12    7   -8    7   16   -8  -10    3    1
    2    1   13    4    2    3    2    1      3521    8   -1   -3    3  -10   -7    3   -4   14   14   -4   -2    0    5   -5   -7   11  -12
    2    1   14    2    3    0    1    0      1941   14    6    5   10   -3    9   14   13  -11   -8    5   -9    9   14   -7  -11    5    2
    2    1   15    1    2    5    1    1      1145    8   -3   -7    7   -8  -10    2   -8   15   14   -6   -7    2    4   -3   -9    5   -9
    2    1   16    4    2    4    2    1      1245    7   -1   -4    3   -8  -10   11    1   11   16   -5   -5    0    4   -4   -8    8   -8
    2    1   17    4    2    5    2    1      2397    7   -1   -6    4   -9   -8    3   -8   13    8   -4   -4    1    6   -7   -7    6   -7
    2    1   18    1    3    3    1    1       926   16    4    6    9   -3    8   12   15  -13   -8    6   -9   12    7   -8  -11    7    7
    2    1   19    1    3    5    1    1      1307   15    7    4   10   -5   11   21   19  -13   -6    3   -7    9   13   -6  -12    7    0
    2    1   20    4    1    5    2    1       648    8    8    4   17   11    5   -2   15    2    3   -1    5    1   -1   11  -15   13    8
    2    1   21    4    2    1    1    0      2751    5   -3   -5    4   -9   -7    2  -11   14   15   -6   -5    0    4   -4  -10    7   -7
    2    1   22    1    2    4    1    1      3411   13    5   -6    3  -11  -10    5   -9   18   20  -14   -8    6    9   -3  -11    1    0
    2    1   23    4    1    3    2    1      7340    3   15    5    9   13    2    8   11   12   -2    1    9   -2   -3   13  -12   17   11
    2    1   24    6    0    0    2    1      1192  -15  -16    9    5   14    0    6   12   -9   12   -3   -4  -16   -1  -12   -6  -11    1
    2    1   25    4    3    2    1    0      3338   12    5    4    9   -1   10   15   12  -20  -11    9   -1   11   12   -4   -5    4    1
    2    1   26    4    3    3    2    1      2422    8    8    5   12   -2   11   16   11  -13   -6    5   -8    8   13   -7  -10    4    2
    2    1   27    1    1    1    1    1      1782    0   17    5   18   14    4    9   20   12   -1    9    6    0   -2   16  -10   13    7
    2    1   28    6    0    0    2    1      2400  -12    1  -12    4   13   -3   14    2   -6  -10   16   -7    6   -4    0    4   -7    9
    2    1   29    1    2    2    1    1      1090    7   -1   -4    4  -13  -14    6  -13   11   18  -11   -4   -3    1   -1   -6    4  -11
    2    1   30    6    0    0    2    1       871   -6  -13   16   15   -7   11   16  -15   -8    5  -14  -15  -10   15    6   -1    5    9
    2    1   31    1    1    3    1    1      1974   -3    5    2   15   11    2    9   14   12   -2    2    9   -2    0   12   -9   12    6
    2    1   32    4    1    4    2    1      2153    1   10    4   15   11    9    7   15   13   -4    0    7  -10    7   16  -11   19   13
    2    1   33    2    1    0    1    0      1764    3   13    4   16   13    4    7   16   12   -3    2    8   -1   -2   14  -11   12    7
    2    1   34    1    2    1    1    1      3198    8   -2   -9    0  -11   -8    2   -9   13   17   -3   -5   -4    2   -3   -9    8   -8
    2    1   35    1    3    4    2    0     12975   16    6    6    9   -1   10   13   11  -10  -10    8   -5    7   12   -6  -13    4    3
    2    1   36    4    1    2    2    1      1066    1   13    6   18   12    4   -3   13   13   -4    1    8    1    0   16  -13   14    5
    2    1   37    4    2    2    2    1      2897    8   -1   -6   14   -8   -7    1   -8   13   14   -3   -7   -2   10   -5   -8    5  -13
    2    1   38    6    0    0    2    1       830  -10  -12   14   14   -8   13   17  -19   -9    5  -23  -12  -12   16    1    3    8   14
    2    1   39    4    1    1    2    1      1678    4   12   -1   20    4    6    5   15    9   -7    3    8    1   -2   15  -13   11    7
