    1    1    1    1    3    5    1    0      9459  -11   -9    0  -11   13    3   15  -12    8  -10    2   10   16   13   10   10   10    5
    1    1    2    1    3    4    2    0      1383   -9  -13    6   -8    8   -6   13  -10    7  -10    8   14   15   15    4    0    0    1
    1    1    3    1    1    1    3    0      1001    6    1    9   -3   12  -15   13  -11  -12   14  -13   20   -8   15    5   11  -11   11
    1    1    4    1    2    4    3    0      1122   -8   -6  -11   16   22    6   19    8  -12  -11   12   -3    1   12   -8  -13    6   -5
    1    1    5    1    3    1    2    0      1767  -10   -8    0  -11   11    3   17   -8   11   -4    6   12   17   12   10   10    9    7
    1    1    6    1    1    3    1    1      1234    6    0    6   -5   12  -16   11   -9  -15   14  -11   15  -13    9    4   14   -9    9
    1    1    7    1    2    1    2    1      1346  -10   -4   -4   18   16   22   12    9  -16   -8   12   -3   -2   11  -17  -12   14   -9
    1    1    8    1    2    5    2    1      1062   -8   -7   -6   12   19   15   13    8  -15   -8   15   -5    0   11  -12  -12   12   -6
    1    1    9    1    2    3    1    0      1149  -14   -1   -6   12   15   13   10   12  -12  -11   12   -1    6   10   -9  -12   10   -3
    1    1   10    1    3    2    3    1       816  -11  -19    1  -10   12    5   18   -9   11  -12    7   11    7   23    4    7    7    4
    1    1   11    1    2    2    1    0      1057   -7   -5  -11   14    8   23   11   11  -14   -9    1   -1   -5   20  -11  -12    8   -2
    1    1   12    1    1    5    3    0       840    6    1   11   -1   14  -12   17   -3  -15   14  -11   12  -10   17    6   12  -11    8
    1    1   13    1    1    2    1    1       912    9   -2    6   -3   11  -13   18   -3  -14   15   -2   13  -11   16    0    5   -9    9
    1    1   14    1    1    4    1    1       958    9    1    9   -5   13  -15   14  -10  -21    7   -2   16  -11   16   13   14  -10   11
    1    1   15    1    3    3    3    1      1497  -10  -10    0  -12   11    5   16   -9   -1   -9    4   13   14   11    7   12    8    6
    1    2    1    1    1    3    3    0      1367    6    0    6   -5   12  -16   11   -9  -15   14  -11   15  -13    9    4   14   -9    9
    1    2    2    1    2    1    2    1       658  -10   -4   -4   18   16   22   12    9  -16   -8   12   -3   -2   11  -17  -12   14   -9
    1    2    3    1    2    2    2    1       785   -7   -5  -11   14    8   23   11   11  -14   -9    1   -1   -5   20  -11  -12    8   -2
    1    2    4    1    1    1    1    1      1115    6    1    9   -3   12  -15   13  -11  -12   14  -13   20   -8   15    5   11  -11   11
    1    2    5    1    3    3    3    1       912  -10  -10    0  -12   11    5   16   -9   -1   -9    4   13   14   11    7   12    8    6
    1    2    6    1    1    5    1    1       869    6    1   11   -1   14  -12   17   -3  -15   14  -11   12  -10   17    6   12  -11    8
    1    2    7    1    3    4    3    1      1476   -9  -13    6   -8    8   -6   13  -10    7  -10    8   14   15   15    4    0    0    1
    1    2    8    1    3    5    3    1       882  -11   -9    0  -11   13    3   15  -12    8  -10    2   10   16   13   10   10   10    5
    1    2    9    1    3    2    2    0      1225  -11  -19    1  -10   12    5   18   -9   11  -12    7   11    7   23    4    7    7    4
    1    2   10    1    1    4    2    0      1505    9    1    9   -5   13  -15   14  -10  -21    7   -2   16  -11   16   13   14  -10   11
    1    2   11    1    1    2    1    1      1927    9   -2    6   -3   11  -13   18   -3  -14   15   -2   13  -11   16    0    5   -9    9
    1    2   12    1    2    5    2    1       739   -8   -7   -6   12   19   15   13    8  -15   -8   15   -5    0   11  -12  -12   12   -6
    1    2   13    1    2    4    2    1       687   -8   -6  -11   16   22    6   19    8  -12  -11   12   -3    1   12   -8  -13    6   -5
    1    2   14    1    2    3    2    1       517  -14   -1   -6   12   15   13   10   12  -12  -11   12   -1    6   10   -9  -12   10   -3
    1    2   15    1    3    1    3    1       786  -10   -8    0  -11   11    3   17   -8   11   -4    6   12   17   12   10   10    9    7
    1    3    1    1    2    3    2    1       844  -14   -1   -6   12   15   13   10   12  -12  -11   12   -1    6   10   -9  -12   10   -3
    1    3    2    1    2    5    2    1       644   -8   -7   -6   12   19   15   13    8  -15   -8   15   -5    0   11  -12  -12   12   -6
    1    3    3    1    1    2    1    1      1812    9   -2    6   -3   11  -13   18   -3  -14   15   -2   13  -11   16    0    5   -9    9
    1    3    4    1    1    1    1    1       877    6    1    9   -3   12  -15   13  -11  -12   14  -13   20   -8   15    5   11  -11   11
    1    3    5    1    3    1    3    1       788  -10   -8    0  -11   11    3   17   -8   11   -4    6   12   17   12   10   10    9    7
    1    3    6    1    2    2    2    1       638   -7   -5  -11   14    8   23   11   11  -14   -9    1   -1   -5   20  -11  -12    8   -2
    1    3    7    1    3    5    3    1       662  -11   -9    0  -11   13    3   15  -12    8  -10    2   10   16   13   10   10   10    5
    1    3    8    1    1    3    2    0       550    6    0    6   -5   12  -16   11   -9  -15   14  -11   15  -13    9    4   14   -9    9
    1    3    9    1    2    4    2    1       649   -8   -6  -11   16   22    6   19    8  -12  -11   12   -3    1   12   -8  -13    6   -5
    1    3   10    1    3    4    3    1       528   -9  -13    6   -8    8   -6   13  -10    7  -10    8   14   15   15    4    0    0    1
    1    3   11    1    2    1    2    1       629  -10   -4   -4   18   16   22   12    9  -16   -8   12   -3   -2   11  -17  -12   14   -9
    1    3   12    1    1    5    1    1       574    6    1   11   -1   14  -12   17   -3  -15   14  -11   12  -10   17    6   12  -11    8
    1    3   13    1    3    3    3    1       976  -10  -10    0  -12   11    5   16   -9   -1   -9    4   13   14   11    7   12    8    6
    1    3   14    1    1    4    1    1      1307    9    1    9   -5   13  -15   14  -10  -21    7   -2   16  -11   16   13   14  -10   11
    1    3   15    1    3    2    3    1      1232  -11  -19    1  -10   12    5   18   -9   11  -12    7   11    7   23    4    7    7    4
    1    4    1    1    3    1    3    1       912  -10   -8    0  -11   11    3   17   -8   11   -4    6   12   17   12   10   10    9    7
    1    4    2    1    1    3    1    1       837    6    0    6   -5   12  -16   11   -9  -15   14  -11   15  -13    9    4   14   -9    9
    1    4    3    1    1    5    1    1      1118    6    1   11   -1   14  -12   17   -3  -15   14  -11   12  -10   17    6   12  -11    8
    1    4    4    1    2    2    2    1       682   -7   -5  -11   14    8   23   11   11  -14   -9    1   -1   -5   20  -11  -12    8   -2
    1    4    5    1    2    3    2    1       536  -14   -1   -6   12   15   13   10   12  -12  -11   12   -1    6   10   -9  -12   10   -3
    1    4    6    1    1    4    1    1      1253    9    1    9   -5   13  -15   14  -10  -21    7   -2   16  -11   16   13   14  -10   11
    1    4    7    1    3    3    3    1      1092  -10  -10    0  -12   11    5   16   -9   -1   -9    4   13   14   11    7   12    8    6
    1    4    8    1    3    4    3    1      5994   -9  -13    6   -8    8   -6   13  -10    7  -10    8   14   15   15    4    0    0    1
    1    4    9    1    3    5    3    1       780  -11   -9    0  -11   13    3   15  -12    8  -10    2   10   16   13   10   10   10    5
    1    4   10    1    2    4    2    1       679   -8   -6  -11   16   22    6   19    8  -12  -11   12   -3    1   12   -8  -13    6   -5
    1    4   11    1    2    5    2    1       557   -8   -7   -6   12   19   15   13    8  -15   -8   15   -5    0   11  -12  -12   12   -6
    1    4   12    1    3    2    1    0       985  -11  -19    1  -10   12    5   18   -9   11  -12    7   11    7   23    4    7    7    4
    1    4   13    1    1    1    1    1       602    6    1    9   -3   12  -15   13  -11  -12   14  -13   20   -8   15    5   11  -11   11
    1    4   14    1    2    1    2    1      3436  -10   -4   -4   18   16   22   12    9  -16   -8   12   -3   -2   11  -17  -12   14   -9
    1    4   15    1    1    2    1    1       940    9   -2    6   -3   11  -13   18   -3  -14   15   -2   13  -11   16    0    5   -9    9
    1    5    1    1    1    3    1    1       960    6    0    6   -5   12  -16   11   -9  -15   14  -11   15  -13    9    4   14   -9    9
    1    5    2    1    2    1    2    1       771  -10   -4   -4   18   16   22   12    9  -16   -8   12   -3   -2   11  -17  -12   14   -9
    1    5    3    1    3    4    3    1       790   -9  -13    6   -8    8   -6   13  -10    7  -10    8   14   15   15    4    0    0    1
    1    5    4    1    1    4    1    1      1048    9    1    9   -5   13  -15   14  -10  -21    7   -2   16  -11   16   13   14  -10   11
    1    5    5    1    1    5    1    1      1751    6    1   11   -1   14  -12   17   -3  -15   14  -11   12  -10   17    6   12  -11    8
    1    5    6    1    3    3    3    1       699  -10  -10    0  -12   11    5   16   -9   -1   -9    4   13   14   11    7   12    8    6
    1    5    7    1    2    3    2    1       600  -14   -1   -6   12   15   13   10   12  -12  -11   12   -1    6   10   -9  -12   10   -3
    1    5    8    1    3    2    3    1      2593  -11  -19    1  -10   12    5   18   -9   11  -12    7   11    7   23    4    7    7    4
    1    5    9    1    3    1    3    1       819  -10   -8    0  -11   11    3   17   -8   11   -4    6   12   17   12   10   10    9    7
    1    5   10    1    1    2    1    1       548    9   -2    6   -3   11  -13   18   -3  -14   15   -2   13  -11   16    0    5   -9    9
    1    5   11    1    2    5    2    1       519   -8   -7   -6   12   19   15   13    8  -15   -8   15   -5    0   11  -12  -12   12   -6
    1    5   12    1    2    4    2    1       700   -8   -6  -11   16   22    6   19    8  -12  -11   12   -3    1   12   -8  -13    6   -5
    1    5   13    1    1    1    1    1       625    6    1    9   -3   12  -15   13  -11  -12   14  -13   20   -8   15    5   11  -11   11
    1    5   14    1    3    5    3    1      1210  -11   -9    0  -11   13    3   15  -12    8  -10    2   10   16   13   10   10   10    5
    1    5   15    1    2    2    2    1       507   -7   -5  -11   14    8   23   11   11  -14   -9    1   -1   -5   20  -11  -12    8   -2
    1    6    1    1    1    3    1    1      1585    6    0    6   -5   12  -16   11   -9  -15   14  -11   15  -13    9    4   14   -9    9
    1    6    2    1    2    2    2    1       507   -7   -5  -11   14    8   23   11   11  -14   -9    1   -1   -5   20  -11  -12    8   -2
    1    6    3    1    2    4    2    1       936   -8   -6  -11   16   22    6   19    8  -12  -11   12   -3    1   12   -8  -13    6   -5
    1    6    4    1    3    1    3    1       804  -10   -8    0  -11   11    3   17   -8   11   -4    6   12   17   12   10   10    9    7
    1    6    5    1    2    5    2    1      1869   -8   -7   -6   12   19   15   13    8  -15   -8   15   -5    0   11  -12  -12   12   -6
    1    6    6    1    3    4    2    0       548   -9  -13    6   -8    8   -6   13  -10    7  -10    8   14   15   15    4    0    0    1
    1    6    7    1    1    5    1    1       688    6    1   11   -1   14  -12   17   -3  -15   14  -11   12  -10   17    6   12  -11    8
    1    6    8    1    1    4    1    1      1894    9    1    9   -5   13  -15   14  -10  -21    7   -2   16  -11   16   13   14  -10   11
    1    6    9    1    1    1    1    1       755    6    1    9   -3   12  -15   13  -11  -12   14  -13   20   -8   15    5   11  -11   11
    1    6   10    1    2    3    2    1       615  -14   -1   -6   12   15   13   10   12  -12  -11   12   -1    6   10   -9  -12   10   -3
    1    6   11    1    2    1    2    1       728  -10   -4   -4   18   16   22   12    9  -16   -8   12   -3   -2   11  -17  -12   14   -9
    1    6   12    1    3    5    3    1      3164  -11   -9    0  -11   13    3   15  -12    8  -10    2   10   16   13   10   10   10    5
    1    6   13    1    3    3    3    1      1511  -10  -10    0  -12   11    5   16   -9   -1   -9    4   13   14   11    7   12    8    6
    1    6   14    1    3    2    3    1      4980  -11  -19    1  -10   12    5   18   -9   11  -12    7   11    7   23    4    7    7    4
    1    6   15    1    1    2    1    1      2007    9   -2    6   -3   11  -13   18   -3  -14   15   -2   13  -11   16    0    5   -9    9
    1    7    1    1    1    2    1    1      6344    9   -2    6   -3   11  -13   18   -3  -14   15   -2   13  -11   16    0    5   -9    9
    1    7    2    1    3    2    3    1       692  -11  -19    1  -10   12    5   18   -9   11  -12    7   11    7   23    4    7    7    4
    1    7    3    1    1    1    1    1       842    6    1    9   -3   12  -15   13  -11  -12   14  -13   20   -8   15    5   11  -11   11
    1    7    4    1    2    1    2    1       475  -10   -4   -4   18   16   22   12    9  -16   -8   12   -3   -2   11  -17  -12   14   -9
    1    7    5    1    1    3    1    1       449    6    0    6   -5   12  -16   11   -9  -15   14  -11   15  -13    9    4   14   -9    9
    1    7    6    1    3    3    3    1       640  -10  -10    0  -12   11    5   16   -9   -1   -9    4   13   14   11    7   12    8    6
    1    7    7    1    2    2    2    1       409   -7   -5  -11   14    8   23   11   11  -14   -9    1   -1   -5   20  -11  -12    8   -2
    1    7    8    1    1    4    1    1       738    9    1    9   -5   13  -15   14  -10  -21    7   -2   16  -11   16   13   14  -10   11
    1    7    9    1    2    5    2    1       550   -8   -7   -6   12   19   15   13    8  -15   -8   15   -5    0   11  -12  -12   12   -6
    1    7   10    1    2    4    2    1       673   -8   -6  -11   16   22    6   19    8  -12  -11   12   -3    1   12   -8  -13    6   -5
    1    7   11    1    1    5    1    1       816    6    1   11   -1   14  -12   17   -3  -15   14  -11   12  -10   17    6   12  -11    8
    1    7   12    1    3    1    3    1       544  -10   -8    0  -11   11    3   17   -8   11   -4    6   12   17   12   10   10    9    7
    1    7   13    1    3    4    3    1       660   -9  -13    6   -8    8   -6   13  -10    7  -10    8   14   15   15    4    0    0    1
    1    7   14    1    2    3    2    1       388  -14   -1   -6   12   15   13   10   12  -12  -11   12   -1    6   10   -9  -12   10   -3
    1    7   15    1    3    5    3    1       598  -11   -9    0  -11   13    3   15  -12    8  -10    2   10   16   13   10   10   10    5
    1    8    1    1    2    1    2    1       551  -10   -4   -4   18   16   22   12    9  -16   -8   12   -3   -2   11  -17  -12   14   -9
    1    8    2    1    2    2    2    1       642   -7   -5  -11   14    8   23   11   11  -14   -9    1   -1   -5   20  -11  -12    8   -2
    1    8    3    1    1    1    1    1       739    6    1    9   -3   12  -15   13  -11  -12   14  -13   20   -8   15    5   11  -11   11
    1    8    4    1    3    5    3    1       735  -11   -9    0  -11   13    3   15  -12    8  -10    2   10   16   13   10   10   10    5
    1    8    5    1    1    4    1    1       627    9    1    9   -5   13  -15   14  -10  -21    7   -2   16  -11   16   13   14  -10   11
    1    8    6    1    3    4    3    1       875   -9  -13    6   -8    8   -6   13  -10    7  -10    8   14   15   15    4    0    0    1
    1    8    7    1    3    1    3    1       986  -10   -8    0  -11   11    3   17   -8   11   -4    6   12   17   12   10   10    9    7
    1    8    8    1    3    3    3    1       748  -10  -10    0  -12   11    5   16   -9   -1   -9    4   13   14   11    7   12    8    6
    1    8    9    1    1    2    1    1      1079    9   -2    6   -3   11  -13   18   -3  -14   15   -2   13  -11   16    0    5   -9    9
    1    8   10    1    1    3    1    1      1334    6    0    6   -5   12  -16   11   -9  -15   14  -11   15  -13    9    4   14   -9    9
    1    8   11    1    3    2    3    1       746  -11  -19    1  -10   12    5   18   -9   11  -12    7   11    7   23    4    7    7    4
    1    8   12    1    2    5    2    1       566   -8   -7   -6   12   19   15   13    8  -15   -8   15   -5    0   11  -12  -12   12   -6
    1    8   13    1    2    3    2    1       873  -14   -1   -6   12   15   13   10   12  -12  -11   12   -1    6   10   -9  -12   10   -3
    1    8   14    1    2    4    2    1       543   -8   -6  -11   16   22    6   19    8  -12  -11   12   -3    1   12   -8  -13    6   -5
    1    8   15    1    1    5    1    1       643    6    1   11   -1   14  -12   17   -3  -15   14  -11   12  -10   17    6   12  -11    8
    1    9    1    1    1    1    1    1      2059    6    1    9   -3   12  -15   13  -11  -12   14  -13   20   -8   15    5   11  -11   11
    1    9    2    1    3    5    3    1       651  -11   -9    0  -11   13    3   15  -12    8  -10    2   10   16   13   10   10   10    5
    1    9    3    1    2    1    2    1       730  -10   -4   -4   18   16   22   12    9  -16   -8   12   -3   -2   11  -17  -12   14   -9
    1    9    4    1    2    3    2    1      1895  -14   -1   -6   12   15   13   10   12  -12  -11   12   -1    6   10   -9  -12   10   -3
    1    9    5    1    3    4    3    1      1661   -9  -13    6   -8    8   -6   13  -10    7  -10    8   14   15   15    4    0    0    1
    1    9    6    1    2    2    2    1      2444   -7   -5  -11   14    8   23   11   11  -14   -9    1   -1   -5   20  -11  -12    8   -2
    1    9    7    1    1    4    1    1      1036    9    1    9   -5   13  -15   14  -10  -21    7   -2   16  -11   16   13   14  -10   11
    1    9    8    1    1    2    1    1       804    9   -2    6   -3   11  -13   18   -3  -14   15   -2   13  -11   16    0    5   -9    9
    1    9    9    1    2    5    2    1       565   -8   -7   -6   12   19   15   13    8  -15   -8   15   -5    0   11  -12  -12   12   -6
    1    9   10    1    3    2    3    1       696  -11  -19    1  -10   12    5   18   -9   11  -12    7   11    7   23    4    7    7    4
    1    9   11    1    1    5    1    1       790    6    1   11   -1   14  -12   17   -3  -15   14  -11   12  -10   17    6   12  -11    8
    1    9   12    1    2    4    2    1       408   -8   -6  -11   16   22    6   19    8  -12  -11   12   -3    1   12   -8  -13    6   -5
    1    9   13    1    3    1    3    1       594  -10   -8    0  -11   11    3   17   -8   11   -4    6   12   17   12   10   10    9    7
    1    9   14    1    1    3    1    1       644    6    0    6   -5   12  -16   11   -9  -15   14  -11   15  -13    9    4   14   -9    9
    1    9   15    1    3    3    3    1       827  -10  -10    0  -12   11    5   16   -9   -1   -9    4   13   14   11    7   12    8    6
    1   10    1    1    1    1    1    1       580    6    1    9   -3   12  -15   13  -11  -12   14  -13   20   -8   15    5   11  -11   11
    1   10    2    1    2    5    2    1       359   -8   -7   -6   12   19   15   13    8  -15   -8   15   -5    0   11  -12  -12   12   -6
    1   10    3    1    2    2    2    1       498   -7   -5  -11   14    8   23   11   11  -14   -9    1   -1   -5   20  -11  -12    8   -2
    1   10    4    1    2    4    2    1       728   -8   -6  -11   16   22    6   19    8  -12  -11   12   -3    1   12   -8  -13    6   -5
    1   10    5    1    3    5    3    1       580  -11   -9    0  -11   13    3   15  -12    8  -10    2   10   16   13   10   10   10    5
    1   10    6    1    2    3    2    1       615  -14   -1   -6   12   15   13   10   12  -12  -11   12   -1    6   10   -9  -12   10   -3
    1   10    7    1    1    4    1    1      1008    9    1    9   -5   13  -15   14  -10  -21    7   -2   16  -11   16   13   14  -10   11
    1   10    8    1    1    5    1    1       729    6    1   11   -1   14  -12   17   -3  -15   14  -11   12  -10   17    6   12  -11    8
    1   10    9    1    2    1    2    1       717  -10   -4   -4   18   16   22   12    9  -16   -8   12   -3   -2   11  -17  -12   14   -9
    1   10   10    1    3    1    3    1       618  -10   -8    0  -11   11    3   17   -8   11   -4    6   12   17   12   10   10    9    7
    1   10   11    1    1    3    1    1       603    6    0    6   -5   12  -16   11   -9  -15   14  -11   15  -13    9    4   14   -9    9
    1   10   12    1    3    3    3    1       700  -10  -10    0  -12   11    5   16   -9   -1   -9    4   13   14   11    7   12    8    6
    1   10   13    1    1    2    1    1       562    9   -2    6   -3   11  -13   18   -3  -14   15   -2   13  -11   16    0    5   -9    9
    1   10   14    1    3    4    3    1       629   -9  -13    6   -8    8   -6   13  -10    7  -10    8   14   15   15    4    0    0    1
    1   10   15    1    3    2    3    1       854  -11  -19    1  -10   12    5   18   -9   11  -12    7   11    7   23    4    7    7    4
    1   11    1    1    1    4    1    1      1125    9    1    9   -5   13  -15   14  -10  -21    7   -2   16  -11   16   13   14  -10   11
    1   11    2    1    1    1    1    1      1282    6    1    9   -3   12  -15   13  -11  -12   14  -13   20   -8   15    5   11  -11   11
    1   11    3    1    3    5    3    1       600  -11   -9    0  -11   13    3   15  -12    8  -10    2   10   16   13   10   10   10    5
    1   11    4    1    1    3    1    1       577    6    0    6   -5   12  -16   11   -9  -15   14  -11   15  -13    9    4   14   -9    9
    1   11    5    1    2    4    2    1       604   -8   -6  -11   16   22    6   19    8  -12  -11   12   -3    1   12   -8  -13    6   -5
    1   11    6    1    2    5    2    1       397   -8   -7   -6   12   19   15   13    8  -15   -8   15   -5    0   11  -12  -12   12   -6
    1   11    7    1    3    4    3    1      1239   -9  -13    6   -8    8   -6   13  -10    7  -10    8   14   15   15    4    0    0    1
    1   11    8    1    3    3    3    1      1159  -10  -10    0  -12   11    5   16   -9   -1   -9    4   13   14   11    7   12    8    6
    1   11    9    1    2    3    2    1       635  -14   -1   -6   12   15   13   10   12  -12  -11   12   -1    6   10   -9  -12   10   -3
    1   11   10    1    2    2    2    1       411   -7   -5  -11   14    8   23   11   11  -14   -9    1   -1   -5   20  -11  -12    8   -2
    1   11   11    1    3    1    3    1       756  -10   -8    0  -11   11    3   17   -8   11   -4    6   12   17   12   10   10    9    7
    1   11   12    1    3    2    3    1      1263  -11  -19    1  -10   12    5   18   -9   11  -12    7   11    7   23    4    7    7    4
    1   11   13    1    2    1    2    1       535  -10   -4   -4   18   16   22   12    9  -16   -8   12   -3   -2   11  -17  -12   14   -9
    1   11   14    1    1    2    1    1       611    9   -2    6   -3   11  -13   18   -3  -14   15   -2   13  -11   16    0    5   -9    9
    1   11   15    1    1    5    1    1      2364    6    1   11   -1   14  -12   17   -3  -15   14  -11   12  -10   17    6   12  -11    8
    1   12    1    1    3    4    3    1       655   -9  -13    6   -8    8   -6   13  -10    7  -10    8   14   15   15    4    0    0    1
    1   12    2    1    2    5    2    1       550   -8   -7   -6   12   19   15   13    8  -15   -8   15   -5    0   11  -12  -12   12   -6
    1   12    3    1    2    3    2    1       545  -14   -1   -6   12   15   13   10   12  -12  -11   12   -1    6   10   -9  -12   10   -3
    1   12    4    1    1    4    1    1      1605    9    1    9   -5   13  -15   14  -10  -21    7   -2   16  -11   16   13   14  -10   11
    1   12    5    1    1    5    1    1       535    6    1   11   -1   14  -12   17   -3  -15   14  -11   12  -10   17    6   12  -11    8
    1   12    6    1    3    1    3    1       587  -10   -8    0  -11   11    3   17   -8   11   -4    6   12   17   12   10   10    9    7
    1   12    7    1    3    3    3    1       653  -10  -10    0  -12   11    5   16   -9   -1   -9    4   13   14   11    7   12    8    6
    1   12    8    1    1    1    1    1      1412    6    1    9   -3   12  -15   13  -11  -12   14  -13   20   -8   15    5   11  -11   11
    1   12    9    1    1    3    1    1       662    6    0    6   -5   12  -16   11   -9  -15   14  -11   15  -13    9    4   14   -9    9
    1   12   10    1    2    4    2    1      1637   -8   -6  -11   16   22    6   19    8  -12  -11   12   -3    1   12   -8  -13    6   -5
    1   12   11    1    2    2    2    1       621   -7   -5  -11   14    8   23   11   11  -14   -9    1   -1   -5   20  -11  -12    8   -2
    1   12   12    1    1    2    1    1       606    9   -2    6   -3   11  -13   18   -3  -14   15   -2   13  -11   16    0    5   -9    9
    1   12   13    1    3    5    3    1       647  -11   -9    0  -11   13    3   15  -12    8  -10    2   10   16   13   10   10   10    5
    1   12   14    1    2    1    2    1       343  -10   -4   -4   18   16   22   12    9  -16   -8   12   -3   -2   11  -17  -12   14   -9
    1   12   15    1    3    2    1    0       483  -11  -19    1  -10   12    5   18   -9   11  -12    7   11    7   23    4    7    7    4
    1   13    1    1    2    2    2    1       537   -7   -5  -11   14    8   23   11   11  -14   -9    1   -1   -5   20  -11  -12    8   -2
    1   13    2    1    2    5    2    1      1101   -8   -7   -6   12   19   15   13    8  -15   -8   15   -5    0   11  -12  -12   12   -6
    1   13    3    1    3    5    3    1       562  -11   -9    0  -11   13    3   15  -12    8  -10    2   10   16   13   10   10   10    5
    1   13    4    1    1    3    1    1       798    6    0    6   -5   12  -16   11   -9  -15   14  -11   15  -13    9    4   14   -9    9
    1   13    5    1    1    1    1    1       511    6    1    9   -3   12  -15   13  -11  -12   14  -13   20   -8   15    5   11  -11   11
    1   13    6    1    2    1    2    1       508  -10   -4   -4   18   16   22   12    9  -16   -8   12   -3   -2   11  -17  -12   14   -9
    1   13    7    1    1    2    2    0       601    9   -2    6   -3   11  -13   18   -3  -14   15   -2   13  -11   16    0    5   -9    9
    1   13    8    1    2    4    2    1       539   -8   -6  -11   16   22    6   19    8  -12  -11   12   -3    1   12   -8  -13    6   -5
    1   13    9    1    1    4    1    1      1519    9    1    9   -5   13  -15   14  -10  -21    7   -2   16  -11   16   13   14  -10   11
    1   13   10    1    3    2    3    1       532  -11  -19    1  -10   12    5   18   -9   11  -12    7   11    7   23    4    7    7    4
    1   13   11    1    3    1    3    1       864  -10   -8    0  -11   11    3   17   -8   11   -4    6   12   17   12   10   10    9    7
    1   13   12    1    3    4    3    1       799   -9  -13    6   -8    8   -6   13  -10    7  -10    8   14   15   15    4    0    0    1
    1   13   13    1    1    5    1    1      1128    6    1   11   -1   14  -12   17   -3  -15   14  -11   12  -10   17    6   12  -11    8
    1   13   14    1    2    3    2    1       509  -14   -1   -6   12   15   13   10   12  -12  -11   12   -1    6   10   -9  -12   10   -3
    1   13   15    1    3    3    3    1       723  -10  -10    0  -12   11    5   16   -9   -1   -9    4   13   14   11    7   12    8    6
    1   14    1    1    3    1    3    1       519  -10   -8    0  -11   11    3   17   -8   11   -4    6   12   17   12   10   10    9    7
    1   14    2    1    2    1    2    1       612  -10   -4   -4   18   16   22   12    9  -16   -8   12   -3   -2   11  -17  -12   14   -9
    1   14    3    1    1    5    1    1       613    6    1   11   -1   14  -12   17   -3  -15   14  -11   12  -10   17    6   12  -11    8
    1   14    4    1    3    4    3    1      1046   -9  -13    6   -8    8   -6   13  -10    7  -10    8   14   15   15    4    0    0    1
    1   14    5    1    1    2    1    1       655    9   -2    6   -3   11  -13   18   -3  -14   15   -2   13  -11   16    0    5   -9    9
    1   14    6    1    3    3    3    1       790  -10  -10    0  -12   11    5   16   -9   -1   -9    4   13   14   11    7   12    8    6
    1   14    7    1    1    1    1    1       568    6    1    9   -3   12  -15   13  -11  -12   14  -13   20   -8   15    5   11  -11   11
    1   14    8    1    2    2    2    1       906   -7   -5  -11   14    8   23   11   11  -14   -9    1   -1   -5   20  -11  -12    8   -2
    1   14    9    1    1    3    1    1       600    6    0    6   -5   12  -16   11   -9  -15   14  -11   15  -13    9    4   14   -9    9
    1   14   10    1    2    5    2    1       553   -8   -7   -6   12   19   15   13    8  -15   -8   15   -5    0   11  -12  -12   12   -6
    1   14   11    1    3    5    3    1       532  -11   -9    0  -11   13    3   15  -12    8  -10    2   10   16   13   10   10   10    5
    1   14   12    1    2    3    2    1       664  -14   -1   -6   12   15   13   10   12  -12  -11   12   -1    6   10   -9  -12   10   -3
    1   14   13    1    1    4    1    1      1031    9    1    9   -5   13  -15   14  -10  -21    7   -2   16  -11   16   13   14  -10   11
    1   14   14    1    2    4    2    1       495   -8   -6  -11   16   22    6   19    8  -12  -11   12   -3    1   12   -8  -13    6   -5
    1   14   15    1    3    2    3    1       589  -11  -19    1  -10   12    5   18   -9   11  -12    7   11    7   23    4    7    7    4
    1   15    1    1    3    1    3    1      1055  -10   -8    0  -11   11    3   17   -8   11   -4    6   12   17   12   10   10    9    7
    1   15    2    1    2    4    2    1       487   -8   -6  -11   16   22    6   19    8  -12  -11   12   -3    1   12   -8  -13    6   -5
    1   15    3    1    1    2    1    1      1461    9   -2    6   -3   11  -13   18   -3  -14   15   -2   13  -11   16    0    5   -9    9
    1   15    4    1    2    5    2    1       820   -8   -7   -6   12   19   15   13    8  -15   -8   15   -5    0   11  -12  -12   12   -6
    1   15    5    1    2    3    2    1       685  -14   -1   -6   12   15   13   10   12  -12  -11   12   -1    6   10   -9  -12   10   -3
    1   15    6    1    2    2    2    1       859   -7   -5  -11   14    8   23   11   11  -14   -9    1   -1   -5   20  -11  -12    8   -2
    1   15    7    1    3    5    3    1       538  -11   -9    0  -11   13    3   15  -12    8  -10    2   10   16   13   10   10   10    5
    1   15    8    1    1    3    1    1       606    6    0    6   -5   12  -16   11   -9  -15   14  -11   15  -13    9    4   14   -9    9
    1   15    9    1    1    5    1    1       711    6    1   11   -1   14  -12   17   -3  -15   14  -11   12  -10   17    6   12  -11    8
    1   15   10    1    2    1    2    1       581  -10   -4   -4   18   16   22   12    9  -16   -8   12   -3   -2   11  -17  -12   14   -9
    1   15   11    1    3    4    3    1      1031   -9  -13    6   -8    8   -6   13  -10    7  -10    8   14   15   15    4    0    0    1
    1   15   12    1    3    2    3    1      1111  -11  -19    1  -10   12    5   18   -9   11  -12    7   11    7   23    4    7    7    4
    1   15   13    1    1    4    1    1       749    9    1    9   -5   13  -15   14  -10  -21    7   -2   16  -11   16   13   14  -10   11
    1   15   14    1    3    3    3    1       808  -10  -10    0  -12   11    5   16   -9   -1   -9    4   13   14   11    7   12    8    6
    1   15   15    1    1    1    1    1       786    6    1    9   -3   12  -15   13  -11  -12   14  -13   20   -8   15    5   11  -11   11
    2    1    1    1    3    1    1    1      2305  -10   -8    0  -11   11    3   17   -8   11   -4    6   12   17   12   10   10    9    7
    2    1    2    1    1    1    2    0      4166    6    1    9   -3   12  -15   13  -11  -12   14  -13   20   -8   15    5   11  -11   11
    2    1    3    4    2    1    1    0      2073  -10   -5   -6   15   15   15    6   12  -13  -10   17   -5   -1   10  -10  -13    9   -3
    2    1    4    4    2    5    2    1      1576   -8   -6   -5   13    5   14   13   13  -15   -9   12   -1    3    5   -9  -10    9   -3
    2    1    5    6    0    0    2    1      1050   14   10   -5   11   -2    7   -7    6    0   -4   -8   11    7   -7  -14   14   16    6
    2    1    6    2    2    0    1    0       730   -9   -5   -6   13   13   15   11   10  -14  -10   11   -2    0   10  -10  -11   10   -4
    2    1    7    4    1    2    2    1      1566    8   -2    8   -6   13  -13    9  -15  -17   13  -10   12   -7   15    5   10  -12    8
    2    1    8    4    2    3    1    0      1425  -10   -4   -5   13   13   13   10    9  -16  -14    3  -10    0    9   -9  -11    8   -2
    2    1    9    6    0    0    2    1      1066  -10    0   -3    3    7    5    1   -3   -5    8    8   -9    1    0  -12   15   -6  -16
    2    1   10    1    1    2    1    1      2992    9   -2    6   -3   11  -13   18   -3  -14   15   -2   13  -11   16    0    5   -9    9
    2    1   11    2    3    0    1    0       875  -11  -11   -1  -11   12    4   16  -10    9  -11    6   13   16   14   10    9    9    6
    2    1   12    1    3    4    2    0      2241   -9  -13    6   -8    8   -6   13  -10    7  -10    8   14   15   15    4    0    0    1
    2    1   13    1    2    5    1    1      2049   -8   -7   -6   12   19   15   13    8  -15   -8   15   -5    0   11  -12  -12   12   -6
    2    1   14    4    3    1    2    1      2464  -12  -10    0   -9   11    6   15  -12    7  -12    8   11   16   15    6   12   16   -4
    2    1   15    6    0    0    2    1      1071   11   15   15  -11   -6    4    6   13    5    2   -4   12    2  -12    7    7  -11    0
    2    1   16    1    2    4    1    1      2574   -8   -6  -11   16   22    6   19    8  -12  -11   12   -3    1   12   -8  -13    6   -5
    2    1   17    4    1    3    1    0      1681   10    4   10   -5   13  -15   14   -9  -15   18  -16   12  -10   15    4    9  -11   12
    2    1   18    1    2    1    2    0      2047  -10   -4   -4   18   16   22   12    9  -16   -8   12   -3   -2   11  -17  -12   14   -9
    2    1   19    1    2    3    1    1      1039  -14   -1   -6   12   15   13   10   12  -12  -11   12   -1    6   10   -9  -12   10   -3
    2    1   20    1    3    2    1    1       711  -11  -19    1  -10   12    5   18   -9   11  -12    7   11    7   23    4    7    7    4
    2    1   21    4    2    2    2    1      2220  -10   -5   -7    9   14   18   12    9  -19  -11   12    0    2    8  -11  -10   12   -4
    2    1   22    4    3    5    2    1      2341  -12  -11    0  -12   10    2   17   -8   11  -10    5   12   15   11    9   19    9    7
    2    1   23    4    3    4    2    1      2057   -2  -16    1  -13   11    3   14  -12   10  -11   -4    9   15   14    9    9    9    5
    2    1   24    1    2    2    1    1       856   -7   -5  -11   14    8   23   11   11  -14   -9    1   -1   -5   20  -11  -12    8   -2
    2    1   25    4    1    1    2    1       759    6    1   10   -3   12  -13   12  -10   -9   19  -13   11  -15   24    3   10   -9    9
    2    1   26    6    0    0    2    1       923   13    2   -8   13   -1    4   -5    4    2   -1  -11   14    6   -8  -15   15   18   -2
    2    1   27    4    1    4    2    1      2176    8    0    9   -5   12  -15   11   -9  -15   17   -2    3   -8   14    2    9  -10   11
    2    1   28    1    1    4    1    1      3810    9    1    9   -5   13  -15   14  -10  -21    7   -2   16  -11   16   13   14  -10   11
    2    1   29    4    1    5    2    1       908    7    0    9   -4   14  -13    5   -6  -16   18   -5   14  -10   15    4    9  -12    8
    2    1   30    4    3    2    2    1      1953  -10  -12   -2   -9   12    5   18   -9   17  -19   10   16   15   15    6   12   10    4
    2    1   31    1    1    3    1    1      1388    6    0    6   -5   12  -16   11   -9  -15   14  -11   15  -13    9    4   14   -9    9
    2    1   32    1    3    3    1    1      1350  -10  -10    0  -12   11    5   16   -9   -1   -9    4   13   14   11    7   12    8    6
    2    1   33    4    3    3    2    1       754  -12  -12   -2   -8   10    6   14   -1   11  -11    4   15   22   12    6    3   14    5
    2    1   34    1    3    5    1    1       685  -11   -9    0  -11   13    3   15  -12    8  -10    2   10   16   13   10   10   10    5
    2    1   35    1    1    5    2    0      1355    6    1   11   -1   14  -12   17   -3  -15   14  -11   12  -10   17    6   12  -11    8
    2    1   36    6    0    0    2    1       862   10   13    8  -11   -2   -5    5   13   -6   -1   -4    9    3   -6    6    9  -13    5
    2    1   37    2    1    0    2    1      1805    8   -1    8   -4   12  -14   12  -11  -14   14  -12   13   -9   15    4   10  -10   10
    2    1   38    4    2    4    2    1      1463   -9   -7   -7   12   13   14   11    9   -9   -3   12    2   -4    1  -10  -12   11   -4
    2    1   39    6    0    0    2    1      1334  -10   -3   -1    4   12    1    1   -3   -5    7    8   -7   -7   -6  -11   17  -13  -14
