    1    1    1    1    3    3    1    0      6730   -4    1    4   -2  -10    2    3   -7   14   -6  -13   12   -9  -10   22   -9  -15   -3
    1    1    2    1    3    4    3    1      1423   -8    3    2   -1  -12    8    5  -15   15   -4  -11   11  -12  -17   11   -5  -14   -1
    1    1    3    1    1    5    3    0       871   14  -11   15   10   -3   -7   -1   -4   -1  -12    6   -2   12    4   -3    4   13  -14
    1    1    4    1    2    4    2    1      1206  -16    7    8  -11    0   -5   14    6  -14   -7    6   14    0   -8    0    2    7    3
    1    1    5    1    2    5    2    1       919  -17    9    2  -15    3  -10   13   10  -12   -7    6   14   -4   -3    3    4    7    3
    1    1    6    1    3    1    1    0      1124   -5    3    4   -3  -10    4    5   -8   16   -4  -13   15   -7  -13   12  -10  -17   -2
    1    1    7    1    1    1    1    1       792   15  -11   15    9    0   -8   -4   -2   -4  -10    4    0   12    3   -4    8   13   -8
    1    1    8    1    2    2    2    1       858  -25   16   11  -10    4  -12   14    6  -14   -5    6   16  -14    7    1    0    4    5
    1    1    9    1    1    3    3    0       634   12  -10   19   14    0   -7   -2   -5    1  -11    1   -1    5   12   -5    5   15  -14
    1    1   10    1    1    2    3    0       818   17   -7   17    7   -1   -9   -6  -14   -4  -10    5   -2   15    3   -3    8   16  -14
    1    1   11    1    2    3    2    1       659  -16    7    4  -20    4  -12   18    7  -18   -3    7   13   -6   -2    2    0   11    2
    1    1   12    1    2    1    1    0       618  -11    2   11   -8    4  -12   15    6  -14   -5    6   14   -5   -2   -2    2    7    3
    1    1   13    1    1    4    3    0       834   14  -12   14    6   -3   -7   -4   -4   -8  -11    4   -2   14    0   -2    2   15  -14
    1    1   14    1    3    2    2    0      1042   -4    2    3   -2   -7   10    5  -10   14   -3  -11    7   -7  -11    6   -6  -14   -1
    1    1   15    1    3    5    3    1       938   -7    3    2   -2  -11    6    2  -10   16   -4  -13   13   -6  -13   10   -4  -13   -1
    1    2    1    1    1    5    1    1      3254   14  -11   15   10   -3   -7   -1   -4   -1  -12    6   -2   12    4   -3    4   13  -14
    1    2    2    1    2    5    2    1       822  -17    9    2  -15    3  -10   13   10  -12   -7    6   14   -4   -3    3    4    7    3
    1    2    3    1    1    4    1    1       966   14  -12   14    6   -3   -7   -4   -4   -8  -11    4   -2   14    0   -2    2   15  -14
    1    2    4    1    1    3    2    0      1089   12  -10   19   14    0   -7   -2   -5    1  -11    1   -1    5   12   -5    5   15  -14
    1    2    5    1    1    1    1    1      1111   15  -11   15    9    0   -8   -4   -2   -4  -10    4    0   12    3   -4    8   13   -8
    1    2    6    1    3    2    3    1      3292   -4    2    3   -2   -7   10    5  -10   14   -3  -11    7   -7  -11    6   -6  -14   -1
    1    2    7    1    3    5    3    1      1290   -7    3    2   -2  -11    6    2  -10   16   -4  -13   13   -6  -13   10   -4  -13   -1
    1    2    8    1    3    1    3    1      2264   -5    3    4   -3  -10    4    5   -8   16   -4  -13   15   -7  -13   12  -10  -17   -2
    1    2    9    1    1    2    1    1      1039   17   -7   17    7   -1   -9   -6  -14   -4  -10    5   -2   15    3   -3    8   16  -14
    1    2   10    1    2    1    2    1       647  -11    2   11   -8    4  -12   15    6  -14   -5    6   14   -5   -2   -2    2    7    3
    1    2   11    1    2    3    2    1       894  -16    7    4  -20    4  -12   18    7  -18   -3    7   13   -6   -2    2    0   11    2
    1    2   12    1    2    2    3    0      1548  -25   16   11  -10    4  -12   14    6  -14   -5    6   16  -14    7    1    0    4    5
    1    2   13    1    2    4    2    1      1040  -16    7    8  -11    0   -5   14    6  -14   -7    6   14    0   -8    0    2    7    3
    1    2   14    1    3    3    1    0      1032   -4    1    4   -2  -10    2    3   -7   14   -6  -13   12   -9  -10   22   -9  -15   -3
    1    2   15    1    3    4    1    0      1232   -8    3    2   -1  -12    8    5  -15   15   -4  -11   11  -12  -17   11   -5  -14   -1
    1    3    1    1    3    3    1    0       640   -4    1    4   -2  -10    2    3   -7   14   -6  -13   12   -9  -10   22   -9  -15   -3
    1    3    2    1    1    1    1    1      1064   15  -11   15    9    0   -8   -4   -2   -4  -10    4    0   12    3   -4    8   13   -8
    1    3    3    1    3    1    3    1       686   -5    3    4   -3  -10    4    5   -8   16   -4  -13   15   -7  -13   12  -10  -17   -2
    1    3    4    1    2    5    2    1      1044  -17    9    2  -15    3  -10   13   10  -12   -7    6   14   -4   -3    3    4    7    3
    1    3    5    1    1    3    2    0      1244   12  -10   19   14    0   -7   -2   -5    1  -11    1   -1    5   12   -5    5   15  -14
    1    3    6    1    3    5    3    1       892   -7    3    2   -2  -11    6    2  -10   16   -4  -13   13   -6  -13   10   -4  -13   -1
    1    3    7    1    2    1    2    1      2026  -11    2   11   -8    4  -12   15    6  -14   -5    6   14   -5   -2   -2    2    7    3
    1    3    8    1    2    3    2    1       827  -16    7    4  -20    4  -12   18    7  -18   -3    7   13   -6   -2    2    0   11    2
    1    3    9    1    1    4    1    1       860   14  -12   14    6   -3   -7   -4   -4   -8  -11    4   -2   14    0   -2    2   15  -14
    1    3   10    1    2    4    2    1       875  -16    7    8  -11    0   -5   14    6  -14   -7    6   14    0   -8    0    2    7    3
    1    3   11    1    3    4    3    1       794   -8    3    2   -1  -12    8    5  -15   15   -4  -11   11  -12  -17   11   -5  -14   -1
    1    3   12    1    2    2    2    1      1916  -25   16   11  -10    4  -12   14    6  -14   -5    6   16  -14    7    1    0    4    5
    1    3   13    1    1    5    1    1      1232   14  -11   15   10   -3   -7   -1   -4   -1  -12    6   -2   12    4   -3    4   13  -14
    1    3   14    1    1    2    1    1       560   17   -7   17    7   -1   -9   -6  -14   -4  -10    5   -2   15    3   -3    8   16  -14
    1    3   15    1    3    2    3    1      1020   -4    2    3   -2   -7   10    5  -10   14   -3  -11    7   -7  -11    6   -6  -14   -1
    1    4    1    1    3    4    3    1       692   -8    3    2   -1  -12    8    5  -15   15   -4  -11   11  -12  -17   11   -5  -14   -1
    1    4    2    1    3    1    3    1       586   -5    3    4   -3  -10    4    5   -8   16   -4  -13   15   -7  -13   12  -10  -17   -2
    1    4    3    1    3    2    3    1       692   -4    2    3   -2   -7   10    5  -10   14   -3  -11    7   -7  -11    6   -6  -14   -1
    1    4    4    1    1    3    1    1       826   12  -10   19   14    0   -7   -2   -5    1  -11    1   -1    5   12   -5    5   15  -14
    1    4    5    1    2    2    2    1       907  -25   16   11  -10    4  -12   14    6  -14   -5    6   16  -14    7    1    0    4    5
    1    4    6    1    3    3    3    1       776   -4    1    4   -2  -10    2    3   -7   14   -6  -13   12   -9  -10   22   -9  -15   -3
    1    4    7    1    2    1    2    1       875  -11    2   11   -8    4  -12   15    6  -14   -5    6   14   -5   -2   -2    2    7    3
    1    4    8    1    3    5    3    1       746   -7    3    2   -2  -11    6    2  -10   16   -4  -13   13   -6  -13   10   -4  -13   -1
    1    4    9    1    2    4    2    1      1022  -16    7    8  -11    0   -5   14    6  -14   -7    6   14    0   -8    0    2    7    3
    1    4   10    1    1    5    1    1      1202   14  -11   15   10   -3   -7   -1   -4   -1  -12    6   -2   12    4   -3    4   13  -14
    1    4   11    1    2    3    2    1       967  -16    7    4  -20    4  -12   18    7  -18   -3    7   13   -6   -2    2    0   11    2
    1    4   12    1    1    1    1    1       754   15  -11   15    9    0   -8   -4   -2   -4  -10    4    0   12    3   -4    8   13   -8
    1    4   13    1    2    5    2    1       678  -17    9    2  -15    3  -10   13   10  -12   -7    6   14   -4   -3    3    4    7    3
    1    4   14    1    1    4    1    1      1148   14  -12   14    6   -3   -7   -4   -4   -8  -11    4   -2   14    0   -2    2   15  -14
    1    4   15    1    1    2    1    1       719   17   -7   17    7   -1   -9   -6  -14   -4  -10    5   -2   15    3   -3    8   16  -14
    1    5    1    1    1    3    2    0       980   12  -10   19   14    0   -7   -2   -5    1  -11    1   -1    5   12   -5    5   15  -14
    1    5    2    1    3    5    3    1       894   -7    3    2   -2  -11    6    2  -10   16   -4  -13   13   -6  -13   10   -4  -13   -1
    1    5    3    1    2    5    2    1       684  -17    9    2  -15    3  -10   13   10  -12   -7    6   14   -4   -3    3    4    7    3
    1    5    4    1    2    1    2    1      1042  -11    2   11   -8    4  -12   15    6  -14   -5    6   14   -5   -2   -2    2    7    3
    1    5    5    1    2    3    2    1      1098  -16    7    4  -20    4  -12   18    7  -18   -3    7   13   -6   -2    2    0   11    2
    1    5    6    1    2    2    2    1       783  -25   16   11  -10    4  -12   14    6  -14   -5    6   16  -14    7    1    0    4    5
    1    5    7    1    3    2    3    1       689   -4    2    3   -2   -7   10    5  -10   14   -3  -11    7   -7  -11    6   -6  -14   -1
    1    5    8    1    1    4    1    1       759   14  -12   14    6   -3   -7   -4   -4   -8  -11    4   -2   14    0   -2    2   15  -14
    1    5    9    1    3    1    3    1       697   -5    3    4   -3  -10    4    5   -8   16   -4  -13   15   -7  -13   12  -10  -17   -2
    1    5   10    1    2    4    2    1      1983  -16    7    8  -11    0   -5   14    6  -14   -7    6   14    0   -8    0    2    7    3
    1    5   11    1    3    3    3    1      1874   -4    1    4   -2  -10    2    3   -7   14   -6  -13   12   -9  -10   22   -9  -15   -3
    1    5   12    1    1    1    1    1       792   15  -11   15    9    0   -8   -4   -2   -4  -10    4    0   12    3   -4    8   13   -8
    1    5   13    1    1    5    1    1       602   14  -11   15   10   -3   -7   -1   -4   -1  -12    6   -2   12    4   -3    4   13  -14
    1    5   14    1    3    4    3    1       851   -8    3    2   -1  -12    8    5  -15   15   -4  -11   11  -12  -17   11   -5  -14   -1
    1    5   15    1    1    2    1    1       690   17   -7   17    7   -1   -9   -6  -14   -4  -10    5   -2   15    3   -3    8   16  -14
    1    6    1    1    2    4    2    1      1160  -16    7    8  -11    0   -5   14    6  -14   -7    6   14    0   -8    0    2    7    3
    1    6    2    1    3    5    3    1       619   -7    3    2   -2  -11    6    2  -10   16   -4  -13   13   -6  -13   10   -4  -13   -1
    1    6    3    1    2    1    2    1       692  -11    2   11   -8    4  -12   15    6  -14   -5    6   14   -5   -2   -2    2    7    3
    1    6    4    1    1    5    1    1       570   14  -11   15   10   -3   -7   -1   -4   -1  -12    6   -2   12    4   -3    4   13  -14
    1    6    5    1    1    1    1    1       596   15  -11   15    9    0   -8   -4   -2   -4  -10    4    0   12    3   -4    8   13   -8
    1    6    6    1    2    5    2    1       686  -17    9    2  -15    3  -10   13   10  -12   -7    6   14   -4   -3    3    4    7    3
    1    6    7    1    1    3    1    1      1732   12  -10   19   14    0   -7   -2   -5    1  -11    1   -1    5   12   -5    5   15  -14
    1    6    8    1    3    4    3    1       624   -8    3    2   -1  -12    8    5  -15   15   -4  -11   11  -12  -17   11   -5  -14   -1
    1    6    9    1    2    2    2    1       729  -25   16   11  -10    4  -12   14    6  -14   -5    6   16  -14    7    1    0    4    5
    1    6   10    1    3    1    3    1       638   -5    3    4   -3  -10    4    5   -8   16   -4  -13   15   -7  -13   12  -10  -17   -2
    1    6   11    1    1    2    1    1       677   17   -7   17    7   -1   -9   -6  -14   -4  -10    5   -2   15    3   -3    8   16  -14
    1    6   12    1    3    2    3    1      1180   -4    2    3   -2   -7   10    5  -10   14   -3  -11    7   -7  -11    6   -6  -14   -1
    1    6   13    1    3    3    3    1       910   -4    1    4   -2  -10    2    3   -7   14   -6  -13   12   -9  -10   22   -9  -15   -3
    1    6   14    1    2    3    2    1       635  -16    7    4  -20    4  -12   18    7  -18   -3    7   13   -6   -2    2    0   11    2
    1    6   15    1    1    4    1    1       741   14  -12   14    6   -3   -7   -4   -4   -8  -11    4   -2   14    0   -2    2   15  -14
    1    7    1    1    1    2    1    1       663   17   -7   17    7   -1   -9   -6  -14   -4  -10    5   -2   15    3   -3    8   16  -14
    1    7    2    1    2    3    2    1       926  -16    7    4  -20    4  -12   18    7  -18   -3    7   13   -6   -2    2    0   11    2
    1    7    3    1    1    1    1    1       827   15  -11   15    9    0   -8   -4   -2   -4  -10    4    0   12    3   -4    8   13   -8
    1    7    4    1    1    4    1    1       555   14  -12   14    6   -3   -7   -4   -4   -8  -11    4   -2   14    0   -2    2   15  -14
    1    7    5    1    3    5    3    1       663   -7    3    2   -2  -11    6    2  -10   16   -4  -13   13   -6  -13   10   -4  -13   -1
    1    7    6    1    1    3    1    1      2606   12  -10   19   14    0   -7   -2   -5    1  -11    1   -1    5   12   -5    5   15  -14
    1    7    7    1    3    3    3    1       772   -4    1    4   -2  -10    2    3   -7   14   -6  -13   12   -9  -10   22   -9  -15   -3
    1    7    8    1    1    5    1    1       761   14  -11   15   10   -3   -7   -1   -4   -1  -12    6   -2   12    4   -3    4   13  -14
    1    7    9    1    3    2    3    1       797   -4    2    3   -2   -7   10    5  -10   14   -3  -11    7   -7  -11    6   -6  -14   -1
    1    7   10    1    2    2    2    1       830  -25   16   11  -10    4  -12   14    6  -14   -5    6   16  -14    7    1    0    4    5
    1    7   11    1    2    5    2    1      1070  -17    9    2  -15    3  -10   13   10  -12   -7    6   14   -4   -3    3    4    7    3
    1    7   12    1    3    4    3    1       677   -8    3    2   -1  -12    8    5  -15   15   -4  -11   11  -12  -17   11   -5  -14   -1
    1    7   13    1    2    4    2    1       795  -16    7    8  -11    0   -5   14    6  -14   -7    6   14    0   -8    0    2    7    3
    1    7   14    1    3    1    3    1       717   -5    3    4   -3  -10    4    5   -8   16   -4  -13   15   -7  -13   12  -10  -17   -2
    1    7   15    1    2    1    2    1       850  -11    2   11   -8    4  -12   15    6  -14   -5    6   14   -5   -2   -2    2    7    3
    1    8    1    1    3    2    3    1       801   -4    2    3   -2   -7   10    5  -10   14   -3  -11    7   -7  -11    6   -6  -14   -1
    1    8    2    1    2    1    2    1      1570  -11    2   11   -8    4  -12   15    6  -14   -5    6   14   -5   -2   -2    2    7    3
    1    8    3    1    1    4    1    1       772   14  -12   14    6   -3   -7   -4   -4   -8  -11    4   -2   14    0   -2    2   15  -14
    1    8    4    1    3    5    3    1       631   -7    3    2   -2  -11    6    2  -10   16   -4  -13   13   -6  -13   10   -4  -13   -1
    1    8    5    1    3    1    3    1       703   -5    3    4   -3  -10    4    5   -8   16   -4  -13   15   -7  -13   12  -10  -17   -2
    1    8    6    1    3    3    3    1       789   -4    1    4   -2  -10    2    3   -7   14   -6  -13   12   -9  -10   22   -9  -15   -3
    1    8    7    1    1    2    1    1       582   17   -7   17    7   -1   -9   -6  -14   -4  -10    5   -2   15    3   -3    8   16  -14
    1    8    8    1    2    4    2    1       673  -16    7    8  -11    0   -5   14    6  -14   -7    6   14    0   -8    0    2    7    3
    1    8    9    1    1    5    1    1      1591   14  -11   15   10   -3   -7   -1   -4   -1  -12    6   -2   12    4   -3    4   13  -14
    1    8   10    1    2    3    2    1       648  -16    7    4  -20    4  -12   18    7  -18   -3    7   13   -6   -2    2    0   11    2
    1    8   11    1    2    5    2    1      1040  -17    9    2  -15    3  -10   13   10  -12   -7    6   14   -4   -3    3    4    7    3
    1    8   12    1    2    2    2    1       808  -25   16   11  -10    4  -12   14    6  -14   -5    6   16  -14    7    1    0    4    5
    1    8   13    1    3    4    3    1       729   -8    3    2   -1  -12    8    5  -15   15   -4  -11   11  -12  -17   11   -5  -14   -1
    1    8   14    1    1    3    1    1      1310   12  -10   19   14    0   -7   -2   -5    1  -11    1   -1    5   12   -5    5   15  -14
    1    8   15    1    1    1    1    1       651   15  -11   15    9    0   -8   -4   -2   -4  -10    4    0   12    3   -4    8   13   -8
    1    9    1    1    2    4    2    1       546  -16    7    8  -11    0   -5   14    6  -14   -7    6   14    0   -8    0    2    7    3
    1    9    2    1    3    5    3    1       558   -7    3    2   -2  -11    6    2  -10   16   -4  -13   13   -6  -13   10   -4  -13   -1
    1    9    3    1    1    1    1    1      1097   15  -11   15    9    0   -8   -4   -2   -4  -10    4    0   12    3   -4    8   13   -8
    1    9    4    1    2    1    2    1       654  -11    2   11   -8    4  -12   15    6  -14   -5    6   14   -5   -2   -2    2    7    3
    1    9    5    1    3    3    3    1       726   -4    1    4   -2  -10    2    3   -7   14   -6  -13   12   -9  -10   22   -9  -15   -3
    1    9    6    1    2    3    3    0       714  -16    7    4  -20    4  -12   18    7  -18   -3    7   13   -6   -2    2    0   11    2
    1    9    7    1    1    4    1    1       959   14  -12   14    6   -3   -7   -4   -4   -8  -11    4   -2   14    0   -2    2   15  -14
    1    9    8    1    3    1    3    1       714   -5    3    4   -3  -10    4    5   -8   16   -4  -13   15   -7  -13   12  -10  -17   -2
    1    9    9    1    1    5    1    1      1215   14  -11   15   10   -3   -7   -1   -4   -1  -12    6   -2   12    4   -3    4   13  -14
    1    9   10    1    1    3    1    1      1424   12  -10   19   14    0   -7   -2   -5    1  -11    1   -1    5   12   -5    5   15  -14
    1    9   11    1    3    2    3    1       728   -4    2    3   -2   -7   10    5  -10   14   -3  -11    7   -7  -11    6   -6  -14   -1
    1    9   12    1    2    5    2    1       973  -17    9    2  -15    3  -10   13   10  -12   -7    6   14   -4   -3    3    4    7    3
    1    9   13    1    1    2    1    1       696   17   -7   17    7   -1   -9   -6  -14   -4  -10    5   -2   15    3   -3    8   16  -14
    1    9   14    1    3    4    3    1       590   -8    3    2   -1  -12    8    5  -15   15   -4  -11   11  -12  -17   11   -5  -14   -1
    1    9   15    1    2    2    2    1      1096  -25   16   11  -10    4  -12   14    6  -14   -5    6   16  -14    7    1    0    4    5
    1   10    1    1    2    1    2    1       990  -11    2   11   -8    4  -12   15    6  -14   -5    6   14   -5   -2   -2    2    7    3
    1   10    2    1    1    2    1    1       712   17   -7   17    7   -1   -9   -6  -14   -4  -10    5   -2   15    3   -3    8   16  -14
    1   10    3    1    2    2    2    1      1053  -25   16   11  -10    4  -12   14    6  -14   -5    6   16  -14    7    1    0    4    5
    1   10    4    1    1    4    1    1       676   14  -12   14    6   -3   -7   -4   -4   -8  -11    4   -2   14    0   -2    2   15  -14
    1   10    5    1    3    3    3    1      1179   -4    1    4   -2  -10    2    3   -7   14   -6  -13   12   -9  -10   22   -9  -15   -3
    1   10    6    1    2    4    2    1       734  -16    7    8  -11    0   -5   14    6  -14   -7    6   14    0   -8    0    2    7    3
    1   10    7    1    3    4    3    1       593   -8    3    2   -1  -12    8    5  -15   15   -4  -11   11  -12  -17   11   -5  -14   -1
    1   10    8    1    3    1    3    1       716   -5    3    4   -3  -10    4    5   -8   16   -4  -13   15   -7  -13   12  -10  -17   -2
    1   10    9    1    1    5    1    1       736   14  -11   15   10   -3   -7   -1   -4   -1  -12    6   -2   12    4   -3    4   13  -14
    1   10   10    1    2    5    2    1       836  -17    9    2  -15    3  -10   13   10  -12   -7    6   14   -4   -3    3    4    7    3
    1   10   11    1    3    2    3    1       724   -4    2    3   -2   -7   10    5  -10   14   -3  -11    7   -7  -11    6   -6  -14   -1
    1   10   12    1    1    3    1    1       809   12  -10   19   14    0   -7   -2   -5    1  -11    1   -1    5   12   -5    5   15  -14
    1   10   13    1    1    1    1    1       762   15  -11   15    9    0   -8   -4   -2   -4  -10    4    0   12    3   -4    8   13   -8
    1   10   14    1    3    5    3    1       702   -7    3    2   -2  -11    6    2  -10   16   -4  -13   13   -6  -13   10   -4  -13   -1
    1   10   15    1    2    3    2    1      1107  -16    7    4  -20    4  -12   18    7  -18   -3    7   13   -6   -2    2    0   11    2
    1   11    1    1    3    5    3    1       696   -7    3    2   -2  -11    6    2  -10   16   -4  -13   13   -6  -13   10   -4  -13   -1
    1   11    2    1    1    3    1    1      2637   12  -10   19   14    0   -7   -2   -5    1  -11    1   -1    5   12   -5    5   15  -14
    1   11    3    1    3    2    3    1       757   -4    2    3   -2   -7   10    5  -10   14   -3  -11    7   -7  -11    6   -6  -14   -1
    1   11    4    1    3    1    3    1       809   -5    3    4   -3  -10    4    5   -8   16   -4  -13   15   -7  -13   12  -10  -17   -2
    1   11    5    1    2    4    2    1       842  -16    7    8  -11    0   -5   14    6  -14   -7    6   14    0   -8    0    2    7    3
    1   11    6    1    1    4    1    1       714   14  -12   14    6   -3   -7   -4   -4   -8  -11    4   -2   14    0   -2    2   15  -14
    1   11    7    1    1    1    1    1       623   15  -11   15    9    0   -8   -4   -2   -4  -10    4    0   12    3   -4    8   13   -8
    1   11    8    1    2    1    2    1       967  -11    2   11   -8    4  -12   15    6  -14   -5    6   14   -5   -2   -2    2    7    3
    1   11    9    1    1    5    1    1       754   14  -11   15   10   -3   -7   -1   -4   -1  -12    6   -2   12    4   -3    4   13  -14
    1   11   10    1    3    4    3    1       597   -8    3    2   -1  -12    8    5  -15   15   -4  -11   11  -12  -17   11   -5  -14   -1
    1   11   11    1    2    2    2    1       783  -25   16   11  -10    4  -12   14    6  -14   -5    6   16  -14    7    1    0    4    5
    1   11   12    1    2    5    2    1       817  -17    9    2  -15    3  -10   13   10  -12   -7    6   14   -4   -3    3    4    7    3
    1   11   13    1    2    3    2    1       673  -16    7    4  -20    4  -12   18    7  -18   -3    7   13   -6   -2    2    0   11    2
    1   11   14    1    1    2    1    1       680   17   -7   17    7   -1   -9   -6  -14   -4  -10    5   -2   15    3   -3    8   16  -14
    1   11   15    1    3    3    3    1      1694   -4    1    4   -2  -10    2    3   -7   14   -6  -13   12   -9  -10   22   -9  -15   -3
    1   12    1    1    3    3    3    1       636   -4    1    4   -2  -10    2    3   -7   14   -6  -13   12   -9  -10   22   -9  -15   -3
    1   12    2    1    3    2    3    1       628   -4    2    3   -2   -7   10    5  -10   14   -3  -11    7   -7  -11    6   -6  -14   -1
    1   12    3    1    2    5    2    1      1053  -17    9    2  -15    3  -10   13   10  -12   -7    6   14   -4   -3    3    4    7    3
    1   12    4    1    3    1    3    1       676   -5    3    4   -3  -10    4    5   -8   16   -4  -13   15   -7  -13   12  -10  -17   -2
    1   12    5    1    2    2    1    0      1579  -25   16   11  -10    4  -12   14    6  -14   -5    6   16  -14    7    1    0    4    5
    1   12    6    1    1    4    1    1       957   14  -12   14    6   -3   -7   -4   -4   -8  -11    4   -2   14    0   -2    2   15  -14
    1   12    7    1    2    4    2    1       633  -16    7    8  -11    0   -5   14    6  -14   -7    6   14    0   -8    0    2    7    3
    1   12    8    1    1    3    1    1      1131   12  -10   19   14    0   -7   -2   -5    1  -11    1   -1    5   12   -5    5   15  -14
    1   12    9    1    1    2    1    1       629   17   -7   17    7   -1   -9   -6  -14   -4  -10    5   -2   15    3   -3    8   16  -14
    1   12   10    1    1    5    1    1       734   14  -11   15   10   -3   -7   -1   -4   -1  -12    6   -2   12    4   -3    4   13  -14
    1   12   11    1    2    3    2    1      1233  -16    7    4  -20    4  -12   18    7  -18   -3    7   13   -6   -2    2    0   11    2
    1   12   12    1    1    1    1    1       599   15  -11   15    9    0   -8   -4   -2   -4  -10    4    0   12    3   -4    8   13   -8
    1   12   13    1    3    5    3    1       651   -7    3    2   -2  -11    6    2  -10   16   -4  -13   13   -6  -13   10   -4  -13   -1
    1   12   14    1    3    4    3    1       866   -8    3    2   -1  -12    8    5  -15   15   -4  -11   11  -12  -17   11   -5  -14   -1
    1   12   15    1    2    1    2    1      1505  -11    2   11   -8    4  -12   15    6  -14   -5    6   14   -5   -2   -2    2    7    3
    1   13    1    1    1    5    1    1       662   14  -11   15   10   -3   -7   -1   -4   -1  -12    6   -2   12    4   -3    4   13  -14
    1   13    2    1    2    1    2    1       957  -11    2   11   -8    4  -12   15    6  -14   -5    6   14   -5   -2   -2    2    7    3
    1   13    3    1    3    2    3    1       617   -4    2    3   -2   -7   10    5  -10   14   -3  -11    7   -7  -11    6   -6  -14   -1
    1   13    4    1    3    5    3    1       705   -7    3    2   -2  -11    6    2  -10   16   -4  -13   13   -6  -13   10   -4  -13   -1
    1   13    5    1    1    3    1    1      1063   12  -10   19   14    0   -7   -2   -5    1  -11    1   -1    5   12   -5    5   15  -14
    1   13    6    1    1    1    1    1       942   15  -11   15    9    0   -8   -4   -2   -4  -10    4    0   12    3   -4    8   13   -8
    1   13    7    1    3    1    3    1       714   -5    3    4   -3  -10    4    5   -8   16   -4  -13   15   -7  -13   12  -10  -17   -2
    1   13    8    1    2    5    2    1      1631  -17    9    2  -15    3  -10   13   10  -12   -7    6   14   -4   -3    3    4    7    3
    1   13    9    1    2    2    2    1       895  -25   16   11  -10    4  -12   14    6  -14   -5    6   16  -14    7    1    0    4    5
    1   13   10    1    1    2    1    1      1053   17   -7   17    7   -1   -9   -6  -14   -4  -10    5   -2   15    3   -3    8   16  -14
    1   13   11    1    1    4    1    1       500   14  -12   14    6   -3   -7   -4   -4   -8  -11    4   -2   14    0   -2    2   15  -14
    1   13   12    1    3    4    3    1       657   -8    3    2   -1  -12    8    5  -15   15   -4  -11   11  -12  -17   11   -5  -14   -1
    1   13   13    1    2    4    2    1      1049  -16    7    8  -11    0   -5   14    6  -14   -7    6   14    0   -8    0    2    7    3
    1   13   14    1    3    3    3    1      2112   -4    1    4   -2  -10    2    3   -7   14   -6  -13   12   -9  -10   22   -9  -15   -3
    1   13   15    1    2    3    2    1      1261  -16    7    4  -20    4  -12   18    7  -18   -3    7   13   -6   -2    2    0   11    2
    1   14    1    1    3    2    3    1       701   -4    2    3   -2   -7   10    5  -10   14   -3  -11    7   -7  -11    6   -6  -14   -1
    1   14    2    1    1    4    1    1       738   14  -12   14    6   -3   -7   -4   -4   -8  -11    4   -2   14    0   -2    2   15  -14
    1   14    3    1    3    4    3    1       630   -8    3    2   -1  -12    8    5  -15   15   -4  -11   11  -12  -17   11   -5  -14   -1
    1   14    4    1    2    5    2    1       750  -17    9    2  -15    3  -10   13   10  -12   -7    6   14   -4   -3    3    4    7    3
    1   14    5    1    1    1    1    1       737   15  -11   15    9    0   -8   -4   -2   -4  -10    4    0   12    3   -4    8   13   -8
    1   14    6    1    2    4    2    1       949  -16    7    8  -11    0   -5   14    6  -14   -7    6   14    0   -8    0    2    7    3
    1   14    7    1    1    5    1    1      1216   14  -11   15   10   -3   -7   -1   -4   -1  -12    6   -2   12    4   -3    4   13  -14
    1   14    8    1    1    3    1    1      1809   12  -10   19   14    0   -7   -2   -5    1  -11    1   -1    5   12   -5    5   15  -14
    1   14    9    1    3    5    3    1       683   -7    3    2   -2  -11    6    2  -10   16   -4  -13   13   -6  -13   10   -4  -13   -1
    1   14   10    1    1    2    1    1       656   17   -7   17    7   -1   -9   -6  -14   -4  -10    5   -2   15    3   -3    8   16  -14
    1   14   11    1    2    1    2    1       824  -11    2   11   -8    4  -12   15    6  -14   -5    6   14   -5   -2   -2    2    7    3
    1   14   12    1    3    3    3    1       792   -4    1    4   -2  -10    2    3   -7   14   -6  -13   12   -9  -10   22   -9  -15   -3
    1   14   13    1    2    3    2    1       986  -16    7    4  -20    4  -12   18    7  -18   -3    7   13   -6   -2    2    0   11    2
    1   14   14    1    2    2    2    1       708  -25   16   11  -10    4  -12   14    6  -14   -5    6   16  -14    7    1    0    4    5
    1   14   15    1    3    1    3    1       698   -5    3    4   -3  -10    4    5   -8   16   -4  -13   15   -7  -13   12  -10  -17   -2
    1   15    1    1    3    4    3    1       639   -8    3    2   -1  -12    8    5  -15   15   -4  -11   11  -12  -17   11   -5  -14   -1
    1   15    2    1    1    5    1    1       743   14  -11   15   10   -3   -7   -1   -4   -1  -12    6   -2   12    4   -3    4   13  -14
    1   15    3    1    1    4    1    1       699   14  -12   14    6   -3   -7   -4   -4   -8  -11    4   -2   14    0   -2    2   15  -14
    1   15    4    1    1    1    1    1       528   15  -11   15    9    0   -8   -4   -2   -4  -10    4    0   12    3   -4    8   13   -8
    1   15    5    1    2    3    2    1       637  -16    7    4  -20    4  -12   18    7  -18   -3    7   13   -6   -2    2    0   11    2
    1   15    6    1    2    2    2    1       645  -25   16   11  -10    4  -12   14    6  -14   -5    6   16  -14    7    1    0    4    5
    1   15    7    1    2    4    2    1       813  -16    7    8  -11    0   -5   14    6  -14   -7    6   14    0   -8    0    2    7    3
    1   15    8    1    2    5    2    1       750  -17    9    2  -15    3  -10   13   10  -12   -7    6   14   -4   -3    3    4    7    3
    1   15    9    1    1    2    1    1       705   17   -7   17    7   -1   -9   -6  -14   -4  -10    5   -2   15    3   -3    8   16  -14
    1   15   10    1    3    1    3    1       710   -5    3    4   -3  -10    4    5   -8   16   -4  -13   15   -7  -13   12  -10  -17   -2
    1   15   11    1    2    1    2    1      1212  -11    2   11   -8    4  -12   15    6  -14   -5    6   14   -5   -2   -2    2    7    3
    1   15   12    1    3    3    3    1      1837   -4    1    4   -2  -10    2    3   -7   14   -6  -13   12   -9  -10   22   -9  -15   -3
    1   15   13    1    3    5    3    1       597   -7    3    2   -2  -11    6    2  -10   16   -4  -13   13   -6  -13   10   -4  -13   -1
    1   15   14    1    1    3    1    1      1454   12  -10   19   14    0   -7   -2   -5    1  -11    1   -1    5   12   -5    5   15  -14
    1   15   15    1    3    2    3    1      2566   -4    2    3   -2   -7   10    5  -10   14   -3  -11    7   -7  -11    6   -6  -14   -1
    2    1    1    1    1    3    1    1      8445   12  -10   19   14    0   -7   -2   -5    1  -11    1   -1    5   12   -5    5   15  -14
    2    1    2    6    0    0    2    1      1965   -8  -12    0   -2  -18    2   13    7   -2    2    9  -12   12   14    2  -13   -9   15
    2    1    3    4    3    4    2    1      5775  -12   13    2   -4  -13    9    5   -9   15   -4   -2   15   -7  -11   14   -2  -20    0
    2    1    4    2    1    0    1    0      1546   13  -11   15    8   -2   -8   -3   -5   -3  -10    5   -1   13    2   -4    6   14  -14
    2    1    5    1    3    3    1    1      1805   -4    1    4   -2  -10    2    3   -7   14   -6  -13   12   -9  -10   22   -9  -15   -3
    2    1    6    4    2    5    2    1      5127   -7   -1    7  -10    6  -13   14    5  -15   -5    6   13   -4   -4    1    1    5    2
    2    1    7    6    0    0    2    1      2491    1    6    5   11   -1    2  -13    8  -10    2  -12  -17    5    3    2    8   -5  -10
    2    1    8    6    0    0    2    1      1097   -6   -6   -6    7  -11    8   -1    7   18   -9   -5   -1   14   -6   -6   14   -8  -10
    2    1    9    4    3    5    1    0      1247   -8    2    8    4  -11    6    3  -12   14   -6   -8   14  -16  -15   12   -2  -16   -3
    2    1   10    6    0    0    2    1      1230    1    8    9   13    0    0  -24    1  -21  -10   -7  -12    6    1    5   12   -6   -7
    2    1   11    4    3    1    2    1      7342   -7    3    3   -4  -13    6    6   -9   16   -6  -20    4   -6  -12   12   -2  -14    0
    2    1   12    2    3    0    1    0      1162   -6    3    2   -3  -12    7    4   -8   14   -4  -12   12   -7  -12   12   -3  -15   -2
    2    1   13    4    1    3    2    1      1197   12  -10   17    6   -3   -8   -9   -9   -2  -10    5   -3   22   -6   -5    4   18  -15
    2    1   14    1    1    2    1    1      2591   17   -7   17    7   -1   -9   -6  -14   -4  -10    5   -2   15    3   -3    8   16  -14
    2    1   15    4    1    4    1    0      3017   16  -13   19    6   -3   -8   -5   -4   -2  -11    7    0   13    1   -5    6   13  -14
    2    1   16    2    2    0    2    1     11777  -15    7    7  -11    5  -12   16    6  -13   -6    7   14   -6   -1    0    1    6    3
    2    1   17    1    3    1    1    1      1292   -5    3    4   -3  -10    4    5   -8   16   -4  -13   15   -7  -13   12  -10  -17   -2
    2    1   18    4    2    4    2    1      2954  -14    6    8   -8    7  -14   17    5  -14   -5   15   19   -6    0    5    7   15    9
    2    1   19    1    1    4    1    1      1829   14  -12   14    6   -3   -7   -4   -4   -8  -11    4   -2   14    0   -2    2   15  -14
    2    1   20    1    1    1    1    1      1550   15  -11   15    9    0   -8   -4   -2   -4  -10    4    0   12    3   -4    8   13   -8
    2    1   21    1    2    1    1    1      3633  -11    2   11   -8    4  -12   15    6  -14   -5    6   14   -5   -2   -2    2    7    3
    2    1   22    4    2    3    1    0      1217  -18    8    7  -13    4  -12   17    6  -14   -6    5   14   -6   -8   -1    1    6    1
    2    1   23    1    3    2    1    1      1074   -4    2    3   -2   -7   10    5  -10   14   -3  -11    7   -7  -11    6   -6  -14   -1
    2    1   24    1    2    3    1    1       872  -16    7    4  -20    4  -12   18    7  -18   -3    7   13   -6   -2    2    0   11    2
    2    1   25    1    1    5    1    1      1175   14  -11   15   10   -3   -7   -1   -4   -1  -12    6   -2   12    4   -3    4   13  -14
    2    1   26    1    2    2    2    0      1145  -25   16   11  -10    4  -12   14    6  -14   -5    6   16  -14    7    1    0    4    5
    2    1   27    4    1    5    2    1      3325   13  -12   18   13    0   -9   -3   -4   -4  -10    7   -3   23   -3   -1    2   15  -13
    2    1   28    4    3    3    1    0       826   -7    1    0   -1  -12    6    2   -8   13   -3  -14   12   -6  -12   14   -1  -10   -4
    2    1   29    6    0    0    2    1      1370   -9  -14   -2    0  -11   -1   14    5   -4   -1   11  -14   13   14    0  -15   -7   11
    2    1   30    4    1    1    2    1      1493   14   -9   13   10   -4   -6   -3   -4   -2  -11   14   -3   14    1   -3    8   14  -13
    2    1   31    1    2    5    1    1      1067  -17    9    2  -15    3  -10   13   10  -12   -7    6   14   -4   -3    3    4    7    3
    2    1   32    4    3    2    1    0       706    4   12    0   -8  -10   15    5   -3   14   -5  -13   13   -6  -13   12   -1  -15   -4
    2    1   33    6    0    0    2    1       743  -15  -15   -5    6   -8   10    0    2   17   -5   -3   -3   24   -5   -4   16   -8  -14
    2    1   34    4    1    2    1    0      1179   14   -9   16    8    3   -7   -3   -4   -3   -9    6   -1   13    1   -6    6   15  -12
    2    1   35    1    3    5    1    1       702   -7    3    2   -2  -11    6    2  -10   16   -4  -13   13   -6  -13   10   -4  -13   -1
    2    1   36    4    2    1    2    1      1331  -14    6    6  -10   10  -13   17    7   -9   -3    8   15   -7   -2   -1   -1    5    3
    2    1   37    1    3    4    1    1       719   -8    3    2   -1  -12    8    5  -15   15   -4  -11   11  -12  -17   11   -5  -14   -1
    2    1   38    4    2    2    2    1      1732  -13    6    5  -10    3  -17   11   -4  -13   -7    7   15  -10   -2   -1    2   -1   -1
    2    1   39    1    2    4    1    1      1232  -16    7    8  -11    0   -5   14    6  -14   -7    6   14    0   -8    0    2    7    3
