    1    1    1    1    3    2    1    0      2472    5    5    3   -8    1  -11   -3   11   -9  -16   16    2  -11   12   14   11   10  -14
    1    1    2    1    1    5    2    0      1036    2  -12  -13   15   -5   10   -2    7   -7    9   -6   14    1    0   14   -6  -11   13
    1    1    3    1    1    4    1    1      1812    0  -10  -13    8   -6   12   -7    9  -11    9   -6   17    1    1    9  -14  -13   14
    1    1    4    1    3    1    3    1       854    8    3   -3  -12   -1  -10   -7   12   -9  -12   14    1   -3   16   13    9   10  -12
    1    1    5    1    2    3    1    0       902    6   -5   10  -11   -1   -7  -10   -4  -15    0    8   11    1   -3    6  -15    0    0
    1    1    6    1    2    2    1    0      1011    5   -7   11  -13    1   -6   -7   -5  -14    1    9   11   -2   -3    6  -15   -1    2
    1    1    7    1    1    2    3    0      1005   -1   -9  -13   15   -3   10   -4    4  -10    7   -5   17    2    0   14   -6  -11   11
    1    1    8    1    3    3    3    1       854    7    2    0   -7   -3  -11   -9   10  -10  -13   17    2   -1   15   12    9    9  -12
    1    1    9    1    2    5    2    1      1094    7   -8    9  -12    0   -5   -8   -3  -14   -1    8   12   -3   -5    5  -14    1   -2
    1    1   10    1    3    4    1    0      1035   11    2    8    3   -2  -12   -7    9   -9  -13   12   -2   -2    8   12   11   10  -20
    1    1   11    1    1    3    1    1      1652    2   -9  -14   14   -6   12  -10    5  -14    8   -2   15    3   -3    4    1  -11   11
    1    1   12    1    2    4    3    0       979    3   -4    9  -10    1   -7   -9   -6  -13    2    8   10   -2   -5    5  -12    6    7
    1    1   13    1    3    5    3    1       750    4    4    1   -1   -2  -11   -7    9   -6  -16   18    2    0   17   14   10    9  -13
    1    1   14    1    1    1    1    1       913   -1  -11   -8   10   -3   11   -5    7  -13    7   -3   17    1    1   14    0  -13   11
    1    1   15    1    2    1    2    1      1054    5   -7    7  -10   -2   -7   -8   -3  -14   -7    9   11    0   -3    6  -13   -3    0
    1    2    1    1    2    4    2    1       965    3   -4    9  -10    1   -7   -9   -6  -13    2    8   10   -2   -5    5  -12    6    7
    1    2    2    1    2    1    1    0       800    5   -7    7  -10   -2   -7   -8   -3  -14   -7    9   11    0   -3    6  -13   -3    0
    1    2    3    1    3    3    3    1       754    7    2    0   -7   -3  -11   -9   10  -10  -13   17    2   -1   15   12    9    9  -12
    1    2    4    1    2    5    1    0      1157    7   -8    9  -12    0   -5   -8   -3  -14   -1    8   12   -3   -5    5  -14    1   -2
    1    2    5    1    3    5    3    1       616    4    4    1   -1   -2  -11   -7    9   -6  -16   18    2    0   17   14   10    9  -13
    1    2    6    1    1    5    1    1       945    2  -12  -13   15   -5   10   -2    7   -7    9   -6   14    1    0   14   -6  -11   13
    1    2    7    1    1    1    1    1      1693   -1  -11   -8   10   -3   11   -5    7  -13    7   -3   17    1    1   14    0  -13   11
    1    2    8    1    2    3    3    0       763    6   -5   10  -11   -1   -7  -10   -4  -15    0    8   11    1   -3    6  -15    0    0
    1    2    9    1    3    1    3    1       750    8    3   -3  -12   -1  -10   -7   12   -9  -12   14    1   -3   16   13    9   10  -12
    1    2   10    1    1    2    2    0       961   -1   -9  -13   15   -3   10   -4    4  -10    7   -5   17    2    0   14   -6  -11   11
    1    2   11    1    3    2    2    0       989    5    5    3   -8    1  -11   -3   11   -9  -16   16    2  -11   12   14   11   10  -14
    1    2   12    1    2    2    2    1       727    5   -7   11  -13    1   -6   -7   -5  -14    1    9   11   -2   -3    6  -15   -1    2
    1    2   13    1    1    4    1    1       795    0  -10  -13    8   -6   12   -7    9  -11    9   -6   17    1    1    9  -14  -13   14
    1    2   14    1    3    4    3    1      1294   11    2    8    3   -2  -12   -7    9   -9  -13   12   -2   -2    8   12   11   10  -20
    1    2   15    1    1    3    1    1      3115    2   -9  -14   14   -6   12  -10    5  -14    8   -2   15    3   -3    4    1  -11   11
    1    3    1    1    2    3    2    1      2768    6   -5   10  -11   -1   -7  -10   -4  -15    0    8   11    1   -3    6  -15    0    0
    1    3    2    1    2    1    1    0      2355    5   -7    7  -10   -2   -7   -8   -3  -14   -7    9   11    0   -3    6  -13   -3    0
    1    3    3    1    3    3    3    1       678    7    2    0   -7   -3  -11   -9   10  -10  -13   17    2   -1   15   12    9    9  -12
    1    3    4    1    2    4    2    1       797    3   -4    9  -10    1   -7   -9   -6  -13    2    8   10   -2   -5    5  -12    6    7
    1    3    5    1    2    5    2    1      1135    7   -8    9  -12    0   -5   -8   -3  -14   -1    8   12   -3   -5    5  -14    1   -2
    1    3    6    1    1    3    1    1       771    2   -9  -14   14   -6   12  -10    5  -14    8   -2   15    3   -3    4    1  -11   11
    1    3    7    1    3    4    3    1       997   11    2    8    3   -2  -12   -7    9   -9  -13   12   -2   -2    8   12   11   10  -20
    1    3    8    1    3    2    3    1       703    5    5    3   -8    1  -11   -3   11   -9  -16   16    2  -11   12   14   11   10  -14
    1    3    9    1    2    2    2    1       820    5   -7   11  -13    1   -6   -7   -5  -14    1    9   11   -2   -3    6  -15   -1    2
    1    3   10    1    1    5    1    1      1013    2  -12  -13   15   -5   10   -2    7   -7    9   -6   14    1    0   14   -6  -11   13
    1    3   11    1    3    5    3    1       766    4    4    1   -1   -2  -11   -7    9   -6  -16   18    2    0   17   14   10    9  -13
    1    3   12    1    1    4    1    1       705    0  -10  -13    8   -6   12   -7    9  -11    9   -6   17    1    1    9  -14  -13   14
    1    3   13    1    3    1    3    1       790    8    3   -3  -12   -1  -10   -7   12   -9  -12   14    1   -3   16   13    9   10  -12
    1    3   14    1    1    2    1    1      1416   -1   -9  -13   15   -3   10   -4    4  -10    7   -5   17    2    0   14   -6  -11   11
    1    3   15    1    1    1    1    1       689   -1  -11   -8   10   -3   11   -5    7  -13    7   -3   17    1    1   14    0  -13   11
    1    4    1    1    3    4    3    1       663   11    2    8    3   -2  -12   -7    9   -9  -13   12   -2   -2    8   12   11   10  -20
    1    4    2    1    3    5    3    1       622    4    4    1   -1   -2  -11   -7    9   -6  -16   18    2    0   17   14   10    9  -13
    1    4    3    1    2    5    2    1       839    7   -8    9  -12    0   -5   -8   -3  -14   -1    8   12   -3   -5    5  -14    1   -2
    1    4    4    1    3    2    3    1      2663    5    5    3   -8    1  -11   -3   11   -9  -16   16    2  -11   12   14   11   10  -14
    1    4    5    1    3    3    3    1       622    7    2    0   -7   -3  -11   -9   10  -10  -13   17    2   -1   15   12    9    9  -12
    1    4    6    1    3    1    3    1       566    8    3   -3  -12   -1  -10   -7   12   -9  -12   14    1   -3   16   13    9   10  -12
    1    4    7    1    1    3    1    1       769    2   -9  -14   14   -6   12  -10    5  -14    8   -2   15    3   -3    4    1  -11   11
    1    4    8    1    2    4    2    1       596    3   -4    9  -10    1   -7   -9   -6  -13    2    8   10   -2   -5    5  -12    6    7
    1    4    9    1    1    4    1    1       846    0  -10  -13    8   -6   12   -7    9  -11    9   -6   17    1    1    9  -14  -13   14
    1    4   10    1    2    1    2    1       910    5   -7    7  -10   -2   -7   -8   -3  -14   -7    9   11    0   -3    6  -13   -3    0
    1    4   11    1    1    1    1    1       891   -1  -11   -8   10   -3   11   -5    7  -13    7   -3   17    1    1   14    0  -13   11
    1    4   12    1    2    2    2    1       777    5   -7   11  -13    1   -6   -7   -5  -14    1    9   11   -2   -3    6  -15   -1    2
    1    4   13    1    1    2    1    1       748   -1   -9  -13   15   -3   10   -4    4  -10    7   -5   17    2    0   14   -6  -11   11
    1    4   14    1    1    5    1    1       911    2  -12  -13   15   -5   10   -2    7   -7    9   -6   14    1    0   14   -6  -11   13
    1    4   15    1    2    3    2    1       605    6   -5   10  -11   -1   -7  -10   -4  -15    0    8   11    1   -3    6  -15    0    0
    1    5    1    1    1    2    1    1       902   -1   -9  -13   15   -3   10   -4    4  -10    7   -5   17    2    0   14   -6  -11   11
    1    5    2    1    1    5    1    1       964    2  -12  -13   15   -5   10   -2    7   -7    9   -6   14    1    0   14   -6  -11   13
    1    5    3    1    2    3    2    1      1310    6   -5   10  -11   -1   -7  -10   -4  -15    0    8   11    1   -3    6  -15    0    0
    1    5    4    1    3    1    3    1       668    8    3   -3  -12   -1  -10   -7   12   -9  -12   14    1   -3   16   13    9   10  -12
    1    5    5    1    3    3    3    1       546    7    2    0   -7   -3  -11   -9   10  -10  -13   17    2   -1   15   12    9    9  -12
    1    5    6    1    2    5    2    1       590    7   -8    9  -12    0   -5   -8   -3  -14   -1    8   12   -3   -5    5  -14    1   -2
    1    5    7    1    1    4    1    1       760    0  -10  -13    8   -6   12   -7    9  -11    9   -6   17    1    1    9  -14  -13   14
    1    5    8    1    3    5    3    1       555    4    4    1   -1   -2  -11   -7    9   -6  -16   18    2    0   17   14   10    9  -13
    1    5    9    1    2    4    2    1       871    3   -4    9  -10    1   -7   -9   -6  -13    2    8   10   -2   -5    5  -12    6    7
    1    5   10    1    2    2    2    1       661    5   -7   11  -13    1   -6   -7   -5  -14    1    9   11   -2   -3    6  -15   -1    2
    1    5   11    1    1    1    1    1       573   -1  -11   -8   10   -3   11   -5    7  -13    7   -3   17    1    1   14    0  -13   11
    1    5   12    1    2    1    2    1       920    5   -7    7  -10   -2   -7   -8   -3  -14   -7    9   11    0   -3    6  -13   -3    0
    1    5   13    1    1    3    1    1       628    2   -9  -14   14   -6   12  -10    5  -14    8   -2   15    3   -3    4    1  -11   11
    1    5   14    1    3    4    3    1       797   11    2    8    3   -2  -12   -7    9   -9  -13   12   -2   -2    8   12   11   10  -20
    1    5   15    1    3    2    3    1       718    5    5    3   -8    1  -11   -3   11   -9  -16   16    2  -11   12   14   11   10  -14
    1    6    1    1    1    2    1    1       755   -1   -9  -13   15   -3   10   -4    4  -10    7   -5   17    2    0   14   -6  -11   11
    1    6    2    1    3    1    3    1       614    8    3   -3  -12   -1  -10   -7   12   -9  -12   14    1   -3   16   13    9   10  -12
    1    6    3    1    3    2    3    1       895    5    5    3   -8    1  -11   -3   11   -9  -16   16    2  -11   12   14   11   10  -14
    1    6    4    1    3    5    3    1       637    4    4    1   -1   -2  -11   -7    9   -6  -16   18    2    0   17   14   10    9  -13
    1    6    5    1    2    4    2    1       741    3   -4    9  -10    1   -7   -9   -6  -13    2    8   10   -2   -5    5  -12    6    7
    1    6    6    1    1    4    1    1       905    0  -10  -13    8   -6   12   -7    9  -11    9   -6   17    1    1    9  -14  -13   14
    1    6    7    1    3    4    3    1      3175   11    2    8    3   -2  -12   -7    9   -9  -13   12   -2   -2    8   12   11   10  -20
    1    6    8    1    2    1    2    1       905    5   -7    7  -10   -2   -7   -8   -3  -14   -7    9   11    0   -3    6  -13   -3    0
    1    6    9    1    1    5    1    1       567    2  -12  -13   15   -5   10   -2    7   -7    9   -6   14    1    0   14   -6  -11   13
    1    6   10    1    1    3    1    1       722    2   -9  -14   14   -6   12  -10    5  -14    8   -2   15    3   -3    4    1  -11   11
    1    6   11    1    1    1    1    1      1383   -1  -11   -8   10   -3   11   -5    7  -13    7   -3   17    1    1   14    0  -13   11
    1    6   12    1    3    3    3    1       577    7    2    0   -7   -3  -11   -9   10  -10  -13   17    2   -1   15   12    9    9  -12
    1    6   13    1    2    3    2    1       939    6   -5   10  -11   -1   -7  -10   -4  -15    0    8   11    1   -3    6  -15    0    0
    1    6   14    1    2    5    2    1       935    7   -8    9  -12    0   -5   -8   -3  -14   -1    8   12   -3   -5    5  -14    1   -2
    1    6   15    1    2    2    2    1       563    5   -7   11  -13    1   -6   -7   -5  -14    1    9   11   -2   -3    6  -15   -1    2
    1    7    1    1    3    3    3    1       766    7    2    0   -7   -3  -11   -9   10  -10  -13   17    2   -1   15   12    9    9  -12
    1    7    2    1    2    5    2    1       673    7   -8    9  -12    0   -5   -8   -3  -14   -1    8   12   -3   -5    5  -14    1   -2
    1    7    3    1    1    3    1    1       727    2   -9  -14   14   -6   12  -10    5  -14    8   -2   15    3   -3    4    1  -11   11
    1    7    4    1    1    4    1    1       476    0  -10  -13    8   -6   12   -7    9  -11    9   -6   17    1    1    9  -14  -13   14
    1    7    5    1    1    2    1    1      1115   -1   -9  -13   15   -3   10   -4    4  -10    7   -5   17    2    0   14   -6  -11   11
    1    7    6    1    3    2    3    1       528    5    5    3   -8    1  -11   -3   11   -9  -16   16    2  -11   12   14   11   10  -14
    1    7    7    1    2    2    2    1       668    5   -7   11  -13    1   -6   -7   -5  -14    1    9   11   -2   -3    6  -15   -1    2
    1    7    8    1    3    5    3    1      1267    4    4    1   -1   -2  -11   -7    9   -6  -16   18    2    0   17   14   10    9  -13
    1    7    9    1    1    5    1    1       626    2  -12  -13   15   -5   10   -2    7   -7    9   -6   14    1    0   14   -6  -11   13
    1    7   10    1    3    1    3    1       715    8    3   -3  -12   -1  -10   -7   12   -9  -12   14    1   -3   16   13    9   10  -12
    1    7   11    1    2    1    2    1      1215    5   -7    7  -10   -2   -7   -8   -3  -14   -7    9   11    0   -3    6  -13   -3    0
    1    7   12    1    1    1    1    1       656   -1  -11   -8   10   -3   11   -5    7  -13    7   -3   17    1    1   14    0  -13   11
    1    7   13    1    2    4    2    1      1752    3   -4    9  -10    1   -7   -9   -6  -13    2    8   10   -2   -5    5  -12    6    7
    1    7   14    1    3    4    3    1      1379   11    2    8    3   -2  -12   -7    9   -9  -13   12   -2   -2    8   12   11   10  -20
    1    7   15    1    2    3    2    1       702    6   -5   10  -11   -1   -7  -10   -4  -15    0    8   11    1   -3    6  -15    0    0
    1    8    1    1    3    2    3    1      2083    5    5    3   -8    1  -11   -3   11   -9  -16   16    2  -11   12   14   11   10  -14
    1    8    2    1    1    3    1    1      2417    2   -9  -14   14   -6   12  -10    5  -14    8   -2   15    3   -3    4    1  -11   11
    1    8    3    1    2    4    3    0      1154    3   -4    9  -10    1   -7   -9   -6  -13    2    8   10   -2   -5    5  -12    6    7
    1    8    4    1    1    1    1    1      1717   -1  -11   -8   10   -3   11   -5    7  -13    7   -3   17    1    1   14    0  -13   11
    1    8    5    1    2    3    2    1       866    6   -5   10  -11   -1   -7  -10   -4  -15    0    8   11    1   -3    6  -15    0    0
    1    8    6    1    1    4    1    1      1713    0  -10  -13    8   -6   12   -7    9  -11    9   -6   17    1    1    9  -14  -13   14
    1    8    7    1    3    5    3    1       574    4    4    1   -1   -2  -11   -7    9   -6  -16   18    2    0   17   14   10    9  -13
    1    8    8    1    2    1    2    1      1720    5   -7    7  -10   -2   -7   -8   -3  -14   -7    9   11    0   -3    6  -13   -3    0
    1    8    9    1    2    5    2    1      1077    7   -8    9  -12    0   -5   -8   -3  -14   -1    8   12   -3   -5    5  -14    1   -2
    1    8   10    1    3    4    3    1      1292   11    2    8    3   -2  -12   -7    9   -9  -13   12   -2   -2    8   12   11   10  -20
    1    8   11    1    1    5    1    1       698    2  -12  -13   15   -5   10   -2    7   -7    9   -6   14    1    0   14   -6  -11   13
    1    8   12    1    1    2    1    1      2431   -1   -9  -13   15   -3   10   -4    4  -10    7   -5   17    2    0   14   -6  -11   11
    1    8   13    1    2    2    2    1      1247    5   -7   11  -13    1   -6   -7   -5  -14    1    9   11   -2   -3    6  -15   -1    2
    1    8   14    1    3    1    3    1      2095    8    3   -3  -12   -1  -10   -7   12   -9  -12   14    1   -3   16   13    9   10  -12
    1    8   15    1    3    3    3    1       669    7    2    0   -7   -3  -11   -9   10  -10  -13   17    2   -1   15   12    9    9  -12
    1    9    1    1    1    1    1    1       660   -1  -11   -8   10   -3   11   -5    7  -13    7   -3   17    1    1   14    0  -13   11
    1    9    2    1    3    2    3    1       923    5    5    3   -8    1  -11   -3   11   -9  -16   16    2  -11   12   14   11   10  -14
    1    9    3    1    2    2    2    1       695    5   -7   11  -13    1   -6   -7   -5  -14    1    9   11   -2   -3    6  -15   -1    2
    1    9    4    1    2    3    2    1       686    6   -5   10  -11   -1   -7  -10   -4  -15    0    8   11    1   -3    6  -15    0    0
    1    9    5    1    2    5    2    1       772    7   -8    9  -12    0   -5   -8   -3  -14   -1    8   12   -3   -5    5  -14    1   -2
    1    9    6    1    3    1    3    1       710    8    3   -3  -12   -1  -10   -7   12   -9  -12   14    1   -3   16   13    9   10  -12
    1    9    7    1    1    4    1    1       940    0  -10  -13    8   -6   12   -7    9  -11    9   -6   17    1    1    9  -14  -13   14
    1    9    8    1    3    3    3    1       600    7    2    0   -7   -3  -11   -9   10  -10  -13   17    2   -1   15   12    9    9  -12
    1    9    9    1    2    1    2    1      1105    5   -7    7  -10   -2   -7   -8   -3  -14   -7    9   11    0   -3    6  -13   -3    0
    1    9   10    1    3    4    3    1       839   11    2    8    3   -2  -12   -7    9   -9  -13   12   -2   -2    8   12   11   10  -20
    1    9   11    1    1    5    1    1       679    2  -12  -13   15   -5   10   -2    7   -7    9   -6   14    1    0   14   -6  -11   13
    1    9   12    1    3    5    3    1       573    4    4    1   -1   -2  -11   -7    9   -6  -16   18    2    0   17   14   10    9  -13
    1    9   13    1    1    3    1    1      2632    2   -9  -14   14   -6   12  -10    5  -14    8   -2   15    3   -3    4    1  -11   11
    1    9   14    1    1    2    1    1      1072   -1   -9  -13   15   -3   10   -4    4  -10    7   -5   17    2    0   14   -6  -11   11
    1    9   15    1    2    4    2    1      3223    3   -4    9  -10    1   -7   -9   -6  -13    2    8   10   -2   -5    5  -12    6    7
    1   10    1    1    1    4    1    1      1032    0  -10  -13    8   -6   12   -7    9  -11    9   -6   17    1    1    9  -14  -13   14
    1   10    2    1    1    1    1    1      1040   -1  -11   -8   10   -3   11   -5    7  -13    7   -3   17    1    1   14    0  -13   11
    1   10    3    1    2    2    2    1       776    5   -7   11  -13    1   -6   -7   -5  -14    1    9   11   -2   -3    6  -15   -1    2
    1   10    4    1    2    4    2    1       699    3   -4    9  -10    1   -7   -9   -6  -13    2    8   10   -2   -5    5  -12    6    7
    1   10    5    1    3    3    3    1       656    7    2    0   -7   -3  -11   -9   10  -10  -13   17    2   -1   15   12    9    9  -12
    1   10    6    1    2    1    2    1      1000    5   -7    7  -10   -2   -7   -8   -3  -14   -7    9   11    0   -3    6  -13   -3    0
    1   10    7    1    3    4    3    1      1057   11    2    8    3   -2  -12   -7    9   -9  -13   12   -2   -2    8   12   11   10  -20
    1   10    8    1    3    2    3    1      1624    5    5    3   -8    1  -11   -3   11   -9  -16   16    2  -11   12   14   11   10  -14
    1   10    9    1    1    5    1    1       809    2  -12  -13   15   -5   10   -2    7   -7    9   -6   14    1    0   14   -6  -11   13
    1   10   10    1    3    1    3    1       875    8    3   -3  -12   -1  -10   -7   12   -9  -12   14    1   -3   16   13    9   10  -12
    1   10   11    1    2    5    2    1      1129    7   -8    9  -12    0   -5   -8   -3  -14   -1    8   12   -3   -5    5  -14    1   -2
    1   10   12    1    1    3    1    1       750    2   -9  -14   14   -6   12  -10    5  -14    8   -2   15    3   -3    4    1  -11   11
    1   10   13    1    3    5    3    1       673    4    4    1   -1   -2  -11   -7    9   -6  -16   18    2    0   17   14   10    9  -13
    1   10   14    1    2    3    2    1      3032    6   -5   10  -11   -1   -7  -10   -4  -15    0    8   11    1   -3    6  -15    0    0
    1   10   15    1    1    2    1    1       768   -1   -9  -13   15   -3   10   -4    4  -10    7   -5   17    2    0   14   -6  -11   11
    1   11    1    1    3    5    3    1      1091    4    4    1   -1   -2  -11   -7    9   -6  -16   18    2    0   17   14   10    9  -13
    1   11    2    1    2    2    2    1       825    5   -7   11  -13    1   -6   -7   -5  -14    1    9   11   -2   -3    6  -15   -1    2
    1   11    3    1    1    1    1    1      1738   -1  -11   -8   10   -3   11   -5    7  -13    7   -3   17    1    1   14    0  -13   11
    1   11    4    1    3    3    3    1      1478    7    2    0   -7   -3  -11   -9   10  -10  -13   17    2   -1   15   12    9    9  -12
    1   11    5    1    1    4    1    1       669    0  -10  -13    8   -6   12   -7    9  -11    9   -6   17    1    1    9  -14  -13   14
    1   11    6    1    1    5    1    1       707    2  -12  -13   15   -5   10   -2    7   -7    9   -6   14    1    0   14   -6  -11   13
    1   11    7    1    2    4    2    1      1080    3   -4    9  -10    1   -7   -9   -6  -13    2    8   10   -2   -5    5  -12    6    7
    1   11    8    1    2    5    2    1       575    7   -8    9  -12    0   -5   -8   -3  -14   -1    8   12   -3   -5    5  -14    1   -2
    1   11    9    1    1    3    1    1       521    2   -9  -14   14   -6   12  -10    5  -14    8   -2   15    3   -3    4    1  -11   11
    1   11   10    1    3    1    2    0       806    8    3   -3  -12   -1  -10   -7   12   -9  -12   14    1   -3   16   13    9   10  -12
    1   11   11    1    3    4    3    1      3319   11    2    8    3   -2  -12   -7    9   -9  -13   12   -2   -2    8   12   11   10  -20
    1   11   12    1    2    1    2    1       708    5   -7    7  -10   -2   -7   -8   -3  -14   -7    9   11    0   -3    6  -13   -3    0
    1   11   13    1    3    2    3    1       553    5    5    3   -8    1  -11   -3   11   -9  -16   16    2  -11   12   14   11   10  -14
    1   11   14    1    1    2    1    1      2421   -1   -9  -13   15   -3   10   -4    4  -10    7   -5   17    2    0   14   -6  -11   11
    1   11   15    1    2    3    2    1       774    6   -5   10  -11   -1   -7  -10   -4  -15    0    8   11    1   -3    6  -15    0    0
    1   12    1    1    2    4    2    1      1528    3   -4    9  -10    1   -7   -9   -6  -13    2    8   10   -2   -5    5  -12    6    7
    1   12    2    1    1    4    1    1      1277    0  -10  -13    8   -6   12   -7    9  -11    9   -6   17    1    1    9  -14  -13   14
    1   12    3    1    2    1    2    1      4796    5   -7    7  -10   -2   -7   -8   -3  -14   -7    9   11    0   -3    6  -13   -3    0
    1   12    4    1    2    5    2    1      4061    7   -8    9  -12    0   -5   -8   -3  -14   -1    8   12   -3   -5    5  -14    1   -2
    1   12    5    1    3    1    3    1       637    8    3   -3  -12   -1  -10   -7   12   -9  -12   14    1   -3   16   13    9   10  -12
    1   12    6    1    3    2    3    1       837    5    5    3   -8    1  -11   -3   11   -9  -16   16    2  -11   12   14   11   10  -14
    1   12    7    1    3    5    3    1       837    4    4    1   -1   -2  -11   -7    9   -6  -16   18    2    0   17   14   10    9  -13
    1   12    8    1    3    3    3    1       901    7    2    0   -7   -3  -11   -9   10  -10  -13   17    2   -1   15   12    9    9  -12
    1   12    9    1    2    2    2    1       642    5   -7   11  -13    1   -6   -7   -5  -14    1    9   11   -2   -3    6  -15   -1    2
    1   12   10    1    1    5    1    1       554    2  -12  -13   15   -5   10   -2    7   -7    9   -6   14    1    0   14   -6  -11   13
    1   12   11    1    1    2    1    1       966   -1   -9  -13   15   -3   10   -4    4  -10    7   -5   17    2    0   14   -6  -11   11
    1   12   12    1    1    3    1    1       624    2   -9  -14   14   -6   12  -10    5  -14    8   -2   15    3   -3    4    1  -11   11
    1   12   13    1    2    3    2    1       681    6   -5   10  -11   -1   -7  -10   -4  -15    0    8   11    1   -3    6  -15    0    0
    1   12   14    1    1    1    1    1       927   -1  -11   -8   10   -3   11   -5    7  -13    7   -3   17    1    1   14    0  -13   11
    1   12   15    1    3    4    3    1      1340   11    2    8    3   -2  -12   -7    9   -9  -13   12   -2   -2    8   12   11   10  -20
    1   13    1    1    2    4    2    1      1080    3   -4    9  -10    1   -7   -9   -6  -13    2    8   10   -2   -5    5  -12    6    7
    1   13    2    1    2    1    2    1      1198    5   -7    7  -10   -2   -7   -8   -3  -14   -7    9   11    0   -3    6  -13   -3    0
    1   13    3    1    2    5    2    1      1888    7   -8    9  -12    0   -5   -8   -3  -14   -1    8   12   -3   -5    5  -14    1   -2
    1   13    4    1    1    4    1    1       806    0  -10  -13    8   -6   12   -7    9  -11    9   -6   17    1    1    9  -14  -13   14
    1   13    5    1    2    3    2    1      1255    6   -5   10  -11   -1   -7  -10   -4  -15    0    8   11    1   -3    6  -15    0    0
    1   13    6    1    3    2    3    1       999    5    5    3   -8    1  -11   -3   11   -9  -16   16    2  -11   12   14   11   10  -14
    1   13    7    1    1    1    1    1      2576   -1  -11   -8   10   -3   11   -5    7  -13    7   -3   17    1    1   14    0  -13   11
    1   13    8    1    1    3    1    1       971    2   -9  -14   14   -6   12  -10    5  -14    8   -2   15    3   -3    4    1  -11   11
    1   13    9    1    3    1    3    1       982    8    3   -3  -12   -1  -10   -7   12   -9  -12   14    1   -3   16   13    9   10  -12
    1   13   10    1    2    2    2    1       752    5   -7   11  -13    1   -6   -7   -5  -14    1    9   11   -2   -3    6  -15   -1    2
    1   13   11    1    3    5    3    1       515    4    4    1   -1   -2  -11   -7    9   -6  -16   18    2    0   17   14   10    9  -13
    1   13   12    1    3    3    3    1       752    7    2    0   -7   -3  -11   -9   10  -10  -13   17    2   -1   15   12    9    9  -12
    1   13   13    1    1    5    1    1       979    2  -12  -13   15   -5   10   -2    7   -7    9   -6   14    1    0   14   -6  -11   13
    1   13   14    1    3    4    3    1      2014   11    2    8    3   -2  -12   -7    9   -9  -13   12   -2   -2    8   12   11   10  -20
    1   13   15    1    1    2    1    1      1039   -1   -9  -13   15   -3   10   -4    4  -10    7   -5   17    2    0   14   -6  -11   11
    1   14    1    1    3    4    3    1       583   11    2    8    3   -2  -12   -7    9   -9  -13   12   -2   -2    8   12   11   10  -20
    1   14    2    1    2    5    2    1       721    7   -8    9  -12    0   -5   -8   -3  -14   -1    8   12   -3   -5    5  -14    1   -2
    1   14    3    1    1    1    1    1      4837   -1  -11   -8   10   -3   11   -5    7  -13    7   -3   17    1    1   14    0  -13   11
    1   14    4    1    1    4    1    1      1158    0  -10  -13    8   -6   12   -7    9  -11    9   -6   17    1    1    9  -14  -13   14
    1   14    5    1    3    2    3    1      2601    5    5    3   -8    1  -11   -3   11   -9  -16   16    2  -11   12   14   11   10  -14
    1   14    6    1    3    3    3    1       706    7    2    0   -7   -3  -11   -9   10  -10  -13   17    2   -1   15   12    9    9  -12
    1   14    7    1    3    5    3    1      1640    4    4    1   -1   -2  -11   -7    9   -6  -16   18    2    0   17   14   10    9  -13
    1   14    8    1    3    1    3    1      2248    8    3   -3  -12   -1  -10   -7   12   -9  -12   14    1   -3   16   13    9   10  -12
    1   14    9    1    2    4    2    1       911    3   -4    9  -10    1   -7   -9   -6  -13    2    8   10   -2   -5    5  -12    6    7
    1   14   10    1    1    2    1    1       637   -1   -9  -13   15   -3   10   -4    4  -10    7   -5   17    2    0   14   -6  -11   11
    1   14   11    1    2    2    2    1      1781    5   -7   11  -13    1   -6   -7   -5  -14    1    9   11   -2   -3    6  -15   -1    2
    1   14   12    1    2    3    2    1      2255    6   -5   10  -11   -1   -7  -10   -4  -15    0    8   11    1   -3    6  -15    0    0
    1   14   13    1    2    1    2    1      1910    5   -7    7  -10   -2   -7   -8   -3  -14   -7    9   11    0   -3    6  -13   -3    0
    1   14   14    1    1    3    1    1       876    2   -9  -14   14   -6   12  -10    5  -14    8   -2   15    3   -3    4    1  -11   11
    1   14   15    1    1    5    1    1      2138    2  -12  -13   15   -5   10   -2    7   -7    9   -6   14    1    0   14   -6  -11   13
    1   15    1    1    3    4    3    1      1318   11    2    8    3   -2  -12   -7    9   -9  -13   12   -2   -2    8   12   11   10  -20
    1   15    2    1    2    1    2    1      1347    5   -7    7  -10   -2   -7   -8   -3  -14   -7    9   11    0   -3    6  -13   -3    0
    1   15    3    1    3    2    3    1       607    5    5    3   -8    1  -11   -3   11   -9  -16   16    2  -11   12   14   11   10  -14
    1   15    4    1    2    2    2    1       936    5   -7   11  -13    1   -6   -7   -5  -14    1    9   11   -2   -3    6  -15   -1    2
    1   15    5    1    1    4    1    1       660    0  -10  -13    8   -6   12   -7    9  -11    9   -6   17    1    1    9  -14  -13   14
    1   15    6    1    2    3    2    1       572    6   -5   10  -11   -1   -7  -10   -4  -15    0    8   11    1   -3    6  -15    0    0
    1   15    7    1    1    2    1    1       678   -1   -9  -13   15   -3   10   -4    4  -10    7   -5   17    2    0   14   -6  -11   11
    1   15    8    1    1    3    1    1      1533    2   -9  -14   14   -6   12  -10    5  -14    8   -2   15    3   -3    4    1  -11   11
    1   15    9    1    3    1    3    1      1473    8    3   -3  -12   -1  -10   -7   12   -9  -12   14    1   -3   16   13    9   10  -12
    1   15   10    1    3    5    3    1       680    4    4    1   -1   -2  -11   -7    9   -6  -16   18    2    0   17   14   10    9  -13
    1   15   11    1    1    5    1    1       846    2  -12  -13   15   -5   10   -2    7   -7    9   -6   14    1    0   14   -6  -11   13
    1   15   12    1    1    1    1    1       830   -1  -11   -8   10   -3   11   -5    7  -13    7   -3   17    1    1   14    0  -13   11
    1   15   13    1    3    3    3    1       622    7    2    0   -7   -3  -11   -9   10  -10  -13   17    2   -1   15   12    9    9  -12
    1   15   14    1    2    4    2    1       807    3   -4    9  -10    1   -7   -9   -6  -13    2    8   10   -2   -5    5  -12    6    7
    1   15   15    1    2    5    2    1       760    7   -8    9  -12    0   -5   -8   -3  -14   -1    8   12   -3   -5    5  -14    1   -2
    2    1    1    1    2    1    1    1      2432    5   -7    7  -10   -2   -7   -8   -3  -14   -7    9   11    0   -3    6  -13   -3    0
    2    1    2    6    0    0    2    1      1120   11   -1   -5    6    9    2    3  -11    6  -10   -2   -9   -9    8  -13   -6    2   -1
    2    1    3    2    2    0    1    0      1125    6   -7    9  -11    0   -6   -9   -5  -14    0    9   12   -1   -4    6  -14   -1    0
    2    1    4    6    0    0    1    0       842  -19  -19    4   -5   -8    4  -14   11    2   -2  -12    3   -8  -16   11  -12  -10    7
    2    1    5    6    0    0    2    1      1241  -21  -16    7   -2  -17   11  -18    7   -2   -1  -11   -7    0  -24   13  -13  -10    3
    2    1    6    4    2    1    1    0       890    4   -7   10  -12    2   -8   -7   -7  -13   -2    7   14   -2   -4    1  -21   -1   -2
    2    1    7    4    2    2    1    0      1144    6   -6   10  -11   -2   -6  -13   -1  -16    5    7   11   -2   -3    7  -13   -1    2
    2    1    8    1    3    2    1    1       844    5    5    3   -8    1  -11   -3   11   -9  -16   16    2  -11   12   14   11   10  -14
    2    1    9    1    2    3    1    1      1324    6   -5   10  -11   -1   -7  -10   -4  -15    0    8   11    1   -3    6  -15    0    0
    2    1   10    4    1    5    1    0      3657    2  -11  -15   11   -6   15   -2    4  -11   11   -4   17    1    0   14   -6  -13   13
    2    1   11    1    1    4    1    1      1080    0  -10  -13    8   -6   12   -7    9  -11    9   -6   17    1    1    9  -14  -13   14
    2    1   12    6    0    0    2    1      1118    4  -11   -5    7    4  -20   16   13   -5  -13   16   -5    3    3  -12    5   -1   14
    2    1   13    1    3    4    1    1      1635   11    2    8    3   -2  -12   -7    9   -9  -13   12   -2   -2    8   12   11   10  -20
    2    1   14    4    2    3    2    1      1011    0  -16    0   -7    1   -4   -8   -2  -13    0    8   13    8    3    8  -14   -9    4
    2    1   15    1    1    5    1    1      1277    2  -12  -13   15   -5   10   -2    7   -7    9   -6   14    1    0   14   -6  -11   13
    2    1   16    1    2    4    1    1      1755    3   -4    9  -10    1   -7   -9   -6  -13    2    8   10   -2   -5    5  -12    6    7
    2    1   17    1    1    3    1    1      3958    2   -9  -14   14   -6   12  -10    5  -14    8   -2   15    3   -3    4    1  -11   11
    2    1   18    4    3    5    2    1      2426    6    4    2  -12   -1  -14   -8   12   -7  -13   18    3  -11   10    5    2   10  -12
    2    1   19    4    1    4    2    1      1115    3   -9  -14   15   -4   13   -2   11   -9    4   -4   16    1    1   17  -14  -16    9
    2    1   20    4    1    3    2    1      1440    7   -2   -9   17   -1   13   -3    4  -13    9   -5   17    2   -2   14   -6   -8    2
    2    1   21    1    2    2    1    1      1256    5   -7   11  -13    1   -6   -7   -5  -14    1    9   11   -2   -3    6  -15   -1    2
    2    1   22    4    3    4    1    0      1479    5    3   -3   -7    0  -10   -9   12   -7  -13   17    0   -3   16   13   11   10  -14
    2    1   23    6    0    0    2    1      2990    8   -1   -5    6   11   14    2   -5    5   -8   -1  -12   -5   11  -12   -4    5    0
    2    1   24    4    3    3    2    1      1400    8    3   -3   -6   -2  -11   -7   11   -5  -19   13   -2   -2   14   12   11   11  -14
    2    1   25    6    0    0    2    1      1217    3   -9   -3    7   -4  -13    4   13   -7  -10    9  -12    4    7  -12    5    1   13
    2    1   26    4    1    1    2    1      3554    1   -9  -14   15   -3   11   -9    2  -11   11   -5   16    1   -2   13   -5   -8   20
    2    1   27    4    2    4    2    1      1206    7   -7   10  -11   -5   -5   -9   -3  -13   -1   11   10   -7    2    6  -13    0    5
    2    1   28    4    3    1    1    0       983    7    4    2   -8   -1  -14   -6    9  -10  -15   16    2    0   14   13    9    8  -12
    2    1   29    1    3    5    1    1       881    4    4    1   -1   -2  -11   -7    9   -6  -16   18    2    0   17   14   10    9  -13
    2    1   30    1    1    2    2    0      1423   -1   -9  -13   15   -3   10   -4    4  -10    7   -5   17    2    0   14   -6  -11   11
    2    1   31    4    3    2    2    1      1448    8    2    8   -5   -4  -17   -7   12   -7  -14   16    3   -1   15    6    5   11  -20
    2    1   32    4    1    2    2    1      1055    2  -13  -19    7   -6   10   -2    7  -11    9   -4   13    0   -3   14   -3   -7   15
    2    1   33    1    3    3    1    1       615    7    2    0   -7   -3  -11   -9   10  -10  -13   17    2   -1   15   12    9    9  -12
    2    1   34    1    1    1    2    0      1759   -1  -11   -8   10   -3   11   -5    7  -13    7   -3   17    1    1   14    0  -13   11
    2    1   35    1    3    1    1    1       651    8    3   -3  -12   -1  -10   -7   12   -9  -12   14    1   -3   16   13    9   10  -12
    2    1   36    1    2    5    1    1      1586    7   -8    9  -12    0   -5   -8   -3  -14   -1    8   12   -3   -5    5  -14    1   -2
    2    1   37    2    3    0    1    0       948    7    3   -2   -7   -1  -12   -7   10   -8  -14   16    1   -2   16   13   10   10  -13
    2    1   38    4    2    5    1    0      1311    7   -6    4   -6   -1   -5   -7   -5  -12    0   10   12   -4   -8    4  -14   -1    1
    2    1   39    2    1    0    1    0      2925    1  -11  -14   13   -5   11   -4    6  -12    9   -4   15    1   -1   13   -4  -12   12
