    1    1    1    1    2    3    1    0      4263    0   -6    4   -2  -10   -9   10   -3   -8    7    1    2  -11    3    0    9   -3   -8
    1    1    2    1    2    4    3    0      3635   -1   -7    2   -3  -14    1    9   -3    9    0    9    8  -16    7    3    6   -5  -17
    1    1    3    1    3    5    2    0      2003  -11   -9  -12    6  -14   -7   12   -6   -5   -6    5   16    6   -6    3   11    4   -7
    1    1    4    1    1    2    1    1      2884  -11    0   14    3   16    1  -13  -13   -2    5    6   -4   13   -3   -1   10   10    2
    1    1    5    1    1    3    3    0      2530   -9    5   12    0    3    4  -13  -14   -9   13    7   -3   13   -2  -15   14    4   -7
    1    1    6    1    2    5    2    1      3006   -3   -1    8    2    0   -7    7   -4    0    0   11    7  -10    2    0    3   -3   -9
    1    1    7    1    3    2    3    1      1175  -14  -15  -22    4  -13   -6   13  -16   -8   -7    5   15    6   -8    3    8    4   -5
    1    1    8    1    3    3    3    1       858   -7  -13  -13    2  -15   -7   14   -7   -8   -8    7   15    7   -6    5   17    7   -2
    1    1    9    1    1    1    2    0      1289   -7    3   12   -2    4    1   -5  -24  -19   16    7   -4    5   -3   -8    7    4   -6
    1    1   10    1    1    4    2    0      1815   -8    3   11    1    5    1  -19   -5  -12   18    4   -1   11   -4   -6    8    4   -8
    1    1   11    1    3    1    1    0      2031  -10  -16  -16    5  -17  -11   15   -7   -9   -6    5   13    6   -7    0   12   12    2
    1    1   12    1    2    1    2    1      2112   -1   -5    4   -2   -8   -6   17  -11    1   -2   11    7   -5    7    4    8   -2   -8
    1    1   13    1    3    4    3    1      1964   -7  -11  -15    3  -24   -4   12   -6   -8   -7    5   13   11    0    3   12    3   -9
    1    1   14    1    1    5    1    1      1007   -8    6   12   -1    5    2   -7  -16  -11   14    8   -1   11   -3   -4    6    3   -5
    1    1   15    1    2    2    3    0      1432    0   -6    2    2   -4   -3   16    4   -3    2   12    6  -12    2    1    6   -9   -7
    1    2    1    1    1    2    1    1      1072  -11    0   14    3   16    1  -13  -13   -2    5    6   -4   13   -3   -1   10   10    2
    1    2    2    1    3    2    3    1       519  -14  -15  -22    4  -13   -6   13  -16   -8   -7    5   15    6   -8    3    8    4   -5
    1    2    3    1    3    1    2    0       772  -10  -16  -16    5  -17  -11   15   -7   -9   -6    5   13    6   -7    0   12   12    2
    1    2    4    1    2    4    1    0      1254   -1   -7    2   -3  -14    1    9   -3    9    0    9    8  -16    7    3    6   -5  -17
    1    2    5    1    1    5    1    1      1061   -8    6   12   -1    5    2   -7  -16  -11   14    8   -1   11   -3   -4    6    3   -5
    1    2    6    1    1    1    1    1       493   -7    3   12   -2    4    1   -5  -24  -19   16    7   -4    5   -3   -8    7    4   -6
    1    2    7    1    2    1    3    0      2347   -1   -5    4   -2   -8   -6   17  -11    1   -2   11    7   -5    7    4    8   -2   -8
    1    2    8    1    3    3    3    1      1262   -7  -13  -13    2  -15   -7   14   -7   -8   -8    7   15    7   -6    5   17    7   -2
    1    2    9    1    1    3    1    1       781   -9    5   12    0    3    4  -13  -14   -9   13    7   -3   13   -2  -15   14    4   -7
    1    2   10    1    2    2    3    0       895    0   -6    2    2   -4   -3   16    4   -3    2   12    6  -12    2    1    6   -9   -7
    1    2   11    1    1    4    1    1       702   -8    3   11    1    5    1  -19   -5  -12   18    4   -1   11   -4   -6    8    4   -8
    1    2   12    1    3    5    2    0       755  -11   -9  -12    6  -14   -7   12   -6   -5   -6    5   16    6   -6    3   11    4   -7
    1    2   13    1    3    4    3    1      1830   -7  -11  -15    3  -24   -4   12   -6   -8   -7    5   13   11    0    3   12    3   -9
    1    2   14    1    2    5    2    1      1150   -3   -1    8    2    0   -7    7   -4    0    0   11    7  -10    2    0    3   -3   -9
    1    2   15    1    2    3    2    1      1025    0   -6    4   -2  -10   -9   10   -3   -8    7    1    2  -11    3    0    9   -3   -8
    1    3    1    1    2    3    2    1       554    0   -6    4   -2  -10   -9   10   -3   -8    7    1    2  -11    3    0    9   -3   -8
    1    3    2    1    2    5    2    1       645   -3   -1    8    2    0   -7    7   -4    0    0   11    7  -10    2    0    3   -3   -9
    1    3    3    1    3    1    1    0      2461  -10  -16  -16    5  -17  -11   15   -7   -9   -6    5   13    6   -7    0   12   12    2
    1    3    4    1    1    5    1    1       524   -8    6   12   -1    5    2   -7  -16  -11   14    8   -1   11   -3   -4    6    3   -5
    1    3    5    1    1    2    1    1       905  -11    0   14    3   16    1  -13  -13   -2    5    6   -4   13   -3   -1   10   10    2
    1    3    6    1    2    4    2    1      1862   -1   -7    2   -3  -14    1    9   -3    9    0    9    8  -16    7    3    6   -5  -17
    1    3    7    1    1    1    1    1       749   -7    3   12   -2    4    1   -5  -24  -19   16    7   -4    5   -3   -8    7    4   -6
    1    3    8    1    1    3    1    1       673   -9    5   12    0    3    4  -13  -14   -9   13    7   -3   13   -2  -15   14    4   -7
    1    3    9    1    3    3    2    0      2135   -7  -13  -13    2  -15   -7   14   -7   -8   -8    7   15    7   -6    5   17    7   -2
    1    3   10    1    3    2    1    0      1475  -14  -15  -22    4  -13   -6   13  -16   -8   -7    5   15    6   -8    3    8    4   -5
    1    3   11    1    2    2    3    0       922    0   -6    2    2   -4   -3   16    4   -3    2   12    6  -12    2    1    6   -9   -7
    1    3   12    1    3    5    3    1      2039  -11   -9  -12    6  -14   -7   12   -6   -5   -6    5   16    6   -6    3   11    4   -7
    1    3   13    1    3    4    2    0      1526   -7  -11  -15    3  -24   -4   12   -6   -8   -7    5   13   11    0    3   12    3   -9
    1    3   14    1    2    1    3    0      3739   -1   -5    4   -2   -8   -6   17  -11    1   -2   11    7   -5    7    4    8   -2   -8
    1    3   15    1    1    4    1    1      2167   -8    3   11    1    5    1  -19   -5  -12   18    4   -1   11   -4   -6    8    4   -8
    1    4    1    1    1    2    1    1       722  -11    0   14    3   16    1  -13  -13   -2    5    6   -4   13   -3   -1   10   10    2
    1    4    2    1    3    3    2    0      3254   -7  -13  -13    2  -15   -7   14   -7   -8   -8    7   15    7   -6    5   17    7   -2
    1    4    3    1    1    1    1    1      1685   -7    3   12   -2    4    1   -5  -24  -19   16    7   -4    5   -3   -8    7    4   -6
    1    4    4    1    1    3    1    1       883   -9    5   12    0    3    4  -13  -14   -9   13    7   -3   13   -2  -15   14    4   -7
    1    4    5    1    2    3    2    1      2865    0   -6    4   -2  -10   -9   10   -3   -8    7    1    2  -11    3    0    9   -3   -8
    1    4    6    1    3    4    2    0      2208   -7  -11  -15    3  -24   -4   12   -6   -8   -7    5   13   11    0    3   12    3   -9
    1    4    7    1    2    2    3    0      1081    0   -6    2    2   -4   -3   16    4   -3    2   12    6  -12    2    1    6   -9   -7
    1    4    8    1    1    4    1    1       847   -8    3   11    1    5    1  -19   -5  -12   18    4   -1   11   -4   -6    8    4   -8
    1    4    9    1    3    5    3    1      1790  -11   -9  -12    6  -14   -7   12   -6   -5   -6    5   16    6   -6    3   11    4   -7
    1    4   10    1    1    5    1    1       601   -8    6   12   -1    5    2   -7  -16  -11   14    8   -1   11   -3   -4    6    3   -5
    1    4   11    1    3    1    3    1      1122  -10  -16  -16    5  -17  -11   15   -7   -9   -6    5   13    6   -7    0   12   12    2
    1    4   12    1    2    5    3    0      1142   -3   -1    8    2    0   -7    7   -4    0    0   11    7  -10    2    0    3   -3   -9
    1    4   13    1    3    2    3    1      1098  -14  -15  -22    4  -13   -6   13  -16   -8   -7    5   15    6   -8    3    8    4   -5
    1    4   14    1    2    4    1    0       832   -1   -7    2   -3  -14    1    9   -3    9    0    9    8  -16    7    3    6   -5  -17
    1    4   15    1    2    1    2    1      2287   -1   -5    4   -2   -8   -6   17  -11    1   -2   11    7   -5    7    4    8   -2   -8
    1    5    1    1    2    4    1    0      1350   -1   -7    2   -3  -14    1    9   -3    9    0    9    8  -16    7    3    6   -5  -17
    1    5    2    1    3    4    2    0       769   -7  -11  -15    3  -24   -4   12   -6   -8   -7    5   13   11    0    3   12    3   -9
    1    5    3    1    2    5    3    0      1571   -3   -1    8    2    0   -7    7   -4    0    0   11    7  -10    2    0    3   -3   -9
    1    5    4    1    3    3    3    1      1158   -7  -13  -13    2  -15   -7   14   -7   -8   -8    7   15    7   -6    5   17    7   -2
    1    5    5    1    1    1    1    1       921   -7    3   12   -2    4    1   -5  -24  -19   16    7   -4    5   -3   -8    7    4   -6
    1    5    6    1    2    2    2    1      5206    0   -6    2    2   -4   -3   16    4   -3    2   12    6  -12    2    1    6   -9   -7
    1    5    7    1    2    3    3    0      4935    0   -6    4   -2  -10   -9   10   -3   -8    7    1    2  -11    3    0    9   -3   -8
    1    5    8    1    1    4    1    1      1107   -8    3   11    1    5    1  -19   -5  -12   18    4   -1   11   -4   -6    8    4   -8
    1    5    9    1    2    1    2    1      1752   -1   -5    4   -2   -8   -6   17  -11    1   -2   11    7   -5    7    4    8   -2   -8
    1    5   10    1    1    2    3    0      2644  -11    0   14    3   16    1  -13  -13   -2    5    6   -4   13   -3   -1   10   10    2
    1    5   11    1    3    5    3    1      1083  -11   -9  -12    6  -14   -7   12   -6   -5   -6    5   16    6   -6    3   11    4   -7
    1    5   12    1    3    1    1    0      1457  -10  -16  -16    5  -17  -11   15   -7   -9   -6    5   13    6   -7    0   12   12    2
    1    5   13    1    1    5    1    1      1497   -8    6   12   -1    5    2   -7  -16  -11   14    8   -1   11   -3   -4    6    3   -5
    1    5   14    1    3    2    3    1      1054  -14  -15  -22    4  -13   -6   13  -16   -8   -7    5   15    6   -8    3    8    4   -5
    1    5   15    1    1    3    3    0      1237   -9    5   12    0    3    4  -13  -14   -9   13    7   -3   13   -2  -15   14    4   -7
    1    6    1    1    1    1    1    1       725   -7    3   12   -2    4    1   -5  -24  -19   16    7   -4    5   -3   -8    7    4   -6
    1    6    2    1    2    5    2    1      1210   -3   -1    8    2    0   -7    7   -4    0    0   11    7  -10    2    0    3   -3   -9
    1    6    3    1    2    1    2    1      2027   -1   -5    4   -2   -8   -6   17  -11    1   -2   11    7   -5    7    4    8   -2   -8
    1    6    4    1    3    1    2    0      3532  -10  -16  -16    5  -17  -11   15   -7   -9   -6    5   13    6   -7    0   12   12    2
    1    6    5    1    1    4    1    1      1184   -8    3   11    1    5    1  -19   -5  -12   18    4   -1   11   -4   -6    8    4   -8
    1    6    6    1    2    4    2    1      2706   -1   -7    2   -3  -14    1    9   -3    9    0    9    8  -16    7    3    6   -5  -17
    1    6    7    1    1    2    2    0      5015  -11    0   14    3   16    1  -13  -13   -2    5    6   -4   13   -3   -1   10   10    2
    1    6    8    1    3    3    3    1      1151   -7  -13  -13    2  -15   -7   14   -7   -8   -8    7   15    7   -6    5   17    7   -2
    1    6    9    1    3    4    2    0      2723   -7  -11  -15    3  -24   -4   12   -6   -8   -7    5   13   11    0    3   12    3   -9
    1    6   10    1    2    3    2    1      4807    0   -6    4   -2  -10   -9   10   -3   -8    7    1    2  -11    3    0    9   -3   -8
    1    6   11    1    2    2    3    0      6201    0   -6    2    2   -4   -3   16    4   -3    2   12    6  -12    2    1    6   -9   -7
    1    6   12    1    3    2    1    0       818  -14  -15  -22    4  -13   -6   13  -16   -8   -7    5   15    6   -8    3    8    4   -5
    1    6   13    1    1    5    1    1       722   -8    6   12   -1    5    2   -7  -16  -11   14    8   -1   11   -3   -4    6    3   -5
    1    6   14    1    3    5    3    1       967  -11   -9  -12    6  -14   -7   12   -6   -5   -6    5   16    6   -6    3   11    4   -7
    1    6   15    1    1    3    2    0       865   -9    5   12    0    3    4  -13  -14   -9   13    7   -3   13   -2  -15   14    4   -7
    1    7    1    1    2    3    3    0      2176    0   -6    4   -2  -10   -9   10   -3   -8    7    1    2  -11    3    0    9   -3   -8
    1    7    2    1    2    5    3    0      3691   -3   -1    8    2    0   -7    7   -4    0    0   11    7  -10    2    0    3   -3   -9
    1    7    3    1    3    1    2    0      1369  -10  -16  -16    5  -17  -11   15   -7   -9   -6    5   13    6   -7    0   12   12    2
    1    7    4    1    1    1    1    1       739   -7    3   12   -2    4    1   -5  -24  -19   16    7   -4    5   -3   -8    7    4   -6
    1    7    5    1    2    2    2    1      2839    0   -6    2    2   -4   -3   16    4   -3    2   12    6  -12    2    1    6   -9   -7
    1    7    6    1    1    4    1    1      1047   -8    3   11    1    5    1  -19   -5  -12   18    4   -1   11   -4   -6    8    4   -8
    1    7    7    1    2    4    3    0      1199   -1   -7    2   -3  -14    1    9   -3    9    0    9    8  -16    7    3    6   -5  -17
    1    7    8    1    3    4    2    0      1552   -7  -11  -15    3  -24   -4   12   -6   -8   -7    5   13   11    0    3   12    3   -9
    1    7    9    1    1    2    2    0       899  -11    0   14    3   16    1  -13  -13   -2    5    6   -4   13   -3   -1   10   10    2
    1    7   10    1    3    2    1    0       704  -14  -15  -22    4  -13   -6   13  -16   -8   -7    5   15    6   -8    3    8    4   -5
    1    7   11    1    1    3    1    1       742   -9    5   12    0    3    4  -13  -14   -9   13    7   -3   13   -2  -15   14    4   -7
    1    7   12    1    2    1    3    0      2026   -1   -5    4   -2   -8   -6   17  -11    1   -2   11    7   -5    7    4    8   -2   -8
    1    7   13    1    3    3    3    1      2010   -7  -13  -13    2  -15   -7   14   -7   -8   -8    7   15    7   -6    5   17    7   -2
    1    7   14    1    1    5    1    1       667   -8    6   12   -1    5    2   -7  -16  -11   14    8   -1   11   -3   -4    6    3   -5
    1    7   15    1    3    5    2    0      1026  -11   -9  -12    6  -14   -7   12   -6   -5   -6    5   16    6   -6    3   11    4   -7
    1    8    1    1    3    4    3    1      1595   -7  -11  -15    3  -24   -4   12   -6   -8   -7    5   13   11    0    3   12    3   -9
    1    8    2    1    3    3    3    1      5021   -7  -13  -13    2  -15   -7   14   -7   -8   -8    7   15    7   -6    5   17    7   -2
    1    8    3    1    1    5    1    1       741   -8    6   12   -1    5    2   -7  -16  -11   14    8   -1   11   -3   -4    6    3   -5
    1    8    4    1    2    4    2    1       521   -1   -7    2   -3  -14    1    9   -3    9    0    9    8  -16    7    3    6   -5  -17
    1    8    5    1    2    5    3    0      8966   -3   -1    8    2    0   -7    7   -4    0    0   11    7  -10    2    0    3   -3   -9
    1    8    6    1    2    1    1    0      1360   -1   -5    4   -2   -8   -6   17  -11    1   -2   11    7   -5    7    4    8   -2   -8
    1    8    7    1    2    3    1    0       780    0   -6    4   -2  -10   -9   10   -3   -8    7    1    2  -11    3    0    9   -3   -8
    1    8    8    1    2    2    1    0      1582    0   -6    2    2   -4   -3   16    4   -3    2   12    6  -12    2    1    6   -9   -7
    1    8    9    1    1    2    1    1      1551  -11    0   14    3   16    1  -13  -13   -2    5    6   -4   13   -3   -1   10   10    2
    1    8   10    1    1    3    1    1      1267   -9    5   12    0    3    4  -13  -14   -9   13    7   -3   13   -2  -15   14    4   -7
    1    8   11    1    3    5    2    0      2913  -11   -9  -12    6  -14   -7   12   -6   -5   -6    5   16    6   -6    3   11    4   -7
    1    8   12    1    1    1    1    1      1614   -7    3   12   -2    4    1   -5  -24  -19   16    7   -4    5   -3   -8    7    4   -6
    1    8   13    1    3    2    3    1      3983  -14  -15  -22    4  -13   -6   13  -16   -8   -7    5   15    6   -8    3    8    4   -5
    1    8   14    1    3    1    3    1       640  -10  -16  -16    5  -17  -11   15   -7   -9   -6    5   13    6   -7    0   12   12    2
    1    8   15    1    1    4    1    1      1224   -8    3   11    1    5    1  -19   -5  -12   18    4   -1   11   -4   -6    8    4   -8
    1    9    1    1    2    3    2    1       489    0   -6    4   -2  -10   -9   10   -3   -8    7    1    2  -11    3    0    9   -3   -8
    1    9    2    1    2    4    3    0      1847   -1   -7    2   -3  -14    1    9   -3    9    0    9    8  -16    7    3    6   -5  -17
    1    9    3    1    1    5    2    0       526   -8    6   12   -1    5    2   -7  -16  -11   14    8   -1   11   -3   -4    6    3   -5
    1    9    4    1    3    3    2    0      1803   -7  -13  -13    2  -15   -7   14   -7   -8   -8    7   15    7   -6    5   17    7   -2
    1    9    5    1    3    2    1    0       868  -14  -15  -22    4  -13   -6   13  -16   -8   -7    5   15    6   -8    3    8    4   -5
    1    9    6    1    1    2    1    1      3251  -11    0   14    3   16    1  -13  -13   -2    5    6   -4   13   -3   -1   10   10    2
    1    9    7    1    2    5    3    0      1698   -3   -1    8    2    0   -7    7   -4    0    0   11    7  -10    2    0    3   -3   -9
    1    9    8    1    2    1    1    0      1103   -1   -5    4   -2   -8   -6   17  -11    1   -2   11    7   -5    7    4    8   -2   -8
    1    9    9    1    3    1    2    0      1764  -10  -16  -16    5  -17  -11   15   -7   -9   -6    5   13    6   -7    0   12   12    2
    1    9   10    1    1    4    1    1      1023   -8    3   11    1    5    1  -19   -5  -12   18    4   -1   11   -4   -6    8    4   -8
    1    9   11    1    3    5    2    0      1080  -11   -9  -12    6  -14   -7   12   -6   -5   -6    5   16    6   -6    3   11    4   -7
    1    9   12    1    2    2    3    0      2046    0   -6    2    2   -4   -3   16    4   -3    2   12    6  -12    2    1    6   -9   -7
    1    9   13    1    1    1    1    1       558   -7    3   12   -2    4    1   -5  -24  -19   16    7   -4    5   -3   -8    7    4   -6
    1    9   14    1    3    4    2    0      1225   -7  -11  -15    3  -24   -4   12   -6   -8   -7    5   13   11    0    3   12    3   -9
    1    9   15    1    1    3    1    1       682   -9    5   12    0    3    4  -13  -14   -9   13    7   -3   13   -2  -15   14    4   -7
    1   10    1    1    2    2    3    0      3872    0   -6    2    2   -4   -3   16    4   -3    2   12    6  -12    2    1    6   -9   -7
    1   10    2    1    2    5    2    1      1174   -3   -1    8    2    0   -7    7   -4    0    0   11    7  -10    2    0    3   -3   -9
    1   10    3    1    2    1    2    1       713   -1   -5    4   -2   -8   -6   17  -11    1   -2   11    7   -5    7    4    8   -2   -8
    1   10    4    1    1    2    2    0      1853  -11    0   14    3   16    1  -13  -13   -2    5    6   -4   13   -3   -1   10   10    2
    1   10    5    1    3    2    3    1      1589  -14  -15  -22    4  -13   -6   13  -16   -8   -7    5   15    6   -8    3    8    4   -5
    1   10    6    1    1    4    1    1      1575   -8    3   11    1    5    1  -19   -5  -12   18    4   -1   11   -4   -6    8    4   -8
    1   10    7    1    3    1    2    0      1177  -10  -16  -16    5  -17  -11   15   -7   -9   -6    5   13    6   -7    0   12   12    2
    1   10    8    1    1    5    1    1       620   -8    6   12   -1    5    2   -7  -16  -11   14    8   -1   11   -3   -4    6    3   -5
    1   10    9    1    2    4    2    1      1077   -1   -7    2   -3  -14    1    9   -3    9    0    9    8  -16    7    3    6   -5  -17
    1   10   10    1    1    1    1    1       715   -7    3   12   -2    4    1   -5  -24  -19   16    7   -4    5   -3   -8    7    4   -6
    1   10   11    1    2    3    3    0      3008    0   -6    4   -2  -10   -9   10   -3   -8    7    1    2  -11    3    0    9   -3   -8
    1   10   12    1    3    5    2    0      1033  -11   -9  -12    6  -14   -7   12   -6   -5   -6    5   16    6   -6    3   11    4   -7
    1   10   13    1    3    4    3    1      1505   -7  -11  -15    3  -24   -4   12   -6   -8   -7    5   13   11    0    3   12    3   -9
    1   10   14    1    1    3    1    1      1030   -9    5   12    0    3    4  -13  -14   -9   13    7   -3   13   -2  -15   14    4   -7
    1   10   15    1    3    3    2    0      2590   -7  -13  -13    2  -15   -7   14   -7   -8   -8    7   15    7   -6    5   17    7   -2
    1   11    1    1    1    3    1    1       904   -9    5   12    0    3    4  -13  -14   -9   13    7   -3   13   -2  -15   14    4   -7
    1   11    2    1    3    5    3    1      1541  -11   -9  -12    6  -14   -7   12   -6   -5   -6    5   16    6   -6    3   11    4   -7
    1   11    3    1    3    1    2    0      1145  -10  -16  -16    5  -17  -11   15   -7   -9   -6    5   13    6   -7    0   12   12    2
    1   11    4    1    2    1    2    1      1245   -1   -5    4   -2   -8   -6   17  -11    1   -2   11    7   -5    7    4    8   -2   -8
    1   11    5    1    2    2    2    1      1565    0   -6    2    2   -4   -3   16    4   -3    2   12    6  -12    2    1    6   -9   -7
    1   11    6    1    1    5    1    1       640   -8    6   12   -1    5    2   -7  -16  -11   14    8   -1   11   -3   -4    6    3   -5
    1   11    7    1    3    2    3    1      2872  -14  -15  -22    4  -13   -6   13  -16   -8   -7    5   15    6   -8    3    8    4   -5
    1   11    8    1    2    3    2    1      1302    0   -6    4   -2  -10   -9   10   -3   -8    7    1    2  -11    3    0    9   -3   -8
    1   11    9    1    1    4    1    1       740   -8    3   11    1    5    1  -19   -5  -12   18    4   -1   11   -4   -6    8    4   -8
    1   11   10    1    3    4    3    1      1144   -7  -11  -15    3  -24   -4   12   -6   -8   -7    5   13   11    0    3   12    3   -9
    1   11   11    1    3    3    3    1       828   -7  -13  -13    2  -15   -7   14   -7   -8   -8    7   15    7   -6    5   17    7   -2
    1   11   12    1    1    2    3    0      1036  -11    0   14    3   16    1  -13  -13   -2    5    6   -4   13   -3   -1   10   10    2
    1   11   13    1    1    1    1    1       596   -7    3   12   -2    4    1   -5  -24  -19   16    7   -4    5   -3   -8    7    4   -6
    1   11   14    1    2    4    2    1      1101   -1   -7    2   -3  -14    1    9   -3    9    0    9    8  -16    7    3    6   -5  -17
    1   11   15    1    2    5    3    0      5539   -3   -1    8    2    0   -7    7   -4    0    0   11    7  -10    2    0    3   -3   -9
    1   12    1    1    3    3    3    1      3047   -7  -13  -13    2  -15   -7   14   -7   -8   -8    7   15    7   -6    5   17    7   -2
    1   12    2    1    3    5    3    1       574  -11   -9  -12    6  -14   -7   12   -6   -5   -6    5   16    6   -6    3   11    4   -7
    1   12    3    1    2    4    2    1      1352   -1   -7    2   -3  -14    1    9   -3    9    0    9    8  -16    7    3    6   -5  -17
    1   12    4    1    1    3    1    1       756   -9    5   12    0    3    4  -13  -14   -9   13    7   -3   13   -2  -15   14    4   -7
    1   12    5    1    2    3    2    1      3719    0   -6    4   -2  -10   -9   10   -3   -8    7    1    2  -11    3    0    9   -3   -8
    1   12    6    1    1    5    1    1       771   -8    6   12   -1    5    2   -7  -16  -11   14    8   -1   11   -3   -4    6    3   -5
    1   12    7    1    2    1    2    1      1158   -1   -5    4   -2   -8   -6   17  -11    1   -2   11    7   -5    7    4    8   -2   -8
    1   12    8    1    2    2    3    0      3593    0   -6    2    2   -4   -3   16    4   -3    2   12    6  -12    2    1    6   -9   -7
    1   12    9    1    2    5    2    1      3579   -3   -1    8    2    0   -7    7   -4    0    0   11    7  -10    2    0    3   -3   -9
    1   12   10    1    3    4    2    0      1037   -7  -11  -15    3  -24   -4   12   -6   -8   -7    5   13   11    0    3   12    3   -9
    1   12   11    1    3    2    1    0      2197  -14  -15  -22    4  -13   -6   13  -16   -8   -7    5   15    6   -8    3    8    4   -5
    1   12   12    1    1    2    3    0      3198  -11    0   14    3   16    1  -13  -13   -2    5    6   -4   13   -3   -1   10   10    2
    1   12   13    1    1    1    1    1       528   -7    3   12   -2    4    1   -5  -24  -19   16    7   -4    5   -3   -8    7    4   -6
    1   12   14    1    1    4    1    1       668   -8    3   11    1    5    1  -19   -5  -12   18    4   -1   11   -4   -6    8    4   -8
    1   12   15    1    3    1    3    1      1107  -10  -16  -16    5  -17  -11   15   -7   -9   -6    5   13    6   -7    0   12   12    2
    1   13    1    1    1    4    1    1       808   -8    3   11    1    5    1  -19   -5  -12   18    4   -1   11   -4   -6    8    4   -8
    1   13    2    1    2    5    2    1      1370   -3   -1    8    2    0   -7    7   -4    0    0   11    7  -10    2    0    3   -3   -9
    1   13    3    1    3    5    3    1      2532  -11   -9  -12    6  -14   -7   12   -6   -5   -6    5   16    6   -6    3   11    4   -7
    1   13    4    1    2    4    2    1       864   -1   -7    2   -3  -14    1    9   -3    9    0    9    8  -16    7    3    6   -5  -17
    1   13    5    1    3    3    3    1      1119   -7  -13  -13    2  -15   -7   14   -7   -8   -8    7   15    7   -6    5   17    7   -2
    1   13    6    1    1    5    1    1       691   -8    6   12   -1    5    2   -7  -16  -11   14    8   -1   11   -3   -4    6    3   -5
    1   13    7    1    1    1    1    1       793   -7    3   12   -2    4    1   -5  -24  -19   16    7   -4    5   -3   -8    7    4   -6
    1   13    8    1    1    3    1    1       875   -9    5   12    0    3    4  -13  -14   -9   13    7   -3   13   -2  -15   14    4   -7
    1   13    9    1    2    1    2    1      1306   -1   -5    4   -2   -8   -6   17  -11    1   -2   11    7   -5    7    4    8   -2   -8
    1   13   10    1    2    3    2    1      1927    0   -6    4   -2  -10   -9   10   -3   -8    7    1    2  -11    3    0    9   -3   -8
    1   13   11    1    3    1    3    1      1500  -10  -16  -16    5  -17  -11   15   -7   -9   -6    5   13    6   -7    0   12   12    2
    1   13   12    1    2    2    2    1      2017    0   -6    2    2   -4   -3   16    4   -3    2   12    6  -12    2    1    6   -9   -7
    1   13   13    1    3    2    3    1      1778  -14  -15  -22    4  -13   -6   13  -16   -8   -7    5   15    6   -8    3    8    4   -5
    1   13   14    1    1    2    2    0      2364  -11    0   14    3   16    1  -13  -13   -2    5    6   -4   13   -3   -1   10   10    2
    1   13   15    1    3    4    3    1      1199   -7  -11  -15    3  -24   -4   12   -6   -8   -7    5   13   11    0    3   12    3   -9
    1   14    1    1    1    3    1    1       688   -9    5   12    0    3    4  -13  -14   -9   13    7   -3   13   -2  -15   14    4   -7
    1   14    2    1    1    2    1    1      3622  -11    0   14    3   16    1  -13  -13   -2    5    6   -4   13   -3   -1   10   10    2
    1   14    3    1    3    5    2    0      1255  -11   -9  -12    6  -14   -7   12   -6   -5   -6    5   16    6   -6    3   11    4   -7
    1   14    4    1    3    4    3    1       966   -7  -11  -15    3  -24   -4   12   -6   -8   -7    5   13   11    0    3   12    3   -9
    1   14    5    1    2    4    2    1       833   -1   -7    2   -3  -14    1    9   -3    9    0    9    8  -16    7    3    6   -5  -17
    1   14    6    1    2    2    3    0      1761    0   -6    2    2   -4   -3   16    4   -3    2   12    6  -12    2    1    6   -9   -7
    1   14    7    1    1    1    1    1       828   -7    3   12   -2    4    1   -5  -24  -19   16    7   -4    5   -3   -8    7    4   -6
    1   14    8    1    2    5    2    1      4428   -3   -1    8    2    0   -7    7   -4    0    0   11    7  -10    2    0    3   -3   -9
    1   14    9    1    1    5    1    1       765   -8    6   12   -1    5    2   -7  -16  -11   14    8   -1   11   -3   -4    6    3   -5
    1   14   10    1    1    4    1    1      1264   -8    3   11    1    5    1  -19   -5  -12   18    4   -1   11   -4   -6    8    4   -8
    1   14   11    1    3    1    3    1      1310  -10  -16  -16    5  -17  -11   15   -7   -9   -6    5   13    6   -7    0   12   12    2
    1   14   12    1    2    1    3    0      1707   -1   -5    4   -2   -8   -6   17  -11    1   -2   11    7   -5    7    4    8   -2   -8
    1   14   13    1    2    3    2    1       937    0   -6    4   -2  -10   -9   10   -3   -8    7    1    2  -11    3    0    9   -3   -8
    1   14   14    1    3    3    3    1      1173   -7  -13  -13    2  -15   -7   14   -7   -8   -8    7   15    7   -6    5   17    7   -2
    1   14   15    1    3    2    1    0      1415  -14  -15  -22    4  -13   -6   13  -16   -8   -7    5   15    6   -8    3    8    4   -5
    1   15    1    1    1    2    3    0      2480  -11    0   14    3   16    1  -13  -13   -2    5    6   -4   13   -3   -1   10   10    2
    1   15    2    1    2    1    1    0      1166   -1   -5    4   -2   -8   -6   17  -11    1   -2   11    7   -5    7    4    8   -2   -8
    1   15    3    1    3    4    1    0      1201   -7  -11  -15    3  -24   -4   12   -6   -8   -7    5   13   11    0    3   12    3   -9
    1   15    4    1    3    2    1    0      2786  -14  -15  -22    4  -13   -6   13  -16   -8   -7    5   15    6   -8    3    8    4   -5
    1   15    5    1    2    5    3    0       740   -3   -1    8    2    0   -7    7   -4    0    0   11    7  -10    2    0    3   -3   -9
    1   15    6    1    1    5    1    1       680   -8    6   12   -1    5    2   -7  -16  -11   14    8   -1   11   -3   -4    6    3   -5
    1   15    7    1    1    4    1    1       750   -8    3   11    1    5    1  -19   -5  -12   18    4   -1   11   -4   -6    8    4   -8
    1   15    8    1    3    1    3    1      3761  -10  -16  -16    5  -17  -11   15   -7   -9   -6    5   13    6   -7    0   12   12    2
    1   15    9    1    3    3    2    0       924   -7  -13  -13    2  -15   -7   14   -7   -8   -8    7   15    7   -6    5   17    7   -2
    1   15   10    1    1    1    1    1       601   -7    3   12   -2    4    1   -5  -24  -19   16    7   -4    5   -3   -8    7    4   -6
    1   15   11    1    3    5    3    1       962  -11   -9  -12    6  -14   -7   12   -6   -5   -6    5   16    6   -6    3   11    4   -7
    1   15   12    1    2    4    2    1       749   -1   -7    2   -3  -14    1    9   -3    9    0    9    8  -16    7    3    6   -5  -17
    1   15   13    1    2    3    2    1       977    0   -6    4   -2  -10   -9   10   -3   -8    7    1    2  -11    3    0    9   -3   -8
    1   15   14    1    1    3    1    1       939   -9    5   12    0    3    4  -13  -14   -9   13    7   -3   13   -2  -15   14    4   -7
    1   15   15    1    2    2    3    0       823    0   -6    2    2   -4   -3   16    4   -3    2   12    6  -12    2    1    6   -9   -7
    2    1    1    1    2    4    1    1      4061   -1   -7    2   -3  -14    1    9   -3    9    0    9    8  -16    7    3    6   -5  -17
    2    1    2    1    2    5    2    0      9036   -3   -1    8    2    0   -7    7   -4    0    0   11    7  -10    2    0    3   -3   -9
    2    1    3    6    0    0    2    1      1364   22   11  -12   14    1    4   -4    7   14   14   12   10   14    6   13    4   -2   -9
    2    1    4    1    2    3    1    1      1390    0   -6    4   -2  -10   -9   10   -3   -8    7    1    2  -11    3    0    9   -3   -8
    2    1    5    4    2    1    1    0      1016   -1   -7    8   -2   -7   -7    8   -5    1   -1    8   18  -10    1   -1    4    2  -10
    2    1    6    2    1    0    1    0      1537   -9    4   11    0    6    2  -11  -14  -10   13    6   -2   12   -2   -6    7    3   -6
    2    1    7    4    2    4    2    1      3429    1   -5    5    1   -7   -8    9   -4   -2    1    8    6   -8    1    2    7   -3   -6
    2    1    8    1    3    1    2    0      4077  -10  -16  -16    5  -17  -11   15   -7   -9   -6    5   13    6   -7    0   12   12    2
    2    1    9    2    3    0    1    0      1132   -9  -11  -15    4  -15   -6   13   -6   -7   -7    5   14    7   -7    2   12    3   -7
    2    1   10    1    1    4    2    0      4368   -8    3   11    1    5    1  -19   -5  -12   18    4   -1   11   -4   -6    8    4   -8
    2    1   11    4    2    2    2    1       930   -8    3    5   -1   -8   -8    9   -4   -2    0   11    7  -12    2   -8    7   -6  -10
    2    1   12    4    1    1    2    1      1423   -5   -2    3    3   11    4   -6  -18   -7   10   -4    3    6    0  -10    9    6   -3
    2    1   13    4    2    5    2    1      4087   -3   -8    5    0  -10   -7    8   -5  -11    6   15   -1  -13    4    4   12    0   -4
    2    1   14    4    1    2    2    1      3717  -10    3   10    9    1    5  -13  -14   -9   12    5    0   16   -5   -5    6    4   -5
    2    1   15    1    1    5    1    1      1714   -8    6   12   -1    5    2   -7  -16  -11   14    8   -1   11   -3   -4    6    3   -5
    2    1   16    1    1    2    2    0      3150  -11    0   14    3   16    1  -13  -13   -2    5    6   -4   13   -3   -1   10   10    2
    2    1   17    1    1    3    1    1      1569   -9    5   12    0    3    4  -13  -14   -9   13    7   -3   13   -2  -15   14    4   -7
    2    1   18    2    2    0    2    1      5060   -1   -6    6    0   -8   -7    8   -4   -1    0   10    8  -11    2    1    8   -3   -7
    2    1   19    6    0    0    2    1      1179   13    0    3    6    8    2    3  -13   10   -4   -6    7   -2   -1    1    2    0   -4
    2    1   20    1    3    2    1    1      2269  -14  -15  -22    4  -13   -6   13  -16   -8   -7    5   15    6   -8    3    8    4   -5
    2    1   21    4    3    4    2    1      2932   -7  -11  -15    5  -17   -4   21  -11   -1   -5    4   15    9   -5   -3   15    5   -8
    2    1   22    4    3    3    2    1     22879   -9  -10  -16    2  -14   -7   15   -5   -3  -12    5   13    6   -5   -6   14    4   -7
    2    1   23    1    2    2    1    1      1501    0   -6    2    2   -4   -3   16    4   -3    2   12    6  -12    2    1    6   -9   -7
    2    1   24    4    3    1    2    1      1491   -1   -3  -15    6  -16   -4   13    4   -7   -6    6   13    8   -2    1   13    7   -7
    2    1   25    4    1    4    1    0      1353   -9    2   12    1    5    2   -1  -13  -12   14    6    0   13   -4   -7    8    1   -7
    2    1   26    4    2    3    2    1      1380   -3   -4    5   -1   -6  -12    3    0    0   -1   12    9   -9    3    1    9   -2   -8
    2    1   27    1    1    1    1    1      1582   -7    3   12   -2    4    1   -5  -24  -19   16    7   -4    5   -3   -8    7    4   -6
    2    1   28    6    0    0    2    1      1088   -2  -13    9   -1   -8   -8   -6   15    4   -9  -15   14   10   14   13  -15  -12   13
    2    1   29    6    0    0    2    1      2950   -5  -10   11   -4   -7   -7   -4   15    8  -13  -16   14   10   14   13  -14   -7   22
    2    1   30    1    3    3    2    0      7857   -7  -13  -13    2  -15   -7   14   -7   -8   -8    7   15    7   -6    5   17    7   -2
    2    1   31    4    1    3    1    0      2168  -10    3   13   -2    6    4  -12  -12  -11   12    6    0   11   -4   -4    6    5   -5
    2    1   32    4    1    5    1    0      6451  -10    6   12    1    7    0  -12  -13  -10   12    8   -4   14   -1   -4    5   11  -10
    2    1   33    6    0    0    2    1      1266    7   -6    5   12    2   11    6  -12   11   -2   -8    7   -1   -1    4    5   -5  -12
    2    1   34    4    3    2    2    1      7344   -8  -10  -14    3  -14   -7    9   -6  -16   -8    3   13   10  -15    1   12    4   -7
    2    1   35    1    3    5    1    1      1420  -11   -9  -12    6  -14   -7   12   -6   -5   -6    5   16    6   -6    3   11    4   -7
    2    1   36    1    3    4    2    0      1797   -7  -11  -15    3  -24   -4   12   -6   -8   -7    5   13   11    0    3   12    3   -9
    2    1   37    4    3    5    1    0      4862    1  -15  -14    4  -16   -8   15   -5  -17   -3    5   12    7   -6    2   13    1   -8
    2    1   38    1    2    1    2    0      1789   -1   -5    4   -2   -8   -6   17  -11    1   -2   11    7   -5    7    4    8   -2   -8
    2    1   39    6    0    0    2    1      1176   16    8  -14   16    0    4   -5    8   10   16   12    9    3   11   17    3   -8   -9
