    1    1    1    1    3    2    1    0      6079   18  -18   -1    1   -7   -5    8    9   -6   12   -5   -3   -8  -10   12   16   -9  -17
    1    1    2    1    1    1    1    1      5333    3   11   -6  -15    5  -12   -4    9  -13   -9    7    4   12   14  -10   10   15   16
    1    1    3    1    1    3    1    1      2512    5    9   -5  -14    5  -12   -3   10  -14   -6    9    6   19   23  -10   12   15   15
    1    1    4    1    2    3    2    1      2044   14   -7   -2   -1   21   10    0    9  -17  -12  -13    9    3   -2    9    2   12   -8
    1    1    5    1    2    5    2    1      3948   13   -7   -8  -12   20    1    3    7  -14  -14  -14    8    0    2   15    3    8  -11
    1    1    6    1    3    1    3    1      2527   10  -13   -9  -16   -9  -11    6    9  -16   20   -2   -3   -9   -8    9   13  -13  -12
    1    1    7    1    3    4    1    0      2986   10  -12   -4   -9  -10  -10    9   11   -7   16   -3   -5   -6  -10    7   14  -18  -13
    1    1    8    1    2    4    3    0      2676   15  -10   -2   -1   14    7    2    4  -14  -14  -14    7    2   -2   13    4    8   -2
    1    1    9    1    1    2    1    1      3802    7   14   -8  -21    2   -7   -2    9  -12   -7    7    6    9   17   -9   14   12   14
    1    1   10    1    2    1    1    0      4644   13   -8    2   -3   16    7    3    6  -12  -15  -13    6    1    0   16    1    6  -11
    1    1   11    1    1    4    1    1      9131    5    9   -8  -11    6   -9   -4    7  -13   -7    9    6    6   21   -9   10   13   17
    1    1   12    1    3    5    3    1      2607    7  -12    2   -5   -7  -15    9   12   -8   14   -4   -3  -14  -11    8   15  -14  -15
    1    1   13    1    1    5    1    1      2840   -6    4   -8  -12    4   -9   -2    8   -9   -9    8    7   16    9  -12   11   10   18
    1    1   14    1    2    2    1    0      2536   17   -7   -3   -3   12    4    5    8  -13  -17  -12    8    1   -1   19   -3    7  -12
    1    1   15    1    3    3    3    1      2340    9   -7   -3   -8   -8  -14    7   11  -14   12   -2   -5  -17  -18   10   14  -14  -11
    1    2    1    1    1    1    2    0      4455    3   11   -6  -15    5  -12   -4    9  -13   -9    7    4   12   14  -10   10   15   16
    1    2    2    1    2    5    1    0      4151   13   -7   -8  -12   20    1    3    7  -14  -14  -14    8    0    2   15    3    8  -11
    1    2    3    1    1    2    1    1      3586    7   14   -8  -21    2   -7   -2    9  -12   -7    7    6    9   17   -9   14   12   14
    1    2    4    1    1    5    1    1      3123   -6    4   -8  -12    4   -9   -2    8   -9   -9    8    7   16    9  -12   11   10   18
    1    2    5    1    2    4    3    0      3224   15  -10   -2   -1   14    7    2    4  -14  -14  -14    7    2   -2   13    4    8   -2
    1    2    6    1    2    3    2    1      3289   14   -7   -2   -1   21   10    0    9  -17  -12  -13    9    3   -2    9    2   12   -8
    1    2    7    1    3    2    3    1      2774   18  -18   -1    1   -7   -5    8    9   -6   12   -5   -3   -8  -10   12   16   -9  -17
    1    2    8    1    2    2    2    1      2089   17   -7   -3   -3   12    4    5    8  -13  -17  -12    8    1   -1   19   -3    7  -12
    1    2    9    1    3    1    3    1      2599   10  -13   -9  -16   -9  -11    6    9  -16   20   -2   -3   -9   -8    9   13  -13  -12
    1    2   10    1    3    4    3    1      3776   10  -12   -4   -9  -10  -10    9   11   -7   16   -3   -5   -6  -10    7   14  -18  -13
    1    2   11    1    2    1    2    1      1610   13   -8    2   -3   16    7    3    6  -12  -15  -13    6    1    0   16    1    6  -11
    1    2   12    1    3    5    3    1      4522    7  -12    2   -5   -7  -15    9   12   -8   14   -4   -3  -14  -11    8   15  -14  -15
    1    2   13    1    1    4    1    1      1703    5    9   -8  -11    6   -9   -4    7  -13   -7    9    6    6   21   -9   10   13   17
    1    2   14    1    1    3    1    1      5428    5    9   -5  -14    5  -12   -3   10  -14   -6    9    6   19   23  -10   12   15   15
    1    2   15    1    3    3    3    1      1596    9   -7   -3   -8   -8  -14    7   11  -14   12   -2   -5  -17  -18   10   14  -14  -11
    1    3    1    1    3    3    3    1      1389    9   -7   -3   -8   -8  -14    7   11  -14   12   -2   -5  -17  -18   10   14  -14  -11
    1    3    2    1    3    2    3    1      1527   18  -18   -1    1   -7   -5    8    9   -6   12   -5   -3   -8  -10   12   16   -9  -17
    1    3    3    1    2    1    2    1      1307   13   -8    2   -3   16    7    3    6  -12  -15  -13    6    1    0   16    1    6  -11
    1    3    4    1    1    4    1    1      3832    5    9   -8  -11    6   -9   -4    7  -13   -7    9    6    6   21   -9   10   13   17
    1    3    5    1    1    3    1    1      3904    5    9   -5  -14    5  -12   -3   10  -14   -6    9    6   19   23  -10   12   15   15
    1    3    6    1    3    1    3    1      1046   10  -13   -9  -16   -9  -11    6    9  -16   20   -2   -3   -9   -8    9   13  -13  -12
    1    3    7    1    2    3    2    1      1661   14   -7   -2   -1   21   10    0    9  -17  -12  -13    9    3   -2    9    2   12   -8
    1    3    8    1    2    4    2    1      4827   15  -10   -2   -1   14    7    2    4  -14  -14  -14    7    2   -2   13    4    8   -2
    1    3    9    1    3    5    3    1      1707    7  -12    2   -5   -7  -15    9   12   -8   14   -4   -3  -14  -11    8   15  -14  -15
    1    3   10    1    2    2    2    1      2440   17   -7   -3   -3   12    4    5    8  -13  -17  -12    8    1   -1   19   -3    7  -12
    1    3   11    1    2    5    2    1      1592   13   -7   -8  -12   20    1    3    7  -14  -14  -14    8    0    2   15    3    8  -11
    1    3   12    1    1    2    1    1      3130    7   14   -8  -21    2   -7   -2    9  -12   -7    7    6    9   17   -9   14   12   14
    1    3   13    1    3    4    3    1      1293   10  -12   -4   -9  -10  -10    9   11   -7   16   -3   -5   -6  -10    7   14  -18  -13
    1    3   14    1    1    5    3    0      4251   -6    4   -8  -12    4   -9   -2    8   -9   -9    8    7   16    9  -12   11   10   18
    1    3   15    1    1    1    1    1      2050    3   11   -6  -15    5  -12   -4    9  -13   -9    7    4   12   14  -10   10   15   16
    1    4    1    1    1    3    1    1      1441    5    9   -5  -14    5  -12   -3   10  -14   -6    9    6   19   23  -10   12   15   15
    1    4    2    1    2    2    2    1      2441   17   -7   -3   -3   12    4    5    8  -13  -17  -12    8    1   -1   19   -3    7  -12
    1    4    3    1    1    1    1    1      1321    3   11   -6  -15    5  -12   -4    9  -13   -9    7    4   12   14  -10   10   15   16
    1    4    4    1    3    1    3    1      1061   10  -13   -9  -16   -9  -11    6    9  -16   20   -2   -3   -9   -8    9   13  -13  -12
    1    4    5    1    2    4    2    1      1676   15  -10   -2   -1   14    7    2    4  -14  -14  -14    7    2   -2   13    4    8   -2
    1    4    6    1    2    1    2    1      1546   13   -8    2   -3   16    7    3    6  -12  -15  -13    6    1    0   16    1    6  -11
    1    4    7    1    1    5    1    1      8013   -6    4   -8  -12    4   -9   -2    8   -9   -9    8    7   16    9  -12   11   10   18
    1    4    8    1    3    3    3    1      1086    9   -7   -3   -8   -8  -14    7   11  -14   12   -2   -5  -17  -18   10   14  -14  -11
    1    4    9    1    1    4    1    1      3188    5    9   -8  -11    6   -9   -4    7  -13   -7    9    6    6   21   -9   10   13   17
    1    4   10    1    3    4    3    1      1093   10  -12   -4   -9  -10  -10    9   11   -7   16   -3   -5   -6  -10    7   14  -18  -13
    1    4   11    1    1    2    1    1      1467    7   14   -8  -21    2   -7   -2    9  -12   -7    7    6    9   17   -9   14   12   14
    1    4   12    1    2    5    2    1      1153   13   -7   -8  -12   20    1    3    7  -14  -14  -14    8    0    2   15    3    8  -11
    1    4   13    1    3    2    3    1       949   18  -18   -1    1   -7   -5    8    9   -6   12   -5   -3   -8  -10   12   16   -9  -17
    1    4   14    1    2    3    2    1       928   14   -7   -2   -1   21   10    0    9  -17  -12  -13    9    3   -2    9    2   12   -8
    1    4   15    1    3    5    3    1      1148    7  -12    2   -5   -7  -15    9   12   -8   14   -4   -3  -14  -11    8   15  -14  -15
    1    5    1    1    3    4    3    1      1695   10  -12   -4   -9  -10  -10    9   11   -7   16   -3   -5   -6  -10    7   14  -18  -13
    1    5    2    1    3    2    3    1      2412   18  -18   -1    1   -7   -5    8    9   -6   12   -5   -3   -8  -10   12   16   -9  -17
    1    5    3    1    2    5    2    1      1565   13   -7   -8  -12   20    1    3    7  -14  -14  -14    8    0    2   15    3    8  -11
    1    5    4    1    2    3    2    1      2351   14   -7   -2   -1   21   10    0    9  -17  -12  -13    9    3   -2    9    2   12   -8
    1    5    5    1    1    4    1    1      1571    5    9   -8  -11    6   -9   -4    7  -13   -7    9    6    6   21   -9   10   13   17
    1    5    6    1    1    3    1    1      1733    5    9   -5  -14    5  -12   -3   10  -14   -6    9    6   19   23  -10   12   15   15
    1    5    7    1    3    3    3    1      1137    9   -7   -3   -8   -8  -14    7   11  -14   12   -2   -5  -17  -18   10   14  -14  -11
    1    5    8    1    3    1    3    1      1445   10  -13   -9  -16   -9  -11    6    9  -16   20   -2   -3   -9   -8    9   13  -13  -12
    1    5    9    1    2    4    2    1      4332   15  -10   -2   -1   14    7    2    4  -14  -14  -14    7    2   -2   13    4    8   -2
    1    5   10    1    1    5    1    1      4720   -6    4   -8  -12    4   -9   -2    8   -9   -9    8    7   16    9  -12   11   10   18
    1    5   11    1    2    1    2    1      3685   13   -8    2   -3   16    7    3    6  -12  -15  -13    6    1    0   16    1    6  -11
    1    5   12    1    2    2    2    1      3043   17   -7   -3   -3   12    4    5    8  -13  -17  -12    8    1   -1   19   -3    7  -12
    1    5   13    1    3    5    3    1      1146    7  -12    2   -5   -7  -15    9   12   -8   14   -4   -3  -14  -11    8   15  -14  -15
    1    5   14    1    1    2    1    1      2461    7   14   -8  -21    2   -7   -2    9  -12   -7    7    6    9   17   -9   14   12   14
    1    5   15    1    1    1    1    1      6588    3   11   -6  -15    5  -12   -4    9  -13   -9    7    4   12   14  -10   10   15   16
    1    6    1    1    1    3    1    1      1109    5    9   -5  -14    5  -12   -3   10  -14   -6    9    6   19   23  -10   12   15   15
    1    6    2    1    1    1    1    1      1066    3   11   -6  -15    5  -12   -4    9  -13   -9    7    4   12   14  -10   10   15   16
    1    6    3    1    2    1    2    1       944   13   -8    2   -3   16    7    3    6  -12  -15  -13    6    1    0   16    1    6  -11
    1    6    4    1    1    2    1    1      1196    7   14   -8  -21    2   -7   -2    9  -12   -7    7    6    9   17   -9   14   12   14
    1    6    5    1    2    4    2    1      1149   15  -10   -2   -1   14    7    2    4  -14  -14  -14    7    2   -2   13    4    8   -2
    1    6    6    1    1    4    1    1       864    5    9   -8  -11    6   -9   -4    7  -13   -7    9    6    6   21   -9   10   13   17
    1    6    7    1    3    2    3    1      1135   18  -18   -1    1   -7   -5    8    9   -6   12   -5   -3   -8  -10   12   16   -9  -17
    1    6    8    1    3    1    3    1      1731   10  -13   -9  -16   -9  -11    6    9  -16   20   -2   -3   -9   -8    9   13  -13  -12
    1    6    9    1    2    5    2    1      1023   13   -7   -8  -12   20    1    3    7  -14  -14  -14    8    0    2   15    3    8  -11
    1    6   10    1    3    5    1    0      2455    7  -12    2   -5   -7  -15    9   12   -8   14   -4   -3  -14  -11    8   15  -14  -15
    1    6   11    1    2    2    2    1      1622   17   -7   -3   -3   12    4    5    8  -13  -17  -12    8    1   -1   19   -3    7  -12
    1    6   12    1    3    4    3    1      1143   10  -12   -4   -9  -10  -10    9   11   -7   16   -3   -5   -6  -10    7   14  -18  -13
    1    6   13    1    1    5    1    1      2618   -6    4   -8  -12    4   -9   -2    8   -9   -9    8    7   16    9  -12   11   10   18
    1    6   14    1    3    3    3    1      1139    9   -7   -3   -8   -8  -14    7   11  -14   12   -2   -5  -17  -18   10   14  -14  -11
    1    6   15    1    2    3    2    1      1175   14   -7   -2   -1   21   10    0    9  -17  -12  -13    9    3   -2    9    2   12   -8
    1    7    1    1    2    1    2    1      1113   13   -8    2   -3   16    7    3    6  -12  -15  -13    6    1    0   16    1    6  -11
    1    7    2    1    2    3    2    1      2206   14   -7   -2   -1   21   10    0    9  -17  -12  -13    9    3   -2    9    2   12   -8
    1    7    3    1    3    4    3    1      2791   10  -12   -4   -9  -10  -10    9   11   -7   16   -3   -5   -6  -10    7   14  -18  -13
    1    7    4    1    3    1    3    1      1033   10  -13   -9  -16   -9  -11    6    9  -16   20   -2   -3   -9   -8    9   13  -13  -12
    1    7    5    1    1    5    2    0      1329   -6    4   -8  -12    4   -9   -2    8   -9   -9    8    7   16    9  -12   11   10   18
    1    7    6    1    3    3    3    1      1325    9   -7   -3   -8   -8  -14    7   11  -14   12   -2   -5  -17  -18   10   14  -14  -11
    1    7    7    1    3    2    3    1      1802   18  -18   -1    1   -7   -5    8    9   -6   12   -5   -3   -8  -10   12   16   -9  -17
    1    7    8    1    1    2    1    1      1331    7   14   -8  -21    2   -7   -2    9  -12   -7    7    6    9   17   -9   14   12   14
    1    7    9    1    1    1    1    1       991    3   11   -6  -15    5  -12   -4    9  -13   -9    7    4   12   14  -10   10   15   16
    1    7   10    1    1    3    1    1      1273    5    9   -5  -14    5  -12   -3   10  -14   -6    9    6   19   23  -10   12   15   15
    1    7   11    1    2    2    2    1      1127   17   -7   -3   -3   12    4    5    8  -13  -17  -12    8    1   -1   19   -3    7  -12
    1    7   12    1    1    4    1    1      1067    5    9   -8  -11    6   -9   -4    7  -13   -7    9    6    6   21   -9   10   13   17
    1    7   13    1    2    4    2    1      1058   15  -10   -2   -1   14    7    2    4  -14  -14  -14    7    2   -2   13    4    8   -2
    1    7   14    1    3    5    3    1      1113    7  -12    2   -5   -7  -15    9   12   -8   14   -4   -3  -14  -11    8   15  -14  -15
    1    7   15    1    2    5    2    1       958   13   -7   -8  -12   20    1    3    7  -14  -14  -14    8    0    2   15    3    8  -11
    1    8    1    1    2    2    2    1      1033   17   -7   -3   -3   12    4    5    8  -13  -17  -12    8    1   -1   19   -3    7  -12
    1    8    2    1    2    3    2    1       817   14   -7   -2   -1   21   10    0    9  -17  -12  -13    9    3   -2    9    2   12   -8
    1    8    3    1    2    4    2    1       962   15  -10   -2   -1   14    7    2    4  -14  -14  -14    7    2   -2   13    4    8   -2
    1    8    4    1    3    1    3    1      1004   10  -13   -9  -16   -9  -11    6    9  -16   20   -2   -3   -9   -8    9   13  -13  -12
    1    8    5    1    1    3    1    1       949    5    9   -5  -14    5  -12   -3   10  -14   -6    9    6   19   23  -10   12   15   15
    1    8    6    1    1    5    1    1      2896   -6    4   -8  -12    4   -9   -2    8   -9   -9    8    7   16    9  -12   11   10   18
    1    8    7    1    3    3    3    1      1166    9   -7   -3   -8   -8  -14    7   11  -14   12   -2   -5  -17  -18   10   14  -14  -11
    1    8    8    1    2    1    2    1      2992   13   -8    2   -3   16    7    3    6  -12  -15  -13    6    1    0   16    1    6  -11
    1    8    9    1    3    4    3    1      1194   10  -12   -4   -9  -10  -10    9   11   -7   16   -3   -5   -6  -10    7   14  -18  -13
    1    8   10    1    2    5    2    1      1308   13   -7   -8  -12   20    1    3    7  -14  -14  -14    8    0    2   15    3    8  -11
    1    8   11    1    1    2    1    1      1177    7   14   -8  -21    2   -7   -2    9  -12   -7    7    6    9   17   -9   14   12   14
    1    8   12    1    1    4    1    1      1978    5    9   -8  -11    6   -9   -4    7  -13   -7    9    6    6   21   -9   10   13   17
    1    8   13    1    3    2    3    1      1852   18  -18   -1    1   -7   -5    8    9   -6   12   -5   -3   -8  -10   12   16   -9  -17
    1    8   14    1    1    1    1    1      2036    3   11   -6  -15    5  -12   -4    9  -13   -9    7    4   12   14  -10   10   15   16
    1    8   15    1    3    5    3    1      3156    7  -12    2   -5   -7  -15    9   12   -8   14   -4   -3  -14  -11    8   15  -14  -15
    1    9    1    1    1    1    1    1      1543    3   11   -6  -15    5  -12   -4    9  -13   -9    7    4   12   14  -10   10   15   16
    1    9    2    1    3    4    3    1      1722   10  -12   -4   -9  -10  -10    9   11   -7   16   -3   -5   -6  -10    7   14  -18  -13
    1    9    3    1    2    3    2    1      1079   14   -7   -2   -1   21   10    0    9  -17  -12  -13    9    3   -2    9    2   12   -8
    1    9    4    1    1    2    1    1      1340    7   14   -8  -21    2   -7   -2    9  -12   -7    7    6    9   17   -9   14   12   14
    1    9    5    1    3    3    3    1       953    9   -7   -3   -8   -8  -14    7   11  -14   12   -2   -5  -17  -18   10   14  -14  -11
    1    9    6    1    2    1    2    1      1044   13   -8    2   -3   16    7    3    6  -12  -15  -13    6    1    0   16    1    6  -11
    1    9    7    1    1    4    1    1      3371    5    9   -8  -11    6   -9   -4    7  -13   -7    9    6    6   21   -9   10   13   17
    1    9    8    1    3    2    3    1      1574   18  -18   -1    1   -7   -5    8    9   -6   12   -5   -3   -8  -10   12   16   -9  -17
    1    9    9    1    3    5    3    1      1608    7  -12    2   -5   -7  -15    9   12   -8   14   -4   -3  -14  -11    8   15  -14  -15
    1    9   10    1    1    3    1    1      1498    5    9   -5  -14    5  -12   -3   10  -14   -6    9    6   19   23  -10   12   15   15
    1    9   11    1    2    4    2    1      1775   15  -10   -2   -1   14    7    2    4  -14  -14  -14    7    2   -2   13    4    8   -2
    1    9   12    1    3    1    3    1      1017   10  -13   -9  -16   -9  -11    6    9  -16   20   -2   -3   -9   -8    9   13  -13  -12
    1    9   13    1    2    2    2    1      3234   17   -7   -3   -3   12    4    5    8  -13  -17  -12    8    1   -1   19   -3    7  -12
    1    9   14    1    2    5    2    1       850   13   -7   -8  -12   20    1    3    7  -14  -14  -14    8    0    2   15    3    8  -11
    1    9   15    1    1    5    1    1      3585   -6    4   -8  -12    4   -9   -2    8   -9   -9    8    7   16    9  -12   11   10   18
    1   10    1    1    2    5    2    1      1139   13   -7   -8  -12   20    1    3    7  -14  -14  -14    8    0    2   15    3    8  -11
    1   10    2    1    2    4    2    1      1623   15  -10   -2   -1   14    7    2    4  -14  -14  -14    7    2   -2   13    4    8   -2
    1   10    3    1    2    2    2    1      1287   17   -7   -3   -3   12    4    5    8  -13  -17  -12    8    1   -1   19   -3    7  -12
    1   10    4    1    3    1    3    1      1013   10  -13   -9  -16   -9  -11    6    9  -16   20   -2   -3   -9   -8    9   13  -13  -12
    1   10    5    1    3    4    3    1       878   10  -12   -4   -9  -10  -10    9   11   -7   16   -3   -5   -6  -10    7   14  -18  -13
    1   10    6    1    1    2    1    1       988    7   14   -8  -21    2   -7   -2    9  -12   -7    7    6    9   17   -9   14   12   14
    1   10    7    1    2    1    2    1      2342   13   -8    2   -3   16    7    3    6  -12  -15  -13    6    1    0   16    1    6  -11
    1   10    8    1    1    3    1    1       746    5    9   -5  -14    5  -12   -3   10  -14   -6    9    6   19   23  -10   12   15   15
    1   10    9    1    2    3    2    1       509   14   -7   -2   -1   21   10    0    9  -17  -12  -13    9    3   -2    9    2   12   -8
    1   10   10    1    1    4    1    1       682    5    9   -8  -11    6   -9   -4    7  -13   -7    9    6    6   21   -9   10   13   17
    1   10   11    1    3    2    3    1       639   18  -18   -1    1   -7   -5    8    9   -6   12   -5   -3   -8  -10   12   16   -9  -17
    1   10   12    1    1    5    1    1      1496   -6    4   -8  -12    4   -9   -2    8   -9   -9    8    7   16    9  -12   11   10   18
    1   10   13    1    3    3    3    1       877    9   -7   -3   -8   -8  -14    7   11  -14   12   -2   -5  -17  -18   10   14  -14  -11
    1   10   14    1    1    1    1    1      1931    3   11   -6  -15    5  -12   -4    9  -13   -9    7    4   12   14  -10   10   15   16
    1   10   15    1    3    5    3    1      1022    7  -12    2   -5   -7  -15    9   12   -8   14   -4   -3  -14  -11    8   15  -14  -15
    1   11    1    1    3    2    3    1       951   18  -18   -1    1   -7   -5    8    9   -6   12   -5   -3   -8  -10   12   16   -9  -17
    1   11    2    1    3    3    3    1       770    9   -7   -3   -8   -8  -14    7   11  -14   12   -2   -5  -17  -18   10   14  -14  -11
    1   11    3    1    1    2    1    1      1701    7   14   -8  -21    2   -7   -2    9  -12   -7    7    6    9   17   -9   14   12   14
    1   11    4    1    1    5    1    1      1282   -6    4   -8  -12    4   -9   -2    8   -9   -9    8    7   16    9  -12   11   10   18
    1   11    5    1    3    1    3    1       672   10  -13   -9  -16   -9  -11    6    9  -16   20   -2   -3   -9   -8    9   13  -13  -12
    1   11    6    1    3    5    3    1       839    7  -12    2   -5   -7  -15    9   12   -8   14   -4   -3  -14  -11    8   15  -14  -15
    1   11    7    1    1    3    1    1       871    5    9   -5  -14    5  -12   -3   10  -14   -6    9    6   19   23  -10   12   15   15
    1   11    8    1    1    4    1    1      1077    5    9   -8  -11    6   -9   -4    7  -13   -7    9    6    6   21   -9   10   13   17
    1   11    9    1    1    1    1    1       715    3   11   -6  -15    5  -12   -4    9  -13   -9    7    4   12   14  -10   10   15   16
    1   11   10    1    2    4    2    1      1120   15  -10   -2   -1   14    7    2    4  -14  -14  -14    7    2   -2   13    4    8   -2
    1   11   11    1    2    1    2    1       884   13   -8    2   -3   16    7    3    6  -12  -15  -13    6    1    0   16    1    6  -11
    1   11   12    1    2    5    2    1      1090   13   -7   -8  -12   20    1    3    7  -14  -14  -14    8    0    2   15    3    8  -11
    1   11   13    1    2    3    2    1      2472   14   -7   -2   -1   21   10    0    9  -17  -12  -13    9    3   -2    9    2   12   -8
    1   11   14    1    2    2    2    1      1271   17   -7   -3   -3   12    4    5    8  -13  -17  -12    8    1   -1   19   -3    7  -12
    1   11   15    1    3    4    3    1       773   10  -12   -4   -9  -10  -10    9   11   -7   16   -3   -5   -6  -10    7   14  -18  -13
    1   12    1    1    2    5    2    1       792   13   -7   -8  -12   20    1    3    7  -14  -14  -14    8    0    2   15    3    8  -11
    1   12    2    1    3    2    3    1       810   18  -18   -1    1   -7   -5    8    9   -6   12   -5   -3   -8  -10   12   16   -9  -17
    1   12    3    1    3    5    3    1      1322    7  -12    2   -5   -7  -15    9   12   -8   14   -4   -3  -14  -11    8   15  -14  -15
    1   12    4    1    3    3    3    1       775    9   -7   -3   -8   -8  -14    7   11  -14   12   -2   -5  -17  -18   10   14  -14  -11
    1   12    5    1    1    4    1    1      3322    5    9   -8  -11    6   -9   -4    7  -13   -7    9    6    6   21   -9   10   13   17
    1   12    6    1    3    4    3    1      1014   10  -12   -4   -9  -10  -10    9   11   -7   16   -3   -5   -6  -10    7   14  -18  -13
    1   12    7    1    1    3    1    1      2031    5    9   -5  -14    5  -12   -3   10  -14   -6    9    6   19   23  -10   12   15   15
    1   12    8    1    3    1    3    1       783   10  -13   -9  -16   -9  -11    6    9  -16   20   -2   -3   -9   -8    9   13  -13  -12
    1   12    9    1    2    4    2    1      1057   15  -10   -2   -1   14    7    2    4  -14  -14  -14    7    2   -2   13    4    8   -2
    1   12   10    1    1    1    1    1       696    3   11   -6  -15    5  -12   -4    9  -13   -9    7    4   12   14  -10   10   15   16
    1   12   11    1    1    5    1    1      2509   -6    4   -8  -12    4   -9   -2    8   -9   -9    8    7   16    9  -12   11   10   18
    1   12   12    1    2    1    2    1       778   13   -8    2   -3   16    7    3    6  -12  -15  -13    6    1    0   16    1    6  -11
    1   12   13    1    2    2    1    0      1116   17   -7   -3   -3   12    4    5    8  -13  -17  -12    8    1   -1   19   -3    7  -12
    1   12   14    1    1    2    1    1       784    7   14   -8  -21    2   -7   -2    9  -12   -7    7    6    9   17   -9   14   12   14
    1   12   15    1    2    3    2    1       594   14   -7   -2   -1   21   10    0    9  -17  -12  -13    9    3   -2    9    2   12   -8
    1   13    1    1    2    1    2    1       475   13   -8    2   -3   16    7    3    6  -12  -15  -13    6    1    0   16    1    6  -11
    1   13    2    1    3    3    3    1       698    9   -7   -3   -8   -8  -14    7   11  -14   12   -2   -5  -17  -18   10   14  -14  -11
    1   13    3    1    3    1    3    1       975   10  -13   -9  -16   -9  -11    6    9  -16   20   -2   -3   -9   -8    9   13  -13  -12
    1   13    4    1    3    4    3    1       970   10  -12   -4   -9  -10  -10    9   11   -7   16   -3   -5   -6  -10    7   14  -18  -13
    1   13    5    1    2    5    2    1       597   13   -7   -8  -12   20    1    3    7  -14  -14  -14    8    0    2   15    3    8  -11
    1   13    6    1    3    2    3    1       974   18  -18   -1    1   -7   -5    8    9   -6   12   -5   -3   -8  -10   12   16   -9  -17
    1   13    7    1    1    3    1    1       712    5    9   -5  -14    5  -12   -3   10  -14   -6    9    6   19   23  -10   12   15   15
    1   13    8    1    1    2    1    1       989    7   14   -8  -21    2   -7   -2    9  -12   -7    7    6    9   17   -9   14   12   14
    1   13    9    1    1    1    1    1       951    3   11   -6  -15    5  -12   -4    9  -13   -9    7    4   12   14  -10   10   15   16
    1   13   10    1    3    5    3    1       754    7  -12    2   -5   -7  -15    9   12   -8   14   -4   -3  -14  -11    8   15  -14  -15
    1   13   11    1    2    2    2    1      1669   17   -7   -3   -3   12    4    5    8  -13  -17  -12    8    1   -1   19   -3    7  -12
    1   13   12    1    1    4    1    1      2580    5    9   -8  -11    6   -9   -4    7  -13   -7    9    6    6   21   -9   10   13   17
    1   13   13    1    2    4    2    1      2894   15  -10   -2   -1   14    7    2    4  -14  -14  -14    7    2   -2   13    4    8   -2
    1   13   14    1    1    5    1    1      2267   -6    4   -8  -12    4   -9   -2    8   -9   -9    8    7   16    9  -12   11   10   18
    1   13   15    1    2    3    2    1      2674   14   -7   -2   -1   21   10    0    9  -17  -12  -13    9    3   -2    9    2   12   -8
    1   14    1    1    3    3    3    1       776    9   -7   -3   -8   -8  -14    7   11  -14   12   -2   -5  -17  -18   10   14  -14  -11
    1   14    2    1    3    4    3    1      1050   10  -12   -4   -9  -10  -10    9   11   -7   16   -3   -5   -6  -10    7   14  -18  -13
    1   14    3    1    1    5    1    1      1281   -6    4   -8  -12    4   -9   -2    8   -9   -9    8    7   16    9  -12   11   10   18
    1   14    4    1    3    5    3    1      1247    7  -12    2   -5   -7  -15    9   12   -8   14   -4   -3  -14  -11    8   15  -14  -15
    1   14    5    1    2    2    2    1       719   17   -7   -3   -3   12    4    5    8  -13  -17  -12    8    1   -1   19   -3    7  -12
    1   14    6    1    1    1    1    1       611    3   11   -6  -15    5  -12   -4    9  -13   -9    7    4   12   14  -10   10   15   16
    1   14    7    1    3    2    3    1       716   18  -18   -1    1   -7   -5    8    9   -6   12   -5   -3   -8  -10   12   16   -9  -17
    1   14    8    1    1    4    1    1      1088    5    9   -8  -11    6   -9   -4    7  -13   -7    9    6    6   21   -9   10   13   17
    1   14    9    1    2    4    2    1       486   15  -10   -2   -1   14    7    2    4  -14  -14  -14    7    2   -2   13    4    8   -2
    1   14   10    1    2    1    2    1       532   13   -8    2   -3   16    7    3    6  -12  -15  -13    6    1    0   16    1    6  -11
    1   14   11    1    1    3    1    1       672    5    9   -5  -14    5  -12   -3   10  -14   -6    9    6   19   23  -10   12   15   15
    1   14   12    1    1    2    1    1       855    7   14   -8  -21    2   -7   -2    9  -12   -7    7    6    9   17   -9   14   12   14
    1   14   13    1    3    1    3    1       806   10  -13   -9  -16   -9  -11    6    9  -16   20   -2   -3   -9   -8    9   13  -13  -12
    1   14   14    1    2    5    2    1       727   13   -7   -8  -12   20    1    3    7  -14  -14  -14    8    0    2   15    3    8  -11
    1   14   15    1    2    3    2    1       875   14   -7   -2   -1   21   10    0    9  -17  -12  -13    9    3   -2    9    2   12   -8
    1   15    1    1    1    3    1    1       666    5    9   -5  -14    5  -12   -3   10  -14   -6    9    6   19   23  -10   12   15   15
    1   15    2    1    2    5    2    1       576   13   -7   -8  -12   20    1    3    7  -14  -14  -14    8    0    2   15    3    8  -11
    1   15    3    1    1    1    1    1       730    3   11   -6  -15    5  -12   -4    9  -13   -9    7    4   12   14  -10   10   15   16
    1   15    4    1    3    5    3    1       782    7  -12    2   -5   -7  -15    9   12   -8   14   -4   -3  -14  -11    8   15  -14  -15
    1   15    5    1    1    4    1    1       752    5    9   -8  -11    6   -9   -4    7  -13   -7    9    6    6   21   -9   10   13   17
    1   15    6    1    3    3    3    1       739    9   -7   -3   -8   -8  -14    7   11  -14   12   -2   -5  -17  -18   10   14  -14  -11
    1   15    7    1    2    1    2    1       536   13   -8    2   -3   16    7    3    6  -12  -15  -13    6    1    0   16    1    6  -11
    1   15    8    1    2    3    2    1       515   14   -7   -2   -1   21   10    0    9  -17  -12  -13    9    3   -2    9    2   12   -8
    1   15    9    1    2    4    2    1      1392   15  -10   -2   -1   14    7    2    4  -14  -14  -14    7    2   -2   13    4    8   -2
    1   15   10    1    1    5    1    1      1690   -6    4   -8  -12    4   -9   -2    8   -9   -9    8    7   16    9  -12   11   10   18
    1   15   11    1    2    2    2    1       600   17   -7   -3   -3   12    4    5    8  -13  -17  -12    8    1   -1   19   -3    7  -12
    1   15   12    1    3    4    3    1       737   10  -12   -4   -9  -10  -10    9   11   -7   16   -3   -5   -6  -10    7   14  -18  -13
    1   15   13    1    3    1    3    1      1077   10  -13   -9  -16   -9  -11    6    9  -16   20   -2   -3   -9   -8    9   13  -13  -12
    1   15   14    1    3    2    3    1      1435   18  -18   -1    1   -7   -5    8    9   -6   12   -5   -3   -8  -10   12   16   -9  -17
    1   15   15    1    1    2    1    1       851    7   14   -8  -21    2   -7   -2    9  -12   -7    7    6    9   17   -9   14   12   14
    2    1    1    4    2    4    2    1      4728   14   -5   -2   -1   17    2    3    5  -13  -14  -15    9    4    2   14    3    2  -20
    2    1    2    6    0    0    2    1      1516   11   16   13   13   -9    4    4  -11    0    1    7   15   -6    7    1  -13  -12    9
    2    1    3    4    2    5    1    0      2432   12   -4   -4   -1   12    7    5    6  -14  -14  -12    9    1   -2   13    3    7  -10
    2    1    4    4    2    1    2    1      2384   15   -4   -4   -1   16   11    8    8  -12  -15   -7   13   -1   -5   15    7    8  -11
    2    1    5    4    1    2    2    1      7170   12    8   -7  -10    3  -10   -3   10  -16  -10    9    3    9    6  -10   12   14   14
    2    1    6    1    1    5    1    1      1685   -6    4   -8  -12    4   -9   -2    8   -9   -9    8    7   16    9  -12   11   10   18
    2    1    7    1    2    3    1    1       738   14   -7   -2   -1   21   10    0    9  -17  -12  -13    9    3   -2    9    2   12   -8
    2    1    8    1    3    1    1    1       678   10  -13   -9  -16   -9  -11    6    9  -16   20   -2   -3   -9   -8    9   13  -13  -12
    2    1    9    4    3    4    1    0       860   11  -11   -2   -6  -10  -12    9   10   -9   17   -3   -4  -10   -7    7   14  -13  -13
    2    1   10    4    2    2    2    1      3883   15   -5   -2   -4   12    6    6    4   -7   -6  -12    7    3    1   14    2    6  -11
    2    1   11    4    1    3    2    1      2321    8    9   -8  -11    6  -13   -3   13  -14   -7    5    4   12   16   -8   22   20   20
    2    1   12    6    0    0    2    1      1973   -6    1    5    6   20    5    3   12    5  -14   -1    3   -2  -19    0  -11  -19   -6
    2    1   13    1    1    3    1    1       984    5    9   -5  -14    5  -12   -3   10  -14   -6    9    6   19   23  -10   12   15   15
    2    1   14    4    3    5    2    1      1186   13  -14   -5   -1   -6  -15    9   10   -7   12   -6   -5   -8  -11    7   14  -11  -11
    2    1   15    1    3    4    1    1      1076   10  -12   -4   -9  -10  -10    9   11   -7   16   -3   -5   -6  -10    7   14  -18  -13
    2    1   16    1    2    5    1    1      1514   13   -7   -8  -12   20    1    3    7  -14  -14  -14    8    0    2   15    3    8  -11
    2    1   17    6    0    0    2    1       926   10   19   13   13   -8    6    1   -6    1    2    6   16    0    9    7  -14   -9    8
    2    1   18    2    3    0    2    1      2698   11  -12   -4   -8   -8  -13    8   10   -9   15   -4   -4   -8   -9    8   13  -12  -13
    2    1   19    4    3    2    2    1      1039   21  -22    5   -3   -7  -15    9    9   -7   17   -5   -4   -8   -8    6   14  -11  -14
    2    1   20    4    2    3    2    1      1607   16   -7   -2   -4   11    5    8    2  -13  -14  -15    7    1    2   16    3    6  -11
    2    1   21    1    2    4    1    1      2217   15  -10   -2   -1   14    7    2    4  -14  -14  -14    7    2   -2   13    4    8   -2
    2    1   22    6    0    0    2    1       785  -10  -12   14   -7    4  -16    5  -10    6   11    2   14   16    6  -10    8   -2    7
    2    1   23    1    3    5    1    1       803    7  -12    2   -5   -7  -15    9   12   -8   14   -4   -3  -14  -11    8   15  -14  -15
    2    1   24    1    3    2    2    0      1828   18  -18   -1    1   -7   -5    8    9   -6   12   -5   -3   -8  -10   12   16   -9  -17
    2    1   25    1    2    1    1    1       876   13   -8    2   -3   16    7    3    6  -12  -15  -13    6    1    0   16    1    6  -11
    2    1   26    1    2    2    1    1      3002   17   -7   -3   -3   12    4    5    8  -13  -17  -12    8    1   -1   19   -3    7  -12
    2    1   27    2    1    0    2    1      1379    4   10   -7  -13    4  -11   -3    8  -13   -8    7    5   11   16  -11   12   13   15
    2    1   28    1    3    3    1    1      2717    9   -7   -3   -8   -8  -14    7   11  -14   12   -2   -5  -17  -18   10   14  -14  -11
    2    1   29    1    1    2    1    1      1410    7   14   -8  -21    2   -7   -2    9  -12   -7    7    6    9   17   -9   14   12   14
    2    1   30    6    0    0    2    1      1275  -12  -14   23  -11    2  -13    8  -10   14   21    0   13   13    7   -9    9   -1    8
    2    1   31    6    0    0    2    1       937   -5   11    5    8   18    0    2   13    2  -12    1    0   -8  -11    0   -7  -14   -6
    2    1   32    4    3    1    2    1       773   12  -10   -5   -8  -13  -13    7   12   -8   15   -3   -5   -7   -9    0   19  -14  -15
    2    1   33    4    1    5    2    1      1208    2    9   -9  -14    4  -12   -4    6  -12   -8    9    2   10   15   -9   11   14   16
    2    1   34    1    1    1    1    1      1833    3   11   -6  -15    5  -12   -4    9  -13   -9    7    4   12   14  -10   10   15   16
    2    1   35    1    1    4    2    0      3297    5    9   -8  -11    6   -9   -4    7  -13   -7    9    6    6   21   -9   10   13   17
    2    1   36    2    2    0    2    1      3118   15   -6   -3   -2   13    6    4    6  -12  -14  -13    8    2    0   15    2    7  -11
    2    1   37    4    1    1    2    1       818    7    6  -12  -15    0  -14   -5    8  -13   -5    2    5   10   12  -21    4   13   14
    2    1   38    4    3    3    2    1       691   14  -13   -3  -10   -7  -11    7    9  -10   14    3   -9  -18   -3    6   12  -14  -15
    2    1   39    4    1    4    2    1       761    6   10   -8  -13    4  -10    6    1  -14   -8    6    4   12   15  -10   12   14   17
