    1    1    1    1    1    3    1    1      5883   19   13   22   -9    9  -13    3    2    9   -3   -5   10   13   -3   14    7   -3    8
    1    1    2    1    2    4    2    1      3217   -4  -11    4   14   -7   15    8  -14   -6   -2    2   -3   15   -8   16    0    5  -14
    1    1    3    1    2    3    3    0      1090   -1  -13    1   14   -8   15   -4  -18  -15   -8   -1   -2   11   -7   15   -1    2  -12
    1    1    4    1    1    2    2    0      2968   10    8    6   -7    7  -13   -4   -4   17   -8   -7   11   12    0   15    6   -6    7
    1    1    5    1    3    4    3    1      3011    4   -4    2   -2   -4   -1   -6    7   -2   12   12    4  -16    1    7    6  -12   -4
    1    1    6    1    1    4    1    1      2763    9   13   13   -9    8  -10    5    3   13   -4   -8   11    9   -6   14    6    1    0
    1    1    7    1    3    2    2    0      1998   -1    2    7    3   -2    0   -6    7   -6   14   11    4  -12    1   14    6  -13   -1
    1    1    8    1    2    1    3    0      2271   -5  -10    3   16   -7   13    6  -16  -16   -9    0   -1   12   -6   18   -5    5  -13
    1    1    9    1    1    1    1    1      2885   11   14   14  -10    9  -12    4    1   14   -7   -9   12    9   -3   16   16   -4    5
    1    1   10    1    1    5    1    1      1587    9   13    7   -4    7  -12    4    1   13   -7   -8   11   15   -1   14    5   -8    4
    1    1   11    1    3    3    3    1      2101    2   -1    6   -5   -3   -1   -3    3   -6   11   12    1  -15    0    8   16  -10   -4
    1    1   12    1    2    5    1    0      2210   -3  -12   -5   24    1   10    8  -12  -14   -8    0   -3   16   -6   18   -1    5  -13
    1    1   13    1    3    5    3    1      1563    7   -2    8   -5    6    4   -6    8   -4   10   14    8  -15    1    3    7  -12   -3
    1    1   14    1    3    1    2    0      4318   -1    1    8   -5   -3    2  -10    8   -5   11   13    4  -11    0    2   10  -10   -3
    1    1   15    1    2    2    1    0      1202   -4   -8    3   13   -9   15    7  -14  -16   -6    1   -4    5  -12   16    0   -1   -5
    1    2    1    1    3    4    3    1      4243    4   -4    2   -2   -4   -1   -6    7   -2   12   12    4  -16    1    7    6  -12   -4
    1    2    2    1    3    1    3    1      1355   -1    1    8   -5   -3    2  -10    8   -5   11   13    4  -11    0    2   10  -10   -3
    1    2    3    1    1    4    1    1      1046    9   13   13   -9    8  -10    5    3   13   -4   -8   11    9   -6   14    6    1    0
    1    2    4    1    3    2    3    1      1565   -1    2    7    3   -2    0   -6    7   -6   14   11    4  -12    1   14    6  -13   -1
    1    2    5    1    1    1    2    0      1375   11   14   14  -10    9  -12    4    1   14   -7   -9   12    9   -3   16   16   -4    5
    1    2    6    1    2    3    2    1       922   -1  -13    1   14   -8   15   -4  -18  -15   -8   -1   -2   11   -7   15   -1    2  -12
    1    2    7    1    2    4    1    0      1367   -4  -11    4   14   -7   15    8  -14   -6   -2    2   -3   15   -8   16    0    5  -14
    1    2    8    1    3    5    3    1      1633    7   -2    8   -5    6    4   -6    8   -4   10   14    8  -15    1    3    7  -12   -3
    1    2    9    1    1    5    1    1      1633    9   13    7   -4    7  -12    4    1   13   -7   -8   11   15   -1   14    5   -8    4
    1    2   10    1    1    3    3    0      2561   19   13   22   -9    9  -13    3    2    9   -3   -5   10   13   -3   14    7   -3    8
    1    2   11    1    2    1    2    1       956   -5  -10    3   16   -7   13    6  -16  -16   -9    0   -1   12   -6   18   -5    5  -13
    1    2   12    1    2    5    1    0      1127   -3  -12   -5   24    1   10    8  -12  -14   -8    0   -3   16   -6   18   -1    5  -13
    1    2   13    1    1    2    3    0      2507   10    8    6   -7    7  -13   -4   -4   17   -8   -7   11   12    0   15    6   -6    7
    1    2   14    1    3    3    3    1       904    2   -1    6   -5   -3   -1   -3    3   -6   11   12    1  -15    0    8   16  -10   -4
    1    2   15    1    2    2    2    1      1109   -4   -8    3   13   -9   15    7  -14  -16   -6    1   -4    5  -12   16    0   -1   -5
    1    3    1    1    3    1    3    1      3546   -1    1    8   -5   -3    2  -10    8   -5   11   13    4  -11    0    2   10  -10   -3
    1    3    2    1    3    3    3    1      1693    2   -1    6   -5   -3   -1   -3    3   -6   11   12    1  -15    0    8   16  -10   -4
    1    3    3    1    1    5    3    0      1226    9   13    7   -4    7  -12    4    1   13   -7   -8   11   15   -1   14    5   -8    4
    1    3    4    1    2    2    2    1       970   -4   -8    3   13   -9   15    7  -14  -16   -6    1   -4    5  -12   16    0   -1   -5
    1    3    5    1    2    3    2    1       949   -1  -13    1   14   -8   15   -4  -18  -15   -8   -1   -2   11   -7   15   -1    2  -12
    1    3    6    1    3    4    3    1       880    4   -4    2   -2   -4   -1   -6    7   -2   12   12    4  -16    1    7    6  -12   -4
    1    3    7    1    3    2    3    1       958   -1    2    7    3   -2    0   -6    7   -6   14   11    4  -12    1   14    6  -13   -1
    1    3    8    1    1    1    1    1      1449   11   14   14  -10    9  -12    4    1   14   -7   -9   12    9   -3   16   16   -4    5
    1    3    9    1    3    5    3    1       929    7   -2    8   -5    6    4   -6    8   -4   10   14    8  -15    1    3    7  -12   -3
    1    3   10    1    2    5    2    1       572   -3  -12   -5   24    1   10    8  -12  -14   -8    0   -3   16   -6   18   -1    5  -13
    1    3   11    1    1    4    1    1      1143    9   13   13   -9    8  -10    5    3   13   -4   -8   11    9   -6   14    6    1    0
    1    3   12    1    2    1    2    1      2250   -5  -10    3   16   -7   13    6  -16  -16   -9    0   -1   12   -6   18   -5    5  -13
    1    3   13    1    2    4    2    1      1090   -4  -11    4   14   -7   15    8  -14   -6   -2    2   -3   15   -8   16    0    5  -14
    1    3   14    1    1    3    1    1      3495   19   13   22   -9    9  -13    3    2    9   -3   -5   10   13   -3   14    7   -3    8
    1    3   15    1    1    2    3    0      1053   10    8    6   -7    7  -13   -4   -4   17   -8   -7   11   12    0   15    6   -6    7
    1    4    1    1    2    5    2    1       708   -3  -12   -5   24    1   10    8  -12  -14   -8    0   -3   16   -6   18   -1    5  -13
    1    4    2    1    1    3    1    1      1369   19   13   22   -9    9  -13    3    2    9   -3   -5   10   13   -3   14    7   -3    8
    1    4    3    1    3    3    3    1       884    2   -1    6   -5   -3   -1   -3    3   -6   11   12    1  -15    0    8   16  -10   -4
    1    4    4    1    3    5    3    1       818    7   -2    8   -5    6    4   -6    8   -4   10   14    8  -15    1    3    7  -12   -3
    1    4    5    1    2    1    2    1      1746   -5  -10    3   16   -7   13    6  -16  -16   -9    0   -1   12   -6   18   -5    5  -13
    1    4    6    1    2    4    2    1      1230   -4  -11    4   14   -7   15    8  -14   -6   -2    2   -3   15   -8   16    0    5  -14
    1    4    7    1    3    2    3    1       910   -1    2    7    3   -2    0   -6    7   -6   14   11    4  -12    1   14    6  -13   -1
    1    4    8    1    2    3    2    1      1978   -1  -13    1   14   -8   15   -4  -18  -15   -8   -1   -2   11   -7   15   -1    2  -12
    1    4    9    1    3    4    3    1       780    4   -4    2   -2   -4   -1   -6    7   -2   12   12    4  -16    1    7    6  -12   -4
    1    4   10    1    1    1    1    1      1102   11   14   14  -10    9  -12    4    1   14   -7   -9   12    9   -3   16   16   -4    5
    1    4   11    1    1    4    1    1      2835    9   13   13   -9    8  -10    5    3   13   -4   -8   11    9   -6   14    6    1    0
    1    4   12    1    1    5    1    1      1491    9   13    7   -4    7  -12    4    1   13   -7   -8   11   15   -1   14    5   -8    4
    1    4   13    1    2    2    2    1      1081   -4   -8    3   13   -9   15    7  -14  -16   -6    1   -4    5  -12   16    0   -1   -5
    1    4   14    1    1    2    3    0      4111   10    8    6   -7    7  -13   -4   -4   17   -8   -7   11   12    0   15    6   -6    7
    1    4   15    1    3    1    3    1       971   -1    1    8   -5   -3    2  -10    8   -5   11   13    4  -11    0    2   10  -10   -3
    1    5    1    1    1    3    1    1      1318   19   13   22   -9    9  -13    3    2    9   -3   -5   10   13   -3   14    7   -3    8
    1    5    2    1    2    2    2    1      1427   -4   -8    3   13   -9   15    7  -14  -16   -6    1   -4    5  -12   16    0   -1   -5
    1    5    3    1    3    3    3    1      5658    2   -1    6   -5   -3   -1   -3    3   -6   11   12    1  -15    0    8   16  -10   -4
    1    5    4    1    1    4    3    0      1034    9   13   13   -9    8  -10    5    3   13   -4   -8   11    9   -6   14    6    1    0
    1    5    5    1    1    5    3    0       754    9   13    7   -4    7  -12    4    1   13   -7   -8   11   15   -1   14    5   -8    4
    1    5    6    1    3    2    3    1       709   -1    2    7    3   -2    0   -6    7   -6   14   11    4  -12    1   14    6  -13   -1
    1    5    7    1    1    2    3    0      1562   10    8    6   -7    7  -13   -4   -4   17   -8   -7   11   12    0   15    6   -6    7
    1    5    8    1    3    1    3    1      1005   -1    1    8   -5   -3    2  -10    8   -5   11   13    4  -11    0    2   10  -10   -3
    1    5    9    1    1    1    1    1       758   11   14   14  -10    9  -12    4    1   14   -7   -9   12    9   -3   16   16   -4    5
    1    5   10    1    3    4    3    1       937    4   -4    2   -2   -4   -1   -6    7   -2   12   12    4  -16    1    7    6  -12   -4
    1    5   11    1    2    4    2    1      1717   -4  -11    4   14   -7   15    8  -14   -6   -2    2   -3   15   -8   16    0    5  -14
    1    5   12    1    2    1    2    1       738   -5  -10    3   16   -7   13    6  -16  -16   -9    0   -1   12   -6   18   -5    5  -13
    1    5   13    1    3    5    3    1       982    7   -2    8   -5    6    4   -6    8   -4   10   14    8  -15    1    3    7  -12   -3
    1    5   14    1    2    3    2    1      1120   -1  -13    1   14   -8   15   -4  -18  -15   -8   -1   -2   11   -7   15   -1    2  -12
    1    5   15    1    2    5    2    1       708   -3  -12   -5   24    1   10    8  -12  -14   -8    0   -3   16   -6   18   -1    5  -13
    1    6    1    1    3    4    3    1      1754    4   -4    2   -2   -4   -1   -6    7   -2   12   12    4  -16    1    7    6  -12   -4
    1    6    2    1    2    1    2    1      1733   -5  -10    3   16   -7   13    6  -16  -16   -9    0   -1   12   -6   18   -5    5  -13
    1    6    3    1    2    2    2    1       705   -4   -8    3   13   -9   15    7  -14  -16   -6    1   -4    5  -12   16    0   -1   -5
    1    6    4    1    3    3    1    0      7206    2   -1    6   -5   -3   -1   -3    3   -6   11   12    1  -15    0    8   16  -10   -4
    1    6    5    1    3    5    3    1       695    7   -2    8   -5    6    4   -6    8   -4   10   14    8  -15    1    3    7  -12   -3
    1    6    6    1    3    1    3    1       684   -1    1    8   -5   -3    2  -10    8   -5   11   13    4  -11    0    2   10  -10   -3
    1    6    7    1    1    1    1    1      1458   11   14   14  -10    9  -12    4    1   14   -7   -9   12    9   -3   16   16   -4    5
    1    6    8    1    2    4    2    1      2057   -4  -11    4   14   -7   15    8  -14   -6   -2    2   -3   15   -8   16    0    5  -14
    1    6    9    1    1    2    3    0      1193   10    8    6   -7    7  -13   -4   -4   17   -8   -7   11   12    0   15    6   -6    7
    1    6   10    1    1    4    3    0       762    9   13   13   -9    8  -10    5    3   13   -4   -8   11    9   -6   14    6    1    0
    1    6   11    1    2    5    2    1       668   -3  -12   -5   24    1   10    8  -12  -14   -8    0   -3   16   -6   18   -1    5  -13
    1    6   12    1    1    5    3    0      4435    9   13    7   -4    7  -12    4    1   13   -7   -8   11   15   -1   14    5   -8    4
    1    6   13    1    1    3    1    1      3715   19   13   22   -9    9  -13    3    2    9   -3   -5   10   13   -3   14    7   -3    8
    1    6   14    1    3    2    3    1       863   -1    2    7    3   -2    0   -6    7   -6   14   11    4  -12    1   14    6  -13   -1
    1    6   15    1    2    3    2    1       574   -1  -13    1   14   -8   15   -4  -18  -15   -8   -1   -2   11   -7   15   -1    2  -12
    1    7    1    1    2    1    2    1       761   -5  -10    3   16   -7   13    6  -16  -16   -9    0   -1   12   -6   18   -5    5  -13
    1    7    2    1    2    4    2    1      1131   -4  -11    4   14   -7   15    8  -14   -6   -2    2   -3   15   -8   16    0    5  -14
    1    7    3    1    2    3    2    1       671   -1  -13    1   14   -8   15   -4  -18  -15   -8   -1   -2   11   -7   15   -1    2  -12
    1    7    4    1    1    1    1    1       966   11   14   14  -10    9  -12    4    1   14   -7   -9   12    9   -3   16   16   -4    5
    1    7    5    1    1    4    1    1      5600    9   13   13   -9    8  -10    5    3   13   -4   -8   11    9   -6   14    6    1    0
    1    7    6    1    3    5    3    1      2690    7   -2    8   -5    6    4   -6    8   -4   10   14    8  -15    1    3    7  -12   -3
    1    7    7    1    2    2    2    1       807   -4   -8    3   13   -9   15    7  -14  -16   -6    1   -4    5  -12   16    0   -1   -5
    1    7    8    1    3    4    3    1      1449    4   -4    2   -2   -4   -1   -6    7   -2   12   12    4  -16    1    7    6  -12   -4
    1    7    9    1    1    2    3    0      1552   10    8    6   -7    7  -13   -4   -4   17   -8   -7   11   12    0   15    6   -6    7
    1    7   10    1    3    3    3    1      1475    2   -1    6   -5   -3   -1   -3    3   -6   11   12    1  -15    0    8   16  -10   -4
    1    7   11    1    3    2    3    1      1114   -1    2    7    3   -2    0   -6    7   -6   14   11    4  -12    1   14    6  -13   -1
    1    7   12    1    1    5    1    1      1150    9   13    7   -4    7  -12    4    1   13   -7   -8   11   15   -1   14    5   -8    4
    1    7   13    1    1    3    1    1       914   19   13   22   -9    9  -13    3    2    9   -3   -5   10   13   -3   14    7   -3    8
    1    7   14    1    3    1    3    1      1310   -1    1    8   -5   -3    2  -10    8   -5   11   13    4  -11    0    2   10  -10   -3
    1    7   15    1    2    5    2    1       667   -3  -12   -5   24    1   10    8  -12  -14   -8    0   -3   16   -6   18   -1    5  -13
    1    8    1    1    1    1    1    1       849   11   14   14  -10    9  -12    4    1   14   -7   -9   12    9   -3   16   16   -4    5
    1    8    2    1    2    4    2    1      1105   -4  -11    4   14   -7   15    8  -14   -6   -2    2   -3   15   -8   16    0    5  -14
    1    8    3    1    3    3    3    1      2294    2   -1    6   -5   -3   -1   -3    3   -6   11   12    1  -15    0    8   16  -10   -4
    1    8    4    1    1    2    3    0      1275   10    8    6   -7    7  -13   -4   -4   17   -8   -7   11   12    0   15    6   -6    7
    1    8    5    1    1    3    1    1       746   19   13   22   -9    9  -13    3    2    9   -3   -5   10   13   -3   14    7   -3    8
    1    8    6    1    2    1    2    1       605   -5  -10    3   16   -7   13    6  -16  -16   -9    0   -1   12   -6   18   -5    5  -13
    1    8    7    1    3    2    3    1       838   -1    2    7    3   -2    0   -6    7   -6   14   11    4  -12    1   14    6  -13   -1
    1    8    8    1    1    4    1    1      1542    9   13   13   -9    8  -10    5    3   13   -4   -8   11    9   -6   14    6    1    0
    1    8    9    1    1    5    1    1      1786    9   13    7   -4    7  -12    4    1   13   -7   -8   11   15   -1   14    5   -8    4
    1    8   10    1    3    1    3    1      1124   -1    1    8   -5   -3    2  -10    8   -5   11   13    4  -11    0    2   10  -10   -3
    1    8   11    1    3    5    3    1      1193    7   -2    8   -5    6    4   -6    8   -4   10   14    8  -15    1    3    7  -12   -3
    1    8   12    1    2    5    2    1       698   -3  -12   -5   24    1   10    8  -12  -14   -8    0   -3   16   -6   18   -1    5  -13
    1    8   13    1    2    2    2    1      2463   -4   -8    3   13   -9   15    7  -14  -16   -6    1   -4    5  -12   16    0   -1   -5
    1    8   14    1    3    4    3    1      4686    4   -4    2   -2   -4   -1   -6    7   -2   12   12    4  -16    1    7    6  -12   -4
    1    8   15    1    2    3    2    1       723   -1  -13    1   14   -8   15   -4  -18  -15   -8   -1   -2   11   -7   15   -1    2  -12
    1    9    1    1    1    2    1    1      1976   10    8    6   -7    7  -13   -4   -4   17   -8   -7   11   12    0   15    6   -6    7
    1    9    2    1    1    4    1    1      1914    9   13   13   -9    8  -10    5    3   13   -4   -8   11    9   -6   14    6    1    0
    1    9    3    1    3    5    3    1      2623    7   -2    8   -5    6    4   -6    8   -4   10   14    8  -15    1    3    7  -12   -3
    1    9    4    1    1    5    1    1      1287    9   13    7   -4    7  -12    4    1   13   -7   -8   11   15   -1   14    5   -8    4
    1    9    5    1    3    4    3    1       901    4   -4    2   -2   -4   -1   -6    7   -2   12   12    4  -16    1    7    6  -12   -4
    1    9    6    1    3    3    1    0      1202    2   -1    6   -5   -3   -1   -3    3   -6   11   12    1  -15    0    8   16  -10   -4
    1    9    7    1    3    2    3    1       708   -1    2    7    3   -2    0   -6    7   -6   14   11    4  -12    1   14    6  -13   -1
    1    9    8    1    2    4    2    1       649   -4  -11    4   14   -7   15    8  -14   -6   -2    2   -3   15   -8   16    0    5  -14
    1    9    9    1    1    3    1    1      1360   19   13   22   -9    9  -13    3    2    9   -3   -5   10   13   -3   14    7   -3    8
    1    9   10    1    2    2    2    1       715   -4   -8    3   13   -9   15    7  -14  -16   -6    1   -4    5  -12   16    0   -1   -5
    1    9   11    1    3    1    1    0      1999   -1    1    8   -5   -3    2  -10    8   -5   11   13    4  -11    0    2   10  -10   -3
    1    9   12    1    2    3    2    1       704   -1  -13    1   14   -8   15   -4  -18  -15   -8   -1   -2   11   -7   15   -1    2  -12
    1    9   13    1    1    1    1    1      1718   11   14   14  -10    9  -12    4    1   14   -7   -9   12    9   -3   16   16   -4    5
    1    9   14    1    2    5    2    1       690   -3  -12   -5   24    1   10    8  -12  -14   -8    0   -3   16   -6   18   -1    5  -13
    1    9   15    1    2    1    2    1      1144   -5  -10    3   16   -7   13    6  -16  -16   -9    0   -1   12   -6   18   -5    5  -13
    1   10    1    1    2    3    2    1       620   -1  -13    1   14   -8   15   -4  -18  -15   -8   -1   -2   11   -7   15   -1    2  -12
    1   10    2    1    2    5    2    1       692   -3  -12   -5   24    1   10    8  -12  -14   -8    0   -3   16   -6   18   -1    5  -13
    1   10    3    1    1    2    1    1      7130   10    8    6   -7    7  -13   -4   -4   17   -8   -7   11   12    0   15    6   -6    7
    1   10    4    1    3    5    3    1      1582    7   -2    8   -5    6    4   -6    8   -4   10   14    8  -15    1    3    7  -12   -3
    1   10    5    1    3    2    3    1       880   -1    2    7    3   -2    0   -6    7   -6   14   11    4  -12    1   14    6  -13   -1
    1   10    6    1    2    2    2    1       622   -4   -8    3   13   -9   15    7  -14  -16   -6    1   -4    5  -12   16    0   -1   -5
    1   10    7    1    2    4    2    1       582   -4  -11    4   14   -7   15    8  -14   -6   -2    2   -3   15   -8   16    0    5  -14
    1   10    8    1    1    1    1    1       944   11   14   14  -10    9  -12    4    1   14   -7   -9   12    9   -3   16   16   -4    5
    1   10    9    1    1    5    1    1      3147    9   13    7   -4    7  -12    4    1   13   -7   -8   11   15   -1   14    5   -8    4
    1   10   10    1    1    4    3    0      1679    9   13   13   -9    8  -10    5    3   13   -4   -8   11    9   -6   14    6    1    0
    1   10   11    1    3    4    3    1       573    4   -4    2   -2   -4   -1   -6    7   -2   12   12    4  -16    1    7    6  -12   -4
    1   10   12    1    3    1    3    1      1415   -1    1    8   -5   -3    2  -10    8   -5   11   13    4  -11    0    2   10  -10   -3
    1   10   13    1    2    1    2    1       592   -5  -10    3   16   -7   13    6  -16  -16   -9    0   -1   12   -6   18   -5    5  -13
    1   10   14    1    1    3    1    1      1194   19   13   22   -9    9  -13    3    2    9   -3   -5   10   13   -3   14    7   -3    8
    1   10   15    1    3    3    1    0      1595    2   -1    6   -5   -3   -1   -3    3   -6   11   12    1  -15    0    8   16  -10   -4
    1   11    1    1    1    1    1    1       908   11   14   14  -10    9  -12    4    1   14   -7   -9   12    9   -3   16   16   -4    5
    1   11    2    1    3    5    3    1       666    7   -2    8   -5    6    4   -6    8   -4   10   14    8  -15    1    3    7  -12   -3
    1   11    3    1    1    2    1    1      1600   10    8    6   -7    7  -13   -4   -4   17   -8   -7   11   12    0   15    6   -6    7
    1   11    4    1    3    4    3    1       881    4   -4    2   -2   -4   -1   -6    7   -2   12   12    4  -16    1    7    6  -12   -4
    1   11    5    1    2    4    2    1       991   -4  -11    4   14   -7   15    8  -14   -6   -2    2   -3   15   -8   16    0    5  -14
    1   11    6    1    2    2    2    1       969   -4   -8    3   13   -9   15    7  -14  -16   -6    1   -4    5  -12   16    0   -1   -5
    1   11    7    1    2    5    2    1       596   -3  -12   -5   24    1   10    8  -12  -14   -8    0   -3   16   -6   18   -1    5  -13
    1   11    8    1    1    3    1    1      1197   19   13   22   -9    9  -13    3    2    9   -3   -5   10   13   -3   14    7   -3    8
    1   11    9    1    3    1    3    1      1742   -1    1    8   -5   -3    2  -10    8   -5   11   13    4  -11    0    2   10  -10   -3
    1   11   10    1    2    3    2    1       634   -1  -13    1   14   -8   15   -4  -18  -15   -8   -1   -2   11   -7   15   -1    2  -12
    1   11   11    1    3    2    3    1      2146   -1    2    7    3   -2    0   -6    7   -6   14   11    4  -12    1   14    6  -13   -1
    1   11   12    1    1    4    1    1      1086    9   13   13   -9    8  -10    5    3   13   -4   -8   11    9   -6   14    6    1    0
    1   11   13    1    1    5    1    1       627    9   13    7   -4    7  -12    4    1   13   -7   -8   11   15   -1   14    5   -8    4
    1   11   14    1    2    1    2    1       747   -5  -10    3   16   -7   13    6  -16  -16   -9    0   -1   12   -6   18   -5    5  -13
    1   11   15    1    3    3    1    0      1151    2   -1    6   -5   -3   -1   -3    3   -6   11   12    1  -15    0    8   16  -10   -4
    1   12    1    1    2    1    2    1       610   -5  -10    3   16   -7   13    6  -16  -16   -9    0   -1   12   -6   18   -5    5  -13
    1   12    2    1    3    4    3    1      1434    4   -4    2   -2   -4   -1   -6    7   -2   12   12    4  -16    1    7    6  -12   -4
    1   12    3    1    3    3    3    1      1090    2   -1    6   -5   -3   -1   -3    3   -6   11   12    1  -15    0    8   16  -10   -4
    1   12    4    1    2    3    2    1       664   -1  -13    1   14   -8   15   -4  -18  -15   -8   -1   -2   11   -7   15   -1    2  -12
    1   12    5    1    3    5    3    1      1199    7   -2    8   -5    6    4   -6    8   -4   10   14    8  -15    1    3    7  -12   -3
    1   12    6    1    3    2    3    1       720   -1    2    7    3   -2    0   -6    7   -6   14   11    4  -12    1   14    6  -13   -1
    1   12    7    1    2    5    2    1       645   -3  -12   -5   24    1   10    8  -12  -14   -8    0   -3   16   -6   18   -1    5  -13
    1   12    8    1    1    1    1    1       876   11   14   14  -10    9  -12    4    1   14   -7   -9   12    9   -3   16   16   -4    5
    1   12    9    1    1    4    1    1      1674    9   13   13   -9    8  -10    5    3   13   -4   -8   11    9   -6   14    6    1    0
    1   12   10    1    1    3    1    1       857   19   13   22   -9    9  -13    3    2    9   -3   -5   10   13   -3   14    7   -3    8
    1   12   11    1    2    4    2    1       696   -4  -11    4   14   -7   15    8  -14   -6   -2    2   -3   15   -8   16    0    5  -14
    1   12   12    1    1    2    1    1       813   10    8    6   -7    7  -13   -4   -4   17   -8   -7   11   12    0   15    6   -6    7
    1   12   13    1    1    5    1    1       926    9   13    7   -4    7  -12    4    1   13   -7   -8   11   15   -1   14    5   -8    4
    1   12   14    1    2    2    2    1       650   -4   -8    3   13   -9   15    7  -14  -16   -6    1   -4    5  -12   16    0   -1   -5
    1   12   15    1    3    1    3    1       657   -1    1    8   -5   -3    2  -10    8   -5   11   13    4  -11    0    2   10  -10   -3
    1   13    1    1    3    2    3    1       729   -1    2    7    3   -2    0   -6    7   -6   14   11    4  -12    1   14    6  -13   -1
    1   13    2    1    3    4    3    1      1485    4   -4    2   -2   -4   -1   -6    7   -2   12   12    4  -16    1    7    6  -12   -4
    1   13    3    1    2    5    2    1       787   -3  -12   -5   24    1   10    8  -12  -14   -8    0   -3   16   -6   18   -1    5  -13
    1   13    4    1    3    1    3    1      2069   -1    1    8   -5   -3    2  -10    8   -5   11   13    4  -11    0    2   10  -10   -3
    1   13    5    1    2    2    2    1       627   -4   -8    3   13   -9   15    7  -14  -16   -6    1   -4    5  -12   16    0   -1   -5
    1   13    6    1    1    2    1    1      1595   10    8    6   -7    7  -13   -4   -4   17   -8   -7   11   12    0   15    6   -6    7
    1   13    7    1    1    5    1    1      2156    9   13    7   -4    7  -12    4    1   13   -7   -8   11   15   -1   14    5   -8    4
    1   13    8    1    3    5    3    1      1096    7   -2    8   -5    6    4   -6    8   -4   10   14    8  -15    1    3    7  -12   -3
    1   13    9    1    1    4    1    1      1245    9   13   13   -9    8  -10    5    3   13   -4   -8   11    9   -6   14    6    1    0
    1   13   10    1    2    3    2    1       860   -1  -13    1   14   -8   15   -4  -18  -15   -8   -1   -2   11   -7   15   -1    2  -12
    1   13   11    1    3    3    3    1       827    2   -1    6   -5   -3   -1   -3    3   -6   11   12    1  -15    0    8   16  -10   -4
    1   13   12    1    2    4    2    1       650   -4  -11    4   14   -7   15    8  -14   -6   -2    2   -3   15   -8   16    0    5  -14
    1   13   13    1    1    3    1    1       786   19   13   22   -9    9  -13    3    2    9   -3   -5   10   13   -3   14    7   -3    8
    1   13   14    1    1    1    1    1       836   11   14   14  -10    9  -12    4    1   14   -7   -9   12    9   -3   16   16   -4    5
    1   13   15    1    2    1    2    1       580   -5  -10    3   16   -7   13    6  -16  -16   -9    0   -1   12   -6   18   -5    5  -13
    1   14    1    1    3    1    3    1       878   -1    1    8   -5   -3    2  -10    8   -5   11   13    4  -11    0    2   10  -10   -3
    1   14    2    1    1    2    1    1       812   10    8    6   -7    7  -13   -4   -4   17   -8   -7   11   12    0   15    6   -6    7
    1   14    3    1    1    5    1    1      1004    9   13    7   -4    7  -12    4    1   13   -7   -8   11   15   -1   14    5   -8    4
    1   14    4    1    1    3    1    1      1126   19   13   22   -9    9  -13    3    2    9   -3   -5   10   13   -3   14    7   -3    8
    1   14    5    1    2    2    2    1       586   -4   -8    3   13   -9   15    7  -14  -16   -6    1   -4    5  -12   16    0   -1   -5
    1   14    6    1    3    3    3    1      1012    2   -1    6   -5   -3   -1   -3    3   -6   11   12    1  -15    0    8   16  -10   -4
    1   14    7    1    3    5    3    1      1084    7   -2    8   -5    6    4   -6    8   -4   10   14    8  -15    1    3    7  -12   -3
    1   14    8    1    2    1    2    1       579   -5  -10    3   16   -7   13    6  -16  -16   -9    0   -1   12   -6   18   -5    5  -13
    1   14    9    1    3    4    3    1      1084    4   -4    2   -2   -4   -1   -6    7   -2   12   12    4  -16    1    7    6  -12   -4
    1   14   10    1    2    3    2    1       611   -1  -13    1   14   -8   15   -4  -18  -15   -8   -1   -2   11   -7   15   -1    2  -12
    1   14   11    1    1    1    1    1       747   11   14   14  -10    9  -12    4    1   14   -7   -9   12    9   -3   16   16   -4    5
    1   14   12    1    2    5    2    1       574   -3  -12   -5   24    1   10    8  -12  -14   -8    0   -3   16   -6   18   -1    5  -13
    1   14   13    1    2    4    2    1       761   -4  -11    4   14   -7   15    8  -14   -6   -2    2   -3   15   -8   16    0    5  -14
    1   14   14    1    3    2    3    1       908   -1    2    7    3   -2    0   -6    7   -6   14   11    4  -12    1   14    6  -13   -1
    1   14   15    1    1    4    1    1       777    9   13   13   -9    8  -10    5    3   13   -4   -8   11    9   -6   14    6    1    0
    1   15    1    1    1    1    1    1       587   11   14   14  -10    9  -12    4    1   14   -7   -9   12    9   -3   16   16   -4    5
    1   15    2    1    2    4    2    1      1013   -4  -11    4   14   -7   15    8  -14   -6   -2    2   -3   15   -8   16    0    5  -14
    1   15    3    1    2    2    2    1      3853   -4   -8    3   13   -9   15    7  -14  -16   -6    1   -4    5  -12   16    0   -1   -5
    1   15    4    1    1    2    1    1      1284   10    8    6   -7    7  -13   -4   -4   17   -8   -7   11   12    0   15    6   -6    7
    1   15    5    1    3    3    3    1      1250    2   -1    6   -5   -3   -1   -3    3   -6   11   12    1  -15    0    8   16  -10   -4
    1   15    6    1    1    5    1    1      1377    9   13    7   -4    7  -12    4    1   13   -7   -8   11   15   -1   14    5   -8    4
    1   15    7    1    3    1    3    1      1147   -1    1    8   -5   -3    2  -10    8   -5   11   13    4  -11    0    2   10  -10   -3
    1   15    8    1    2    5    2    1       703   -3  -12   -5   24    1   10    8  -12  -14   -8    0   -3   16   -6   18   -1    5  -13
    1   15    9    1    1    4    1    1       916    9   13   13   -9    8  -10    5    3   13   -4   -8   11    9   -6   14    6    1    0
    1   15   10    1    3    2    3    1       705   -1    2    7    3   -2    0   -6    7   -6   14   11    4  -12    1   14    6  -13   -1
    1   15   11    1    1    3    1    1       806   19   13   22   -9    9  -13    3    2    9   -3   -5   10   13   -3   14    7   -3    8
    1   15   12    1    2    3    2    1       647   -1  -13    1   14   -8   15   -4  -18  -15   -8   -1   -2   11   -7   15   -1    2  -12
    1   15   13    1    3    5    3    1      1438    7   -2    8   -5    6    4   -6    8   -4   10   14    8  -15    1    3    7  -12   -3
    1   15   14    1    2    1    2    1       582   -5  -10    3   16   -7   13    6  -16  -16   -9    0   -1   12   -6   18   -5    5  -13
    1   15   15    1    3    4    3    1      1312    4   -4    2   -2   -4   -1   -6    7   -2   12   12    4  -16    1    7    6  -12   -4
    2    1    1    1    2    1    2    0      6130   -5  -10    3   16   -7   13    6  -16  -16   -9    0   -1   12   -6   18   -5    5  -13
    2    1    2    6    0    0    2    1      6174    6  -10  -12  -11    8    8   21   13   -3   12  -11   -4   -6  -12    1    5    5   -2
    2    1    3    4    1    2    1    0      1545   10   15   16   -9   10  -12    6    0   12   -7   -7   12   13   -2   13    8   -7    5
    2    1    4    1    2    5    1    1      2428   -3  -12   -5   24    1   10    8  -12  -14   -8    0   -3   16   -6   18   -1    5  -13
    2    1    5    1    3    4    2    0      1964    4   -4    2   -2   -4   -1   -6    7   -2   12   12    4  -16    1    7    6  -12   -4
    2    1    6    1    1    2    1    1      1022   10    8    6   -7    7  -13   -4   -4   17   -8   -7   11   12    0   15    6   -6    7
    2    1    7    6    0    0    1    0      2503    5   -9  -10    5    6    9   11   -3  -12   -4   11    3   13  -11    3  -15   -1    6
    2    1    8    4    2    5    2    1      1508    3  -20    3   14  -17   22    7  -15  -16   -5    2   -3   19  -11   21    4    3  -12
    2    1    9    1    1    5    1    1      1737    9   13    7   -4    7  -12    4    1   13   -7   -8   11   15   -1   14    5   -8    4
    2    1   10    1    3    3    2    0      3029    2   -1    6   -5   -3   -1   -3    3   -6   11   12    1  -15    0    8   16  -10   -4
    2    1   11    6    0    0    2    1       941   14   -6  -13   -7  -12    1   -1  -15   -7  -14    5    0   -3   11    7   -8  -15  -13
    2    1   12    1    3    2    1    1      1193   -1    2    7    3   -2    0   -6    7   -6   14   11    4  -12    1   14    6  -13   -1
    2    1   13    6    0    0    2    1       826   16   -6   -9   -8  -14    2   -2  -13  -11  -14    7   -1   -2   10    7   -9   -5  -14
    2    1   14    4    3    1    2    1      1914   -1    0    8   -5    4   -4   -7    7   -3   12   13    4  -12    1    3    8  -18    1
    2    1   15    4    2    4    2    1      1855   -3  -10   12   23   -7   15    4  -12  -18   -4   -5    0   15   -4   15    1    6  -13
    2    1   16    4    3    4    1    0      1142    1    2    8   -3   -7    4   -7    9   -5   13   13    2  -11   -1    5    9   -9   -2
    2    1   17    6    0    0    2    1      1434    7   -7   -4   -4    7    7   17    8   -1   11  -10   -2    7  -23    4   13    2    1
    2    1   18    4    1    3    2    1      1138    6   17   19   -7    4  -16    1    5   13   -7   -8   15   15   -2   17    5   -7    8
    2    1   19    4    3    5    1    0       758    1   -5    5   -7   -3    2   -8    9   -3   10   14    3  -14    2    6   10  -10   -3
    2    1   20    4    2    3    2    1      2025   -6  -10    3   17   -6   13    5  -15  -14   -8    1   -2   14   -8   16    2    5  -10
    2    1   21    1    2    3    1    1       906   -1  -13    1   14   -8   15   -4  -18  -15   -8   -1   -2   11   -7   15   -1    2  -12
    2    1   22    4    2    2    2    1      1447   -2   -9    2   14   -5   12    7  -16  -12   -8   11    6   14   -7   18   -3    5  -10
    2    1   23    6    0    0    2    1      2558    2   -4  -10    5   13    6    9   -9  -13   -2   11    2   12  -10   10  -14   -1    9
    2    1   24    1    2    2    1    1      1353   -4   -8    3   13   -9   15    7  -14  -16   -6    1   -4    5  -12   16    0   -1   -5
    2    1   25    2    2    0    1    0       661   -4  -10    4   15   -7   14    6  -14  -15   -7    1   -3   15   -6   16    1    4  -12
    2    1   26    1    2    4    1    1      1243   -4  -11    4   14   -7   15    8  -14   -6   -2    2   -3   15   -8   16    0    5  -14
    2    1   27    2    3    0    1    0      1178    0    1    7   -5   -3    0   -7    8   -5   12   13    3  -13    1    4    9  -11   -2
    2    1   28    4    3    2    2    1      1164    5    0    5   -5   -4    1   -8    8   -3   10   14    6  -13    2    5   10  -13   -1
    2    1   29    2    1    0    1    0      2591    9   14   14   -9    8  -11    5    1   12   -6   -7   10   14   -2   15    7   -5    6
    2    1   30    1    3    1    1    1      1209   -1    1    8   -5   -3    2  -10    8   -5   11   13    4  -11    0    2   10  -10   -3
    2    1   31    1    1    1    1    1       794   11   14   14  -10    9  -12    4    1   14   -7   -9   12    9   -3   16   16   -4    5
    2    1   32    1    3    5    1    1       812    7   -2    8   -5    6    4   -6    8   -4   10   14    8  -15    1    3    7  -12   -3
    2    1   33    4    1    5    2    1      1340    8   14   18  -14   -2   -2    7   11   11   -9   -7   11    4  -11   17    4   -7    6
    2    1   34    1    1    3    2    0      1864   19   13   22   -9    9  -13    3    2    9   -3   -5   10   13   -3   14    7   -3    8
    2    1   35    4    2    1    2    1      1055   -7  -10    6   16   -8   14    8  -14  -22   -1    0   -1   23  -15   19    0    6  -11
    2    1   36    4    1    1    2    1      1446    7   16   19   -2   11  -11    5    0   14   -7   -5   10   15   -2   16    3   -7   -4
    2    1   37    1    1    4    1    1       989    9   13   13   -9    8  -10    5    3   13   -4   -8   11    9   -6   14    6    1    0
    2    1   38    4    3    3    2    1       791   10   -9    7   -6   -2   -2  -12   17   -6   12   11    1  -12    2    2    8  -19    2
    2    1   39    4    1    4    2    1      1161    5   20   13   -7    6  -13    4    1   12   -1   -7    9   14   -3   16    9   -5    7
