    1    1    1    1    2    2    1    0      4276   -6    6   13   -5   14    4    3    0   12    1    5    2   -8    1   16  -21    7  -11
    1    1    2    1    2    3    2    1       895   -3    8   14   -6   11    6    8   -5   12    0    5    2   -8    1   15  -12    6   -6
    1    1    3    1    3    4    3    1      1421   14   -9  -10   -2  -13  -15   12   15  -17    6    3  -10   -6    3    2  -12   -3   12
    1    1    4    1    1    1    1    1       534   -1  -10   -6   -5    8   -4   11   -7   -8  -10  -12   -5   -5    2    1   12   12    4
    1    1    5    1    1    3    2    0       402    1   -5   -6   -5    7   -4   14   -5   -7   -7  -13   -6   -4    2    0   14    2    6
    1    1    6    1    1    4    2    0       707    6   -3   -7   -6    4    1   11   -7   -8   -9  -11   -4   -4    3    1   11   12   16
    1    1    7    1    3    1    3    1       905   12  -11  -17   -8  -13  -13   16   13  -19   11    4    4   -9    2   -4  -11    7    0
    1    1    8    1    3    3    2    0       806    4  -13  -11   -1  -11  -12   13   14  -13    8    2    4   -6    1    1   -9    5    6
    1    1    9    1    3    2    3    1      1127   13  -10   -8   -4  -13  -16   14   15  -10    7    6   -3    1   -7    0   -9    3    4
    1    1   10    1    2    4    2    1       812   -3    7   17    5   12    5    3    0   11    2   10    8   -1    9   17  -11    5   -6
    1    1   11    1    3    5    3    1       605   15  -14   -9   -2  -11  -13   19   12   -9    4    5   -2   -6    1    2  -13    4    6
    1    1   12    1    2    5    2    1       838   -6    8   15   -4   13    4   11   -3   11    1    6    8  -11   10   18   -9    5   -7
    1    1   13    1    1    2    1    1       566    1   -5   -4   -5    5   -1   14   -1   -5  -10  -14   -5  -10    5    0   13    6   13
    1    1   14    1    2    1    3    0       769   -5    7   16   -6   22    2    6   -4   14   -2    5    1   -9    1   15  -11    8  -10
    1    1   15    1    1    5    1    1       803    2   -4   -6   -5    8   -4   15   -8   -7   -9  -13   -7   -6    3    0   15    4   14
    1    2    1    1    1    4    2    0       533    6   -3   -7   -6    4    1   11   -7   -8   -9  -11   -4   -4    3    1   11   12   16
    1    2    2    1    3    2    2    0       705   13  -10   -8   -4  -13  -16   14   15  -10    7    6   -3    1   -7    0   -9    3    4
    1    2    3    1    2    2    3    0       918   -6    6   13   -5   14    4    3    0   12    1    5    2   -8    1   16  -21    7  -11
    1    2    4    1    3    1    3    1       930   12  -11  -17   -8  -13  -13   16   13  -19   11    4    4   -9    2   -4  -11    7    0
    1    2    5    1    2    3    3    0       719   -3    8   14   -6   11    6    8   -5   12    0    5    2   -8    1   15  -12    6   -6
    1    2    6    1    3    3    2    0       740    4  -13  -11   -1  -11  -12   13   14  -13    8    2    4   -6    1    1   -9    5    6
    1    2    7    1    1    5    1    1       647    2   -4   -6   -5    8   -4   15   -8   -7   -9  -13   -7   -6    3    0   15    4   14
    1    2    8    1    3    5    3    1       686   15  -14   -9   -2  -11  -13   19   12   -9    4    5   -2   -6    1    2  -13    4    6
    1    2    9    1    3    4    3    1       660   14   -9  -10   -2  -13  -15   12   15  -17    6    3  -10   -6    3    2  -12   -3   12
    1    2   10    1    1    1    2    0       812   -1  -10   -6   -5    8   -4   11   -7   -8  -10  -12   -5   -5    2    1   12   12    4
    1    2   11    1    2    5    3    0       573   -6    8   15   -4   13    4   11   -3   11    1    6    8  -11   10   18   -9    5   -7
    1    2   12    1    1    2    1    1       728    1   -5   -4   -5    5   -1   14   -1   -5  -10  -14   -5  -10    5    0   13    6   13
    1    2   13    1    1    3    2    0       908    1   -5   -6   -5    7   -4   14   -5   -7   -7  -13   -6   -4    2    0   14    2    6
    1    2   14    1    2    1    3    0       682   -5    7   16   -6   22    2    6   -4   14   -2    5    1   -9    1   15  -11    8  -10
    1    2   15    1    2    4    2    1       656   -3    7   17    5   12    5    3    0   11    2   10    8   -1    9   17  -11    5   -6
    1    3    1    1    3    5    3    1       583   15  -14   -9   -2  -11  -13   19   12   -9    4    5   -2   -6    1    2  -13    4    6
    1    3    2    1    2    1    3    0       769   -5    7   16   -6   22    2    6   -4   14   -2    5    1   -9    1   15  -11    8  -10
    1    3    3    1    3    1    1    0       419   12  -11  -17   -8  -13  -13   16   13  -19   11    4    4   -9    2   -4  -11    7    0
    1    3    4    1    2    5    2    1       308   -6    8   15   -4   13    4   11   -3   11    1    6    8  -11   10   18   -9    5   -7
    1    3    5    1    1    3    1    1       569    1   -5   -6   -5    7   -4   14   -5   -7   -7  -13   -6   -4    2    0   14    2    6
    1    3    6    1    2    3    3    0       580   -3    8   14   -6   11    6    8   -5   12    0    5    2   -8    1   15  -12    6   -6
    1    3    7    1    1    5    1    1       630    2   -4   -6   -5    8   -4   15   -8   -7   -9  -13   -7   -6    3    0   15    4   14
    1    3    8    1    1    1    1    1       966   -1  -10   -6   -5    8   -4   11   -7   -8  -10  -12   -5   -5    2    1   12   12    4
    1    3    9    1    2    4    2    1       577   -3    7   17    5   12    5    3    0   11    2   10    8   -1    9   17  -11    5   -6
    1    3   10    1    2    2    3    0       507   -6    6   13   -5   14    4    3    0   12    1    5    2   -8    1   16  -21    7  -11
    1    3   11    1    3    4    3    1       521   14   -9  -10   -2  -13  -15   12   15  -17    6    3  -10   -6    3    2  -12   -3   12
    1    3   12    1    3    2    2    0       421   13  -10   -8   -4  -13  -16   14   15  -10    7    6   -3    1   -7    0   -9    3    4
    1    3   13    1    1    2    1    1       646    1   -5   -4   -5    5   -1   14   -1   -5  -10  -14   -5  -10    5    0   13    6   13
    1    3   14    1    1    4    2    0       926    6   -3   -7   -6    4    1   11   -7   -8   -9  -11   -4   -4    3    1   11   12   16
    1    3   15    1    3    3    3    1       730    4  -13  -11   -1  -11  -12   13   14  -13    8    2    4   -6    1    1   -9    5    6
    1    4    1    1    1    2    1    1      2334    1   -5   -4   -5    5   -1   14   -1   -5  -10  -14   -5  -10    5    0   13    6   13
    1    4    2    1    3    2    3    1       946   13  -10   -8   -4  -13  -16   14   15  -10    7    6   -3    1   -7    0   -9    3    4
    1    4    3    1    3    5    3    1       766   15  -14   -9   -2  -11  -13   19   12   -9    4    5   -2   -6    1    2  -13    4    6
    1    4    4    1    3    4    3    1       848   14   -9  -10   -2  -13  -15   12   15  -17    6    3  -10   -6    3    2  -12   -3   12
    1    4    5    1    1    1    1    1       656   -1  -10   -6   -5    8   -4   11   -7   -8  -10  -12   -5   -5    2    1   12   12    4
    1    4    6    1    2    2    2    1       391   -6    6   13   -5   14    4    3    0   12    1    5    2   -8    1   16  -21    7  -11
    1    4    7    1    1    3    2    0       393    1   -5   -6   -5    7   -4   14   -5   -7   -7  -13   -6   -4    2    0   14    2    6
    1    4    8    1    3    1    2    0       571   12  -11  -17   -8  -13  -13   16   13  -19   11    4    4   -9    2   -4  -11    7    0
    1    4    9    1    2    4    3    0       725   -3    7   17    5   12    5    3    0   11    2   10    8   -1    9   17  -11    5   -6
    1    4   10    1    1    5    1    1       698    2   -4   -6   -5    8   -4   15   -8   -7   -9  -13   -7   -6    3    0   15    4   14
    1    4   11    1    3    3    3    1       799    4  -13  -11   -1  -11  -12   13   14  -13    8    2    4   -6    1    1   -9    5    6
    1    4   12    1    2    3    3    0       736   -3    8   14   -6   11    6    8   -5   12    0    5    2   -8    1   15  -12    6   -6
    1    4   13    1    2    5    3    0       436   -6    8   15   -4   13    4   11   -3   11    1    6    8  -11   10   18   -9    5   -7
    1    4   14    1    2    1    3    0       629   -5    7   16   -6   22    2    6   -4   14   -2    5    1   -9    1   15  -11    8  -10
    1    4   15    1    1    4    2    0       285    6   -3   -7   -6    4    1   11   -7   -8   -9  -11   -4   -4    3    1   11   12   16
    1    5    1    1    3    2    3    1      1043   13  -10   -8   -4  -13  -16   14   15  -10    7    6   -3    1   -7    0   -9    3    4
    1    5    2    1    3    1    2    0       779   12  -11  -17   -8  -13  -13   16   13  -19   11    4    4   -9    2   -4  -11    7    0
    1    5    3    1    2    2    2    1       830   -6    6   13   -5   14    4    3    0   12    1    5    2   -8    1   16  -21    7  -11
    1    5    4    1    3    4    3    1       734   14   -9  -10   -2  -13  -15   12   15  -17    6    3  -10   -6    3    2  -12   -3   12
    1    5    5    1    3    5    3    1       625   15  -14   -9   -2  -11  -13   19   12   -9    4    5   -2   -6    1    2  -13    4    6
    1    5    6    1    2    4    3    0       859   -3    7   17    5   12    5    3    0   11    2   10    8   -1    9   17  -11    5   -6
    1    5    7    1    2    5    1    0       777   -6    8   15   -4   13    4   11   -3   11    1    6    8  -11   10   18   -9    5   -7
    1    5    8    1    2    3    3    0      1612   -3    8   14   -6   11    6    8   -5   12    0    5    2   -8    1   15  -12    6   -6
    1    5    9    1    1    5    1    1       669    2   -4   -6   -5    8   -4   15   -8   -7   -9  -13   -7   -6    3    0   15    4   14
    1    5   10    1    1    2    1    1       660    1   -5   -4   -5    5   -1   14   -1   -5  -10  -14   -5  -10    5    0   13    6   13
    1    5   11    1    3    3    3    1       587    4  -13  -11   -1  -11  -12   13   14  -13    8    2    4   -6    1    1   -9    5    6
    1    5   12    1    2    1    3    0       725   -5    7   16   -6   22    2    6   -4   14   -2    5    1   -9    1   15  -11    8  -10
    1    5   13    1    1    3    1    1       794    1   -5   -6   -5    7   -4   14   -5   -7   -7  -13   -6   -4    2    0   14    2    6
    1    5   14    1    1    1    1    1      1036   -1  -10   -6   -5    8   -4   11   -7   -8  -10  -12   -5   -5    2    1   12   12    4
    1    5   15    1    1    4    1    1       468    6   -3   -7   -6    4    1   11   -7   -8   -9  -11   -4   -4    3    1   11   12   16
    1    6    1    1    3    4    3    1       531   14   -9  -10   -2  -13  -15   12   15  -17    6    3  -10   -6    3    2  -12   -3   12
    1    6    2    1    1    5    1    1       527    2   -4   -6   -5    8   -4   15   -8   -7   -9  -13   -7   -6    3    0   15    4   14
    1    6    3    1    3    3    2    0       747    4  -13  -11   -1  -11  -12   13   14  -13    8    2    4   -6    1    1   -9    5    6
    1    6    4    1    3    5    3    1       382   15  -14   -9   -2  -11  -13   19   12   -9    4    5   -2   -6    1    2  -13    4    6
    1    6    5    1    1    2    1    1       432    1   -5   -4   -5    5   -1   14   -1   -5  -10  -14   -5  -10    5    0   13    6   13
    1    6    6    1    2    2    2    1       784   -6    6   13   -5   14    4    3    0   12    1    5    2   -8    1   16  -21    7  -11
    1    6    7    1    2    5    2    1       754   -6    8   15   -4   13    4   11   -3   11    1    6    8  -11   10   18   -9    5   -7
    1    6    8    1    1    4    1    1       613    6   -3   -7   -6    4    1   11   -7   -8   -9  -11   -4   -4    3    1   11   12   16
    1    6    9    1    3    1    3    1       702   12  -11  -17   -8  -13  -13   16   13  -19   11    4    4   -9    2   -4  -11    7    0
    1    6   10    1    1    1    1    1       723   -1  -10   -6   -5    8   -4   11   -7   -8  -10  -12   -5   -5    2    1   12   12    4
    1    6   11    1    3    2    3    1       936   13  -10   -8   -4  -13  -16   14   15  -10    7    6   -3    1   -7    0   -9    3    4
    1    6   12    1    2    1    2    1       628   -5    7   16   -6   22    2    6   -4   14   -2    5    1   -9    1   15  -11    8  -10
    1    6   13    1    1    3    1    1       685    1   -5   -6   -5    7   -4   14   -5   -7   -7  -13   -6   -4    2    0   14    2    6
    1    6   14    1    2    4    2    1      1330   -3    7   17    5   12    5    3    0   11    2   10    8   -1    9   17  -11    5   -6
    1    6   15    1    2    3    3    0       527   -3    8   14   -6   11    6    8   -5   12    0    5    2   -8    1   15  -12    6   -6
    1    7    1    1    3    2    3    1       763   13  -10   -8   -4  -13  -16   14   15  -10    7    6   -3    1   -7    0   -9    3    4
    1    7    2    1    1    5    1    1       350    2   -4   -6   -5    8   -4   15   -8   -7   -9  -13   -7   -6    3    0   15    4   14
    1    7    3    1    2    3    3    0       481   -3    8   14   -6   11    6    8   -5   12    0    5    2   -8    1   15  -12    6   -6
    1    7    4    1    1    1    1    1       655   -1  -10   -6   -5    8   -4   11   -7   -8  -10  -12   -5   -5    2    1   12   12    4
    1    7    5    1    3    5    3    1       566   15  -14   -9   -2  -11  -13   19   12   -9    4    5   -2   -6    1    2  -13    4    6
    1    7    6    1    1    2    1    1       672    1   -5   -4   -5    5   -1   14   -1   -5  -10  -14   -5  -10    5    0   13    6   13
    1    7    7    1    2    2    3    0      1383   -6    6   13   -5   14    4    3    0   12    1    5    2   -8    1   16  -21    7  -11
    1    7    8    1    3    4    3    1       577   14   -9  -10   -2  -13  -15   12   15  -17    6    3  -10   -6    3    2  -12   -3   12
    1    7    9    1    3    3    3    1       667    4  -13  -11   -1  -11  -12   13   14  -13    8    2    4   -6    1    1   -9    5    6
    1    7   10    1    2    4    2    1       610   -3    7   17    5   12    5    3    0   11    2   10    8   -1    9   17  -11    5   -6
    1    7   11    1    2    1    3    0       892   -5    7   16   -6   22    2    6   -4   14   -2    5    1   -9    1   15  -11    8  -10
    1    7   12    1    1    4    1    1       569    6   -3   -7   -6    4    1   11   -7   -8   -9  -11   -4   -4    3    1   11   12   16
    1    7   13    1    3    1    3    1       708   12  -11  -17   -8  -13  -13   16   13  -19   11    4    4   -9    2   -4  -11    7    0
    1    7   14    1    2    5    3    0       617   -6    8   15   -4   13    4   11   -3   11    1    6    8  -11   10   18   -9    5   -7
    1    7   15    1    1    3    3    0       674    1   -5   -6   -5    7   -4   14   -5   -7   -7  -13   -6   -4    2    0   14    2    6
    1    8    1    1    1    3    1    1       649    1   -5   -6   -5    7   -4   14   -5   -7   -7  -13   -6   -4    2    0   14    2    6
    1    8    2    1    1    4    2    0       672    6   -3   -7   -6    4    1   11   -7   -8   -9  -11   -4   -4    3    1   11   12   16
    1    8    3    1    3    2    3    1       535   13  -10   -8   -4  -13  -16   14   15  -10    7    6   -3    1   -7    0   -9    3    4
    1    8    4    1    3    3    2    0       274    4  -13  -11   -1  -11  -12   13   14  -13    8    2    4   -6    1    1   -9    5    6
    1    8    5    1    2    4    3    0       393   -3    7   17    5   12    5    3    0   11    2   10    8   -1    9   17  -11    5   -6
    1    8    6    1    3    4    3    1       875   14   -9  -10   -2  -13  -15   12   15  -17    6    3  -10   -6    3    2  -12   -3   12
    1    8    7    1    2    5    3    0       858   -6    8   15   -4   13    4   11   -3   11    1    6    8  -11   10   18   -9    5   -7
    1    8    8    1    1    2    1    1       729    1   -5   -4   -5    5   -1   14   -1   -5  -10  -14   -5  -10    5    0   13    6   13
    1    8    9    1    3    5    3    1       542   15  -14   -9   -2  -11  -13   19   12   -9    4    5   -2   -6    1    2  -13    4    6
    1    8   10    1    2    1    3    0       826   -5    7   16   -6   22    2    6   -4   14   -2    5    1   -9    1   15  -11    8  -10
    1    8   11    1    2    3    3    0      1754   -3    8   14   -6   11    6    8   -5   12    0    5    2   -8    1   15  -12    6   -6
    1    8   12    1    2    2    3    0      1590   -6    6   13   -5   14    4    3    0   12    1    5    2   -8    1   16  -21    7  -11
    1    8   13    1    3    1    3    1       647   12  -11  -17   -8  -13  -13   16   13  -19   11    4    4   -9    2   -4  -11    7    0
    1    8   14    1    1    5    1    1       702    2   -4   -6   -5    8   -4   15   -8   -7   -9  -13   -7   -6    3    0   15    4   14
    1    8   15    1    1    1    1    1      1091   -1  -10   -6   -5    8   -4   11   -7   -8  -10  -12   -5   -5    2    1   12   12    4
    1    9    1    1    3    2    3    1       729   13  -10   -8   -4  -13  -16   14   15  -10    7    6   -3    1   -7    0   -9    3    4
    1    9    2    1    3    1    3    1       878   12  -11  -17   -8  -13  -13   16   13  -19   11    4    4   -9    2   -4  -11    7    0
    1    9    3    1    2    1    3    0       685   -5    7   16   -6   22    2    6   -4   14   -2    5    1   -9    1   15  -11    8  -10
    1    9    4    1    1    1    1    1       610   -1  -10   -6   -5    8   -4   11   -7   -8  -10  -12   -5   -5    2    1   12   12    4
    1    9    5    1    3    5    3    1       652   15  -14   -9   -2  -11  -13   19   12   -9    4    5   -2   -6    1    2  -13    4    6
    1    9    6    1    3    4    3    1      1379   14   -9  -10   -2  -13  -15   12   15  -17    6    3  -10   -6    3    2  -12   -3   12
    1    9    7    1    2    3    2    1       846   -3    8   14   -6   11    6    8   -5   12    0    5    2   -8    1   15  -12    6   -6
    1    9    8    1    1    4    1    1       478    6   -3   -7   -6    4    1   11   -7   -8   -9  -11   -4   -4    3    1   11   12   16
    1    9    9    1    1    2    1    1       700    1   -5   -4   -5    5   -1   14   -1   -5  -10  -14   -5  -10    5    0   13    6   13
    1    9   10    1    3    3    3    1      1202    4  -13  -11   -1  -11  -12   13   14  -13    8    2    4   -6    1    1   -9    5    6
    1    9   11    1    1    3    1    1       627    1   -5   -6   -5    7   -4   14   -5   -7   -7  -13   -6   -4    2    0   14    2    6
    1    9   12    1    1    5    1    1       620    2   -4   -6   -5    8   -4   15   -8   -7   -9  -13   -7   -6    3    0   15    4   14
    1    9   13    1    2    5    2    1       676   -6    8   15   -4   13    4   11   -3   11    1    6    8  -11   10   18   -9    5   -7
    1    9   14    1    2    4    2    1       683   -3    7   17    5   12    5    3    0   11    2   10    8   -1    9   17  -11    5   -6
    1    9   15    1    2    2    2    1      1025   -6    6   13   -5   14    4    3    0   12    1    5    2   -8    1   16  -21    7  -11
    1   10    1    1    2    1    3    0       617   -5    7   16   -6   22    2    6   -4   14   -2    5    1   -9    1   15  -11    8  -10
    1   10    2    1    3    4    3    1       562   14   -9  -10   -2  -13  -15   12   15  -17    6    3  -10   -6    3    2  -12   -3   12
    1   10    3    1    1    2    1    1       749    1   -5   -4   -5    5   -1   14   -1   -5  -10  -14   -5  -10    5    0   13    6   13
    1   10    4    1    1    1    1    1       433   -1  -10   -6   -5    8   -4   11   -7   -8  -10  -12   -5   -5    2    1   12   12    4
    1   10    5    1    2    5    2    1       816   -6    8   15   -4   13    4   11   -3   11    1    6    8  -11   10   18   -9    5   -7
    1   10    6    1    3    5    3    1       593   15  -14   -9   -2  -11  -13   19   12   -9    4    5   -2   -6    1    2  -13    4    6
    1   10    7    1    1    4    2    0       523    6   -3   -7   -6    4    1   11   -7   -8   -9  -11   -4   -4    3    1   11   12   16
    1   10    8    1    2    3    2    1      1496   -3    8   14   -6   11    6    8   -5   12    0    5    2   -8    1   15  -12    6   -6
    1   10    9    1    2    4    2    1      1942   -3    7   17    5   12    5    3    0   11    2   10    8   -1    9   17  -11    5   -6
    1   10   10    1    1    3    1    1       545    1   -5   -6   -5    7   -4   14   -5   -7   -7  -13   -6   -4    2    0   14    2    6
    1   10   11    1    1    5    1    1       637    2   -4   -6   -5    8   -4   15   -8   -7   -9  -13   -7   -6    3    0   15    4   14
    1   10   12    1    3    3    3    1       549    4  -13  -11   -1  -11  -12   13   14  -13    8    2    4   -6    1    1   -9    5    6
    1   10   13    1    3    2    3    1       768   13  -10   -8   -4  -13  -16   14   15  -10    7    6   -3    1   -7    0   -9    3    4
    1   10   14    1    2    2    2    1       995   -6    6   13   -5   14    4    3    0   12    1    5    2   -8    1   16  -21    7  -11
    1   10   15    1    3    1    3    1       941   12  -11  -17   -8  -13  -13   16   13  -19   11    4    4   -9    2   -4  -11    7    0
    1   11    1    1    3    5    3    1       633   15  -14   -9   -2  -11  -13   19   12   -9    4    5   -2   -6    1    2  -13    4    6
    1   11    2    1    2    2    2    1       673   -6    6   13   -5   14    4    3    0   12    1    5    2   -8    1   16  -21    7  -11
    1   11    3    1    1    2    1    1       711    1   -5   -4   -5    5   -1   14   -1   -5  -10  -14   -5  -10    5    0   13    6   13
    1   11    4    1    3    3    3    1      1372    4  -13  -11   -1  -11  -12   13   14  -13    8    2    4   -6    1    1   -9    5    6
    1   11    5    1    1    5    1    1       631    2   -4   -6   -5    8   -4   15   -8   -7   -9  -13   -7   -6    3    0   15    4   14
    1   11    6    1    2    1    3    0       511   -5    7   16   -6   22    2    6   -4   14   -2    5    1   -9    1   15  -11    8  -10
    1   11    7    1    3    2    3    1       653   13  -10   -8   -4  -13  -16   14   15  -10    7    6   -3    1   -7    0   -9    3    4
    1   11    8    1    2    4    2    1       580   -3    7   17    5   12    5    3    0   11    2   10    8   -1    9   17  -11    5   -6
    1   11    9    1    1    1    1    1       654   -1  -10   -6   -5    8   -4   11   -7   -8  -10  -12   -5   -5    2    1   12   12    4
    1   11   10    1    3    4    3    1       661   14   -9  -10   -2  -13  -15   12   15  -17    6    3  -10   -6    3    2  -12   -3   12
    1   11   11    1    2    5    2    1       988   -6    8   15   -4   13    4   11   -3   11    1    6    8  -11   10   18   -9    5   -7
    1   11   12    1    1    3    1    1       774    1   -5   -6   -5    7   -4   14   -5   -7   -7  -13   -6   -4    2    0   14    2    6
    1   11   13    1    1    4    1    1       633    6   -3   -7   -6    4    1   11   -7   -8   -9  -11   -4   -4    3    1   11   12   16
    1   11   14    1    3    1    3    1       865   12  -11  -17   -8  -13  -13   16   13  -19   11    4    4   -9    2   -4  -11    7    0
    1   11   15    1    2    3    3    0       768   -3    8   14   -6   11    6    8   -5   12    0    5    2   -8    1   15  -12    6   -6
    1   12    1    1    2    1    3    0       642   -5    7   16   -6   22    2    6   -4   14   -2    5    1   -9    1   15  -11    8  -10
    1   12    2    1    3    1    3    1      1370   12  -11  -17   -8  -13  -13   16   13  -19   11    4    4   -9    2   -4  -11    7    0
    1   12    3    1    3    2    3    1       539   13  -10   -8   -4  -13  -16   14   15  -10    7    6   -3    1   -7    0   -9    3    4
    1   12    4    1    1    2    1    1      1312    1   -5   -4   -5    5   -1   14   -1   -5  -10  -14   -5  -10    5    0   13    6   13
    1   12    5    1    1    3    1    1       797    1   -5   -6   -5    7   -4   14   -5   -7   -7  -13   -6   -4    2    0   14    2    6
    1   12    6    1    2    3    2    1      1742   -3    8   14   -6   11    6    8   -5   12    0    5    2   -8    1   15  -12    6   -6
    1   12    7    1    2    4    2    1       827   -3    7   17    5   12    5    3    0   11    2   10    8   -1    9   17  -11    5   -6
    1   12    8    1    2    5    2    1       891   -6    8   15   -4   13    4   11   -3   11    1    6    8  -11   10   18   -9    5   -7
    1   12    9    1    3    4    3    1       473   14   -9  -10   -2  -13  -15   12   15  -17    6    3  -10   -6    3    2  -12   -3   12
    1   12   10    1    1    5    1    1       536    2   -4   -6   -5    8   -4   15   -8   -7   -9  -13   -7   -6    3    0   15    4   14
    1   12   11    1    3    5    3    1       788   15  -14   -9   -2  -11  -13   19   12   -9    4    5   -2   -6    1    2  -13    4    6
    1   12   12    1    1    4    1    1       678    6   -3   -7   -6    4    1   11   -7   -8   -9  -11   -4   -4    3    1   11   12   16
    1   12   13    1    3    3    3    1       540    4  -13  -11   -1  -11  -12   13   14  -13    8    2    4   -6    1    1   -9    5    6
    1   12   14    1    2    2    3    0       632   -6    6   13   -5   14    4    3    0   12    1    5    2   -8    1   16  -21    7  -11
    1   12   15    1    1    1    1    1       704   -1  -10   -6   -5    8   -4   11   -7   -8  -10  -12   -5   -5    2    1   12   12    4
    1   13    1    1    1    4    1    1       821    6   -3   -7   -6    4    1   11   -7   -8   -9  -11   -4   -4    3    1   11   12   16
    1   13    2    1    3    3    3    1      6854    4  -13  -11   -1  -11  -12   13   14  -13    8    2    4   -6    1    1   -9    5    6
    1   13    3    1    2    4    2    1       725   -3    7   17    5   12    5    3    0   11    2   10    8   -1    9   17  -11    5   -6
    1   13    4    1    2    3    3    0       618   -3    8   14   -6   11    6    8   -5   12    0    5    2   -8    1   15  -12    6   -6
    1   13    5    1    3    1    3    1       834   12  -11  -17   -8  -13  -13   16   13  -19   11    4    4   -9    2   -4  -11    7    0
    1   13    6    1    1    3    1    1      1650    1   -5   -6   -5    7   -4   14   -5   -7   -7  -13   -6   -4    2    0   14    2    6
    1   13    7    1    3    5    3    1       658   15  -14   -9   -2  -11  -13   19   12   -9    4    5   -2   -6    1    2  -13    4    6
    1   13    8    1    2    5    3    0       585   -6    8   15   -4   13    4   11   -3   11    1    6    8  -11   10   18   -9    5   -7
    1   13    9    1    2    2    2    1       243   -6    6   13   -5   14    4    3    0   12    1    5    2   -8    1   16  -21    7  -11
    1   13   10    1    3    2    3    1       779   13  -10   -8   -4  -13  -16   14   15  -10    7    6   -3    1   -7    0   -9    3    4
    1   13   11    1    1    2    1    1       526    1   -5   -4   -5    5   -1   14   -1   -5  -10  -14   -5  -10    5    0   13    6   13
    1   13   12    1    1    5    1    1       522    2   -4   -6   -5    8   -4   15   -8   -7   -9  -13   -7   -6    3    0   15    4   14
    1   13   13    1    3    4    3    1       391   14   -9  -10   -2  -13  -15   12   15  -17    6    3  -10   -6    3    2  -12   -3   12
    1   13   14    1    1    1    2    0       473   -1  -10   -6   -5    8   -4   11   -7   -8  -10  -12   -5   -5    2    1   12   12    4
    1   13   15    1    2    1    2    1      1639   -5    7   16   -6   22    2    6   -4   14   -2    5    1   -9    1   15  -11    8  -10
    1   14    1    1    2    2    2    1      1014   -6    6   13   -5   14    4    3    0   12    1    5    2   -8    1   16  -21    7  -11
    1   14    2    1    1    3    1    1       656    1   -5   -6   -5    7   -4   14   -5   -7   -7  -13   -6   -4    2    0   14    2    6
    1   14    3    1    3    5    3    1       663   15  -14   -9   -2  -11  -13   19   12   -9    4    5   -2   -6    1    2  -13    4    6
    1   14    4    1    1    5    1    1       590    2   -4   -6   -5    8   -4   15   -8   -7   -9  -13   -7   -6    3    0   15    4   14
    1   14    5    1    3    4    3    1       584   14   -9  -10   -2  -13  -15   12   15  -17    6    3  -10   -6    3    2  -12   -3   12
    1   14    6    1    2    5    2    1      1250   -6    8   15   -4   13    4   11   -3   11    1    6    8  -11   10   18   -9    5   -7
    1   14    7    1    1    2    1    1       481    1   -5   -4   -5    5   -1   14   -1   -5  -10  -14   -5  -10    5    0   13    6   13
    1   14    8    1    1    4    1    1       687    6   -3   -7   -6    4    1   11   -7   -8   -9  -11   -4   -4    3    1   11   12   16
    1   14    9    1    2    4    2    1       853   -3    7   17    5   12    5    3    0   11    2   10    8   -1    9   17  -11    5   -6
    1   14   10    1    1    1    1    1       676   -1  -10   -6   -5    8   -4   11   -7   -8  -10  -12   -5   -5    2    1   12   12    4
    1   14   11    1    2    3    3    0       795   -3    8   14   -6   11    6    8   -5   12    0    5    2   -8    1   15  -12    6   -6
    1   14   12    1    3    3    3    1       605    4  -13  -11   -1  -11  -12   13   14  -13    8    2    4   -6    1    1   -9    5    6
    1   14   13    1    2    1    2    1       966   -5    7   16   -6   22    2    6   -4   14   -2    5    1   -9    1   15  -11    8  -10
    1   14   14    1    3    2    3    1       801   13  -10   -8   -4  -13  -16   14   15  -10    7    6   -3    1   -7    0   -9    3    4
    1   14   15    1    3    1    3    1       818   12  -11  -17   -8  -13  -13   16   13  -19   11    4    4   -9    2   -4  -11    7    0
    1   15    1    1    1    5    1    1       403    2   -4   -6   -5    8   -4   15   -8   -7   -9  -13   -7   -6    3    0   15    4   14
    1   15    2    1    3    2    3    1      1380   13  -10   -8   -4  -13  -16   14   15  -10    7    6   -3    1   -7    0   -9    3    4
    1   15    3    1    1    3    1    1       702    1   -5   -6   -5    7   -4   14   -5   -7   -7  -13   -6   -4    2    0   14    2    6
    1   15    4    1    2    4    2    1       499   -3    7   17    5   12    5    3    0   11    2   10    8   -1    9   17  -11    5   -6
    1   15    5    1    3    1    3    1       657   12  -11  -17   -8  -13  -13   16   13  -19   11    4    4   -9    2   -4  -11    7    0
    1   15    6    1    3    5    3    1       696   15  -14   -9   -2  -11  -13   19   12   -9    4    5   -2   -6    1    2  -13    4    6
    1   15    7    1    1    2    1    1       686    1   -5   -4   -5    5   -1   14   -1   -5  -10  -14   -5  -10    5    0   13    6   13
    1   15    8    1    2    2    2    1       580   -6    6   13   -5   14    4    3    0   12    1    5    2   -8    1   16  -21    7  -11
    1   15    9    1    1    1    1    1       686   -1  -10   -6   -5    8   -4   11   -7   -8  -10  -12   -5   -5    2    1   12   12    4
    1   15   10    1    2    5    2    1       804   -6    8   15   -4   13    4   11   -3   11    1    6    8  -11   10   18   -9    5   -7
    1   15   11    1    1    4    1    1       757    6   -3   -7   -6    4    1   11   -7   -8   -9  -11   -4   -4    3    1   11   12   16
    1   15   12    1    3    3    3    1       840    4  -13  -11   -1  -11  -12   13   14  -13    8    2    4   -6    1    1   -9    5    6
    1   15   13    1    2    1    3    0       632   -5    7   16   -6   22    2    6   -4   14   -2    5    1   -9    1   15  -11    8  -10
    1   15   14    1    2    3    2    1       992   -3    8   14   -6   11    6    8   -5   12    0    5    2   -8    1   15  -12    6   -6
    1   15   15    1    3    4    3    1       682   14   -9  -10   -2  -13  -15   12   15  -17    6    3  -10   -6    3    2  -12   -3   12
    2    1    1    1    2    2    1    1      1213   -6    6   13   -5   14    4    3    0   12    1    5    2   -8    1   16  -21    7  -11
    2    1    2    1    1    5    1    1      1198    2   -4   -6   -5    8   -4   15   -8   -7   -9  -13   -7   -6    3    0   15    4   14
    2    1    3    1    3    4    1    1       751   14   -9  -10   -2  -13  -15   12   15  -17    6    3  -10   -6    3    2  -12   -3   12
    2    1    4    6    0    0    2    1       706   -3   -9    0  -16    4    3    1   -6  -15    3   -3   -1  -10   -4    4   -3   -8   -9
    2    1    5    4    1    2    2    1      1047    1   -5   -5   -2    2    2   19  -15   -7   -7  -15   -5   -7    4    0   12   10   15
    2    1    6    6    0    0    2    1       959  -16    1    8    9  -11   -9   -7    6    3    4  -10    8    6  -10   11   14   -6   11
    2    1    7    1    1    2    1    1      1178    1   -5   -4   -5    5   -1   14   -1   -5  -10  -14   -5  -10    5    0   13    6   13
    2    1    8    4    3    1    1    0      1277    9  -12  -11   -4  -11  -13   13   16  -12    9    9    2   -5    4    2  -10   -5   -2
    2    1    9    6    0    0    2    1       891  -17    1    4   14  -14  -14   -7    1    3    4  -12   14   15  -16   13   14   -9    6
    2    1   10    1    1    4    2    0       777    6   -3   -7   -6    4    1   11   -7   -8   -9  -11   -4   -4    3    1   11   12   16
    2    1   11    4    3    3    1    0      1500   11   -9  -10   -2  -13  -15   12   16  -11    8    2    4   -8    4    3  -12    8    5
    2    1   12    1    2    1    1    1      1057   -5    7   16   -6   22    2    6   -4   14   -2    5    1   -9    1   15  -11    8  -10
    2    1   13    4    2    5    2    1       808   -4    8   13   -7   17    4   12  -15   10    1    9   -1  -10    1   17  -13    7  -13
    2    1   14    1    1    1    1    1      2506   -1  -10   -6   -5    8   -4   11   -7   -8  -10  -12   -5   -5    2    1   12   12    4
    2    1   15    4    1    3    2    1      1079    1   -8   -6   -5    7   -2    8   -8   -7   -7  -11   -4    3    1    2    9   -2    4
    2    1   16    4    2    3    2    1      1678   -5    5   16   -3    9    8    5   -3   10   -1    4    1   -4   -5   17  -13    1   -7
    2    1   17    2    1    0    1    0       956    2   -6   -5   -6    7   -3   10   -7   -7   -8  -13   -5   -5    4    2   11    5   14
    2    1   18    4    1    1    2    1      1623    1   -6  -13   -5    9   -4   11   -2   -7   -9  -14   -3    3    0    1   12    7   14
    2    1   19    6    0    0    2    1       872    4   -6   -1  -16   -3    2   -4  -11  -16    1   -3   -2  -10    4   10   -5   -5   -6
    2    1   20    1    2    5    1    1       631   -6    8   15   -4   13    4   11   -3   11    1    6    8  -11   10   18   -9    5   -7
    2    1   21    1    3    2    1    1       751   13  -10   -8   -4  -13  -16   14   15  -10    7    6   -3    1   -7    0   -9    3    4
    2    1   22    1    2    4    2    0      1634   -3    7   17    5   12    5    3    0   11    2   10    8   -1    9   17  -11    5   -6
    2    1   23    4    3    5    1    0       706    9  -13  -10   -3  -10  -14   13   17   -9    7   17   -7   -7    0    2  -11   -1   10
    2    1   24    1    1    3    1    1       839    1   -5   -6   -5    7   -4   14   -5   -7   -7  -13   -6   -4    2    0   14    2    6
    2    1   25    2    2    0    1    0       951   -4    7   14   -5   13    5    7   -5   11    0    5    0  -10    2   16  -12    6   -7
    2    1   26    4    2    2    2    1      1011   -3    8   13   -4   16    0    6   -4    9    0    6    0  -12    0   22   -6    8   -9
    2    1   27    6    0    0    2    1       972    2    8    8   10    6  -11  -12   -1    4    3   -3    3   -3  -16  -10   -5   -7  -14
    2    1   28    6    0    0    1    0       774    3   11   11    9    3  -13  -10   -4   -2   14   -2    2    4   -9   -9   -6  -16  -10
    2    1   29    2    3    0    1    0       745   11  -11   -9   -3  -12  -14   13   15  -12    7    7   -1   -7    2    1  -11    4    5
    2    1   30    4    3    2    1    0       733   10  -10  -18    5  -14   -6   14   14  -12    8    6   -3  -14    7    1  -12    3    5
    2    1   31    1    3    1    2    0       721   12  -11  -17   -8  -13  -13   16   13  -19   11    4    4   -9    2   -4  -11    7    0
    2    1   32    4    3    4    2    1       661   11  -13   -5   -3  -19  -23    6   17  -12    5    9    0   -7    1   -1  -12    2    5
    2    1   33    4    1    5    2    1       749   -3   -1   -3   -5   10    0    8   -8   -2   -7  -12   -9   -4    4    1   12    7   13
    2    1   34    4    2    4    1    0       896   -5    8   13   -6   14    6    6   -5   10    2    4    2   -8   -2   20   -9    7   -7
    2    1   35    1    3    5    1    1       637   15  -14   -9   -2  -11  -13   19   12   -9    4    5   -2   -6    1    2  -13    4    6
    2    1   36    4    1    4    2    1       581    0   -8   -5   -5    8   -3    3    0   -6   -8  -12   -5   -7    9    0   12    5   12
    2    1   37    1    2    3    1    1       751   -3    8   14   -6   11    6    8   -5   12    0    5    2   -8    1   15  -12    6   -6
    2    1   38    1    3    3    2    0      2099    4  -13  -11   -1  -11  -12   13   14  -13    8    2    4   -6    1    1   -9    5    6
    2    1   39    4    2    1    1    0       944   -3    6   15   -6   14    4    6   -5   12   -5    3    2  -14    5   14  -12    6   -9
