    1    1    1    1    2    4    1    0       543    3    7  -14    7   22   16   15  -11   -5   -1   -4  -13    8   -7    2   -9   -1   -2
    1    1    2    1    3    1    2    0      2369   -3   15   10  -14  -16   -4   -4   -1  -12  -10    1   11    7  -13    3   -2    6   15
    1    1    3    1    3    4    3    1      3268    0   11    8  -21  -14   -6   -5    1  -11   -9   -4   15    4  -17    6    0    5   13
    1    1    4    1    3    3    1    0      4627   -2   15   10  -14  -15   -5   -5   -1  -12  -10    1   12   14  -18    6   -2    8   14
    1    1    5    1    1    1    1    1      4796    0    2   16  -14   -3   12    5   -7   -6    8   -5    5   10   -4    5    4    4   10
    1    1    6    1    1    5    2    0      2334   11   -2   20   -7   -6   11    3   -6   -5    4  -15    1    6   -4   -4   10    1    5
    1    1    7    1    1    2    1    1      4994    8   -1   17  -14   -3   13    4   -6   -5    7   -6    1    3   -3   -5   10    2    6
    1    1    8    1    3    2    2    0      3340   -1   21   11  -17  -25   -7   -3    0   -9  -13    2   11    5  -13    3   -1    8   14
    1    1    9    1    1    3    3    0      1976    8    6   19  -10   -4   14    3   -6   -6    6   -8    3    6   -4   -5   10    5    3
    1    1   10    1    2    1    1    0      3851    4   10  -10    9   14    9   15  -11   -4    0   -5  -16    9   -8    4   -8   -1    0
    1    1   11    1    2    2    2    1      1187    1    8   -9   13   15   10   15  -12   -8   -2   -5  -12   10   -7    4   -8   -2    3
    1    1   12    1    3    5    2    0      5733   -6   14    9  -17  -13   -5   -4    1  -11  -11    1   11    6  -11    2   -1    5   11
    1    1   13    1    2    3    1    0      3025   -1   12  -12   11   17    8   13   -7  -12    0   -6  -14    6   -6    3   -8   -1    1
    1    1   14    1    2    5    1    0      3994    4   10   -8    9   16    9   13  -12   -9   -3   -5  -12    8   -3    4   -8    0   -1
    1    1   15    1    1    4    2    0      3548    8   -1    6  -21   -2   12    3   -5   -5    6   -6    1    8  -10   -6   10    2    7
    1    2    1    1    1    4    1    1      3071    8   -1    6  -21   -2   12    3   -5   -5    6   -6    1    8  -10   -6   10    2    7
    1    2    2    1    3    5    1    0      2214   -6   14    9  -17  -13   -5   -4    1  -11  -11    1   11    6  -11    2   -1    5   11
    1    2    3    1    2    4    2    1      1008    3    7  -14    7   22   16   15  -11   -5   -1   -4  -13    8   -7    2   -9   -1   -2
    1    2    4    1    2    5    1    0      4121    4   10   -8    9   16    9   13  -12   -9   -3   -5  -12    8   -3    4   -8    0   -1
    1    2    5    1    1    3    3    0      1094    8    6   19  -10   -4   14    3   -6   -6    6   -8    3    6   -4   -5   10    5    3
    1    2    6    1    1    2    3    0      1228    8   -1   17  -14   -3   13    4   -6   -5    7   -6    1    3   -3   -5   10    2    6
    1    2    7    1    2    1    1    0      4108    4   10  -10    9   14    9   15  -11   -4    0   -5  -16    9   -8    4   -8   -1    0
    1    2    8    1    3    2    3    1      1290   -1   21   11  -17  -25   -7   -3    0   -9  -13    2   11    5  -13    3   -1    8   14
    1    2    9    1    1    5    3    0      1944   11   -2   20   -7   -6   11    3   -6   -5    4  -15    1    6   -4   -4   10    1    5
    1    2   10    1    3    1    3    1      4188   -3   15   10  -14  -16   -4   -4   -1  -12  -10    1   11    7  -13    3   -2    6   15
    1    2   11    1    3    3    2    0      7318   -2   15   10  -14  -15   -5   -5   -1  -12  -10    1   12   14  -18    6   -2    8   14
    1    2   12    1    2    3    3    0      2003   -1   12  -12   11   17    8   13   -7  -12    0   -6  -14    6   -6    3   -8   -1    1
    1    2   13    1    3    4    1    0      1445    0   11    8  -21  -14   -6   -5    1  -11   -9   -4   15    4  -17    6    0    5   13
    1    2   14    1    1    1    1    1      4573    0    2   16  -14   -3   12    5   -7   -6    8   -5    5   10   -4    5    4    4   10
    1    2   15    1    2    2    2    1      3543    1    8   -9   13   15   10   15  -12   -8   -2   -5  -12   10   -7    4   -8   -2    3
    1    3    1    1    1    2    1    1     14268    8   -1   17  -14   -3   13    4   -6   -5    7   -6    1    3   -3   -5   10    2    6
    1    3    2    1    1    4    1    1      7075    8   -1    6  -21   -2   12    3   -5   -5    6   -6    1    8  -10   -6   10    2    7
    1    3    3    1    2    3    1    0      8634   -1   12  -12   11   17    8   13   -7  -12    0   -6  -14    6   -6    3   -8   -1    1
    1    3    4    1    3    1    3    1     14866   -3   15   10  -14  -16   -4   -4   -1  -12  -10    1   11    7  -13    3   -2    6   15
    1    3    5    1    3    2    1    0      8801   -1   21   11  -17  -25   -7   -3    0   -9  -13    2   11    5  -13    3   -1    8   14
    1    3    6    1    3    5    1    0     12770   -6   14    9  -17  -13   -5   -4    1  -11  -11    1   11    6  -11    2   -1    5   11
    1    3    7    1    2    5    2    1      4293    4   10   -8    9   16    9   13  -12   -9   -3   -5  -12    8   -3    4   -8    0   -1
    1    3    8    1    1    5    3    0      3212   11   -2   20   -7   -6   11    3   -6   -5    4  -15    1    6   -4   -4   10    1    5
    1    3    9    1    3    4    3    1      5741    0   11    8  -21  -14   -6   -5    1  -11   -9   -4   15    4  -17    6    0    5   13
    1    3   10    1    2    4    3    0      7657    3    7  -14    7   22   16   15  -11   -5   -1   -4  -13    8   -7    2   -9   -1   -2
    1    3   11    1    1    1    3    0       793    0    2   16  -14   -3   12    5   -7   -6    8   -5    5   10   -4    5    4    4   10
    1    3   12    1    2    1    2    1      1051    4   10  -10    9   14    9   15  -11   -4    0   -5  -16    9   -8    4   -8   -1    0
    1    3   13    1    3    3    3    1      1570   -2   15   10  -14  -15   -5   -5   -1  -12  -10    1   12   14  -18    6   -2    8   14
    1    3   14    1    1    3    1    1      2405    8    6   19  -10   -4   14    3   -6   -6    6   -8    3    6   -4   -5   10    5    3
    1    3   15    1    2    2    2    1       839    1    8   -9   13   15   10   15  -12   -8   -2   -5  -12   10   -7    4   -8   -2    3
    1    4    1    1    1    3    3    0      2391    8    6   19  -10   -4   14    3   -6   -6    6   -8    3    6   -4   -5   10    5    3
    1    4    2    1    2    3    2    1       809   -1   12  -12   11   17    8   13   -7  -12    0   -6  -14    6   -6    3   -8   -1    1
    1    4    3    1    1    5    1    1      1754   11   -2   20   -7   -6   11    3   -6   -5    4  -15    1    6   -4   -4   10    1    5
    1    4    4    1    3    5    3    1      1366   -6   14    9  -17  -13   -5   -4    1  -11  -11    1   11    6  -11    2   -1    5   11
    1    4    5    1    2    2    2    1       592    1    8   -9   13   15   10   15  -12   -8   -2   -5  -12   10   -7    4   -8   -2    3
    1    4    6    1    2    5    2    1      1114    4   10   -8    9   16    9   13  -12   -9   -3   -5  -12    8   -3    4   -8    0   -1
    1    4    7    1    3    3    1    0       928   -2   15   10  -14  -15   -5   -5   -1  -12  -10    1   12   14  -18    6   -2    8   14
    1    4    8    1    3    1    3    1       812   -3   15   10  -14  -16   -4   -4   -1  -12  -10    1   11    7  -13    3   -2    6   15
    1    4    9    1    1    1    1    1      1054    0    2   16  -14   -3   12    5   -7   -6    8   -5    5   10   -4    5    4    4   10
    1    4   10    1    3    4    3    1      1205    0   11    8  -21  -14   -6   -5    1  -11   -9   -4   15    4  -17    6    0    5   13
    1    4   11    1    3    2    1    0      2679   -1   21   11  -17  -25   -7   -3    0   -9  -13    2   11    5  -13    3   -1    8   14
    1    4   12    1    1    4    1    1       622    8   -1    6  -21   -2   12    3   -5   -5    6   -6    1    8  -10   -6   10    2    7
    1    4   13    1    2    1    2    1      1574    4   10  -10    9   14    9   15  -11   -4    0   -5  -16    9   -8    4   -8   -1    0
    1    4   14    1    2    4    2    1       953    3    7  -14    7   22   16   15  -11   -5   -1   -4  -13    8   -7    2   -9   -1   -2
    1    4   15    1    1    2    1    1       724    8   -1   17  -14   -3   13    4   -6   -5    7   -6    1    3   -3   -5   10    2    6
    1    5    1    1    2    5    2    1       681    4   10   -8    9   16    9   13  -12   -9   -3   -5  -12    8   -3    4   -8    0   -1
    1    5    2    1    3    4    1    0      6784    0   11    8  -21  -14   -6   -5    1  -11   -9   -4   15    4  -17    6    0    5   13
    1    5    3    1    1    1    1    1       562    0    2   16  -14   -3   12    5   -7   -6    8   -5    5   10   -4    5    4    4   10
    1    5    4    1    3    2    3    1       830   -1   21   11  -17  -25   -7   -3    0   -9  -13    2   11    5  -13    3   -1    8   14
    1    5    5    1    2    1    2    1       814    4   10  -10    9   14    9   15  -11   -4    0   -5  -16    9   -8    4   -8   -1    0
    1    5    6    1    3    1    3    1      1296   -3   15   10  -14  -16   -4   -4   -1  -12  -10    1   11    7  -13    3   -2    6   15
    1    5    7    1    3    5    3    1       718   -6   14    9  -17  -13   -5   -4    1  -11  -11    1   11    6  -11    2   -1    5   11
    1    5    8    1    2    2    2    1       994    1    8   -9   13   15   10   15  -12   -8   -2   -5  -12   10   -7    4   -8   -2    3
    1    5    9    1    3    3    3    1      1164   -2   15   10  -14  -15   -5   -5   -1  -12  -10    1   12   14  -18    6   -2    8   14
    1    5   10    1    2    3    2    1       656   -1   12  -12   11   17    8   13   -7  -12    0   -6  -14    6   -6    3   -8   -1    1
    1    5   11    1    1    3    1    1       583    8    6   19  -10   -4   14    3   -6   -6    6   -8    3    6   -4   -5   10    5    3
    1    5   12    1    1    4    1    1       817    8   -1    6  -21   -2   12    3   -5   -5    6   -6    1    8  -10   -6   10    2    7
    1    5   13    1    1    5    1    1       578   11   -2   20   -7   -6   11    3   -6   -5    4  -15    1    6   -4   -4   10    1    5
    1    5   14    1    1    2    1    1       573    8   -1   17  -14   -3   13    4   -6   -5    7   -6    1    3   -3   -5   10    2    6
    1    5   15    1    2    4    2    1       903    3    7  -14    7   22   16   15  -11   -5   -1   -4  -13    8   -7    2   -9   -1   -2
    1    6    1    1    3    2    2    0       549   -1   21   11  -17  -25   -7   -3    0   -9  -13    2   11    5  -13    3   -1    8   14
    1    6    2    1    2    2    2    1       592    1    8   -9   13   15   10   15  -12   -8   -2   -5  -12   10   -7    4   -8   -2    3
    1    6    3    1    1    5    1    1       682   11   -2   20   -7   -6   11    3   -6   -5    4  -15    1    6   -4   -4   10    1    5
    1    6    4    1    2    5    2    1       576    4   10   -8    9   16    9   13  -12   -9   -3   -5  -12    8   -3    4   -8    0   -1
    1    6    5    1    3    1    3    1      1227   -3   15   10  -14  -16   -4   -4   -1  -12  -10    1   11    7  -13    3   -2    6   15
    1    6    6    1    3    3    3    1       492   -2   15   10  -14  -15   -5   -5   -1  -12  -10    1   12   14  -18    6   -2    8   14
    1    6    7    1    1    4    1    1      1178    8   -1    6  -21   -2   12    3   -5   -5    6   -6    1    8  -10   -6   10    2    7
    1    6    8    1    3    4    2    0      6828    0   11    8  -21  -14   -6   -5    1  -11   -9   -4   15    4  -17    6    0    5   13
    1    6    9    1    1    1    1    1       590    0    2   16  -14   -3   12    5   -7   -6    8   -5    5   10   -4    5    4    4   10
    1    6   10    1    3    5    3    1      1288   -6   14    9  -17  -13   -5   -4    1  -11  -11    1   11    6  -11    2   -1    5   11
    1    6   11    1    2    4    2    1       694    3    7  -14    7   22   16   15  -11   -5   -1   -4  -13    8   -7    2   -9   -1   -2
    1    6   12    1    1    2    1    1       603    8   -1   17  -14   -3   13    4   -6   -5    7   -6    1    3   -3   -5   10    2    6
    1    6   13    1    2    3    2    1      1285   -1   12  -12   11   17    8   13   -7  -12    0   -6  -14    6   -6    3   -8   -1    1
    1    6   14    1    1    3    1    1       675    8    6   19  -10   -4   14    3   -6   -6    6   -8    3    6   -4   -5   10    5    3
    1    6   15    1    2    1    2    1       890    4   10  -10    9   14    9   15  -11   -4    0   -5  -16    9   -8    4   -8   -1    0
    1    7    1    1    1    5    1    1       600   11   -2   20   -7   -6   11    3   -6   -5    4  -15    1    6   -4   -4   10    1    5
    1    7    2    1    3    3    3    1       609   -2   15   10  -14  -15   -5   -5   -1  -12  -10    1   12   14  -18    6   -2    8   14
    1    7    3    1    1    2    1    1       826    8   -1   17  -14   -3   13    4   -6   -5    7   -6    1    3   -3   -5   10    2    6
    1    7    4    1    1    1    1    1       491    0    2   16  -14   -3   12    5   -7   -6    8   -5    5   10   -4    5    4    4   10
    1    7    5    1    3    2    3    1      1161   -1   21   11  -17  -25   -7   -3    0   -9  -13    2   11    5  -13    3   -1    8   14
    1    7    6    1    2    3    2    1       461   -1   12  -12   11   17    8   13   -7  -12    0   -6  -14    6   -6    3   -8   -1    1
    1    7    7    1    1    4    1    1      1260    8   -1    6  -21   -2   12    3   -5   -5    6   -6    1    8  -10   -6   10    2    7
    1    7    8    1    1    3    1    1       571    8    6   19  -10   -4   14    3   -6   -6    6   -8    3    6   -4   -5   10    5    3
    1    7    9    1    3    1    3    1      1686   -3   15   10  -14  -16   -4   -4   -1  -12  -10    1   11    7  -13    3   -2    6   15
    1    7   10    1    3    5    3    1       452   -6   14    9  -17  -13   -5   -4    1  -11  -11    1   11    6  -11    2   -1    5   11
    1    7   11    1    2    2    2    1       468    1    8   -9   13   15   10   15  -12   -8   -2   -5  -12   10   -7    4   -8   -2    3
    1    7   12    1    2    5    2    1       450    4   10   -8    9   16    9   13  -12   -9   -3   -5  -12    8   -3    4   -8    0   -1
    1    7   13    1    3    4    3    1      1090    0   11    8  -21  -14   -6   -5    1  -11   -9   -4   15    4  -17    6    0    5   13
    1    7   14    1    2    1    2    1       584    4   10  -10    9   14    9   15  -11   -4    0   -5  -16    9   -8    4   -8   -1    0
    1    7   15    1    2    4    2    1       434    3    7  -14    7   22   16   15  -11   -5   -1   -4  -13    8   -7    2   -9   -1   -2
    1    8    1    1    2    2    2    1       450    1    8   -9   13   15   10   15  -12   -8   -2   -5  -12   10   -7    4   -8   -2    3
    1    8    2    1    1    2    1    1       753    8   -1   17  -14   -3   13    4   -6   -5    7   -6    1    3   -3   -5   10    2    6
    1    8    3    1    3    2    3    1       805   -1   21   11  -17  -25   -7   -3    0   -9  -13    2   11    5  -13    3   -1    8   14
    1    8    4    1    1    1    1    1       726    0    2   16  -14   -3   12    5   -7   -6    8   -5    5   10   -4    5    4    4   10
    1    8    5    1    3    1    3    1      1099   -3   15   10  -14  -16   -4   -4   -1  -12  -10    1   11    7  -13    3   -2    6   15
    1    8    6    1    2    1    2    1       416    4   10  -10    9   14    9   15  -11   -4    0   -5  -16    9   -8    4   -8   -1    0
    1    8    7    1    3    5    3    1       609   -6   14    9  -17  -13   -5   -4    1  -11  -11    1   11    6  -11    2   -1    5   11
    1    8    8    1    2    3    2    1       426   -1   12  -12   11   17    8   13   -7  -12    0   -6  -14    6   -6    3   -8   -1    1
    1    8    9    1    2    4    2    1       347    3    7  -14    7   22   16   15  -11   -5   -1   -4  -13    8   -7    2   -9   -1   -2
    1    8   10    1    3    4    3    1       591    0   11    8  -21  -14   -6   -5    1  -11   -9   -4   15    4  -17    6    0    5   13
    1    8   11    1    2    5    2    1       521    4   10   -8    9   16    9   13  -12   -9   -3   -5  -12    8   -3    4   -8    0   -1
    1    8   12    1    1    5    1    1       326   11   -2   20   -7   -6   11    3   -6   -5    4  -15    1    6   -4   -4   10    1    5
    1    8   13    1    3    3    3    1       458   -2   15   10  -14  -15   -5   -5   -1  -12  -10    1   12   14  -18    6   -2    8   14
    1    8   14    1    1    3    1    1       586    8    6   19  -10   -4   14    3   -6   -6    6   -8    3    6   -4   -5   10    5    3
    1    8   15    1    1    4    1    1       388    8   -1    6  -21   -2   12    3   -5   -5    6   -6    1    8  -10   -6   10    2    7
    1    9    1    1    2    3    2    1       534   -1   12  -12   11   17    8   13   -7  -12    0   -6  -14    6   -6    3   -8   -1    1
    1    9    2    1    3    5    3    1       514   -6   14    9  -17  -13   -5   -4    1  -11  -11    1   11    6  -11    2   -1    5   11
    1    9    3    1    2    4    2    1       495    3    7  -14    7   22   16   15  -11   -5   -1   -4  -13    8   -7    2   -9   -1   -2
    1    9    4    1    3    3    3    1       638   -2   15   10  -14  -15   -5   -5   -1  -12  -10    1   12   14  -18    6   -2    8   14
    1    9    5    1    1    5    1    1       614   11   -2   20   -7   -6   11    3   -6   -5    4  -15    1    6   -4   -4   10    1    5
    1    9    6    1    2    5    3    0       431    4   10   -8    9   16    9   13  -12   -9   -3   -5  -12    8   -3    4   -8    0   -1
    1    9    7    1    3    2    3    1       592   -1   21   11  -17  -25   -7   -3    0   -9  -13    2   11    5  -13    3   -1    8   14
    1    9    8    1    1    3    1    1       730    8    6   19  -10   -4   14    3   -6   -6    6   -8    3    6   -4   -5   10    5    3
    1    9    9    1    1    1    1    1      1262    0    2   16  -14   -3   12    5   -7   -6    8   -5    5   10   -4    5    4    4   10
    1    9   10    1    2    2    2    1      1086    1    8   -9   13   15   10   15  -12   -8   -2   -5  -12   10   -7    4   -8   -2    3
    1    9   11    1    3    1    3    1      1172   -3   15   10  -14  -16   -4   -4   -1  -12  -10    1   11    7  -13    3   -2    6   15
    1    9   12    1    1    2    1    1      1255    8   -1   17  -14   -3   13    4   -6   -5    7   -6    1    3   -3   -5   10    2    6
    1    9   13    1    1    4    1    1      1174    8   -1    6  -21   -2   12    3   -5   -5    6   -6    1    8  -10   -6   10    2    7
    1    9   14    1    2    1    2    1       633    4   10  -10    9   14    9   15  -11   -4    0   -5  -16    9   -8    4   -8   -1    0
    1    9   15    1    3    4    3    1       897    0   11    8  -21  -14   -6   -5    1  -11   -9   -4   15    4  -17    6    0    5   13
    1   10    1    1    3    3    3    1       879   -2   15   10  -14  -15   -5   -5   -1  -12  -10    1   12   14  -18    6   -2    8   14
    1   10    2    1    3    2    3    1      1133   -1   21   11  -17  -25   -7   -3    0   -9  -13    2   11    5  -13    3   -1    8   14
    1   10    3    1    1    1    1    1       562    0    2   16  -14   -3   12    5   -7   -6    8   -5    5   10   -4    5    4    4   10
    1   10    4    1    3    4    3    1      1405    0   11    8  -21  -14   -6   -5    1  -11   -9   -4   15    4  -17    6    0    5   13
    1   10    5    1    2    3    2    1      8646   -1   12  -12   11   17    8   13   -7  -12    0   -6  -14    6   -6    3   -8   -1    1
    1   10    6    1    1    4    1    1       495    8   -1    6  -21   -2   12    3   -5   -5    6   -6    1    8  -10   -6   10    2    7
    1   10    7    1    1    2    1    1       749    8   -1   17  -14   -3   13    4   -6   -5    7   -6    1    3   -3   -5   10    2    6
    1   10    8    1    3    1    2    0       816   -3   15   10  -14  -16   -4   -4   -1  -12  -10    1   11    7  -13    3   -2    6   15
    1   10    9    1    3    5    3    1       593   -6   14    9  -17  -13   -5   -4    1  -11  -11    1   11    6  -11    2   -1    5   11
    1   10   10    1    2    2    2    1       379    1    8   -9   13   15   10   15  -12   -8   -2   -5  -12   10   -7    4   -8   -2    3
    1   10   11    1    1    3    1    1       462    8    6   19  -10   -4   14    3   -6   -6    6   -8    3    6   -4   -5   10    5    3
    1   10   12    1    2    5    2    1       397    4   10   -8    9   16    9   13  -12   -9   -3   -5  -12    8   -3    4   -8    0   -1
    1   10   13    1    1    5    3    0       383   11   -2   20   -7   -6   11    3   -6   -5    4  -15    1    6   -4   -4   10    1    5
    1   10   14    1    2    4    3    0       385    3    7  -14    7   22   16   15  -11   -5   -1   -4  -13    8   -7    2   -9   -1   -2
    1   10   15    1    2    1    2    1       803    4   10  -10    9   14    9   15  -11   -4    0   -5  -16    9   -8    4   -8   -1    0
    1   11    1    1    3    3    3    1       533   -2   15   10  -14  -15   -5   -5   -1  -12  -10    1   12   14  -18    6   -2    8   14
    1   11    2    1    2    4    2    1       625    3    7  -14    7   22   16   15  -11   -5   -1   -4  -13    8   -7    2   -9   -1   -2
    1   11    3    1    2    5    2    1       410    4   10   -8    9   16    9   13  -12   -9   -3   -5  -12    8   -3    4   -8    0   -1
    1   11    4    1    3    2    2    0       379   -1   21   11  -17  -25   -7   -3    0   -9  -13    2   11    5  -13    3   -1    8   14
    1   11    5    1    2    2    2    1       702    1    8   -9   13   15   10   15  -12   -8   -2   -5  -12   10   -7    4   -8   -2    3
    1   11    6    1    3    4    3    1       835    0   11    8  -21  -14   -6   -5    1  -11   -9   -4   15    4  -17    6    0    5   13
    1   11    7    1    3    5    3    1      1235   -6   14    9  -17  -13   -5   -4    1  -11  -11    1   11    6  -11    2   -1    5   11
    1   11    8    1    1    1    1    1       803    0    2   16  -14   -3   12    5   -7   -6    8   -5    5   10   -4    5    4    4   10
    1   11    9    1    1    5    1    1       740   11   -2   20   -7   -6   11    3   -6   -5    4  -15    1    6   -4   -4   10    1    5
    1   11   10    1    2    1    2    1       697    4   10  -10    9   14    9   15  -11   -4    0   -5  -16    9   -8    4   -8   -1    0
    1   11   11    1    1    2    1    1       751    8   -1   17  -14   -3   13    4   -6   -5    7   -6    1    3   -3   -5   10    2    6
    1   11   12    1    2    3    2    1      1010   -1   12  -12   11   17    8   13   -7  -12    0   -6  -14    6   -6    3   -8   -1    1
    1   11   13    1    1    4    1    1       636    8   -1    6  -21   -2   12    3   -5   -5    6   -6    1    8  -10   -6   10    2    7
    1   11   14    1    3    1    2    0       947   -3   15   10  -14  -16   -4   -4   -1  -12  -10    1   11    7  -13    3   -2    6   15
    1   11   15    1    1    3    1    1       624    8    6   19  -10   -4   14    3   -6   -6    6   -8    3    6   -4   -5   10    5    3
    1   12    1    1    3    3    3    1       664   -2   15   10  -14  -15   -5   -5   -1  -12  -10    1   12   14  -18    6   -2    8   14
    1   12    2    1    1    2    1    1      1008    8   -1   17  -14   -3   13    4   -6   -5    7   -6    1    3   -3   -5   10    2    6
    1   12    3    1    1    5    1    1       841   11   -2   20   -7   -6   11    3   -6   -5    4  -15    1    6   -4   -4   10    1    5
    1   12    4    1    1    4    1    1       617    8   -1    6  -21   -2   12    3   -5   -5    6   -6    1    8  -10   -6   10    2    7
    1   12    5    1    2    2    2    1       946    1    8   -9   13   15   10   15  -12   -8   -2   -5  -12   10   -7    4   -8   -2    3
    1   12    6    1    1    3    1    1       574    8    6   19  -10   -4   14    3   -6   -6    6   -8    3    6   -4   -5   10    5    3
    1   12    7    1    3    2    3    1       841   -1   21   11  -17  -25   -7   -3    0   -9  -13    2   11    5  -13    3   -1    8   14
    1   12    8    1    1    1    1    1       729    0    2   16  -14   -3   12    5   -7   -6    8   -5    5   10   -4    5    4    4   10
    1   12    9    1    2    3    2    1       509   -1   12  -12   11   17    8   13   -7  -12    0   -6  -14    6   -6    3   -8   -1    1
    1   12   10    1    2    1    2    1       699    4   10  -10    9   14    9   15  -11   -4    0   -5  -16    9   -8    4   -8   -1    0
    1   12   11    1    2    5    2    1      1744    4   10   -8    9   16    9   13  -12   -9   -3   -5  -12    8   -3    4   -8    0   -1
    1   12   12    1    2    4    2    1       732    3    7  -14    7   22   16   15  -11   -5   -1   -4  -13    8   -7    2   -9   -1   -2
    1   12   13    1    3    5    2    0      1056   -6   14    9  -17  -13   -5   -4    1  -11  -11    1   11    6  -11    2   -1    5   11
    1   12   14    1    3    1    3    1       424   -3   15   10  -14  -16   -4   -4   -1  -12  -10    1   11    7  -13    3   -2    6   15
    1   12   15    1    3    4    3    1       712    0   11    8  -21  -14   -6   -5    1  -11   -9   -4   15    4  -17    6    0    5   13
    1   13    1    1    3    4    3    1       574    0   11    8  -21  -14   -6   -5    1  -11   -9   -4   15    4  -17    6    0    5   13
    1   13    2    1    2    2    2    1       649    1    8   -9   13   15   10   15  -12   -8   -2   -5  -12   10   -7    4   -8   -2    3
    1   13    3    1    1    1    1    1       336    0    2   16  -14   -3   12    5   -7   -6    8   -5    5   10   -4    5    4    4   10
    1   13    4    1    3    1    2    0       564   -3   15   10  -14  -16   -4   -4   -1  -12  -10    1   11    7  -13    3   -2    6   15
    1   13    5    1    2    4    2    1       671    3    7  -14    7   22   16   15  -11   -5   -1   -4  -13    8   -7    2   -9   -1   -2
    1   13    6    1    2    1    3    0       694    4   10  -10    9   14    9   15  -11   -4    0   -5  -16    9   -8    4   -8   -1    0
    1   13    7    1    1    2    1    1       700    8   -1   17  -14   -3   13    4   -6   -5    7   -6    1    3   -3   -5   10    2    6
    1   13    8    1    2    3    2    1       737   -1   12  -12   11   17    8   13   -7  -12    0   -6  -14    6   -6    3   -8   -1    1
    1   13    9    1    3    2    3    1       694   -1   21   11  -17  -25   -7   -3    0   -9  -13    2   11    5  -13    3   -1    8   14
    1   13   10    1    1    3    1    1       652    8    6   19  -10   -4   14    3   -6   -6    6   -8    3    6   -4   -5   10    5    3
    1   13   11    1    1    5    1    1       675   11   -2   20   -7   -6   11    3   -6   -5    4  -15    1    6   -4   -4   10    1    5
    1   13   12    1    1    4    1    1       554    8   -1    6  -21   -2   12    3   -5   -5    6   -6    1    8  -10   -6   10    2    7
    1   13   13    1    2    5    2    1       821    4   10   -8    9   16    9   13  -12   -9   -3   -5  -12    8   -3    4   -8    0   -1
    1   13   14    1    3    3    3    1      1014   -2   15   10  -14  -15   -5   -5   -1  -12  -10    1   12   14  -18    6   -2    8   14
    1   13   15    1    3    5    3    1      8239   -6   14    9  -17  -13   -5   -4    1  -11  -11    1   11    6  -11    2   -1    5   11
    1   14    1    1    1    1    1    1       695    0    2   16  -14   -3   12    5   -7   -6    8   -5    5   10   -4    5    4    4   10
    1   14    2    1    2    2    2    1       461    1    8   -9   13   15   10   15  -12   -8   -2   -5  -12   10   -7    4   -8   -2    3
    1   14    3    1    3    4    3    1       621    0   11    8  -21  -14   -6   -5    1  -11   -9   -4   15    4  -17    6    0    5   13
    1   14    4    1    3    1    3    1       582   -3   15   10  -14  -16   -4   -4   -1  -12  -10    1   11    7  -13    3   -2    6   15
    1   14    5    1    2    4    2    1      1104    3    7  -14    7   22   16   15  -11   -5   -1   -4  -13    8   -7    2   -9   -1   -2
    1   14    6    1    1    5    1    1       533   11   -2   20   -7   -6   11    3   -6   -5    4  -15    1    6   -4   -4   10    1    5
    1   14    7    1    1    4    1    1      1921    8   -1    6  -21   -2   12    3   -5   -5    6   -6    1    8  -10   -6   10    2    7
    1   14    8    1    2    1    2    1      9462    4   10  -10    9   14    9   15  -11   -4    0   -5  -16    9   -8    4   -8   -1    0
    1   14    9    1    1    2    1    1       510    8   -1   17  -14   -3   13    4   -6   -5    7   -6    1    3   -3   -5   10    2    6
    1   14   10    1    3    2    2    0       587   -1   21   11  -17  -25   -7   -3    0   -9  -13    2   11    5  -13    3   -1    8   14
    1   14   11    1    3    3    3    1       773   -2   15   10  -14  -15   -5   -5   -1  -12  -10    1   12   14  -18    6   -2    8   14
    1   14   12    1    2    3    2    1       952   -1   12  -12   11   17    8   13   -7  -12    0   -6  -14    6   -6    3   -8   -1    1
    1   14   13    1    1    3    1    1       739    8    6   19  -10   -4   14    3   -6   -6    6   -8    3    6   -4   -5   10    5    3
    1   14   14    1    2    5    2    1      1863    4   10   -8    9   16    9   13  -12   -9   -3   -5  -12    8   -3    4   -8    0   -1
    1   14   15    1    3    5    3    1       719   -6   14    9  -17  -13   -5   -4    1  -11  -11    1   11    6  -11    2   -1    5   11
    1   15    1    1    1    2    1    1       915    8   -1   17  -14   -3   13    4   -6   -5    7   -6    1    3   -3   -5   10    2    6
    1   15    2    1    3    1    3    1      3440   -3   15   10  -14  -16   -4   -4   -1  -12  -10    1   11    7  -13    3   -2    6   15
    1   15    3    1    2    1    2    1      1272    4   10  -10    9   14    9   15  -11   -4    0   -5  -16    9   -8    4   -8   -1    0
    1   15    4    1    1    3    1    1       567    8    6   19  -10   -4   14    3   -6   -6    6   -8    3    6   -4   -5   10    5    3
    1   15    5    1    2    5    2    1       770    4   10   -8    9   16    9   13  -12   -9   -3   -5  -12    8   -3    4   -8    0   -1
    1   15    6    1    3    4    3    1       772    0   11    8  -21  -14   -6   -5    1  -11   -9   -4   15    4  -17    6    0    5   13
    1   15    7    1    1    1    1    1       855    0    2   16  -14   -3   12    5   -7   -6    8   -5    5   10   -4    5    4    4   10
    1   15    8    1    1    4    1    1      2855    8   -1    6  -21   -2   12    3   -5   -5    6   -6    1    8  -10   -6   10    2    7
    1   15    9    1    3    2    3    1       710   -1   21   11  -17  -25   -7   -3    0   -9  -13    2   11    5  -13    3   -1    8   14
    1   15   10    1    3    5    3    1       603   -6   14    9  -17  -13   -5   -4    1  -11  -11    1   11    6  -11    2   -1    5   11
    1   15   11    1    2    3    2    1      1445   -1   12  -12   11   17    8   13   -7  -12    0   -6  -14    6   -6    3   -8   -1    1
    1   15   12    1    2    2    3    0      1581    1    8   -9   13   15   10   15  -12   -8   -2   -5  -12   10   -7    4   -8   -2    3
    1   15   13    1    3    3    3    1       623   -2   15   10  -14  -15   -5   -5   -1  -12  -10    1   12   14  -18    6   -2    8   14
    1   15   14    1    2    4    2    1       664    3    7  -14    7   22   16   15  -11   -5   -1   -4  -13    8   -7    2   -9   -1   -2
    1   15   15    1    1    5    1    1       464   11   -2   20   -7   -6   11    3   -6   -5    4  -15    1    6   -4   -4   10    1    5
    2    1    1    1    1    2    1    1      2062    8   -1   17  -14   -3   13    4   -6   -5    7   -6    1    3   -3   -5   10    2    6
    2    1    2    4    2    1    1    0      1262    2    7   -9   10   16    9   14  -11   -5   -1   -5  -12    9   -8    3   -7   -2    1
    2    1    3    6    0    0    2    1      1357    3   -9    6   -2    0   -3  -17   -3    1   -7    7   14   11    5    4   14   -6   17
    2    1    4    1    3    5    1    1      1272   -6   14    9  -17  -13   -5   -4    1  -11  -11    1   11    6  -11    2   -1    5   11
    2    1    5    6    0    0    2    1      1079    5  -11    5   -2    3   -3  -15   -8    1   -5    7   13   12    3    5   17  -17   18
    2    1    6    4    2    3    1    0      2878    7   10   -9   13   14    8    7  -12   -5   -5   -4  -14    8   -9    6   -8   -1    0
    2    1    7    2    2    0    1    0      1501    4    9  -10   11   15    9   14  -12   -7   -3   -5  -14    8   -8    4   -7    0    0
    2    1    8    6    0    0    2    1      1074   -9    9    3   -7  -11   -6   14    6    9    9    5  -11   10  -10  -12   16   14   10
    2    1    9    4    3    4    2    1      1625  -11    8   11  -14  -14   -6   -3   -1  -12  -10   -1   10    6  -14    5   -1    7   14
    2    1   10    4    3    2    2    1       842    3   13   12  -16  -17   -6   -5    0  -14   -4    1   12    5  -10    9   -6    7   12
    2    1   11    1    1    3    1    1      1306    8    6   19  -10   -4   14    3   -6   -6    6   -8    3    6   -4   -5   10    5    3
    2    1   12    4    1    4    1    0       999    0    0   15  -16   -5   15   -4   -7   -6    7   -7    2    7   -2   -4   12    2    6
    2    1   13    1    2    1    1    1      1201    4   10  -10    9   14    9   15  -11   -4    0   -5  -16    9   -8    4   -8   -1    0
    2    1   14    4    1    5    2    1       866   11   -2   15  -15   -6   13    5   -6   -4    5   -9    1   -2   -2   -2    2    3   -5
    2    1   15    2    3    0    1    0      1473   -3   16   10  -15  -15   -4   -4    0  -12   -9    0   12    7  -12    4   -3    6   13
    2    1   16    4    2    4    2    1      1527   12    5   -9   12   12    0   14  -10  -11   -1   -4  -15    8   -6    4   -6    3   -4
    2    1   17    6    0    0    2    1       844  -17   22   -1   -4  -11  -13   -5   -9    8    4  -10   17  -13   16    1  -22   10  -10
    2    1   18    1    3    2    1    1       908   -1   21   11  -17  -25   -7   -3    0   -9  -13    2   11    5  -13    3   -1    8   14
    2    1   19    1    3    4    1    1      1593    0   11    8  -21  -14   -6   -5    1  -11   -9   -4   15    4  -17    6    0    5   13
    2    1   20    4    3    3    2    1      1628    4   17    3  -22  -16   -5   -4   -1  -13   -8    1   11    8  -10    6   -3    4   13
    2    1   21    4    1    3    2    1      1628    9    0   17  -13   -3   12    6   -6   -6    6   -5    2    9   -3   -6   11    1   -4
    2    1   22    4    2    2    2    1      1005    2    8  -11   11   14   10    5   -2   -2   -6  -15  -10    2    2    7   -3    0   -2
    2    1   23    1    2    2    1    1       886    1    8   -9   13   15   10   15  -12   -8   -2   -5  -12   10   -7    4   -8   -2    3
    2    1   24    6    0    0    2    1       965  -11   15   -2   -4  -13  -12   -7  -11    8    3  -10   17   -8   12    6  -15   13  -14
    2    1   25    6    0    0    2    1      1247   -3   16    3   -7  -10   -7   15   -1    6    7    2  -10   19  -15  -12   15   18    8
    2    1   26    1    3    3    1    1      1407   -2   15   10  -14  -15   -5   -5   -1  -12  -10    1   12   14  -18    6   -2    8   14
    2    1   27    1    1    4    2    0      2361    8   -1    6  -21   -2   12    3   -5   -5    6   -6    1    8  -10   -6   10    2    7
    2    1   28    2    1    0    2    1       812   10   -2   15  -14   -4   13    4   -5   -4    6   -7    3    8   -3   -5   11    3    5
    2    1   29    1    1    5    2    0      1022   11   -2   20   -7   -6   11    3   -6   -5    4  -15    1    6   -4   -4   10    1    5
    2    1   30    4    1    1    2    1       838   11   -3   15  -15   -3   14    1   -9   -3    6   -8    3    8   -1   -8    8    3    6
    2    1   31    1    2    3    1    1      1159   -1   12  -12   11   17    8   13   -7  -12    0   -6  -14    6   -6    3   -8   -1    1
    2    1   32    4    3    1    2    1      2538   -3   14    1  -13  -19    4   -3   -2  -12   -8    1   13    5  -10    5    1    4   12
    2    1   33    1    2    4    2    0     10518    3    7  -14    7   22   16   15  -11   -5   -1   -4  -13    8   -7    2   -9   -1   -2
    2    1   34    1    3    1    1    1       803   -3   15   10  -14  -16   -4   -4   -1  -12  -10    1   11    7  -13    3   -2    6   15
    2    1   35    4    3    5    2    1       932   -4   15   11  -17  -14   -2  -10    7  -12  -10   -3   13    9  -15    5   -4    7   12
    2    1   36    1    1    1    2    0      1568    0    2   16  -14   -3   12    5   -7   -6    8   -5    5   10   -4    5    4    4   10
    2    1   37    4    1    2    2    1       707    9    7   24  -23   -8    9    4   -4   -5    7   -6    5    9    0    3   12    4    3
    2    1   38    1    2    5    1    1       777    4   10   -8    9   16    9   13  -12   -9   -3   -5  -12    8   -3    4   -8    0   -1
    2    1   39    4    2    5    1    0       507    9    8   -7    6   15    8   12  -13   -7   -2   -4  -15    8   -7    3   -6   -2   -1
