    1    1    1    1    2    1    1    0      4928    2   -9   -1  -10   22   -8  -13   17   -5   -9    4   -5   13   -5   -7    9  -15    2
    1    1    2    1    2    5    2    1      1172   17  -21    7  -11   16  -14  -11   10    0   -1    1   -7   13   -5   -9    9  -12    0
    1    1    3    1    1    4    2    0       918   -3  -16    0   -2   16    3   -1  -11  -11    4   -7   13    0   -5   12   14   12   10
    1    1    4    1    1    2    1    1       819   -4  -14   -2   -2   16    5   -3  -11  -14    5   -7   14   -2   -6    6    4    8    9
    1    1    5    1    3    3    2    0       916   15  -11    1    3   -3   -6   -1   -3   10  -12    6   -4   -7   -7   15   10    9   -6
    1    1    6    1    1    1    2    0      1041   -4  -12   -8   -3   11    3   -1  -11   -9   11   -8   16    1   -4    7    6   10   12
    1    1    7    1    2    4    1    0       777    7  -15    2  -13   14  -13  -12   10    5    3    1   -8   14    1  -18   15  -23   -7
    1    1    8    1    1    3    1    1       635    4  -18  -11    1   11    5   -3  -10  -13    7   -3   16    4   -3    8    4    9   10
    1    1    9    1    3    4    3    1       676   12   -5   -1    6   -3   -8   -2   -3   13  -15    7   -5   -4   -6   18    4   -1    2
    1    1   10    1    2    3    2    1       698    6  -12    4  -16   17  -14  -10    8    3   -4    2   -6   11   -4   -7    7  -16    1
    1    1   11    1    3    5    1    0       720   12   -8    0    5   -6   -6   -6   -2   13  -12    4   -6   -5   -8   14    8    7   -6
    1    1   12    1    2    2    1    0       740    6  -14    2  -16   14  -16  -10    9    2   -1    6   -9   13   -7   -1   11  -20   -9
    1    1   13    1    3    2    3    1      1305   12   -6   -6   14   -2   -7    0   -4   11  -13    8  -11    4  -11    5    3    8   -6
    1    1   14    1    1    5    2    0      1158   -1  -10   -1   -5   13    5   -5   -9  -12    8   -6   24    4   -5    9    5   11   11
    1    1   15    1    3    1    3    1       681   13    2    0    6    0   -6   -3   -3   14  -13    9   -9   -5   -6   15    9    7   -4
    1    2    1    1    2    3    3    0       703    6  -12    4  -16   17  -14  -10    8    3   -4    2   -6   11   -4   -7    7  -16    1
    1    2    2    1    2    4    1    0      1029    7  -15    2  -13   14  -13  -12   10    5    3    1   -8   14    1  -18   15  -23   -7
    1    2    3    1    1    5    1    1       621   -1  -10   -1   -5   13    5   -5   -9  -12    8   -6   24    4   -5    9    5   11   11
    1    2    4    1    1    1    2    0       774   -4  -12   -8   -3   11    3   -1  -11   -9   11   -8   16    1   -4    7    6   10   12
    1    2    5    1    1    3    2    0      1017    4  -18  -11    1   11    5   -3  -10  -13    7   -3   16    4   -3    8    4    9   10
    1    2    6    1    2    5    2    1       706   17  -21    7  -11   16  -14  -11   10    0   -1    1   -7   13   -5   -9    9  -12    0
    1    2    7    1    2    2    1    0       823    6  -14    2  -16   14  -16  -10    9    2   -1    6   -9   13   -7   -1   11  -20   -9
    1    2    8    1    1    4    1    1       712   -3  -16    0   -2   16    3   -1  -11  -11    4   -7   13    0   -5   12   14   12   10
    1    2    9    1    2    1    1    0       765    2   -9   -1  -10   22   -8  -13   17   -5   -9    4   -5   13   -5   -7    9  -15    2
    1    2   10    1    3    1    1    0       448   13    2    0    6    0   -6   -3   -3   14  -13    9   -9   -5   -6   15    9    7   -4
    1    2   11    1    3    5    2    0       591   12   -8    0    5   -6   -6   -6   -2   13  -12    4   -6   -5   -8   14    8    7   -6
    1    2   12    1    3    2    3    1       969   12   -6   -6   14   -2   -7    0   -4   11  -13    8  -11    4  -11    5    3    8   -6
    1    2   13    1    3    3    2    0       772   15  -11    1    3   -3   -6   -1   -3   10  -12    6   -4   -7   -7   15   10    9   -6
    1    2   14    1    1    2    1    1       519   -4  -14   -2   -2   16    5   -3  -11  -14    5   -7   14   -2   -6    6    4    8    9
    1    2   15    1    3    4    2    0       932   12   -5   -1    6   -3   -8   -2   -3   13  -15    7   -5   -4   -6   18    4   -1    2
    1    3    1    1    3    2    1    0       671   12   -6   -6   14   -2   -7    0   -4   11  -13    8  -11    4  -11    5    3    8   -6
    1    3    2    1    3    3    3    1       662   15  -11    1    3   -3   -6   -1   -3   10  -12    6   -4   -7   -7   15   10    9   -6
    1    3    3    1    2    4    1    0      1966    7  -15    2  -13   14  -13  -12   10    5    3    1   -8   14    1  -18   15  -23   -7
    1    3    4    1    3    5    1    0       512   12   -8    0    5   -6   -6   -6   -2   13  -12    4   -6   -5   -8   14    8    7   -6
    1    3    5    1    2    2    1    0       638    6  -14    2  -16   14  -16  -10    9    2   -1    6   -9   13   -7   -1   11  -20   -9
    1    3    6    1    1    4    1    1       454   -3  -16    0   -2   16    3   -1  -11  -11    4   -7   13    0   -5   12   14   12   10
    1    3    7    1    1    5    1    1       613   -1  -10   -1   -5   13    5   -5   -9  -12    8   -6   24    4   -5    9    5   11   11
    1    3    8    1    2    5    1    0      1055   17  -21    7  -11   16  -14  -11   10    0   -1    1   -7   13   -5   -9    9  -12    0
    1    3    9    1    3    1    3    1       710   13    2    0    6    0   -6   -3   -3   14  -13    9   -9   -5   -6   15    9    7   -4
    1    3   10    1    1    3    2    0       908    4  -18  -11    1   11    5   -3  -10  -13    7   -3   16    4   -3    8    4    9   10
    1    3   11    1    1    1    1    1       601   -4  -12   -8   -3   11    3   -1  -11   -9   11   -8   16    1   -4    7    6   10   12
    1    3   12    1    3    4    3    1       802   12   -5   -1    6   -3   -8   -2   -3   13  -15    7   -5   -4   -6   18    4   -1    2
    1    3   13    1    1    2    3    0      1028   -4  -14   -2   -2   16    5   -3  -11  -14    5   -7   14   -2   -6    6    4    8    9
    1    3   14    1    2    1    2    1       524    2   -9   -1  -10   22   -8  -13   17   -5   -9    4   -5   13   -5   -7    9  -15    2
    1    3   15    1    2    3    2    1       425    6  -12    4  -16   17  -14  -10    8    3   -4    2   -6   11   -4   -7    7  -16    1
    1    4    1    1    1    4    1    1       954   -3  -16    0   -2   16    3   -1  -11  -11    4   -7   13    0   -5   12   14   12   10
    1    4    2    1    2    3    2    1       453    6  -12    4  -16   17  -14  -10    8    3   -4    2   -6   11   -4   -7    7  -16    1
    1    4    3    1    2    2    2    1       677    6  -14    2  -16   14  -16  -10    9    2   -1    6   -9   13   -7   -1   11  -20   -9
    1    4    4    1    3    5    3    1       923   12   -8    0    5   -6   -6   -6   -2   13  -12    4   -6   -5   -8   14    8    7   -6
    1    4    5    1    2    4    2    1      2552    7  -15    2  -13   14  -13  -12   10    5    3    1   -8   14    1  -18   15  -23   -7
    1    4    6    1    1    1    1    1      2531   -4  -12   -8   -3   11    3   -1  -11   -9   11   -8   16    1   -4    7    6   10   12
    1    4    7    1    3    2    1    0       896   12   -6   -6   14   -2   -7    0   -4   11  -13    8  -11    4  -11    5    3    8   -6
    1    4    8    1    3    1    3    1      1486   13    2    0    6    0   -6   -3   -3   14  -13    9   -9   -5   -6   15    9    7   -4
    1    4    9    1    1    3    1    1       980    4  -18  -11    1   11    5   -3  -10  -13    7   -3   16    4   -3    8    4    9   10
    1    4   10    1    1    2    1    1       590   -4  -14   -2   -2   16    5   -3  -11  -14    5   -7   14   -2   -6    6    4    8    9
    1    4   11    1    2    5    3    0       488   17  -21    7  -11   16  -14  -11   10    0   -1    1   -7   13   -5   -9    9  -12    0
    1    4   12    1    1    5    3    0       710   -1  -10   -1   -5   13    5   -5   -9  -12    8   -6   24    4   -5    9    5   11   11
    1    4   13    1    3    4    3    1      1884   12   -5   -1    6   -3   -8   -2   -3   13  -15    7   -5   -4   -6   18    4   -1    2
    1    4   14    1    3    3    1    0       754   15  -11    1    3   -3   -6   -1   -3   10  -12    6   -4   -7   -7   15   10    9   -6
    1    4   15    1    2    1    2    1       693    2   -9   -1  -10   22   -8  -13   17   -5   -9    4   -5   13   -5   -7    9  -15    2
    1    5    1    1    2    1    2    1       379    2   -9   -1  -10   22   -8  -13   17   -5   -9    4   -5   13   -5   -7    9  -15    2
    1    5    2    1    2    2    1    0       750    6  -14    2  -16   14  -16  -10    9    2   -1    6   -9   13   -7   -1   11  -20   -9
    1    5    3    1    3    2    1    0       994   12   -6   -6   14   -2   -7    0   -4   11  -13    8  -11    4  -11    5    3    8   -6
    1    5    4    1    1    2    1    1       620   -4  -14   -2   -2   16    5   -3  -11  -14    5   -7   14   -2   -6    6    4    8    9
    1    5    5    1    3    3    3    1       596   15  -11    1    3   -3   -6   -1   -3   10  -12    6   -4   -7   -7   15   10    9   -6
    1    5    6    1    1    4    3    0       382   -3  -16    0   -2   16    3   -1  -11  -11    4   -7   13    0   -5   12   14   12   10
    1    5    7    1    1    5    3    0      1089   -1  -10   -1   -5   13    5   -5   -9  -12    8   -6   24    4   -5    9    5   11   11
    1    5    8    1    3    4    2    0      1479   12   -5   -1    6   -3   -8   -2   -3   13  -15    7   -5   -4   -6   18    4   -1    2
    1    5    9    1    1    1    1    1      1021   -4  -12   -8   -3   11    3   -1  -11   -9   11   -8   16    1   -4    7    6   10   12
    1    5   10    1    3    1    3    1       678   13    2    0    6    0   -6   -3   -3   14  -13    9   -9   -5   -6   15    9    7   -4
    1    5   11    1    2    3    1    0       557    6  -12    4  -16   17  -14  -10    8    3   -4    2   -6   11   -4   -7    7  -16    1
    1    5   12    1    2    4    2    1      1336    7  -15    2  -13   14  -13  -12   10    5    3    1   -8   14    1  -18   15  -23   -7
    1    5   13    1    3    5    3    1      1284   12   -8    0    5   -6   -6   -6   -2   13  -12    4   -6   -5   -8   14    8    7   -6
    1    5   14    1    1    3    2    0      1474    4  -18  -11    1   11    5   -3  -10  -13    7   -3   16    4   -3    8    4    9   10
    1    5   15    1    2    5    2    1       649   17  -21    7  -11   16  -14  -11   10    0   -1    1   -7   13   -5   -9    9  -12    0
    1    6    1    1    2    1    2    1       481    2   -9   -1  -10   22   -8  -13   17   -5   -9    4   -5   13   -5   -7    9  -15    2
    1    6    2    1    1    4    2    0       879   -3  -16    0   -2   16    3   -1  -11  -11    4   -7   13    0   -5   12   14   12   10
    1    6    3    1    3    5    3    1      1566   12   -8    0    5   -6   -6   -6   -2   13  -12    4   -6   -5   -8   14    8    7   -6
    1    6    4    1    2    3    2    1       561    6  -12    4  -16   17  -14  -10    8    3   -4    2   -6   11   -4   -7    7  -16    1
    1    6    5    1    3    2    2    0       380   12   -6   -6   14   -2   -7    0   -4   11  -13    8  -11    4  -11    5    3    8   -6
    1    6    6    1    1    1    2    0       367   -4  -12   -8   -3   11    3   -1  -11   -9   11   -8   16    1   -4    7    6   10   12
    1    6    7    1    2    4    2    1       594    7  -15    2  -13   14  -13  -12   10    5    3    1   -8   14    1  -18   15  -23   -7
    1    6    8    1    1    3    1    1       619    4  -18  -11    1   11    5   -3  -10  -13    7   -3   16    4   -3    8    4    9   10
    1    6    9    1    1    2    1    1       628   -4  -14   -2   -2   16    5   -3  -11  -14    5   -7   14   -2   -6    6    4    8    9
    1    6   10    1    3    1    3    1       685   13    2    0    6    0   -6   -3   -3   14  -13    9   -9   -5   -6   15    9    7   -4
    1    6   11    1    2    2    3    0       595    6  -14    2  -16   14  -16  -10    9    2   -1    6   -9   13   -7   -1   11  -20   -9
    1    6   12    1    1    5    2    0       621   -1  -10   -1   -5   13    5   -5   -9  -12    8   -6   24    4   -5    9    5   11   11
    1    6   13    1    3    4    3    1       774   12   -5   -1    6   -3   -8   -2   -3   13  -15    7   -5   -4   -6   18    4   -1    2
    1    6   14    1    3    3    2    0       665   15  -11    1    3   -3   -6   -1   -3   10  -12    6   -4   -7   -7   15   10    9   -6
    1    6   15    1    2    5    2    1       655   17  -21    7  -11   16  -14  -11   10    0   -1    1   -7   13   -5   -9    9  -12    0
    1    7    1    1    2    5    2    1       455   17  -21    7  -11   16  -14  -11   10    0   -1    1   -7   13   -5   -9    9  -12    0
    1    7    2    1    3    3    3    1       582   15  -11    1    3   -3   -6   -1   -3   10  -12    6   -4   -7   -7   15   10    9   -6
    1    7    3    1    3    1    3    1       512   13    2    0    6    0   -6   -3   -3   14  -13    9   -9   -5   -6   15    9    7   -4
    1    7    4    1    1    2    1    1      1134   -4  -14   -2   -2   16    5   -3  -11  -14    5   -7   14   -2   -6    6    4    8    9
    1    7    5    1    1    4    1    1       497   -3  -16    0   -2   16    3   -1  -11  -11    4   -7   13    0   -5   12   14   12   10
    1    7    6    1    3    4    3    1       911   12   -5   -1    6   -3   -8   -2   -3   13  -15    7   -5   -4   -6   18    4   -1    2
    1    7    7    1    2    1    2    1       589    2   -9   -1  -10   22   -8  -13   17   -5   -9    4   -5   13   -5   -7    9  -15    2
    1    7    8    1    2    3    2    1      1111    6  -12    4  -16   17  -14  -10    8    3   -4    2   -6   11   -4   -7    7  -16    1
    1    7    9    1    1    5    1    1       636   -1  -10   -1   -5   13    5   -5   -9  -12    8   -6   24    4   -5    9    5   11   11
    1    7   10    1    3    5    3    1       820   12   -8    0    5   -6   -6   -6   -2   13  -12    4   -6   -5   -8   14    8    7   -6
    1    7   11    1    2    4    2    1       693    7  -15    2  -13   14  -13  -12   10    5    3    1   -8   14    1  -18   15  -23   -7
    1    7   12    1    2    2    1    0      1195    6  -14    2  -16   14  -16  -10    9    2   -1    6   -9   13   -7   -1   11  -20   -9
    1    7   13    1    1    3    3    0       813    4  -18  -11    1   11    5   -3  -10  -13    7   -3   16    4   -3    8    4    9   10
    1    7   14    1    3    2    3    1       703   12   -6   -6   14   -2   -7    0   -4   11  -13    8  -11    4  -11    5    3    8   -6
    1    7   15    1    1    1    2    0       916   -4  -12   -8   -3   11    3   -1  -11   -9   11   -8   16    1   -4    7    6   10   12
    1    8    1    1    3    1    3    1       817   13    2    0    6    0   -6   -3   -3   14  -13    9   -9   -5   -6   15    9    7   -4
    1    8    2    1    3    5    1    0       770   12   -8    0    5   -6   -6   -6   -2   13  -12    4   -6   -5   -8   14    8    7   -6
    1    8    3    1    3    3    3    1       676   15  -11    1    3   -3   -6   -1   -3   10  -12    6   -4   -7   -7   15   10    9   -6
    1    8    4    1    3    2    2    0       683   12   -6   -6   14   -2   -7    0   -4   11  -13    8  -11    4  -11    5    3    8   -6
    1    8    5    1    1    3    3    0       801    4  -18  -11    1   11    5   -3  -10  -13    7   -3   16    4   -3    8    4    9   10
    1    8    6    1    2    3    2    1       674    6  -12    4  -16   17  -14  -10    8    3   -4    2   -6   11   -4   -7    7  -16    1
    1    8    7    1    1    5    3    0       793   -1  -10   -1   -5   13    5   -5   -9  -12    8   -6   24    4   -5    9    5   11   11
    1    8    8    1    2    4    2    1       683    7  -15    2  -13   14  -13  -12   10    5    3    1   -8   14    1  -18   15  -23   -7
    1    8    9    1    2    5    2    1       641   17  -21    7  -11   16  -14  -11   10    0   -1    1   -7   13   -5   -9    9  -12    0
    1    8   10    1    1    1    1    1      1049   -4  -12   -8   -3   11    3   -1  -11   -9   11   -8   16    1   -4    7    6   10   12
    1    8   11    1    1    2    1    1       561   -4  -14   -2   -2   16    5   -3  -11  -14    5   -7   14   -2   -6    6    4    8    9
    1    8   12    1    2    1    2    1       764    2   -9   -1  -10   22   -8  -13   17   -5   -9    4   -5   13   -5   -7    9  -15    2
    1    8   13    1    3    4    3    1       975   12   -5   -1    6   -3   -8   -2   -3   13  -15    7   -5   -4   -6   18    4   -1    2
    1    8   14    1    2    2    2    1      1514    6  -14    2  -16   14  -16  -10    9    2   -1    6   -9   13   -7   -1   11  -20   -9
    1    8   15    1    1    4    2    0       512   -3  -16    0   -2   16    3   -1  -11  -11    4   -7   13    0   -5   12   14   12   10
    1    9    1    1    3    1    3    1       589   13    2    0    6    0   -6   -3   -3   14  -13    9   -9   -5   -6   15    9    7   -4
    1    9    2    1    3    3    3    1      3111   15  -11    1    3   -3   -6   -1   -3   10  -12    6   -4   -7   -7   15   10    9   -6
    1    9    3    1    1    1    1    1       893   -4  -12   -8   -3   11    3   -1  -11   -9   11   -8   16    1   -4    7    6   10   12
    1    9    4    1    2    1    2    1       619    2   -9   -1  -10   22   -8  -13   17   -5   -9    4   -5   13   -5   -7    9  -15    2
    1    9    5    1    1    2    1    1       739   -4  -14   -2   -2   16    5   -3  -11  -14    5   -7   14   -2   -6    6    4    8    9
    1    9    6    1    1    3    1    1       567    4  -18  -11    1   11    5   -3  -10  -13    7   -3   16    4   -3    8    4    9   10
    1    9    7    1    1    5    1    1       610   -1  -10   -1   -5   13    5   -5   -9  -12    8   -6   24    4   -5    9    5   11   11
    1    9    8    1    2    2    1    0      1324    6  -14    2  -16   14  -16  -10    9    2   -1    6   -9   13   -7   -1   11  -20   -9
    1    9    9    1    2    3    2    1       536    6  -12    4  -16   17  -14  -10    8    3   -4    2   -6   11   -4   -7    7  -16    1
    1    9   10    1    3    5    3    1       660   12   -8    0    5   -6   -6   -6   -2   13  -12    4   -6   -5   -8   14    8    7   -6
    1    9   11    1    3    4    3    1       540   12   -5   -1    6   -3   -8   -2   -3   13  -15    7   -5   -4   -6   18    4   -1    2
    1    9   12    1    2    4    2    1       760    7  -15    2  -13   14  -13  -12   10    5    3    1   -8   14    1  -18   15  -23   -7
    1    9   13    1    3    2    2    0      1515   12   -6   -6   14   -2   -7    0   -4   11  -13    8  -11    4  -11    5    3    8   -6
    1    9   14    1    2    5    2    1       480   17  -21    7  -11   16  -14  -11   10    0   -1    1   -7   13   -5   -9    9  -12    0
    1    9   15    1    1    4    1    1       878   -3  -16    0   -2   16    3   -1  -11  -11    4   -7   13    0   -5   12   14   12   10
    1   10    1    1    2    4    2    1       829    7  -15    2  -13   14  -13  -12   10    5    3    1   -8   14    1  -18   15  -23   -7
    1   10    2    1    2    2    2    1      1934    6  -14    2  -16   14  -16  -10    9    2   -1    6   -9   13   -7   -1   11  -20   -9
    1   10    3    1    1    5    3    0       882   -1  -10   -1   -5   13    5   -5   -9  -12    8   -6   24    4   -5    9    5   11   11
    1   10    4    1    3    5    3    1       704   12   -8    0    5   -6   -6   -6   -2   13  -12    4   -6   -5   -8   14    8    7   -6
    1   10    5    1    1    1    1    1       870   -4  -12   -8   -3   11    3   -1  -11   -9   11   -8   16    1   -4    7    6   10   12
    1   10    6    1    2    5    2    1       484   17  -21    7  -11   16  -14  -11   10    0   -1    1   -7   13   -5   -9    9  -12    0
    1   10    7    1    2    3    2    1       594    6  -12    4  -16   17  -14  -10    8    3   -4    2   -6   11   -4   -7    7  -16    1
    1   10    8    1    3    1    3    1      1532   13    2    0    6    0   -6   -3   -3   14  -13    9   -9   -5   -6   15    9    7   -4
    1   10    9    1    1    4    1    1       672   -3  -16    0   -2   16    3   -1  -11  -11    4   -7   13    0   -5   12   14   12   10
    1   10   10    1    3    4    3    1       663   12   -5   -1    6   -3   -8   -2   -3   13  -15    7   -5   -4   -6   18    4   -1    2
    1   10   11    1    3    2    2    0      1439   12   -6   -6   14   -2   -7    0   -4   11  -13    8  -11    4  -11    5    3    8   -6
    1   10   12    1    1    2    3    0       631   -4  -14   -2   -2   16    5   -3  -11  -14    5   -7   14   -2   -6    6    4    8    9
    1   10   13    1    3    3    3    1       623   15  -11    1    3   -3   -6   -1   -3   10  -12    6   -4   -7   -7   15   10    9   -6
    1   10   14    1    1    3    1    1       856    4  -18  -11    1   11    5   -3  -10  -13    7   -3   16    4   -3    8    4    9   10
    1   10   15    1    2    1    2    1       551    2   -9   -1  -10   22   -8  -13   17   -5   -9    4   -5   13   -5   -7    9  -15    2
    1   11    1    1    3    3    3    1       771   15  -11    1    3   -3   -6   -1   -3   10  -12    6   -4   -7   -7   15   10    9   -6
    1   11    2    1    3    4    1    0      1366   12   -5   -1    6   -3   -8   -2   -3   13  -15    7   -5   -4   -6   18    4   -1    2
    1   11    3    1    1    1    1    1       624   -4  -12   -8   -3   11    3   -1  -11   -9   11   -8   16    1   -4    7    6   10   12
    1   11    4    1    3    2    3    1      2153   12   -6   -6   14   -2   -7    0   -4   11  -13    8  -11    4  -11    5    3    8   -6
    1   11    5    1    3    1    3    1       853   13    2    0    6    0   -6   -3   -3   14  -13    9   -9   -5   -6   15    9    7   -4
    1   11    6    1    1    3    1    1       676    4  -18  -11    1   11    5   -3  -10  -13    7   -3   16    4   -3    8    4    9   10
    1   11    7    1    1    5    1    1       635   -1  -10   -1   -5   13    5   -5   -9  -12    8   -6   24    4   -5    9    5   11   11
    1   11    8    1    2    5    2    1       643   17  -21    7  -11   16  -14  -11   10    0   -1    1   -7   13   -5   -9    9  -12    0
    1   11    9    1    2    1    2    1       587    2   -9   -1  -10   22   -8  -13   17   -5   -9    4   -5   13   -5   -7    9  -15    2
    1   11   10    1    1    4    1    1       581   -3  -16    0   -2   16    3   -1  -11  -11    4   -7   13    0   -5   12   14   12   10
    1   11   11    1    2    2    1    0       799    6  -14    2  -16   14  -16  -10    9    2   -1    6   -9   13   -7   -1   11  -20   -9
    1   11   12    1    2    4    2    1       721    7  -15    2  -13   14  -13  -12   10    5    3    1   -8   14    1  -18   15  -23   -7
    1   11   13    1    1    2    1    1       694   -4  -14   -2   -2   16    5   -3  -11  -14    5   -7   14   -2   -6    6    4    8    9
    1   11   14    1    3    5    3    1       684   12   -8    0    5   -6   -6   -6   -2   13  -12    4   -6   -5   -8   14    8    7   -6
    1   11   15    1    2    3    2    1       546    6  -12    4  -16   17  -14  -10    8    3   -4    2   -6   11   -4   -7    7  -16    1
    1   12    1    1    3    1    3    1       574   13    2    0    6    0   -6   -3   -3   14  -13    9   -9   -5   -6   15    9    7   -4
    1   12    2    1    3    4    3    1       553   12   -5   -1    6   -3   -8   -2   -3   13  -15    7   -5   -4   -6   18    4   -1    2
    1   12    3    1    1    3    1    1       772    4  -18  -11    1   11    5   -3  -10  -13    7   -3   16    4   -3    8    4    9   10
    1   12    4    1    1    5    1    1      1302   -1  -10   -1   -5   13    5   -5   -9  -12    8   -6   24    4   -5    9    5   11   11
    1   12    5    1    1    1    1    1       580   -4  -12   -8   -3   11    3   -1  -11   -9   11   -8   16    1   -4    7    6   10   12
    1   12    6    1    2    1    2    1       527    2   -9   -1  -10   22   -8  -13   17   -5   -9    4   -5   13   -5   -7    9  -15    2
    1   12    7    1    2    5    2    1       539   17  -21    7  -11   16  -14  -11   10    0   -1    1   -7   13   -5   -9    9  -12    0
    1   12    8    1    1    4    1    1       792   -3  -16    0   -2   16    3   -1  -11  -11    4   -7   13    0   -5   12   14   12   10
    1   12    9    1    2    4    2    1       666    7  -15    2  -13   14  -13  -12   10    5    3    1   -8   14    1  -18   15  -23   -7
    1   12   10    1    2    2    2    1      1296    6  -14    2  -16   14  -16  -10    9    2   -1    6   -9   13   -7   -1   11  -20   -9
    1   12   11    1    3    5    3    1       638   12   -8    0    5   -6   -6   -6   -2   13  -12    4   -6   -5   -8   14    8    7   -6
    1   12   12    1    3    3    3    1       470   15  -11    1    3   -3   -6   -1   -3   10  -12    6   -4   -7   -7   15   10    9   -6
    1   12   13    1    1    2    1    1       757   -4  -14   -2   -2   16    5   -3  -11  -14    5   -7   14   -2   -6    6    4    8    9
    1   12   14    1    3    2    2    0      1273   12   -6   -6   14   -2   -7    0   -4   11  -13    8  -11    4  -11    5    3    8   -6
    1   12   15    1    2    3    2    1       695    6  -12    4  -16   17  -14  -10    8    3   -4    2   -6   11   -4   -7    7  -16    1
    1   13    1    1    1    2    1    1       765   -4  -14   -2   -2   16    5   -3  -11  -14    5   -7   14   -2   -6    6    4    8    9
    1   13    2    1    2    2    2    1      1280    6  -14    2  -16   14  -16  -10    9    2   -1    6   -9   13   -7   -1   11  -20   -9
    1   13    3    1    1    1    1    1       927   -4  -12   -8   -3   11    3   -1  -11   -9   11   -8   16    1   -4    7    6   10   12
    1   13    4    1    2    3    2    1       652    6  -12    4  -16   17  -14  -10    8    3   -4    2   -6   11   -4   -7    7  -16    1
    1   13    5    1    3    2    3    1      2291   12   -6   -6   14   -2   -7    0   -4   11  -13    8  -11    4  -11    5    3    8   -6
    1   13    6    1    1    5    1    1      1129   -1  -10   -1   -5   13    5   -5   -9  -12    8   -6   24    4   -5    9    5   11   11
    1   13    7    1    3    5    3    1      1278   12   -8    0    5   -6   -6   -6   -2   13  -12    4   -6   -5   -8   14    8    7   -6
    1   13    8    1    3    3    3    1       524   15  -11    1    3   -3   -6   -1   -3   10  -12    6   -4   -7   -7   15   10    9   -6
    1   13    9    1    3    1    3    1      1081   13    2    0    6    0   -6   -3   -3   14  -13    9   -9   -5   -6   15    9    7   -4
    1   13   10    1    1    3    1    1       879    4  -18  -11    1   11    5   -3  -10  -13    7   -3   16    4   -3    8    4    9   10
    1   13   11    1    1    4    1    1       606   -3  -16    0   -2   16    3   -1  -11  -11    4   -7   13    0   -5   12   14   12   10
    1   13   12    1    2    1    2    1       983    2   -9   -1  -10   22   -8  -13   17   -5   -9    4   -5   13   -5   -7    9  -15    2
    1   13   13    1    2    4    2    1       481    7  -15    2  -13   14  -13  -12   10    5    3    1   -8   14    1  -18   15  -23   -7
    1   13   14    1    2    5    2    1       495   17  -21    7  -11   16  -14  -11   10    0   -1    1   -7   13   -5   -9    9  -12    0
    1   13   15    1    3    4    1    0       894   12   -5   -1    6   -3   -8   -2   -3   13  -15    7   -5   -4   -6   18    4   -1    2
    1   14    1    1    2    5    2    1       588   17  -21    7  -11   16  -14  -11   10    0   -1    1   -7   13   -5   -9    9  -12    0
    1   14    2    1    1    3    1    1       630    4  -18  -11    1   11    5   -3  -10  -13    7   -3   16    4   -3    8    4    9   10
    1   14    3    1    3    5    3    1       574   12   -8    0    5   -6   -6   -6   -2   13  -12    4   -6   -5   -8   14    8    7   -6
    1   14    4    1    3    3    3    1       601   15  -11    1    3   -3   -6   -1   -3   10  -12    6   -4   -7   -7   15   10    9   -6
    1   14    5    1    2    3    2    1       579    6  -12    4  -16   17  -14  -10    8    3   -4    2   -6   11   -4   -7    7  -16    1
    1   14    6    1    1    5    1    1       573   -1  -10   -1   -5   13    5   -5   -9  -12    8   -6   24    4   -5    9    5   11   11
    1   14    7    1    3    4    2    0       744   12   -5   -1    6   -3   -8   -2   -3   13  -15    7   -5   -4   -6   18    4   -1    2
    1   14    8    1    3    2    3    1       940   12   -6   -6   14   -2   -7    0   -4   11  -13    8  -11    4  -11    5    3    8   -6
    1   14    9    1    1    2    1    1       600   -4  -14   -2   -2   16    5   -3  -11  -14    5   -7   14   -2   -6    6    4    8    9
    1   14   10    1    3    1    3    1       801   13    2    0    6    0   -6   -3   -3   14  -13    9   -9   -5   -6   15    9    7   -4
    1   14   11    1    1    4    1    1       595   -3  -16    0   -2   16    3   -1  -11  -11    4   -7   13    0   -5   12   14   12   10
    1   14   12    1    2    4    2    1      1629    7  -15    2  -13   14  -13  -12   10    5    3    1   -8   14    1  -18   15  -23   -7
    1   14   13    1    2    1    2    1      2301    2   -9   -1  -10   22   -8  -13   17   -5   -9    4   -5   13   -5   -7    9  -15    2
    1   14   14    1    2    2    2    1      4291    6  -14    2  -16   14  -16  -10    9    2   -1    6   -9   13   -7   -1   11  -20   -9
    1   14   15    1    1    1    1    1       633   -4  -12   -8   -3   11    3   -1  -11   -9   11   -8   16    1   -4    7    6   10   12
    1   15    1    1    3    2    3    1       721   12   -6   -6   14   -2   -7    0   -4   11  -13    8  -11    4  -11    5    3    8   -6
    1   15    2    1    2    1    2    1       566    2   -9   -1  -10   22   -8  -13   17   -5   -9    4   -5   13   -5   -7    9  -15    2
    1   15    3    1    3    1    3    1       625   13    2    0    6    0   -6   -3   -3   14  -13    9   -9   -5   -6   15    9    7   -4
    1   15    4    1    1    5    1    1      1130   -1  -10   -1   -5   13    5   -5   -9  -12    8   -6   24    4   -5    9    5   11   11
    1   15    5    1    1    3    1    1       718    4  -18  -11    1   11    5   -3  -10  -13    7   -3   16    4   -3    8    4    9   10
    1   15    6    1    1    4    1    1       547   -3  -16    0   -2   16    3   -1  -11  -11    4   -7   13    0   -5   12   14   12   10
    1   15    7    1    1    2    1    1       399   -4  -14   -2   -2   16    5   -3  -11  -14    5   -7   14   -2   -6    6    4    8    9
    1   15    8    1    2    2    2    1      1072    6  -14    2  -16   14  -16  -10    9    2   -1    6   -9   13   -7   -1   11  -20   -9
    1   15    9    1    2    5    2    1      1271   17  -21    7  -11   16  -14  -11   10    0   -1    1   -7   13   -5   -9    9  -12    0
    1   15   10    1    1    1    1    1       534   -4  -12   -8   -3   11    3   -1  -11   -9   11   -8   16    1   -4    7    6   10   12
    1   15   11    1    3    5    3    1       786   12   -8    0    5   -6   -6   -6   -2   13  -12    4   -6   -5   -8   14    8    7   -6
    1   15   12    1    2    4    2    1       756    7  -15    2  -13   14  -13  -12   10    5    3    1   -8   14    1  -18   15  -23   -7
    1   15   13    1    2    3    2    1       583    6  -12    4  -16   17  -14  -10    8    3   -4    2   -6   11   -4   -7    7  -16    1
    1   15   14    1    3    3    3    1       561   15  -11    1    3   -3   -6   -1   -3   10  -12    6   -4   -7   -7   15   10    9   -6
    1   15   15    1    3    4    3    1       525   12   -5   -1    6   -3   -8   -2   -3   13  -15    7   -5   -4   -6   18    4   -1    2
    2    1    1    1    3    5    2    0      1852   12   -8    0    5   -6   -6   -6   -2   13  -12    4   -6   -5   -8   14    8    7   -6
    2    1    2    4    1    3    2    1      1124   -3  -13    8  -10   17    8   -1  -10  -10    9    2   13    1    0   12    1    1   17
    2    1    3    1    1    2    1    1       632   -4  -14   -2   -2   16    5   -3  -11  -14    5   -7   14   -2   -6    6    4    8    9
    2    1    4    1    3    2    1    1       848   12   -6   -6   14   -2   -7    0   -4   11  -13    8  -11    4  -11    5    3    8   -6
    2    1    5    6    0    0    2    1      1360   13   -4   -3   19   -1  -10    3    9    6    4   10  -12  -13    0    4   -1    6    8
    2    1    6    1    3    4    1    1       763   12   -5   -1    6   -3   -8   -2   -3   13  -15    7   -5   -4   -6   18    4   -1    2
    2    1    7    1    3    3    2    0      1055   15  -11    1    3   -3   -6   -1   -3   10  -12    6   -4   -7   -7   15   10    9   -6
    2    1    8    1    1    1    1    1       694   -4  -12   -8   -3   11    3   -1  -11   -9   11   -8   16    1   -4    7    6   10   12
    2    1    9    6    0    0    2    1       652   -9    6    7   15  -16  -13    2  -16   17   -6  -10   11    1    3    9   -2   10   24
    2    1   10    4    2    2    1    0       979    8  -14    5  -15   16  -12  -11    8    3   -3    2   -6   13    0   -3    7  -13    2
    2    1   11    4    3    3    1    0      1054   12   -5    1    3   -3   -4  -10   -7   15  -14   12  -10   -7  -10   15    7    9   -5
    2    1   12    1    2    2    1    1      1685    6  -14    2  -16   14  -16  -10    9    2   -1    6   -9   13   -7   -1   11  -20   -9
    2    1   13    4    2    5    2    1       803    6  -11    5  -15   15  -15  -12   14    0   -1    3  -12   14   -3   -7    7   -6    5
    2    1   14    2    1    0    1    0      1173   -4  -13   -2   -3   14    5   -2   -9  -13    6   -7   15    0   -4    8    5   11   10
    2    1   15    2    2    0    1    0       760    7  -13    4  -14   15  -14  -11    9    2   -2    2   -7   14   -5   -8    8  -14    1
    2    1   16    4    1    4    1    0       651   -4  -12   -4   -4   13    3   -1   -7  -13    7   -7   14    1   -2   10    4   12    8
    2    1   17    1    1    4    1    1       674   -3  -16    0   -2   16    3   -1  -11  -11    4   -7   13    0   -5   12   14   12   10
    2    1   18    4    1    5    2    1       873   -4  -12   -3   -4   18   12   -2  -10  -18    7   -7   13    5    6    7    8   11   14
    2    1   19    1    2    1    1    1      1096    2   -9   -1  -10   22   -8  -13   17   -5   -9    4   -5   13   -5   -7    9  -15    2
    2    1   20    1    2    3    1    1       526    6  -12    4  -16   17  -14  -10    8    3   -4    2   -6   11   -4   -7    7  -16    1
    2    1   21    1    1    3    2    0       571    4  -18  -11    1   11    5   -3  -10  -13    7   -3   16    4   -3    8    4    9   10
    2    1   22    4    3    2    2    1      1333   13   -7   -1    5   -1   -5   -1   -1   14  -14    5   -5  -12  -17   15    6   10    0
    2    1   23    1    1    5    1    1       898   -1  -10   -1   -5   13    5   -5   -9  -12    8   -6   24    4   -5    9    5   11   11
    2    1   24    4    2    4    2    1      1007    9  -11    6  -15    9   -7   -5   19    1   -1    2   -5   13   -5   -6    9  -15   -1
    2    1   25    4    3    5    1    0       873   16   -3   -1    4   -3   -6   -4    0   11  -14    5   -6   -8  -18   17    8   16  -14
    2    1   26    1    2    4    1    1      1128    7  -15    2  -13   14  -13  -12   10    5    3    1   -8   14    1  -18   15  -23   -7
    2    1   27    4    2    3    1    0      1452   -1   -8    5  -11   16  -14   -1    9    6   -7    2   -6   15   -5   -7    7  -22    7
    2    1   28    1    2    5    1    1       596   17  -21    7  -11   16  -14  -11   10    0   -1    1   -7   13   -5   -9    9  -12    0
    2    1   29    4    1    1    1    0       894   -3  -13   -4   -1   16    4   -1  -11  -12    6   -8   16    1   -4    9    4   11   15
    2    1   30    2    3    0    1    0       716   11   -6    0    4   -2   -6   -2   -2   12  -14    6   -6   -6   -8   15    8    8   -5
    2    1   31    6    0    0    2    1       737  -12  -13    8   12  -16    4    0   10   -7   -7   16    1    7  -16  -11  -11    9    0
    2    1   32    4    3    1    1    0      1093   11   -4    1    3   -1   -9   -5   -2   11  -14   10  -11  -10  -13    5    6    8   -4
    2    1   33    6    0    0    2    1       715  -13    9    9    7  -14  -16    5  -11   14   -4  -15   11    1    5    7   -3   14   17
    2    1   34    4    1    2    1    0      1680   -9  -11   -7  -10   11   12   -1  -11  -14    5   -9   15    0   -5    4   -3    5    9
    2    1   35    6    0    0    2    1       574   12   -2   -7   14    0   -9    2    8    6    1   14  -13  -11   -1    1   -2    8    5
    2    1   36    4    3    4    2    1       889   21   -1   -1    6    4    2   -3   -3   13  -16    9   -1  -12    0   13    7    7   -5
    2    1   37    6    0    0    2    1       663   -2   -9   11   12  -15   -1   -1    9    3  -10   15    2   -1   -7  -14  -12    8   -5
    2    1   38    1    3    1    2    0       559   13    2    0    6    0   -6   -3   -3   14  -13    9   -9   -5   -6   15    9    7   -4
    2    1   39    4    2    1    1    0       794   11  -10    4  -13   19  -20  -13   10   11   -2    1   -8   14   -3  -15   13  -15    0
