    1    1    1    1    3    4    1    0      6901   -5   -8   17   -3   -2  -13  -11    9   -9   17    1    1   -3   14   12   -5   -9   -5
    1    1    2    1    2    5    3    0      1801   15   -3   12   13    2   13   -8    2   -5   -8  -11   -4   11   -4   -2   -9    8    3
    1    1    3    1    2    1    2    1       962   16   -2   10   15    1   10   -9    2   -5  -11  -11   -2   12    1   -3   -9    5    5
    1    1    4    1    3    2    1    0      1053  -16  -12   15   -1    0   -9  -11   11   -9   15    2   -2    5    7   13   -6   -7    2
    1    1    5    1    1    4    3    0       916    9    8  -10   -4    2    1   -6   -4  -12   18   11    6   -1    5   -3    7   -9    7
    1    1    6    1    2    2    2    1      1185   16   -3   15   17    0   13   -8    2   -2    0  -12   -4   11   -1   -3   -7    6    3
    1    1    7    1    3    5    3    1      2355   -7   -6    6  -12    4   -9  -11   11   -8   14    0    1   -5    4   13   -5   -6   -1
    1    1    8    1    1    5    1    1       902   11    4   -1   -8    1    3   -3   -5   -8   11    1   17   -2    1   -4    8   -7    6
    1    1    9    1    2    3    2    1       627   14   -5   11   13    1   14   -3   -1   -4   -8  -16   -2   11   -1   -2   -7    7    6
    1    1   10    1    1    1    1    1      1084   10    7   -7   -9    2    1   -4   -5   -6   10    5   -1   -1    5   -4    9   -6    5
    1    1   11    1    1    3    2    0      1186   10    6   -6   -7    0   -2   -2  -13  -10    8    3   -3   -1    7   -5    9   -6    7
    1    1   12    1    1    2    3    0      1988   10    8   -7   -6    1    3   -4   -5   -1   18    6    9   -3    6   -5    7   -8    5
    1    1   13    1    3    1    2    0      1110  -13    2    6    1    4   -9  -11    9   -7   15    1    3    7    7   13   -5   -8    1
    1    1   14    1    2    4    2    1      2523   17   -3    7   13   -5    8   -8    2   -6   -7  -11   -4   12   -3    1   -5    7    3
    1    1   15    1    3    3    3    1      1256   -6   -7   16   -3    7  -12  -10   12   -8   15    0    6    6    4   13   -2   -8    0
    1    2    1    1    2    2    2    1      1127   16   -3   15   17    0   13   -8    2   -2    0  -12   -4   11   -1   -3   -7    6    3
    1    2    2    1    2    4    2    1       876   17   -3    7   13   -5    8   -8    2   -6   -7  -11   -4   12   -3    1   -5    7    3
    1    2    3    1    3    4    3    1      1322   -5   -8   17   -3   -2  -13  -11    9   -9   17    1    1   -3   14   12   -5   -9   -5
    1    2    4    1    1    3    2    0      3335   10    6   -6   -7    0   -2   -2  -13  -10    8    3   -3   -1    7   -5    9   -6    7
    1    2    5    1    3    5    1    0      1379   -7   -6    6  -12    4   -9  -11   11   -8   14    0    1   -5    4   13   -5   -6   -1
    1    2    6    1    2    3    2    1      1085   14   -5   11   13    1   14   -3   -1   -4   -8  -16   -2   11   -1   -2   -7    7    6
    1    2    7    1    1    4    1    1       820    9    8  -10   -4    2    1   -6   -4  -12   18   11    6   -1    5   -3    7   -9    7
    1    2    8    1    2    5    2    1       708   15   -3   12   13    2   13   -8    2   -5   -8  -11   -4   11   -4   -2   -9    8    3
    1    2    9    1    3    1    3    1      1225  -13    2    6    1    4   -9  -11    9   -7   15    1    3    7    7   13   -5   -8    1
    1    2   10    1    2    1    2    1       762   16   -2   10   15    1   10   -9    2   -5  -11  -11   -2   12    1   -3   -9    5    5
    1    2   11    1    3    3    2    0      1966   -6   -7   16   -3    7  -12  -10   12   -8   15    0    6    6    4   13   -2   -8    0
    1    2   12    1    1    1    1    1       720   10    7   -7   -9    2    1   -4   -5   -6   10    5   -1   -1    5   -4    9   -6    5
    1    2   13    1    1    2    2    0       917   10    8   -7   -6    1    3   -4   -5   -1   18    6    9   -3    6   -5    7   -8    5
    1    2   14    1    1    5    1    1      2763   11    4   -1   -8    1    3   -3   -5   -8   11    1   17   -2    1   -4    8   -7    6
    1    2   15    1    3    2    3    1      1380  -16  -12   15   -1    0   -9  -11   11   -9   15    2   -2    5    7   13   -6   -7    2
    1    3    1    1    3    2    3    1      1230  -16  -12   15   -1    0   -9  -11   11   -9   15    2   -2    5    7   13   -6   -7    2
    1    3    2    1    3    4    3    1       734   -5   -8   17   -3   -2  -13  -11    9   -9   17    1    1   -3   14   12   -5   -9   -5
    1    3    3    1    1    4    1    1       930    9    8  -10   -4    2    1   -6   -4  -12   18   11    6   -1    5   -3    7   -9    7
    1    3    4    1    1    1    1    1       606   10    7   -7   -9    2    1   -4   -5   -6   10    5   -1   -1    5   -4    9   -6    5
    1    3    5    1    1    2    1    1       839   10    8   -7   -6    1    3   -4   -5   -1   18    6    9   -3    6   -5    7   -8    5
    1    3    6    1    3    1    1    0       951  -13    2    6    1    4   -9  -11    9   -7   15    1    3    7    7   13   -5   -8    1
    1    3    7    1    2    1    2    1       866   16   -2   10   15    1   10   -9    2   -5  -11  -11   -2   12    1   -3   -9    5    5
    1    3    8    1    2    2    2    1      1057   16   -3   15   17    0   13   -8    2   -2    0  -12   -4   11   -1   -3   -7    6    3
    1    3    9    1    1    5    1    1       872   11    4   -1   -8    1    3   -3   -5   -8   11    1   17   -2    1   -4    8   -7    6
    1    3   10    1    3    3    3    1      1943   -6   -7   16   -3    7  -12  -10   12   -8   15    0    6    6    4   13   -2   -8    0
    1    3   11    1    2    5    2    1       683   15   -3   12   13    2   13   -8    2   -5   -8  -11   -4   11   -4   -2   -9    8    3
    1    3   12    1    3    5    3    1      1329   -7   -6    6  -12    4   -9  -11   11   -8   14    0    1   -5    4   13   -5   -6   -1
    1    3   13    1    2    3    2    1       717   14   -5   11   13    1   14   -3   -1   -4   -8  -16   -2   11   -1   -2   -7    7    6
    1    3   14    1    2    4    2    1       674   17   -3    7   13   -5    8   -8    2   -6   -7  -11   -4   12   -3    1   -5    7    3
    1    3   15    1    1    3    1    1      1464   10    6   -6   -7    0   -2   -2  -13  -10    8    3   -3   -1    7   -5    9   -6    7
    1    4    1    1    1    4    1    1       880    9    8  -10   -4    2    1   -6   -4  -12   18   11    6   -1    5   -3    7   -9    7
    1    4    2    1    3    5    3    1      2765   -7   -6    6  -12    4   -9  -11   11   -8   14    0    1   -5    4   13   -5   -6   -1
    1    4    3    1    2    1    2    1       736   16   -2   10   15    1   10   -9    2   -5  -11  -11   -2   12    1   -3   -9    5    5
    1    4    4    1    1    5    1    1      1364   11    4   -1   -8    1    3   -3   -5   -8   11    1   17   -2    1   -4    8   -7    6
    1    4    5    1    1    3    1    1       654   10    6   -6   -7    0   -2   -2  -13  -10    8    3   -3   -1    7   -5    9   -6    7
    1    4    6    1    2    2    2    1       758   16   -3   15   17    0   13   -8    2   -2    0  -12   -4   11   -1   -3   -7    6    3
    1    4    7    1    2    4    2    1       537   17   -3    7   13   -5    8   -8    2   -6   -7  -11   -4   12   -3    1   -5    7    3
    1    4    8    1    3    4    3    1       789   -5   -8   17   -3   -2  -13  -11    9   -9   17    1    1   -3   14   12   -5   -9   -5
    1    4    9    1    1    1    1    1       743   10    7   -7   -9    2    1   -4   -5   -6   10    5   -1   -1    5   -4    9   -6    5
    1    4   10    1    3    3    3    1      3979   -6   -7   16   -3    7  -12  -10   12   -8   15    0    6    6    4   13   -2   -8    0
    1    4   11    1    2    3    2    1       893   14   -5   11   13    1   14   -3   -1   -4   -8  -16   -2   11   -1   -2   -7    7    6
    1    4   12    1    3    1    3    1      1211  -13    2    6    1    4   -9  -11    9   -7   15    1    3    7    7   13   -5   -8    1
    1    4   13    1    2    5    2    1      1452   15   -3   12   13    2   13   -8    2   -5   -8  -11   -4   11   -4   -2   -9    8    3
    1    4   14    1    3    2    3    1      1124  -16  -12   15   -1    0   -9  -11   11   -9   15    2   -2    5    7   13   -6   -7    2
    1    4   15    1    1    2    1    1       777   10    8   -7   -6    1    3   -4   -5   -1   18    6    9   -3    6   -5    7   -8    5
    1    5    1    1    2    3    2    1       843   14   -5   11   13    1   14   -3   -1   -4   -8  -16   -2   11   -1   -2   -7    7    6
    1    5    2    1    3    5    3    1      1307   -7   -6    6  -12    4   -9  -11   11   -8   14    0    1   -5    4   13   -5   -6   -1
    1    5    3    1    3    2    3    1      2248  -16  -12   15   -1    0   -9  -11   11   -9   15    2   -2    5    7   13   -6   -7    2
    1    5    4    1    1    3    1    1      1136   10    6   -6   -7    0   -2   -2  -13  -10    8    3   -3   -1    7   -5    9   -6    7
    1    5    5    1    1    4    1    1       563    9    8  -10   -4    2    1   -6   -4  -12   18   11    6   -1    5   -3    7   -9    7
    1    5    6    1    2    4    2    1       830   17   -3    7   13   -5    8   -8    2   -6   -7  -11   -4   12   -3    1   -5    7    3
    1    5    7    1    2    2    2    1       638   16   -3   15   17    0   13   -8    2   -2    0  -12   -4   11   -1   -3   -7    6    3
    1    5    8    1    2    5    2    1       454   15   -3   12   13    2   13   -8    2   -5   -8  -11   -4   11   -4   -2   -9    8    3
    1    5    9    1    3    3    3    1      3109   -6   -7   16   -3    7  -12  -10   12   -8   15    0    6    6    4   13   -2   -8    0
    1    5   10    1    3    4    1    0      1227   -5   -8   17   -3   -2  -13  -11    9   -9   17    1    1   -3   14   12   -5   -9   -5
    1    5   11    1    1    5    1    1       779   11    4   -1   -8    1    3   -3   -5   -8   11    1   17   -2    1   -4    8   -7    6
    1    5   12    1    1    1    1    1       574   10    7   -7   -9    2    1   -4   -5   -6   10    5   -1   -1    5   -4    9   -6    5
    1    5   13    1    3    1    2    0       873  -13    2    6    1    4   -9  -11    9   -7   15    1    3    7    7   13   -5   -8    1
    1    5   14    1    2    1    2    1       663   16   -2   10   15    1   10   -9    2   -5  -11  -11   -2   12    1   -3   -9    5    5
    1    5   15    1    1    2    1    1       638   10    8   -7   -6    1    3   -4   -5   -1   18    6    9   -3    6   -5    7   -8    5
    1    6    1    1    1    5    1    1       550   11    4   -1   -8    1    3   -3   -5   -8   11    1   17   -2    1   -4    8   -7    6
    1    6    2    1    3    4    3    1      1057   -5   -8   17   -3   -2  -13  -11    9   -9   17    1    1   -3   14   12   -5   -9   -5
    1    6    3    1    3    1    1    0      1368  -13    2    6    1    4   -9  -11    9   -7   15    1    3    7    7   13   -5   -8    1
    1    6    4    1    1    1    1    1       563   10    7   -7   -9    2    1   -4   -5   -6   10    5   -1   -1    5   -4    9   -6    5
    1    6    5    1    2    2    2    1       766   16   -3   15   17    0   13   -8    2   -2    0  -12   -4   11   -1   -3   -7    6    3
    1    6    6    1    2    3    2    1       576   14   -5   11   13    1   14   -3   -1   -4   -8  -16   -2   11   -1   -2   -7    7    6
    1    6    7    1    1    2    1    1       571   10    8   -7   -6    1    3   -4   -5   -1   18    6    9   -3    6   -5    7   -8    5
    1    6    8    1    1    4    1    1       518    9    8  -10   -4    2    1   -6   -4  -12   18   11    6   -1    5   -3    7   -9    7
    1    6    9    1    2    4    2    1       642   17   -3    7   13   -5    8   -8    2   -6   -7  -11   -4   12   -3    1   -5    7    3
    1    6   10    1    2    1    2    1       474   16   -2   10   15    1   10   -9    2   -5  -11  -11   -2   12    1   -3   -9    5    5
    1    6   11    1    3    3    3    1      1801   -6   -7   16   -3    7  -12  -10   12   -8   15    0    6    6    4   13   -2   -8    0
    1    6   12    1    2    5    2    1       514   15   -3   12   13    2   13   -8    2   -5   -8  -11   -4   11   -4   -2   -9    8    3
    1    6   13    1    3    5    3    1       847   -7   -6    6  -12    4   -9  -11   11   -8   14    0    1   -5    4   13   -5   -6   -1
    1    6   14    1    3    2    1    0       638  -16  -12   15   -1    0   -9  -11   11   -9   15    2   -2    5    7   13   -6   -7    2
    1    6   15    1    1    3    1    1       486   10    6   -6   -7    0   -2   -2  -13  -10    8    3   -3   -1    7   -5    9   -6    7
    1    7    1    1    1    2    1    1      1204   10    8   -7   -6    1    3   -4   -5   -1   18    6    9   -3    6   -5    7   -8    5
    1    7    2    1    2    4    2    1       677   17   -3    7   13   -5    8   -8    2   -6   -7  -11   -4   12   -3    1   -5    7    3
    1    7    3    1    2    5    2    1       588   15   -3   12   13    2   13   -8    2   -5   -8  -11   -4   11   -4   -2   -9    8    3
    1    7    4    1    2    2    2    1       854   16   -3   15   17    0   13   -8    2   -2    0  -12   -4   11   -1   -3   -7    6    3
    1    7    5    1    2    1    2    1       421   16   -2   10   15    1   10   -9    2   -5  -11  -11   -2   12    1   -3   -9    5    5
    1    7    6    1    1    5    1    1       662   11    4   -1   -8    1    3   -3   -5   -8   11    1   17   -2    1   -4    8   -7    6
    1    7    7    1    1    4    1    1       573    9    8  -10   -4    2    1   -6   -4  -12   18   11    6   -1    5   -3    7   -9    7
    1    7    8    1    3    1    3    1      1304  -13    2    6    1    4   -9  -11    9   -7   15    1    3    7    7   13   -5   -8    1
    1    7    9    1    3    4    3    1      1013   -5   -8   17   -3   -2  -13  -11    9   -9   17    1    1   -3   14   12   -5   -9   -5
    1    7   10    1    3    2    3    1       782  -16  -12   15   -1    0   -9  -11   11   -9   15    2   -2    5    7   13   -6   -7    2
    1    7   11    1    1    3    1    1       768   10    6   -6   -7    0   -2   -2  -13  -10    8    3   -3   -1    7   -5    9   -6    7
    1    7   12    1    3    3    2    0       531   -6   -7   16   -3    7  -12  -10   12   -8   15    0    6    6    4   13   -2   -8    0
    1    7   13    1    3    5    3    1       927   -7   -6    6  -12    4   -9  -11   11   -8   14    0    1   -5    4   13   -5   -6   -1
    1    7   14    1    1    1    1    1       779   10    7   -7   -9    2    1   -4   -5   -6   10    5   -1   -1    5   -4    9   -6    5
    1    7   15    1    2    3    2    1      1341   14   -5   11   13    1   14   -3   -1   -4   -8  -16   -2   11   -1   -2   -7    7    6
    1    8    1    1    3    4    3    1      5977   -5   -8   17   -3   -2  -13  -11    9   -9   17    1    1   -3   14   12   -5   -9   -5
    1    8    2    1    1    3    1    1       572   10    6   -6   -7    0   -2   -2  -13  -10    8    3   -3   -1    7   -5    9   -6    7
    1    8    3    1    3    3    2    0       966   -6   -7   16   -3    7  -12  -10   12   -8   15    0    6    6    4   13   -2   -8    0
    1    8    4    1    3    5    3    1       945   -7   -6    6  -12    4   -9  -11   11   -8   14    0    1   -5    4   13   -5   -6   -1
    1    8    5    1    1    5    1    1       541   11    4   -1   -8    1    3   -3   -5   -8   11    1   17   -2    1   -4    8   -7    6
    1    8    6    1    2    4    2    1       761   17   -3    7   13   -5    8   -8    2   -6   -7  -11   -4   12   -3    1   -5    7    3
    1    8    7    1    2    2    2    1       780   16   -3   15   17    0   13   -8    2   -2    0  -12   -4   11   -1   -3   -7    6    3
    1    8    8    1    2    3    2    1       462   14   -5   11   13    1   14   -3   -1   -4   -8  -16   -2   11   -1   -2   -7    7    6
    1    8    9    1    3    1    1    0       893  -13    2    6    1    4   -9  -11    9   -7   15    1    3    7    7   13   -5   -8    1
    1    8   10    1    1    2    1    1       427   10    8   -7   -6    1    3   -4   -5   -1   18    6    9   -3    6   -5    7   -8    5
    1    8   11    1    1    4    1    1       604    9    8  -10   -4    2    1   -6   -4  -12   18   11    6   -1    5   -3    7   -9    7
    1    8   12    1    1    1    1    1       645   10    7   -7   -9    2    1   -4   -5   -6   10    5   -1   -1    5   -4    9   -6    5
    1    8   13    1    2    5    2    1       557   15   -3   12   13    2   13   -8    2   -5   -8  -11   -4   11   -4   -2   -9    8    3
    1    8   14    1    3    2    3    1      1512  -16  -12   15   -1    0   -9  -11   11   -9   15    2   -2    5    7   13   -6   -7    2
    1    8   15    1    2    1    2    1       766   16   -2   10   15    1   10   -9    2   -5  -11  -11   -2   12    1   -3   -9    5    5
    1    9    1    1    1    3    1    1       848   10    6   -6   -7    0   -2   -2  -13  -10    8    3   -3   -1    7   -5    9   -6    7
    1    9    2    1    1    2    1    1       912   10    8   -7   -6    1    3   -4   -5   -1   18    6    9   -3    6   -5    7   -8    5
    1    9    3    1    2    5    2    1       525   15   -3   12   13    2   13   -8    2   -5   -8  -11   -4   11   -4   -2   -9    8    3
    1    9    4    1    1    4    1    1       618    9    8  -10   -4    2    1   -6   -4  -12   18   11    6   -1    5   -3    7   -9    7
    1    9    5    1    2    1    2    1      2530   16   -2   10   15    1   10   -9    2   -5  -11  -11   -2   12    1   -3   -9    5    5
    1    9    6    1    2    4    2    1       494   17   -3    7   13   -5    8   -8    2   -6   -7  -11   -4   12   -3    1   -5    7    3
    1    9    7    1    3    3    3    1      4012   -6   -7   16   -3    7  -12  -10   12   -8   15    0    6    6    4   13   -2   -8    0
    1    9    8    1    3    2    3    1      1213  -16  -12   15   -1    0   -9  -11   11   -9   15    2   -2    5    7   13   -6   -7    2
    1    9    9    1    1    1    1    1       590   10    7   -7   -9    2    1   -4   -5   -6   10    5   -1   -1    5   -4    9   -6    5
    1    9   10    1    1    5    1    1       968   11    4   -1   -8    1    3   -3   -5   -8   11    1   17   -2    1   -4    8   -7    6
    1    9   11    1    2    3    2    1       643   14   -5   11   13    1   14   -3   -1   -4   -8  -16   -2   11   -1   -2   -7    7    6
    1    9   12    1    3    5    3    1       667   -7   -6    6  -12    4   -9  -11   11   -8   14    0    1   -5    4   13   -5   -6   -1
    1    9   13    1    3    1    3    1       945  -13    2    6    1    4   -9  -11    9   -7   15    1    3    7    7   13   -5   -8    1
    1    9   14    1    3    4    3    1      1485   -5   -8   17   -3   -2  -13  -11    9   -9   17    1    1   -3   14   12   -5   -9   -5
    1    9   15    1    2    2    2    1       723   16   -3   15   17    0   13   -8    2   -2    0  -12   -4   11   -1   -3   -7    6    3
    1   10    1    1    1    5    1    1       728   11    4   -1   -8    1    3   -3   -5   -8   11    1   17   -2    1   -4    8   -7    6
    1   10    2    1    2    2    2    1      1196   16   -3   15   17    0   13   -8    2   -2    0  -12   -4   11   -1   -3   -7    6    3
    1   10    3    1    3    2    3    1      1166  -16  -12   15   -1    0   -9  -11   11   -9   15    2   -2    5    7   13   -6   -7    2
    1   10    4    1    1    2    1    1       752   10    8   -7   -6    1    3   -4   -5   -1   18    6    9   -3    6   -5    7   -8    5
    1   10    5    1    2    4    2    1       612   17   -3    7   13   -5    8   -8    2   -6   -7  -11   -4   12   -3    1   -5    7    3
    1   10    6    1    1    4    1    1       589    9    8  -10   -4    2    1   -6   -4  -12   18   11    6   -1    5   -3    7   -9    7
    1   10    7    1    1    3    1    1       951   10    6   -6   -7    0   -2   -2  -13  -10    8    3   -3   -1    7   -5    9   -6    7
    1   10    8    1    3    4    3    1      1618   -5   -8   17   -3   -2  -13  -11    9   -9   17    1    1   -3   14   12   -5   -9   -5
    1   10    9    1    2    1    2    1       739   16   -2   10   15    1   10   -9    2   -5  -11  -11   -2   12    1   -3   -9    5    5
    1   10   10    1    3    5    3    1      1271   -7   -6    6  -12    4   -9  -11   11   -8   14    0    1   -5    4   13   -5   -6   -1
    1   10   11    1    2    5    2    1       533   15   -3   12   13    2   13   -8    2   -5   -8  -11   -4   11   -4   -2   -9    8    3
    1   10   12    1    3    1    3    1      1569  -13    2    6    1    4   -9  -11    9   -7   15    1    3    7    7   13   -5   -8    1
    1   10   13    1    3    3    2    0      1812   -6   -7   16   -3    7  -12  -10   12   -8   15    0    6    6    4   13   -2   -8    0
    1   10   14    1    1    1    1    1       589   10    7   -7   -9    2    1   -4   -5   -6   10    5   -1   -1    5   -4    9   -6    5
    1   10   15    1    2    3    2    1       791   14   -5   11   13    1   14   -3   -1   -4   -8  -16   -2   11   -1   -2   -7    7    6
    1   11    1    1    1    2    1    1      1241   10    8   -7   -6    1    3   -4   -5   -1   18    6    9   -3    6   -5    7   -8    5
    1   11    2    1    1    1    1    1       505   10    7   -7   -9    2    1   -4   -5   -6   10    5   -1   -1    5   -4    9   -6    5
    1   11    3    1    2    4    2    1      1190   17   -3    7   13   -5    8   -8    2   -6   -7  -11   -4   12   -3    1   -5    7    3
    1   11    4    1    1    5    1    1       712   11    4   -1   -8    1    3   -3   -5   -8   11    1   17   -2    1   -4    8   -7    6
    1   11    5    1    2    5    2    1       541   15   -3   12   13    2   13   -8    2   -5   -8  -11   -4   11   -4   -2   -9    8    3
    1   11    6    1    3    5    3    1       985   -7   -6    6  -12    4   -9  -11   11   -8   14    0    1   -5    4   13   -5   -6   -1
    1   11    7    1    3    4    3    1      1203   -5   -8   17   -3   -2  -13  -11    9   -9   17    1    1   -3   14   12   -5   -9   -5
    1   11    8    1    2    2    2    1       437   16   -3   15   17    0   13   -8    2   -2    0  -12   -4   11   -1   -3   -7    6    3
    1   11    9    1    2    3    3    0      1013   14   -5   11   13    1   14   -3   -1   -4   -8  -16   -2   11   -1   -2   -7    7    6
    1   11   10    1    1    4    1    1       702    9    8  -10   -4    2    1   -6   -4  -12   18   11    6   -1    5   -3    7   -9    7
    1   11   11    1    1    3    1    1       867   10    6   -6   -7    0   -2   -2  -13  -10    8    3   -3   -1    7   -5    9   -6    7
    1   11   12    1    3    3    3    1      1282   -6   -7   16   -3    7  -12  -10   12   -8   15    0    6    6    4   13   -2   -8    0
    1   11   13    1    3    2    3    1      1408  -16  -12   15   -1    0   -9  -11   11   -9   15    2   -2    5    7   13   -6   -7    2
    1   11   14    1    3    1    3    1      1001  -13    2    6    1    4   -9  -11    9   -7   15    1    3    7    7   13   -5   -8    1
    1   11   15    1    2    1    2    1       914   16   -2   10   15    1   10   -9    2   -5  -11  -11   -2   12    1   -3   -9    5    5
    1   12    1    1    1    1    1    1       559   10    7   -7   -9    2    1   -4   -5   -6   10    5   -1   -1    5   -4    9   -6    5
    1   12    2    1    2    5    2    1       714   15   -3   12   13    2   13   -8    2   -5   -8  -11   -4   11   -4   -2   -9    8    3
    1   12    3    1    1    2    1    1       831   10    8   -7   -6    1    3   -4   -5   -1   18    6    9   -3    6   -5    7   -8    5
    1   12    4    1    1    4    1    1       479    9    8  -10   -4    2    1   -6   -4  -12   18   11    6   -1    5   -3    7   -9    7
    1   12    5    1    3    1    3    1      1453  -13    2    6    1    4   -9  -11    9   -7   15    1    3    7    7   13   -5   -8    1
    1   12    6    1    2    2    2    1       948   16   -3   15   17    0   13   -8    2   -2    0  -12   -4   11   -1   -3   -7    6    3
    1   12    7    1    1    5    1    1       640   11    4   -1   -8    1    3   -3   -5   -8   11    1   17   -2    1   -4    8   -7    6
    1   12    8    1    3    5    3    1       999   -7   -6    6  -12    4   -9  -11   11   -8   14    0    1   -5    4   13   -5   -6   -1
    1   12    9    1    3    3    2    0       705   -6   -7   16   -3    7  -12  -10   12   -8   15    0    6    6    4   13   -2   -8    0
    1   12   10    1    2    1    2    1      1094   16   -2   10   15    1   10   -9    2   -5  -11  -11   -2   12    1   -3   -9    5    5
    1   12   11    1    3    4    3    1       924   -5   -8   17   -3   -2  -13  -11    9   -9   17    1    1   -3   14   12   -5   -9   -5
    1   12   12    1    2    3    2    1       777   14   -5   11   13    1   14   -3   -1   -4   -8  -16   -2   11   -1   -2   -7    7    6
    1   12   13    1    1    3    2    0       955   10    6   -6   -7    0   -2   -2  -13  -10    8    3   -3   -1    7   -5    9   -6    7
    1   12   14    1    3    2    3    1       886  -16  -12   15   -1    0   -9  -11   11   -9   15    2   -2    5    7   13   -6   -7    2
    1   12   15    1    2    4    2    1       660   17   -3    7   13   -5    8   -8    2   -6   -7  -11   -4   12   -3    1   -5    7    3
    1   13    1    1    1    3    3    0      1740   10    6   -6   -7    0   -2   -2  -13  -10    8    3   -3   -1    7   -5    9   -6    7
    1   13    2    1    2    5    2    1       632   15   -3   12   13    2   13   -8    2   -5   -8  -11   -4   11   -4   -2   -9    8    3
    1   13    3    1    2    3    2    1       719   14   -5   11   13    1   14   -3   -1   -4   -8  -16   -2   11   -1   -2   -7    7    6
    1   13    4    1    1    1    1    1       436   10    7   -7   -9    2    1   -4   -5   -6   10    5   -1   -1    5   -4    9   -6    5
    1   13    5    1    3    4    3    1       580   -5   -8   17   -3   -2  -13  -11    9   -9   17    1    1   -3   14   12   -5   -9   -5
    1   13    6    1    2    1    2    1       494   16   -2   10   15    1   10   -9    2   -5  -11  -11   -2   12    1   -3   -9    5    5
    1   13    7    1    3    2    3    1       588  -16  -12   15   -1    0   -9  -11   11   -9   15    2   -2    5    7   13   -6   -7    2
    1   13    8    1    3    3    2    0       422   -6   -7   16   -3    7  -12  -10   12   -8   15    0    6    6    4   13   -2   -8    0
    1   13    9    1    1    2    1    1       615   10    8   -7   -6    1    3   -4   -5   -1   18    6    9   -3    6   -5    7   -8    5
    1   13   10    1    1    4    1    1       543    9    8  -10   -4    2    1   -6   -4  -12   18   11    6   -1    5   -3    7   -9    7
    1   13   11    1    3    1    3    1       587  -13    2    6    1    4   -9  -11    9   -7   15    1    3    7    7   13   -5   -8    1
    1   13   12    1    3    5    3    1       917   -7   -6    6  -12    4   -9  -11   11   -8   14    0    1   -5    4   13   -5   -6   -1
    1   13   13    1    1    5    1    1       866   11    4   -1   -8    1    3   -3   -5   -8   11    1   17   -2    1   -4    8   -7    6
    1   13   14    1    2    4    2    1       481   17   -3    7   13   -5    8   -8    2   -6   -7  -11   -4   12   -3    1   -5    7    3
    1   13   15    1    2    2    2    1       735   16   -3   15   17    0   13   -8    2   -2    0  -12   -4   11   -1   -3   -7    6    3
    1   14    1    1    1    1    1    1       530   10    7   -7   -9    2    1   -4   -5   -6   10    5   -1   -1    5   -4    9   -6    5
    1   14    2    1    3    2    3    1       798  -16  -12   15   -1    0   -9  -11   11   -9   15    2   -2    5    7   13   -6   -7    2
    1   14    3    1    3    3    3    1      1344   -6   -7   16   -3    7  -12  -10   12   -8   15    0    6    6    4   13   -2   -8    0
    1   14    4    1    2    1    2    1       860   16   -2   10   15    1   10   -9    2   -5  -11  -11   -2   12    1   -3   -9    5    5
    1   14    5    1    3    4    3    1       875   -5   -8   17   -3   -2  -13  -11    9   -9   17    1    1   -3   14   12   -5   -9   -5
    1   14    6    1    3    1    3    1       954  -13    2    6    1    4   -9  -11    9   -7   15    1    3    7    7   13   -5   -8    1
    1   14    7    1    2    2    2    1       933   16   -3   15   17    0   13   -8    2   -2    0  -12   -4   11   -1   -3   -7    6    3
    1   14    8    1    2    3    2    1       737   14   -5   11   13    1   14   -3   -1   -4   -8  -16   -2   11   -1   -2   -7    7    6
    1   14    9    1    2    5    2    1       533   15   -3   12   13    2   13   -8    2   -5   -8  -11   -4   11   -4   -2   -9    8    3
    1   14   10    1    2    4    2    1       545   17   -3    7   13   -5    8   -8    2   -6   -7  -11   -4   12   -3    1   -5    7    3
    1   14   11    1    3    5    3    1       925   -7   -6    6  -12    4   -9  -11   11   -8   14    0    1   -5    4   13   -5   -6   -1
    1   14   12    1    1    3    1    1       729   10    6   -6   -7    0   -2   -2  -13  -10    8    3   -3   -1    7   -5    9   -6    7
    1   14   13    1    1    4    1    1       526    9    8  -10   -4    2    1   -6   -4  -12   18   11    6   -1    5   -3    7   -9    7
    1   14   14    1    1    2    1    1       954   10    8   -7   -6    1    3   -4   -5   -1   18    6    9   -3    6   -5    7   -8    5
    1   14   15    1    1    5    1    1      1062   11    4   -1   -8    1    3   -3   -5   -8   11    1   17   -2    1   -4    8   -7    6
    1   15    1    1    1    3    1    1       765   10    6   -6   -7    0   -2   -2  -13  -10    8    3   -3   -1    7   -5    9   -6    7
    1   15    2    1    2    4    2    1       752   17   -3    7   13   -5    8   -8    2   -6   -7  -11   -4   12   -3    1   -5    7    3
    1   15    3    1    3    5    3    1       819   -7   -6    6  -12    4   -9  -11   11   -8   14    0    1   -5    4   13   -5   -6   -1
    1   15    4    1    2    3    2    1       820   14   -5   11   13    1   14   -3   -1   -4   -8  -16   -2   11   -1   -2   -7    7    6
    1   15    5    1    1    4    1    1       580    9    8  -10   -4    2    1   -6   -4  -12   18   11    6   -1    5   -3    7   -9    7
    1   15    6    1    2    5    2    1       462   15   -3   12   13    2   13   -8    2   -5   -8  -11   -4   11   -4   -2   -9    8    3
    1   15    7    1    1    2    1    1       654   10    8   -7   -6    1    3   -4   -5   -1   18    6    9   -3    6   -5    7   -8    5
    1   15    8    1    3    3    3    1      1045   -6   -7   16   -3    7  -12  -10   12   -8   15    0    6    6    4   13   -2   -8    0
    1   15    9    1    3    2    3    1      1053  -16  -12   15   -1    0   -9  -11   11   -9   15    2   -2    5    7   13   -6   -7    2
    1   15   10    1    1    1    1    1       548   10    7   -7   -9    2    1   -4   -5   -6   10    5   -1   -1    5   -4    9   -6    5
    1   15   11    1    2    2    2    1       431   16   -3   15   17    0   13   -8    2   -2    0  -12   -4   11   -1   -3   -7    6    3
    1   15   12    1    1    5    1    1       559   11    4   -1   -8    1    3   -3   -5   -8   11    1   17   -2    1   -4    8   -7    6
    1   15   13    1    3    1    3    1       971  -13    2    6    1    4   -9  -11    9   -7   15    1    3    7    7   13   -5   -8    1
    1   15   14    1    2    1    2    1      1237   16   -2   10   15    1   10   -9    2   -5  -11  -11   -2   12    1   -3   -9    5    5
    1   15   15    1    3    4    3    1       869   -5   -8   17   -3   -2  -13  -11    9   -9   17    1    1   -3   14   12   -5   -9   -5
    2    1    1    1    1    4    1    1      1330    9    8  -10   -4    2    1   -6   -4  -12   18   11    6   -1    5   -3    7   -9    7
    2    1    2    1    3    2    1    1      1246  -16  -12   15   -1    0   -9  -11   11   -9   15    2   -2    5    7   13   -6   -7    2
    2    1    3    4    1    5    2    1      1406    8    6   -5   -8    3    4   -4   -4  -12   15    4    9   -1    5   -6    5   -3   11
    2    1    4    4    2    5    2    1       935   16   -3   10   16    0   11   -7    2  -11  -10  -16   -5   11   -1   -7   -4    6    5
    2    1    5    1    1    3    1    1      1011   10    6   -6   -7    0   -2   -2  -13  -10    8    3   -3   -1    7   -5    9   -6    7
    2    1    6    4    3    2    1    0      1165   -7   -9   15   -1    4  -10  -11   11  -10   18    4    0    2    5   11   -4   -9    2
    2    1    7    1    3    5    1    1      1183   -7   -6    6  -12    4   -9  -11   11   -8   14    0    1   -5    4   13   -5   -6   -1
    2    1    8    1    2    1    1    1      1105   16   -2   10   15    1   10   -9    2   -5  -11  -11   -2   12    1   -3   -9    5    5
    2    1    9    1    1    1    1    1      2022   10    7   -7   -9    2    1   -4   -5   -6   10    5   -1   -1    5   -4    9   -6    5
    2    1   10    4    1    1    2    1       791    7    8    3  -16    0    3   -1   -4   -3    9   11    8   -1    6   -5    8   -8    6
    2    1   11    4    1    4    1    0      2121   12   11  -10  -11    0    1   -3   -5  -13    6   11    5   -1    6   -4   -3   -5    5
    2    1   12    6    0    0    1    0      1094   -7   14  -10   -4    5    6  -14  -15    2   10   15    4  -12    1    0   -9   11   12
    2    1   13    4    3    1    2    1      2588   -8   -6   17   -1    9  -11  -11   10   -7   16    1    3    4    4    5   -6   -4    1
    2    1   14    6    0    0    2    1      1878    2   17   -8   -8    5    6  -15   -5    7   13   17   -4  -12    3    1  -10    2   14
    2    1   15    4    1    3    1    0      1100    9    5   -7   -7    2    1   -6   -4   -6   10   10    8   -1    4   -4    8   -8    8
    2    1   16    4    2    1    1    0      1138   22    5   13   16    2   11  -10    1   -6  -11  -17   -1   11   -3   -5   -6    8    5
    2    1   17    4    1    2    1    0       789    9    2   -5   -9    1    5   -2  -13   -8    9   10    8    3   -3   -3    8   -3    0
    2    1   18    6    0    0    2    1      1207   -3   -4   19   -1   -1   10   12  -11   10   -1   12   -4   16   -3   -1   -5    8  -21
    2    1   19    4    2    2    2    1      1865   18   -9    6   15    0   13   -7    1   -6   -9   -9   -8   10    0   -1  -10    8    4
    2    1   20    1    2    3    1    1      1215   14   -5   11   13    1   14   -3   -1   -4   -8  -16   -2   11   -1   -2   -7    7    6
    2    1   21    6    0    0    2    1      1312   15   14    6    6   -2  -11  -18   -5  -13   11   10  -13   -7   14    3   -4   -5   -4
    2    1   22    1    1    2    1    1      1549   10    8   -7   -6    1    3   -4   -5   -1   18    6    9   -3    6   -5    7   -8    5
    2    1   23    1    3    1    1    1      1952  -13    2    6    1    4   -9  -11    9   -7   15    1    3    7    7   13   -5   -8    1
    2    1   24    4    3    5    1    0      1364   -7   -9   21    2    7   -9  -17    7   -8   18    1    1    5    7   12   -3   -6    2
    2    1   25    2    3    0    1    0      1406   -6   -8   16   -2    5  -10  -12   10   -8   16    1    2    5    6   12   -4   -7    0
    2    1   26    1    3    3    1    1       856   -6   -7   16   -3    7  -12  -10   12   -8   15    0    6    6    4   13   -2   -8    0
    2    1   27    4    3    4    2    1      2231   -7   -6   20    2    5  -11  -12   11   -9   17    1    0    3    4   12   -3   -8    0
    2    1   28    2    2    0    1    0      1135   16   -4   11   14    1   12   -8    1   -5   -9  -12   -3   11   -2   -3   -8    7    4
    2    1   29    4    3    3    1    0      1523  -12   -4   17   -3    3  -11  -13   10  -17   16    2    1   15   10   12   -5   -6    1
    2    1   30    1    2    4    1    1      1367   17   -3    7   13   -5    8   -8    2   -6   -7  -11   -4   12   -3    1   -5    7    3
    2    1   31    4    2    4    2    1       594    8    4   11   15   -1   12   -9    1   -5   -7  -15   -6   12   -9   -9  -11    5   14
    2    1   32    1    2    5    1    1       828   15   -3   12   13    2   13   -8    2   -5   -8  -11   -4   11   -4   -2   -9    8    3
    2    1   33    1    3    4    1    1      1436   -5   -8   17   -3   -2  -13  -11    9   -9   17    1    1   -3   14   12   -5   -9   -5
    2    1   34    6    0    0    2    1       660   17   16   19    3   -1  -11  -13   -8  -13   13    2   -2   -4   13    1   -6   -2    0
    2    1   35    2    1    0    2    1      1196    9    6   -6   -8    1    2   -4   -6   -7   10   11    7   -2    5   -4    7   -6    6
    2    1   36    4    2    3    2    1      2142   21    6    7   20    2   10   -7    3   -6  -11  -14    2   12   -3   -3   -7    7    1
    2    1   37    1    1    5    1    1      1354   11    4   -1   -8    1    3   -3   -5   -8   11    1   17   -2    1   -4    8   -7    6
    2    1   38    1    2    2    1    1      1637   16   -3   15   17    0   13   -8    2   -2    0  -12   -4   11   -1   -3   -7    6    3
    2    1   39    6    0    0    2    1      1813    0   -9   14   -2    1    7   14  -12   10   -1   12    4   18   -1    1   -6    0   -1
