    1    1    1    1    2    2    2    1     71772   -9   -1   10  -15  -10   11   11    1   -5  -15    7   10   -2  -10   13    6    0    0
    1    1    2    1    1    4    3    0      9167   15    3    2  -17    8  -12    0    5  -11    5   -6    6   -6   10   -1   -7   -7   12
    1    1    3    1    1    2    1    1      3778   14    2    3  -20    7  -11    2    7   -9   -5   -5    9   -5   12   -5   -4   -8   12
    1    1    4    1    1    1    3    0      3741   15    3    2  -17    8  -12   11    8  -13   -2   -4    5   -7   11    3  -19   -6   17
    1    1    5    1    2    3    2    1      2089  -14    3    8  -14  -10   14    8    2   -7  -15    4   12    1   -8   14    5   -1    0
    1    1    6    1    2    1    1    0      1943  -12    0   11  -14   -7   17   20    6   -7  -15    3   14    3  -11    5    8   -3    2
    1    1    7    1    2    5    3    0      1291   -9   -1    8  -12  -13   22    9    1   -6  -15    6   10    1   -8   14    7   -5   -7
    1    1    8    1    3    2    1    0       793   -7   11    6  -10    0  -15    1   16  -13  -10    1    9   14    2    4   -9    6   14
    1    1    9    1    1    3    2    0      1676   17    2    1  -16    7  -10    3    8  -11    1   -2    2    2   20   -3   -8   -8   12
    1    1   10    1    3    3    1    0      5594   -7   10    9   -8   -4  -12    2   13  -13  -13    1    9   12   13    5   -9    7   14
    1    1   11    1    2    4    2    1      2636  -11    5    6   -8   -8   14   10    2  -11  -21    4   14   -3  -16   14    4   -2    0
    1    1   12    1    3    1    3    1      1061   -6   12    6   -7   -4  -15   -3   24   -9  -15    2    9    5    5    7  -10    7   14
    1    1   13    1    3    5    3    1      2044   -7   12    8   -7   -1  -18    7   21  -12  -13   -4    2   16   -3    5  -10    8   15
    1    1   14    1    3    4    1    0       956   -7   11    3  -17   -2  -15    2   15  -14  -11    0   11   16    4    6  -14    8    5
    1    1   15    1    1    5    1    1      1016   16    1    1  -16    9  -14   -7   -1  -12   -3   -3    7   -5   11   -7  -10  -15   17
    1    2    1    1    2    4    2    1       848  -11    5    6   -8   -8   14   10    2  -11  -21    4   14   -3  -16   14    4   -2    0
    1    2    2    1    3    3    1    0      1295   -7   10    9   -8   -4  -12    2   13  -13  -13    1    9   12   13    5   -9    7   14
    1    2    3    1    2    3    1    0       686  -14    3    8  -14  -10   14    8    2   -7  -15    4   12    1   -8   14    5   -1    0
    1    2    4    1    1    2    1    1       932   14    2    3  -20    7  -11    2    7   -9   -5   -5    9   -5   12   -5   -4   -8   12
    1    2    5    1    2    2    2    1      1024   -9   -1   10  -15  -10   11   11    1   -5  -15    7   10   -2  -10   13    6    0    0
    1    2    6    1    1    4    3    0       936   15    3    2  -17    8  -12    0    5  -11    5   -6    6   -6   10   -1   -7   -7   12
    1    2    7    1    1    3    3    0      1829   17    2    1  -16    7  -10    3    8  -11    1   -2    2    2   20   -3   -8   -8   12
    1    2    8    1    3    1    2    0      1133   -6   12    6   -7   -4  -15   -3   24   -9  -15    2    9    5    5    7  -10    7   14
    1    2    9    1    3    2    3    1      2497   -7   11    6  -10    0  -15    1   16  -13  -10    1    9   14    2    4   -9    6   14
    1    2   10    1    3    4    3    1      1247   -7   11    3  -17   -2  -15    2   15  -14  -11    0   11   16    4    6  -14    8    5
    1    2   11    1    3    5    2    0      1183   -7   12    8   -7   -1  -18    7   21  -12  -13   -4    2   16   -3    5  -10    8   15
    1    2   12    1    2    5    2    1       658   -9   -1    8  -12  -13   22    9    1   -6  -15    6   10    1   -8   14    7   -5   -7
    1    2   13    1    1    1    3    0      1481   15    3    2  -17    8  -12   11    8  -13   -2   -4    5   -7   11    3  -19   -6   17
    1    2   14    1    2    1    2    1      1215  -12    0   11  -14   -7   17   20    6   -7  -15    3   14    3  -11    5    8   -3    2
    1    2   15    1    1    5    1    1      1280   16    1    1  -16    9  -14   -7   -1  -12   -3   -3    7   -5   11   -7  -10  -15   17
    1    3    1    1    2    5    3    0      1678   -9   -1    8  -12  -13   22    9    1   -6  -15    6   10    1   -8   14    7   -5   -7
    1    3    2    1    2    3    2    1       861  -14    3    8  -14  -10   14    8    2   -7  -15    4   12    1   -8   14    5   -1    0
    1    3    3    1    2    4    2    1       909  -11    5    6   -8   -8   14   10    2  -11  -21    4   14   -3  -16   14    4   -2    0
    1    3    4    1    2    1    2    1      1994  -12    0   11  -14   -7   17   20    6   -7  -15    3   14    3  -11    5    8   -3    2
    1    3    5    1    1    3    3    0      1420   17    2    1  -16    7  -10    3    8  -11    1   -2    2    2   20   -3   -8   -8   12
    1    3    6    1    3    3    1    0       661   -7   10    9   -8   -4  -12    2   13  -13  -13    1    9   12   13    5   -9    7   14
    1    3    7    1    3    4    1    0      2236   -7   11    3  -17   -2  -15    2   15  -14  -11    0   11   16    4    6  -14    8    5
    1    3    8    1    1    1    3    0      2372   15    3    2  -17    8  -12   11    8  -13   -2   -4    5   -7   11    3  -19   -6   17
    1    3    9    1    3    2    3    1      1511   -7   11    6  -10    0  -15    1   16  -13  -10    1    9   14    2    4   -9    6   14
    1    3   10    1    1    5    1    1      1069   16    1    1  -16    9  -14   -7   -1  -12   -3   -3    7   -5   11   -7  -10  -15   17
    1    3   11    1    2    2    2    1       483   -9   -1   10  -15  -10   11   11    1   -5  -15    7   10   -2  -10   13    6    0    0
    1    3   12    1    1    2    3    0      1601   14    2    3  -20    7  -11    2    7   -9   -5   -5    9   -5   12   -5   -4   -8   12
    1    3   13    1    1    4    3    0      1171   15    3    2  -17    8  -12    0    5  -11    5   -6    6   -6   10   -1   -7   -7   12
    1    3   14    1    3    5    2    0      1253   -7   12    8   -7   -1  -18    7   21  -12  -13   -4    2   16   -3    5  -10    8   15
    1    3   15    1    3    1    3    1      1557   -6   12    6   -7   -4  -15   -3   24   -9  -15    2    9    5    5    7  -10    7   14
    1    4    1    1    1    2    3    0      1256   14    2    3  -20    7  -11    2    7   -9   -5   -5    9   -5   12   -5   -4   -8   12
    1    4    2    1    3    2    1    0      3064   -7   11    6  -10    0  -15    1   16  -13  -10    1    9   14    2    4   -9    6   14
    1    4    3    1    1    5    1    1      1503   16    1    1  -16    9  -14   -7   -1  -12   -3   -3    7   -5   11   -7  -10  -15   17
    1    4    4    1    2    4    2    1       725  -11    5    6   -8   -8   14   10    2  -11  -21    4   14   -3  -16   14    4   -2    0
    1    4    5    1    3    3    3    1      1369   -7   10    9   -8   -4  -12    2   13  -13  -13    1    9   12   13    5   -9    7   14
    1    4    6    1    3    1    3    1      1892   -6   12    6   -7   -4  -15   -3   24   -9  -15    2    9    5    5    7  -10    7   14
    1    4    7    1    2    5    3    0      1050   -9   -1    8  -12  -13   22    9    1   -6  -15    6   10    1   -8   14    7   -5   -7
    1    4    8    1    1    3    1    1      1761   17    2    1  -16    7  -10    3    8  -11    1   -2    2    2   20   -3   -8   -8   12
    1    4    9    1    3    5    2    0      1485   -7   12    8   -7   -1  -18    7   21  -12  -13   -4    2   16   -3    5  -10    8   15
    1    4   10    1    3    4    3    1      1491   -7   11    3  -17   -2  -15    2   15  -14  -11    0   11   16    4    6  -14    8    5
    1    4   11    1    2    2    2    1       665   -9   -1   10  -15  -10   11   11    1   -5  -15    7   10   -2  -10   13    6    0    0
    1    4   12    1    2    3    2    1       608  -14    3    8  -14  -10   14    8    2   -7  -15    4   12    1   -8   14    5   -1    0
    1    4   13    1    1    1    1    1      1945   15    3    2  -17    8  -12   11    8  -13   -2   -4    5   -7   11    3  -19   -6   17
    1    4   14    1    2    1    2    1       653  -12    0   11  -14   -7   17   20    6   -7  -15    3   14    3  -11    5    8   -3    2
    1    4   15    1    1    4    1    1      1045   15    3    2  -17    8  -12    0    5  -11    5   -6    6   -6   10   -1   -7   -7   12
    1    5    1    1    2    1    2    1       461  -12    0   11  -14   -7   17   20    6   -7  -15    3   14    3  -11    5    8   -3    2
    1    5    2    1    1    3    1    1       636   17    2    1  -16    7  -10    3    8  -11    1   -2    2    2   20   -3   -8   -8   12
    1    5    3    1    3    3    3    1       724   -7   10    9   -8   -4  -12    2   13  -13  -13    1    9   12   13    5   -9    7   14
    1    5    4    1    1    2    1    1       889   14    2    3  -20    7  -11    2    7   -9   -5   -5    9   -5   12   -5   -4   -8   12
    1    5    5    1    1    4    1    1      1271   15    3    2  -17    8  -12    0    5  -11    5   -6    6   -6   10   -1   -7   -7   12
    1    5    6    1    2    4    2    1       694  -11    5    6   -8   -8   14   10    2  -11  -21    4   14   -3  -16   14    4   -2    0
    1    5    7    1    1    1    3    0      1612   15    3    2  -17    8  -12   11    8  -13   -2   -4    5   -7   11    3  -19   -6   17
    1    5    8    1    3    4    2    0      3597   -7   11    3  -17   -2  -15    2   15  -14  -11    0   11   16    4    6  -14    8    5
    1    5    9    1    2    2    2    1       704   -9   -1   10  -15  -10   11   11    1   -5  -15    7   10   -2  -10   13    6    0    0
    1    5   10    1    1    5    1    1       980   16    1    1  -16    9  -14   -7   -1  -12   -3   -3    7   -5   11   -7  -10  -15   17
    1    5   11    1    2    3    2    1       607  -14    3    8  -14  -10   14    8    2   -7  -15    4   12    1   -8   14    5   -1    0
    1    5   12    1    2    5    2    1      2697   -9   -1    8  -12  -13   22    9    1   -6  -15    6   10    1   -8   14    7   -5   -7
    1    5   13    1    3    2    3    1      1167   -7   11    6  -10    0  -15    1   16  -13  -10    1    9   14    2    4   -9    6   14
    1    5   14    1    3    1    3    1      1585   -6   12    6   -7   -4  -15   -3   24   -9  -15    2    9    5    5    7  -10    7   14
    1    5   15    1    3    5    3    1       820   -7   12    8   -7   -1  -18    7   21  -12  -13   -4    2   16   -3    5  -10    8   15
    1    6    1    1    1    4    1    1      1956   15    3    2  -17    8  -12    0    5  -11    5   -6    6   -6   10   -1   -7   -7   12
    1    6    2    1    1    2    1    1       472   14    2    3  -20    7  -11    2    7   -9   -5   -5    9   -5   12   -5   -4   -8   12
    1    6    3    1    2    4    2    1       679  -11    5    6   -8   -8   14   10    2  -11  -21    4   14   -3  -16   14    4   -2    0
    1    6    4    1    1    5    3    0      1261   16    1    1  -16    9  -14   -7   -1  -12   -3   -3    7   -5   11   -7  -10  -15   17
    1    6    5    1    1    1    3    0      1437   15    3    2  -17    8  -12   11    8  -13   -2   -4    5   -7   11    3  -19   -6   17
    1    6    6    1    3    4    3    1      1237   -7   11    3  -17   -2  -15    2   15  -14  -11    0   11   16    4    6  -14    8    5
    1    6    7    1    3    5    3    1      1749   -7   12    8   -7   -1  -18    7   21  -12  -13   -4    2   16   -3    5  -10    8   15
    1    6    8    1    3    2    3    1      1840   -7   11    6  -10    0  -15    1   16  -13  -10    1    9   14    2    4   -9    6   14
    1    6    9    1    2    1    2    1       792  -12    0   11  -14   -7   17   20    6   -7  -15    3   14    3  -11    5    8   -3    2
    1    6   10    1    2    3    2    1       730  -14    3    8  -14  -10   14    8    2   -7  -15    4   12    1   -8   14    5   -1    0
    1    6   11    1    2    2    2    1       703   -9   -1   10  -15  -10   11   11    1   -5  -15    7   10   -2  -10   13    6    0    0
    1    6   12    1    3    3    3    1      2628   -7   10    9   -8   -4  -12    2   13  -13  -13    1    9   12   13    5   -9    7   14
    1    6   13    1    1    3    1    1      1309   17    2    1  -16    7  -10    3    8  -11    1   -2    2    2   20   -3   -8   -8   12
    1    6   14    1    3    1    3    1      1867   -6   12    6   -7   -4  -15   -3   24   -9  -15    2    9    5    5    7  -10    7   14
    1    6   15    1    2    5    2    1      1042   -9   -1    8  -12  -13   22    9    1   -6  -15    6   10    1   -8   14    7   -5   -7
    1    7    1    1    1    2    1    1       762   14    2    3  -20    7  -11    2    7   -9   -5   -5    9   -5   12   -5   -4   -8   12
    1    7    2    1    2    2    2    1       589   -9   -1   10  -15  -10   11   11    1   -5  -15    7   10   -2  -10   13    6    0    0
    1    7    3    1    2    3    2    1       615  -14    3    8  -14  -10   14    8    2   -7  -15    4   12    1   -8   14    5   -1    0
    1    7    4    1    1    3    3    0      1232   17    2    1  -16    7  -10    3    8  -11    1   -2    2    2   20   -3   -8   -8   12
    1    7    5    1    3    1    3    1       848   -6   12    6   -7   -4  -15   -3   24   -9  -15    2    9    5    5    7  -10    7   14
    1    7    6    1    2    5    2    1       751   -9   -1    8  -12  -13   22    9    1   -6  -15    6   10    1   -8   14    7   -5   -7
    1    7    7    1    2    4    2    1       546  -11    5    6   -8   -8   14   10    2  -11  -21    4   14   -3  -16   14    4   -2    0
    1    7    8    1    3    4    3    1      1311   -7   11    3  -17   -2  -15    2   15  -14  -11    0   11   16    4    6  -14    8    5
    1    7    9    1    3    3    3    1       860   -7   10    9   -8   -4  -12    2   13  -13  -13    1    9   12   13    5   -9    7   14
    1    7   10    1    2    1    2    1       683  -12    0   11  -14   -7   17   20    6   -7  -15    3   14    3  -11    5    8   -3    2
    1    7   11    1    1    5    1    1       914   16    1    1  -16    9  -14   -7   -1  -12   -3   -3    7   -5   11   -7  -10  -15   17
    1    7   12    1    3    2    3    1      1615   -7   11    6  -10    0  -15    1   16  -13  -10    1    9   14    2    4   -9    6   14
    1    7   13    1    1    1    3    0      1615   15    3    2  -17    8  -12   11    8  -13   -2   -4    5   -7   11    3  -19   -6   17
    1    7   14    1    3    5    3    1       704   -7   12    8   -7   -1  -18    7   21  -12  -13   -4    2   16   -3    5  -10    8   15
    1    7   15    1    1    4    1    1      1350   15    3    2  -17    8  -12    0    5  -11    5   -6    6   -6   10   -1   -7   -7   12
    1    8    1    1    3    2    3    1      2001   -7   11    6  -10    0  -15    1   16  -13  -10    1    9   14    2    4   -9    6   14
    1    8    2    1    2    3    2    1       611  -14    3    8  -14  -10   14    8    2   -7  -15    4   12    1   -8   14    5   -1    0
    1    8    3    1    2    1    2    1       764  -12    0   11  -14   -7   17   20    6   -7  -15    3   14    3  -11    5    8   -3    2
    1    8    4    1    2    2    2    1       799   -9   -1   10  -15  -10   11   11    1   -5  -15    7   10   -2  -10   13    6    0    0
    1    8    5    1    3    5    3    1       961   -7   12    8   -7   -1  -18    7   21  -12  -13   -4    2   16   -3    5  -10    8   15
    1    8    6    1    3    3    3    1      1980   -7   10    9   -8   -4  -12    2   13  -13  -13    1    9   12   13    5   -9    7   14
    1    8    7    1    1    4    1    1       607   15    3    2  -17    8  -12    0    5  -11    5   -6    6   -6   10   -1   -7   -7   12
    1    8    8    1    1    2    1    1       616   14    2    3  -20    7  -11    2    7   -9   -5   -5    9   -5   12   -5   -4   -8   12
    1    8    9    1    2    4    2    1       801  -11    5    6   -8   -8   14   10    2  -11  -21    4   14   -3  -16   14    4   -2    0
    1    8   10    1    1    5    1    1       771   16    1    1  -16    9  -14   -7   -1  -12   -3   -3    7   -5   11   -7  -10  -15   17
    1    8   11    1    1    3    3    0      1333   17    2    1  -16    7  -10    3    8  -11    1   -2    2    2   20   -3   -8   -8   12
    1    8   12    1    3    4    3    1       625   -7   11    3  -17   -2  -15    2   15  -14  -11    0   11   16    4    6  -14    8    5
    1    8   13    1    2    5    2    1       618   -9   -1    8  -12  -13   22    9    1   -6  -15    6   10    1   -8   14    7   -5   -7
    1    8   14    1    3    1    3    1       930   -6   12    6   -7   -4  -15   -3   24   -9  -15    2    9    5    5    7  -10    7   14
    1    8   15    1    1    1    1    1      2479   15    3    2  -17    8  -12   11    8  -13   -2   -4    5   -7   11    3  -19   -6   17
    1    9    1    1    2    2    2    1       718   -9   -1   10  -15  -10   11   11    1   -5  -15    7   10   -2  -10   13    6    0    0
    1    9    2    1    3    5    3    1      1347   -7   12    8   -7   -1  -18    7   21  -12  -13   -4    2   16   -3    5  -10    8   15
    1    9    3    1    2    3    2    1       719  -14    3    8  -14  -10   14    8    2   -7  -15    4   12    1   -8   14    5   -1    0
    1    9    4    1    3    3    3    1      1012   -7   10    9   -8   -4  -12    2   13  -13  -13    1    9   12   13    5   -9    7   14
    1    9    5    1    1    5    1    1       989   16    1    1  -16    9  -14   -7   -1  -12   -3   -3    7   -5   11   -7  -10  -15   17
    1    9    6    1    1    1    1    1      1495   15    3    2  -17    8  -12   11    8  -13   -2   -4    5   -7   11    3  -19   -6   17
    1    9    7    1    2    5    2    1       733   -9   -1    8  -12  -13   22    9    1   -6  -15    6   10    1   -8   14    7   -5   -7
    1    9    8    1    3    4    3    1      2689   -7   11    3  -17   -2  -15    2   15  -14  -11    0   11   16    4    6  -14    8    5
    1    9    9    1    1    4    1    1      1191   15    3    2  -17    8  -12    0    5  -11    5   -6    6   -6   10   -1   -7   -7   12
    1    9   10    1    3    1    3    1      1226   -6   12    6   -7   -4  -15   -3   24   -9  -15    2    9    5    5    7  -10    7   14
    1    9   11    1    2    4    2    1       474  -11    5    6   -8   -8   14   10    2  -11  -21    4   14   -3  -16   14    4   -2    0
    1    9   12    1    1    3    1    1      2489   17    2    1  -16    7  -10    3    8  -11    1   -2    2    2   20   -3   -8   -8   12
    1    9   13    1    3    2    3    1      1399   -7   11    6  -10    0  -15    1   16  -13  -10    1    9   14    2    4   -9    6   14
    1    9   14    1    2    1    2    1       561  -12    0   11  -14   -7   17   20    6   -7  -15    3   14    3  -11    5    8   -3    2
    1    9   15    1    1    2    1    1       700   14    2    3  -20    7  -11    2    7   -9   -5   -5    9   -5   12   -5   -4   -8   12
    1   10    1    1    3    3    3    1      1953   -7   10    9   -8   -4  -12    2   13  -13  -13    1    9   12   13    5   -9    7   14
    1   10    2    1    2    2    2    1       469   -9   -1   10  -15  -10   11   11    1   -5  -15    7   10   -2  -10   13    6    0    0
    1   10    3    1    3    4    3    1      1891   -7   11    3  -17   -2  -15    2   15  -14  -11    0   11   16    4    6  -14    8    5
    1   10    4    1    2    5    2    1       442   -9   -1    8  -12  -13   22    9    1   -6  -15    6   10    1   -8   14    7   -5   -7
    1   10    5    1    2    1    2    1       906  -12    0   11  -14   -7   17   20    6   -7  -15    3   14    3  -11    5    8   -3    2
    1   10    6    1    1    3    1    1      1095   17    2    1  -16    7  -10    3    8  -11    1   -2    2    2   20   -3   -8   -8   12
    1   10    7    1    3    1    3    1       829   -6   12    6   -7   -4  -15   -3   24   -9  -15    2    9    5    5    7  -10    7   14
    1   10    8    1    3    5    3    1       926   -7   12    8   -7   -1  -18    7   21  -12  -13   -4    2   16   -3    5  -10    8   15
    1   10    9    1    1    4    1    1      1418   15    3    2  -17    8  -12    0    5  -11    5   -6    6   -6   10   -1   -7   -7   12
    1   10   10    1    1    5    1    1       915   16    1    1  -16    9  -14   -7   -1  -12   -3   -3    7   -5   11   -7  -10  -15   17
    1   10   11    1    2    4    2    1       864  -11    5    6   -8   -8   14   10    2  -11  -21    4   14   -3  -16   14    4   -2    0
    1   10   12    1    1    2    1    1       735   14    2    3  -20    7  -11    2    7   -9   -5   -5    9   -5   12   -5   -4   -8   12
    1   10   13    1    3    2    3    1      1507   -7   11    6  -10    0  -15    1   16  -13  -10    1    9   14    2    4   -9    6   14
    1   10   14    1    1    1    1    1      1705   15    3    2  -17    8  -12   11    8  -13   -2   -4    5   -7   11    3  -19   -6   17
    1   10   15    1    2    3    2    1       646  -14    3    8  -14  -10   14    8    2   -7  -15    4   12    1   -8   14    5   -1    0
    1   11    1    1    2    3    2    1       606  -14    3    8  -14  -10   14    8    2   -7  -15    4   12    1   -8   14    5   -1    0
    1   11    2    1    1    5    1    1       984   16    1    1  -16    9  -14   -7   -1  -12   -3   -3    7   -5   11   -7  -10  -15   17
    1   11    3    1    2    4    3    0      2482  -11    5    6   -8   -8   14   10    2  -11  -21    4   14   -3  -16   14    4   -2    0
    1   11    4    1    1    3    1    1      1136   17    2    1  -16    7  -10    3    8  -11    1   -2    2    2   20   -3   -8   -8   12
    1   11    5    1    2    5    2    1       836   -9   -1    8  -12  -13   22    9    1   -6  -15    6   10    1   -8   14    7   -5   -7
    1   11    6    1    3    3    3    1      1124   -7   10    9   -8   -4  -12    2   13  -13  -13    1    9   12   13    5   -9    7   14
    1   11    7    1    3    1    3    1       889   -6   12    6   -7   -4  -15   -3   24   -9  -15    2    9    5    5    7  -10    7   14
    1   11    8    1    2    1    2    1       855  -12    0   11  -14   -7   17   20    6   -7  -15    3   14    3  -11    5    8   -3    2
    1   11    9    1    2    2    3    0      2246   -9   -1   10  -15  -10   11   11    1   -5  -15    7   10   -2  -10   13    6    0    0
    1   11   10    1    3    2    3    1      1198   -7   11    6  -10    0  -15    1   16  -13  -10    1    9   14    2    4   -9    6   14
    1   11   11    1    3    5    2    0      1232   -7   12    8   -7   -1  -18    7   21  -12  -13   -4    2   16   -3    5  -10    8   15
    1   11   12    1    1    2    1    1       672   14    2    3  -20    7  -11    2    7   -9   -5   -5    9   -5   12   -5   -4   -8   12
    1   11   13    1    3    4    3    1      1254   -7   11    3  -17   -2  -15    2   15  -14  -11    0   11   16    4    6  -14    8    5
    1   11   14    1    1    1    1    1      1638   15    3    2  -17    8  -12   11    8  -13   -2   -4    5   -7   11    3  -19   -6   17
    1   11   15    1    1    4    1    1       966   15    3    2  -17    8  -12    0    5  -11    5   -6    6   -6   10   -1   -7   -7   12
    1   12    1    1    3    4    3    1      1904   -7   11    3  -17   -2  -15    2   15  -14  -11    0   11   16    4    6  -14    8    5
    1   12    2    1    1    5    1    1       662   16    1    1  -16    9  -14   -7   -1  -12   -3   -3    7   -5   11   -7  -10  -15   17
    1   12    3    1    1    4    1    1      2078   15    3    2  -17    8  -12    0    5  -11    5   -6    6   -6   10   -1   -7   -7   12
    1   12    4    1    3    3    3    1      1340   -7   10    9   -8   -4  -12    2   13  -13  -13    1    9   12   13    5   -9    7   14
    1   12    5    1    2    5    2    1       504   -9   -1    8  -12  -13   22    9    1   -6  -15    6   10    1   -8   14    7   -5   -7
    1   12    6    1    1    3    1    1      1318   17    2    1  -16    7  -10    3    8  -11    1   -2    2    2   20   -3   -8   -8   12
    1   12    7    1    3    1    3    1      1138   -6   12    6   -7   -4  -15   -3   24   -9  -15    2    9    5    5    7  -10    7   14
    1   12    8    1    2    4    2    1       966  -11    5    6   -8   -8   14   10    2  -11  -21    4   14   -3  -16   14    4   -2    0
    1   12    9    1    3    2    3    1      1697   -7   11    6  -10    0  -15    1   16  -13  -10    1    9   14    2    4   -9    6   14
    1   12   10    1    1    2    1    1       767   14    2    3  -20    7  -11    2    7   -9   -5   -5    9   -5   12   -5   -4   -8   12
    1   12   11    1    1    1    3    0      1794   15    3    2  -17    8  -12   11    8  -13   -2   -4    5   -7   11    3  -19   -6   17
    1   12   12    1    2    1    2    1       780  -12    0   11  -14   -7   17   20    6   -7  -15    3   14    3  -11    5    8   -3    2
    1   12   13    1    3    5    3    1      1071   -7   12    8   -7   -1  -18    7   21  -12  -13   -4    2   16   -3    5  -10    8   15
    1   12   14    1    2    2    2    1       709   -9   -1   10  -15  -10   11   11    1   -5  -15    7   10   -2  -10   13    6    0    0
    1   12   15    1    2    3    2    1       875  -14    3    8  -14  -10   14    8    2   -7  -15    4   12    1   -8   14    5   -1    0
    1   13    1    1    2    3    2    1       665  -14    3    8  -14  -10   14    8    2   -7  -15    4   12    1   -8   14    5   -1    0
    1   13    2    1    1    3    1    1      1136   17    2    1  -16    7  -10    3    8  -11    1   -2    2    2   20   -3   -8   -8   12
    1   13    3    1    3    2    3    1      1637   -7   11    6  -10    0  -15    1   16  -13  -10    1    9   14    2    4   -9    6   14
    1   13    4    1    1    4    1    1       725   15    3    2  -17    8  -12    0    5  -11    5   -6    6   -6   10   -1   -7   -7   12
    1   13    5    1    2    1    2    1       537  -12    0   11  -14   -7   17   20    6   -7  -15    3   14    3  -11    5    8   -3    2
    1   13    6    1    1    2    1    1      2133   14    2    3  -20    7  -11    2    7   -9   -5   -5    9   -5   12   -5   -4   -8   12
    1   13    7    1    3    4    3    1      1569   -7   11    3  -17   -2  -15    2   15  -14  -11    0   11   16    4    6  -14    8    5
    1   13    8    1    2    4    3    0      4180  -11    5    6   -8   -8   14   10    2  -11  -21    4   14   -3  -16   14    4   -2    0
    1   13    9    1    2    2    3    0      1087   -9   -1   10  -15  -10   11   11    1   -5  -15    7   10   -2  -10   13    6    0    0
    1   13   10    1    3    1    3    1      1605   -6   12    6   -7   -4  -15   -3   24   -9  -15    2    9    5    5    7  -10    7   14
    1   13   11    1    2    5    2    1       455   -9   -1    8  -12  -13   22    9    1   -6  -15    6   10    1   -8   14    7   -5   -7
    1   13   12    1    3    5    3    1      1126   -7   12    8   -7   -1  -18    7   21  -12  -13   -4    2   16   -3    5  -10    8   15
    1   13   13    1    1    5    1    1       491   16    1    1  -16    9  -14   -7   -1  -12   -3   -3    7   -5   11   -7  -10  -15   17
    1   13   14    1    1    1    1    1      1209   15    3    2  -17    8  -12   11    8  -13   -2   -4    5   -7   11    3  -19   -6   17
    1   13   15    1    3    3    3    1      2122   -7   10    9   -8   -4  -12    2   13  -13  -13    1    9   12   13    5   -9    7   14
    1   14    1    1    3    5    3    1      1686   -7   12    8   -7   -1  -18    7   21  -12  -13   -4    2   16   -3    5  -10    8   15
    1   14    2    1    3    4    3    1      2245   -7   11    3  -17   -2  -15    2   15  -14  -11    0   11   16    4    6  -14    8    5
    1   14    3    1    2    4    2    1       429  -11    5    6   -8   -8   14   10    2  -11  -21    4   14   -3  -16   14    4   -2    0
    1   14    4    1    2    5    2    1       750   -9   -1    8  -12  -13   22    9    1   -6  -15    6   10    1   -8   14    7   -5   -7
    1   14    5    1    2    2    2    1      2193   -9   -1   10  -15  -10   11   11    1   -5  -15    7   10   -2  -10   13    6    0    0
    1   14    6    1    1    3    1    1      1147   17    2    1  -16    7  -10    3    8  -11    1   -2    2    2   20   -3   -8   -8   12
    1   14    7    1    1    2    1    1       591   14    2    3  -20    7  -11    2    7   -9   -5   -5    9   -5   12   -5   -4   -8   12
    1   14    8    1    2    1    2    1       713  -12    0   11  -14   -7   17   20    6   -7  -15    3   14    3  -11    5    8   -3    2
    1   14    9    1    3    3    3    1      2255   -7   10    9   -8   -4  -12    2   13  -13  -13    1    9   12   13    5   -9    7   14
    1   14   10    1    1    5    1    1       742   16    1    1  -16    9  -14   -7   -1  -12   -3   -3    7   -5   11   -7  -10  -15   17
    1   14   11    1    1    4    1    1      2010   15    3    2  -17    8  -12    0    5  -11    5   -6    6   -6   10   -1   -7   -7   12
    1   14   12    1    2    3    2    1       667  -14    3    8  -14  -10   14    8    2   -7  -15    4   12    1   -8   14    5   -1    0
    1   14   13    1    1    1    3    0      1330   15    3    2  -17    8  -12   11    8  -13   -2   -4    5   -7   11    3  -19   -6   17
    1   14   14    1    3    1    3    1      1343   -6   12    6   -7   -4  -15   -3   24   -9  -15    2    9    5    5    7  -10    7   14
    1   14   15    1    3    2    3    1      1131   -7   11    6  -10    0  -15    1   16  -13  -10    1    9   14    2    4   -9    6   14
    1   15    1    1    2    3    2    1       463  -14    3    8  -14  -10   14    8    2   -7  -15    4   12    1   -8   14    5   -1    0
    1   15    2    1    1    1    1    1       719   15    3    2  -17    8  -12   11    8  -13   -2   -4    5   -7   11    3  -19   -6   17
    1   15    3    1    1    3    1    1      1091   17    2    1  -16    7  -10    3    8  -11    1   -2    2    2   20   -3   -8   -8   12
    1   15    4    1    2    4    2    1       841  -11    5    6   -8   -8   14   10    2  -11  -21    4   14   -3  -16   14    4   -2    0
    1   15    5    1    2    2    2    1       537   -9   -1   10  -15  -10   11   11    1   -5  -15    7   10   -2  -10   13    6    0    0
    1   15    6    1    2    5    2    1       566   -9   -1    8  -12  -13   22    9    1   -6  -15    6   10    1   -8   14    7   -5   -7
    1   15    7    1    3    4    3    1       624   -7   11    3  -17   -2  -15    2   15  -14  -11    0   11   16    4    6  -14    8    5
    1   15    8    1    3    5    3    1       777   -7   12    8   -7   -1  -18    7   21  -12  -13   -4    2   16   -3    5  -10    8   15
    1   15    9    1    3    2    3    1       572   -7   11    6  -10    0  -15    1   16  -13  -10    1    9   14    2    4   -9    6   14
    1   15   10    1    2    1    2    1       678  -12    0   11  -14   -7   17   20    6   -7  -15    3   14    3  -11    5    8   -3    2
    1   15   11    1    1    2    1    1       557   14    2    3  -20    7  -11    2    7   -9   -5   -5    9   -5   12   -5   -4   -8   12
    1   15   12    1    1    4    1    1       824   15    3    2  -17    8  -12    0    5  -11    5   -6    6   -6   10   -1   -7   -7   12
    1   15   13    1    3    3    3    1      1625   -7   10    9   -8   -4  -12    2   13  -13  -13    1    9   12   13    5   -9    7   14
    1   15   14    1    3    1    3    1      1018   -6   12    6   -7   -4  -15   -3   24   -9  -15    2    9    5    5    7  -10    7   14
    1   15   15    1    1    5    1    1       611   16    1    1  -16    9  -14   -7   -1  -12   -3   -3    7   -5   11   -7  -10  -15   17
    2    1    1    2    1    0    1    0      2242   16    2    0  -15    6  -11    1    6  -11   -1   -4    7   -6   12   -2   -9   -8   13
    2    1    2    6    0    0    2    1      1114  -11   -6  -10  -14   -9    0   17   11  -10   16   13   -1   -1    6  -12   -1   11    6
    2    1    3    4    3    2    1    0      4138   -7   12    8    0   -1  -14    1   13  -14  -13   -1   10   13    3    8  -12    7   11
    2    1    4    1    1    4    1    1      1207   15    3    2  -17    8  -12    0    5  -11    5   -6    6   -6   10   -1   -7   -7   12
    2    1    5    6    0    0    2    1      1400    0    4    7   -9   -3   15   18   17   -6   -1   -6   13   -1    1    9    1   14    6
    2    1    6    4    1    3    1    0      1634   24   11    4  -11    6  -12    2    7  -10   -3   -5    7   -4   14   -3   -8   -6   11
    2    1    7    1    3    2    1    1       994   -7   11    6  -10    0  -15    1   16  -13  -10    1    9   14    2    4   -9    6   14
    2    1    8    1    2    2    1    1      1051   -9   -1   10  -15  -10   11   11    1   -5  -15    7   10   -2  -10   13    6    0    0
    2    1    9    4    2    1    2    1      1587  -13    3    8  -12  -17    9    3    4   -7  -16    6   13    8  -17   13    6    0   -5
    2    1   10    4    2    5    2    1       917  -10   -2   17   -3  -10   12   10    2   -6  -12    6   12    1  -10   15    7   -3    2
    2    1   11    4    1    1    1    0      1234   16    1    1  -16    4  -13    2   11  -12   -1   -4    6   -5   10   -1   -9    0   20
    2    1   12    4    3    1    1    0       866   -5    9    7  -10   -2  -13    0   13  -13  -14    4   13   13    5    3   -7    9   12
    2    1   13    1    3    4    1    1       801   -7   11    3  -17   -2  -15    2   15  -14  -11    0   11   16    4    6  -14    8    5
    2    1   14    4    1    4    2    1      2434   15   -3    2  -10    6  -10    1    8   -9    0   -2    7   -5   12    2  -13   -8   12
    2    1   15    1    1    2    1    1      2258   14    2    3  -20    7  -11    2    7   -9   -5   -5    9   -5   12   -5   -4   -8   12
    2    1   16    1    3    5    1    1      1097   -7   12    8   -7   -1  -18    7   21  -12  -13   -4    2   16   -3    5  -10    8   15
    2    1   17    6    0    0    2    1       815   -1    5    2  -10    7   15   13   13  -13  -11   -9   16    1   -2   10    5   15   -1
    2    1   18    6    0    0    2    1       800   -8   -8   -6  -10   -1   -6    2    2   -9   16    9    2    0    7  -13   -2    6    8
    2    1   19    2    2    0    1    0      1153  -10    0    9  -13   -9   13   10    3   -7  -14    5   12    0   -8   13    7   -1    1
    2    1   20    1    3    3    1    1      1748   -7   10    9   -8   -4  -12    2   13  -13  -13    1    9   12   13    5   -9    7   14
    2    1   21    1    2    5    1    1      1232   -9   -1    8  -12  -13   22    9    1   -6  -15    6   10    1   -8   14    7   -5   -7
    2    1   22    2    3    0    1    0      3552   -6   11    7   -8   -2  -14    1   14  -14  -12    0   10   14    4    6  -10    8   13
    2    1   23    1    2    3    2    0      3571  -14    3    8  -14  -10   14    8    2   -7  -15    4   12    1   -8   14    5   -1    0
    2    1   24    1    1    3    2    0      4118   17    2    1  -16    7  -10    3    8  -11    1   -2    2    2   20   -3   -8   -8   12
    2    1   25    1    2    4    2    0      5523  -11    5    6   -8   -8   14   10    2  -11  -21    4   14   -3  -16   14    4   -2    0
    2    1   26    6    0    0    2    1      1736   -4   15    8    7   11  -14    9   12   -4   -8   -9   18    7    5   -8   12   -8  -10
    2    1   27    4    1    2    2    1      4036   15    2    2  -19    5  -11    4    2  -12   -6   -8   15   -4   11   -1  -11   -4   14
    2    1   28    4    3    3    2    1      4308   -4   10   12   -9    0  -14    0    9  -12  -12    5   11   15    3    5  -10    9   13
    2    1   29    1    3    1    1    1       825   -6   12    6   -7   -4  -15   -3   24   -9  -15    2    9    5    5    7  -10    7   14
    2    1   30    1    2    1    1    1      1770  -12    0   11  -14   -7   17   20    6   -7  -15    3   14    3  -11    5    8   -3    2
    2    1   31    4    3    4    1    0      3077   -5    9    8   -7    0  -13    3   14  -13  -13   -3    6   13    6   -1  -17    7   12
    2    1   32    4    2    2    2    1      2380  -19   -4    9  -14   -7   13   11    2   -8  -16    6   12   -1   -8   14    5    1    0
    2    1   33    6    0    0    2    1      1534   -4   12   -5    6   14  -13   16   11   -6   -5  -10   17    8    0   -8   11   -9  -10
    2    1   34    1    1    1    1    1      2098   15    3    2  -17    8  -12   11    8  -13   -2   -4    5   -7   11    3  -19   -6   17
    2    1   35    4    3    5    1    0      2047   -7    9    7   -7   -3  -13    0   17  -13  -10   -1   10   17    5    6  -11    8   15
    2    1   36    4    2    4    2    1      1311  -13   -5   14  -14   -8   13   10    5   -3   -6    5   11    1   -8   12    7    1    2
    2    1   37    4    1    5    2    1      1148   17    1    5  -15    7  -10    1    5  -12    9   -3    6   -6   13   -3   -9   -9   13
    2    1   38    4    2    3    2    1      3744  -11    1    7  -13  -10   14    9    4   -6  -24    6   11    0   -6   12    7    0    2
    2    1   39    1    1    5    1    1      1484   16    1    1  -16    9  -14   -7   -1  -12   -3   -3    7   -5   11   -7  -10  -15   17
