    1    1    1    1    1    5    1    1      3426    5   10   10  -11   -1  -18    3  -11    8   -3   -4   -8   -2   18   -5  -11   -7   -1
    1    1    2    1    3    1    1    0      1087    5   16    2  -15   -9   16  -10  -12   22   -1   -8   -2   13   -9    2   -2   -4    7
    1    1    3    1    2    2    2    1      1109    7   14   10   15    9   -4    2   14    4    7   -2  -12    1    9  -10    0   -1    8
    1    1    4    1    1    2    3    0      1210    7   12    9  -10    7   -8    1  -11    7   -3  -11  -10   -3   15   -4  -10   -6  -17
    1    1    5    1    1    1    2    0       874    4   12   11   -9    1   -9    4  -12    6   -3   -9  -11   -3   16   -2  -12   -3   -8
    1    1    6    1    3    3    1    0      5225   12   11    4  -15   -9   16   -7  -11   18    2   -5   -7   11  -16    2   -3   -8    3
    1    1    7    1    1    3    1    1      1625    4   14   13   -5    3   -7    2  -11    2    7   -1   -9   -3   16   -4  -13   -2  -12
    1    1    8    1    1    4    2    0       970    6   11    0  -15    5   -9    3   -5    1   -4   -6   -9   -6   15   -4  -10   -1   -9
    1    1    9    1    3    4    1    0      3780    5   15   -9  -19  -18   11   -9  -11    9    6   -2   -7   22   -3    0    4   -2    5
    1    1   10    1    3    2    2    0      1854    1   14    0  -14  -10   17  -10   -9    6   12   -3   -7   11  -13    2   -1   -1    3
    1    1   11    1    2    1    2    1      1590    8   14   13    4    6   -2    4   12    6    8    1   -8    6   13  -11   -1    0    9
    1    1   12    1    2    3    1    0      1127    7   14   12   13    9   -2    4   14    5    5   -4  -11    5   11  -12   -2   -3    8
    1    1   13    1    2    4    3    0      1787    9   14   11   13   11    2   14   19    8    7   -3  -17    3    9   -8   -1    0    9
    1    1   14    1    2    5    1    0      1029    7   14   10   15   10   -5    8   10    6    6   -1   -7    2   11  -12   -1    0   10
    1    1   15    1    3    5    3    1      1933    5   16   -1  -13   -9   12   -8   -9   14    6   -6  -11   10   -8   14   -7   -2    5
    1    2    1    1    3    1    3    1      2065    5   16    2  -15   -9   16  -10  -12   22   -1   -8   -2   13   -9    2   -2   -4    7
    1    2    2    1    2    3    2    1      2864    7   14   12   13    9   -2    4   14    5    5   -4  -11    5   11  -12   -2   -3    8
    1    2    3    1    2    2    2    1       894    7   14   10   15    9   -4    2   14    4    7   -2  -12    1    9  -10    0   -1    8
    1    2    4    1    1    3    2    0      1068    4   14   13   -5    3   -7    2  -11    2    7   -1   -9   -3   16   -4  -13   -2  -12
    1    2    5    1    1    1    1    1      1074    4   12   11   -9    1   -9    4  -12    6   -3   -9  -11   -3   16   -2  -12   -3   -8
    1    2    6    1    2    4    2    1       985    9   14   11   13   11    2   14   19    8    7   -3  -17    3    9   -8   -1    0    9
    1    2    7    1    3    5    3    1       787    5   16   -1  -13   -9   12   -8   -9   14    6   -6  -11   10   -8   14   -7   -2    5
    1    2    8    1    2    1    2    1       837    8   14   13    4    6   -2    4   12    6    8    1   -8    6   13  -11   -1    0    9
    1    2    9    1    3    4    1    0      2501    5   15   -9  -19  -18   11   -9  -11    9    6   -2   -7   22   -3    0    4   -2    5
    1    2   10    1    2    5    2    1      1090    7   14   10   15   10   -5    8   10    6    6   -1   -7    2   11  -12   -1    0   10
    1    2   11    1    1    4    1    1      1400    6   11    0  -15    5   -9    3   -5    1   -4   -6   -9   -6   15   -4  -10   -1   -9
    1    2   12    1    1    5    1    1      1937    5   10   10  -11   -1  -18    3  -11    8   -3   -4   -8   -2   18   -5  -11   -7   -1
    1    2   13    1    1    2    3    0      1957    7   12    9  -10    7   -8    1  -11    7   -3  -11  -10   -3   15   -4  -10   -6  -17
    1    2   14    1    3    2    1    0      2536    1   14    0  -14  -10   17  -10   -9    6   12   -3   -7   11  -13    2   -1   -1    3
    1    2   15    1    3    3    1    0      3556   12   11    4  -15   -9   16   -7  -11   18    2   -5   -7   11  -16    2   -3   -8    3
    1    3    1    1    3    1    3    1      1239    5   16    2  -15   -9   16  -10  -12   22   -1   -8   -2   13   -9    2   -2   -4    7
    1    3    2    1    2    5    2    1       487    7   14   10   15   10   -5    8   10    6    6   -1   -7    2   11  -12   -1    0   10
    1    3    3    1    2    3    2    1       869    7   14   12   13    9   -2    4   14    5    5   -4  -11    5   11  -12   -2   -3    8
    1    3    4    1    1    4    3    0      3028    6   11    0  -15    5   -9    3   -5    1   -4   -6   -9   -6   15   -4  -10   -1   -9
    1    3    5    1    1    2    1    1      1339    7   12    9  -10    7   -8    1  -11    7   -3  -11  -10   -3   15   -4  -10   -6  -17
    1    3    6    1    2    1    2    1       936    8   14   13    4    6   -2    4   12    6    8    1   -8    6   13  -11   -1    0    9
    1    3    7    1    3    5    3    1      1891    5   16   -1  -13   -9   12   -8   -9   14    6   -6  -11   10   -8   14   -7   -2    5
    1    3    8    1    3    4    1    0      4057    5   15   -9  -19  -18   11   -9  -11    9    6   -2   -7   22   -3    0    4   -2    5
    1    3    9    1    1    3    1    1      1816    4   14   13   -5    3   -7    2  -11    2    7   -1   -9   -3   16   -4  -13   -2  -12
    1    3   10    1    2    2    2    1       945    7   14   10   15    9   -4    2   14    4    7   -2  -12    1    9  -10    0   -1    8
    1    3   11    1    1    1    3    0      1884    4   12   11   -9    1   -9    4  -12    6   -3   -9  -11   -3   16   -2  -12   -3   -8
    1    3   12    1    3    2    3    1      1906    1   14    0  -14  -10   17  -10   -9    6   12   -3   -7   11  -13    2   -1   -1    3
    1    3   13    1    3    3    3    1      1783   12   11    4  -15   -9   16   -7  -11   18    2   -5   -7   11  -16    2   -3   -8    3
    1    3   14    1    2    4    2    1       817    9   14   11   13   11    2   14   19    8    7   -3  -17    3    9   -8   -1    0    9
    1    3   15    1    1    5    1    1       930    5   10   10  -11   -1  -18    3  -11    8   -3   -4   -8   -2   18   -5  -11   -7   -1
    1    4    1    1    1    5    1    1      1454    5   10   10  -11   -1  -18    3  -11    8   -3   -4   -8   -2   18   -5  -11   -7   -1
    1    4    2    1    2    2    2    1       997    7   14   10   15    9   -4    2   14    4    7   -2  -12    1    9  -10    0   -1    8
    1    4    3    1    1    4    1    1      3678    6   11    0  -15    5   -9    3   -5    1   -4   -6   -9   -6   15   -4  -10   -1   -9
    1    4    4    1    3    2    3    1      1916    1   14    0  -14  -10   17  -10   -9    6   12   -3   -7   11  -13    2   -1   -1    3
    1    4    5    1    3    1    3    1      1345    5   16    2  -15   -9   16  -10  -12   22   -1   -8   -2   13   -9    2   -2   -4    7
    1    4    6    1    3    5    3    1       780    5   16   -1  -13   -9   12   -8   -9   14    6   -6  -11   10   -8   14   -7   -2    5
    1    4    7    1    2    3    2    1      1246    7   14   12   13    9   -2    4   14    5    5   -4  -11    5   11  -12   -2   -3    8
    1    4    8    1    2    1    2    1       605    8   14   13    4    6   -2    4   12    6    8    1   -8    6   13  -11   -1    0    9
    1    4    9    1    2    4    2    1      1815    9   14   11   13   11    2   14   19    8    7   -3  -17    3    9   -8   -1    0    9
    1    4   10    1    1    1    1    1      1007    4   12   11   -9    1   -9    4  -12    6   -3   -9  -11   -3   16   -2  -12   -3   -8
    1    4   11    1    3    3    3    1      3928   12   11    4  -15   -9   16   -7  -11   18    2   -5   -7   11  -16    2   -3   -8    3
    1    4   12    1    1    3    2    0      1324    4   14   13   -5    3   -7    2  -11    2    7   -1   -9   -3   16   -4  -13   -2  -12
    1    4   13    1    1    2    1    1      2169    7   12    9  -10    7   -8    1  -11    7   -3  -11  -10   -3   15   -4  -10   -6  -17
    1    4   14    1    2    5    2    1       771    7   14   10   15   10   -5    8   10    6    6   -1   -7    2   11  -12   -1    0   10
    1    4   15    1    3    4    1    0      1414    5   15   -9  -19  -18   11   -9  -11    9    6   -2   -7   22   -3    0    4   -2    5
    1    5    1    1    2    5    2    1       735    7   14   10   15   10   -5    8   10    6    6   -1   -7    2   11  -12   -1    0   10
    1    5    2    1    2    1    2    1      1011    8   14   13    4    6   -2    4   12    6    8    1   -8    6   13  -11   -1    0    9
    1    5    3    1    2    2    2    1       747    7   14   10   15    9   -4    2   14    4    7   -2  -12    1    9  -10    0   -1    8
    1    5    4    1    2    3    2    1       878    7   14   12   13    9   -2    4   14    5    5   -4  -11    5   11  -12   -2   -3    8
    1    5    5    1    2    4    2    1      2700    9   14   11   13   11    2   14   19    8    7   -3  -17    3    9   -8   -1    0    9
    1    5    6    1    1    2    1    1      5857    7   12    9  -10    7   -8    1  -11    7   -3  -11  -10   -3   15   -4  -10   -6  -17
    1    5    7    1    3    4    1    0      1689    5   15   -9  -19  -18   11   -9  -11    9    6   -2   -7   22   -3    0    4   -2    5
    1    5    8    1    1    5    1    1      1638    5   10   10  -11   -1  -18    3  -11    8   -3   -4   -8   -2   18   -5  -11   -7   -1
    1    5    9    1    1    3    3    0       791    4   14   13   -5    3   -7    2  -11    2    7   -1   -9   -3   16   -4  -13   -2  -12
    1    5   10    1    3    2    3    1       697    1   14    0  -14  -10   17  -10   -9    6   12   -3   -7   11  -13    2   -1   -1    3
    1    5   11    1    3    3    3    1      1518   12   11    4  -15   -9   16   -7  -11   18    2   -5   -7   11  -16    2   -3   -8    3
    1    5   12    1    3    5    3    1       978    5   16   -1  -13   -9   12   -8   -9   14    6   -6  -11   10   -8   14   -7   -2    5
    1    5   13    1    3    1    3    1       684    5   16    2  -15   -9   16  -10  -12   22   -1   -8   -2   13   -9    2   -2   -4    7
    1    5   14    1    1    4    1    1       850    6   11    0  -15    5   -9    3   -5    1   -4   -6   -9   -6   15   -4  -10   -1   -9
    1    5   15    1    1    1    3    0      1009    4   12   11   -9    1   -9    4  -12    6   -3   -9  -11   -3   16   -2  -12   -3   -8
    1    6    1    1    1    5    1    1      1018    5   10   10  -11   -1  -18    3  -11    8   -3   -4   -8   -2   18   -5  -11   -7   -1
    1    6    2    1    1    4    1    1      1891    6   11    0  -15    5   -9    3   -5    1   -4   -6   -9   -6   15   -4  -10   -1   -9
    1    6    3    1    2    4    2    1       713    9   14   11   13   11    2   14   19    8    7   -3  -17    3    9   -8   -1    0    9
    1    6    4    1    3    3    3    1       957   12   11    4  -15   -9   16   -7  -11   18    2   -5   -7   11  -16    2   -3   -8    3
    1    6    5    1    3    4    1    0      1320    5   15   -9  -19  -18   11   -9  -11    9    6   -2   -7   22   -3    0    4   -2    5
    1    6    6    1    3    1    3    1      2005    5   16    2  -15   -9   16  -10  -12   22   -1   -8   -2   13   -9    2   -2   -4    7
    1    6    7    1    1    3    1    1      1366    4   14   13   -5    3   -7    2  -11    2    7   -1   -9   -3   16   -4  -13   -2  -12
    1    6    8    1    1    1    1    1      2049    4   12   11   -9    1   -9    4  -12    6   -3   -9  -11   -3   16   -2  -12   -3   -8
    1    6    9    1    2    5    2    1       784    7   14   10   15   10   -5    8   10    6    6   -1   -7    2   11  -12   -1    0   10
    1    6   10    1    3    2    3    1       994    1   14    0  -14  -10   17  -10   -9    6   12   -3   -7   11  -13    2   -1   -1    3
    1    6   11    1    2    2    2    1      1243    7   14   10   15    9   -4    2   14    4    7   -2  -12    1    9  -10    0   -1    8
    1    6   12    1    2    3    2    1       922    7   14   12   13    9   -2    4   14    5    5   -4  -11    5   11  -12   -2   -3    8
    1    6   13    1    3    5    3    1      2999    5   16   -1  -13   -9   12   -8   -9   14    6   -6  -11   10   -8   14   -7   -2    5
    1    6   14    1    1    2    1    1      2720    7   12    9  -10    7   -8    1  -11    7   -3  -11  -10   -3   15   -4  -10   -6  -17
    1    6   15    1    2    1    2    1       917    8   14   13    4    6   -2    4   12    6    8    1   -8    6   13  -11   -1    0    9
    1    7    1    1    3    3    3    1      3153   12   11    4  -15   -9   16   -7  -11   18    2   -5   -7   11  -16    2   -3   -8    3
    1    7    2    1    2    3    2    1      2757    7   14   12   13    9   -2    4   14    5    5   -4  -11    5   11  -12   -2   -3    8
    1    7    3    1    1    5    1    1      1000    5   10   10  -11   -1  -18    3  -11    8   -3   -4   -8   -2   18   -5  -11   -7   -1
    1    7    4    1    3    1    3    1      2849    5   16    2  -15   -9   16  -10  -12   22   -1   -8   -2   13   -9    2   -2   -4    7
    1    7    5    1    1    1    1    1      2272    4   12   11   -9    1   -9    4  -12    6   -3   -9  -11   -3   16   -2  -12   -3   -8
    1    7    6    1    3    5    3    1      2231    5   16   -1  -13   -9   12   -8   -9   14    6   -6  -11   10   -8   14   -7   -2    5
    1    7    7    1    3    2    3    1      1199    1   14    0  -14  -10   17  -10   -9    6   12   -3   -7   11  -13    2   -1   -1    3
    1    7    8    1    2    4    2    1       896    9   14   11   13   11    2   14   19    8    7   -3  -17    3    9   -8   -1    0    9
    1    7    9    1    2    5    2    1      1901    7   14   10   15   10   -5    8   10    6    6   -1   -7    2   11  -12   -1    0   10
    1    7   10    1    1    2    1    1      1987    7   12    9  -10    7   -8    1  -11    7   -3  -11  -10   -3   15   -4  -10   -6  -17
    1    7   11    1    2    1    2    1      2932    8   14   13    4    6   -2    4   12    6    8    1   -8    6   13  -11   -1    0    9
    1    7   12    1    1    3    1    1      2016    4   14   13   -5    3   -7    2  -11    2    7   -1   -9   -3   16   -4  -13   -2  -12
    1    7   13    1    3    4    3    1      1729    5   15   -9  -19  -18   11   -9  -11    9    6   -2   -7   22   -3    0    4   -2    5
    1    7   14    1    2    2    2    1       669    7   14   10   15    9   -4    2   14    4    7   -2  -12    1    9  -10    0   -1    8
    1    7   15    1    1    4    1    1       659    6   11    0  -15    5   -9    3   -5    1   -4   -6   -9   -6   15   -4  -10   -1   -9
    1    8    1    1    3    4    3    1       906    5   15   -9  -19  -18   11   -9  -11    9    6   -2   -7   22   -3    0    4   -2    5
    1    8    2    1    1    1    1    1      1063    4   12   11   -9    1   -9    4  -12    6   -3   -9  -11   -3   16   -2  -12   -3   -8
    1    8    3    1    1    2    1    1      1230    7   12    9  -10    7   -8    1  -11    7   -3  -11  -10   -3   15   -4  -10   -6  -17
    1    8    4    1    2    3    2    1       846    7   14   12   13    9   -2    4   14    5    5   -4  -11    5   11  -12   -2   -3    8
    1    8    5    1    2    5    2    1       589    7   14   10   15   10   -5    8   10    6    6   -1   -7    2   11  -12   -1    0   10
    1    8    6    1    2    2    2    1      1671    7   14   10   15    9   -4    2   14    4    7   -2  -12    1    9  -10    0   -1    8
    1    8    7    1    1    3    1    1       854    4   14   13   -5    3   -7    2  -11    2    7   -1   -9   -3   16   -4  -13   -2  -12
    1    8    8    1    2    4    2    1      2389    9   14   11   13   11    2   14   19    8    7   -3  -17    3    9   -8   -1    0    9
    1    8    9    1    3    2    3    1      1127    1   14    0  -14  -10   17  -10   -9    6   12   -3   -7   11  -13    2   -1   -1    3
    1    8   10    1    3    5    3    1       779    5   16   -1  -13   -9   12   -8   -9   14    6   -6  -11   10   -8   14   -7   -2    5
    1    8   11    1    2    1    2    1       877    8   14   13    4    6   -2    4   12    6    8    1   -8    6   13  -11   -1    0    9
    1    8   12    1    1    5    1    1       667    5   10   10  -11   -1  -18    3  -11    8   -3   -4   -8   -2   18   -5  -11   -7   -1
    1    8   13    1    3    3    3    1      1089   12   11    4  -15   -9   16   -7  -11   18    2   -5   -7   11  -16    2   -3   -8    3
    1    8   14    1    3    1    3    1      2119    5   16    2  -15   -9   16  -10  -12   22   -1   -8   -2   13   -9    2   -2   -4    7
    1    8   15    1    1    4    1    1      1476    6   11    0  -15    5   -9    3   -5    1   -4   -6   -9   -6   15   -4  -10   -1   -9
    1    9    1    1    3    3    3    1       826   12   11    4  -15   -9   16   -7  -11   18    2   -5   -7   11  -16    2   -3   -8    3
    1    9    2    1    1    3    2    0      1610    4   14   13   -5    3   -7    2  -11    2    7   -1   -9   -3   16   -4  -13   -2  -12
    1    9    3    1    3    5    3    1      1051    5   16   -1  -13   -9   12   -8   -9   14    6   -6  -11   10   -8   14   -7   -2    5
    1    9    4    1    2    5    2    1       722    7   14   10   15   10   -5    8   10    6    6   -1   -7    2   11  -12   -1    0   10
    1    9    5    1    2    1    2    1       871    8   14   13    4    6   -2    4   12    6    8    1   -8    6   13  -11   -1    0    9
    1    9    6    1    2    2    2    1      2037    7   14   10   15    9   -4    2   14    4    7   -2  -12    1    9  -10    0   -1    8
    1    9    7    1    3    1    3    1       789    5   16    2  -15   -9   16  -10  -12   22   -1   -8   -2   13   -9    2   -2   -4    7
    1    9    8    1    1    5    1    1      2087    5   10   10  -11   -1  -18    3  -11    8   -3   -4   -8   -2   18   -5  -11   -7   -1
    1    9    9    1    1    4    1    1      1253    6   11    0  -15    5   -9    3   -5    1   -4   -6   -9   -6   15   -4  -10   -1   -9
    1    9   10    1    1    2    1    1      4596    7   12    9  -10    7   -8    1  -11    7   -3  -11  -10   -3   15   -4  -10   -6  -17
    1    9   11    1    2    3    2    1       765    7   14   12   13    9   -2    4   14    5    5   -4  -11    5   11  -12   -2   -3    8
    1    9   12    1    1    1    1    1      1040    4   12   11   -9    1   -9    4  -12    6   -3   -9  -11   -3   16   -2  -12   -3   -8
    1    9   13    1    3    4    1    0      1640    5   15   -9  -19  -18   11   -9  -11    9    6   -2   -7   22   -3    0    4   -2    5
    1    9   14    1    3    2    3    1      1208    1   14    0  -14  -10   17  -10   -9    6   12   -3   -7   11  -13    2   -1   -1    3
    1    9   15    1    2    4    2    1       761    9   14   11   13   11    2   14   19    8    7   -3  -17    3    9   -8   -1    0    9
    1   10    1    1    2    2    2    1      1020    7   14   10   15    9   -4    2   14    4    7   -2  -12    1    9  -10    0   -1    8
    1   10    2    1    2    5    2    1       820    7   14   10   15   10   -5    8   10    6    6   -1   -7    2   11  -12   -1    0   10
    1   10    3    1    1    4    1    1      5205    6   11    0  -15    5   -9    3   -5    1   -4   -6   -9   -6   15   -4  -10   -1   -9
    1   10    4    1    2    1    2    1       934    8   14   13    4    6   -2    4   12    6    8    1   -8    6   13  -11   -1    0    9
    1   10    5    1    2    4    2    1       786    9   14   11   13   11    2   14   19    8    7   -3  -17    3    9   -8   -1    0    9
    1   10    6    1    3    2    3    1      1284    1   14    0  -14  -10   17  -10   -9    6   12   -3   -7   11  -13    2   -1   -1    3
    1   10    7    1    1    1    1    1      1394    4   12   11   -9    1   -9    4  -12    6   -3   -9  -11   -3   16   -2  -12   -3   -8
    1   10    8    1    2    3    2    1      1355    7   14   12   13    9   -2    4   14    5    5   -4  -11    5   11  -12   -2   -3    8
    1   10    9    1    3    1    3    1      1094    5   16    2  -15   -9   16  -10  -12   22   -1   -8   -2   13   -9    2   -2   -4    7
    1   10   10    1    3    5    3    1       812    5   16   -1  -13   -9   12   -8   -9   14    6   -6  -11   10   -8   14   -7   -2    5
    1   10   11    1    1    2    1    1       716    7   12    9  -10    7   -8    1  -11    7   -3  -11  -10   -3   15   -4  -10   -6  -17
    1   10   12    1    1    3    1    1      1281    4   14   13   -5    3   -7    2  -11    2    7   -1   -9   -3   16   -4  -13   -2  -12
    1   10   13    1    3    4    1    0      2303    5   15   -9  -19  -18   11   -9  -11    9    6   -2   -7   22   -3    0    4   -2    5
    1   10   14    1    3    3    3    1       740   12   11    4  -15   -9   16   -7  -11   18    2   -5   -7   11  -16    2   -3   -8    3
    1   10   15    1    1    5    1    1      1160    5   10   10  -11   -1  -18    3  -11    8   -3   -4   -8   -2   18   -5  -11   -7   -1
    1   11    1    1    3    1    3    1      8586    5   16    2  -15   -9   16  -10  -12   22   -1   -8   -2   13   -9    2   -2   -4    7
    1   11    2    1    3    3    3    1       756   12   11    4  -15   -9   16   -7  -11   18    2   -5   -7   11  -16    2   -3   -8    3
    1   11    3    1    1    4    2    0      1128    6   11    0  -15    5   -9    3   -5    1   -4   -6   -9   -6   15   -4  -10   -1   -9
    1   11    4    1    2    1    2    1       668    8   14   13    4    6   -2    4   12    6    8    1   -8    6   13  -11   -1    0    9
    1   11    5    1    3    2    3    1       786    1   14    0  -14  -10   17  -10   -9    6   12   -3   -7   11  -13    2   -1   -1    3
    1   11    6    1    3    4    3    1      4772    5   15   -9  -19  -18   11   -9  -11    9    6   -2   -7   22   -3    0    4   -2    5
    1   11    7    1    3    5    3    1       775    5   16   -1  -13   -9   12   -8   -9   14    6   -6  -11   10   -8   14   -7   -2    5
    1   11    8    1    1    2    1    1      1481    7   12    9  -10    7   -8    1  -11    7   -3  -11  -10   -3   15   -4  -10   -6  -17
    1   11    9    1    2    2    2    1       543    7   14   10   15    9   -4    2   14    4    7   -2  -12    1    9  -10    0   -1    8
    1   11   10    1    2    5    2    1       490    7   14   10   15   10   -5    8   10    6    6   -1   -7    2   11  -12   -1    0   10
    1   11   11    1    2    4    2    1       776    9   14   11   13   11    2   14   19    8    7   -3  -17    3    9   -8   -1    0    9
    1   11   12    1    1    3    1    1      2218    4   14   13   -5    3   -7    2  -11    2    7   -1   -9   -3   16   -4  -13   -2  -12
    1   11   13    1    1    1    1    1      3651    4   12   11   -9    1   -9    4  -12    6   -3   -9  -11   -3   16   -2  -12   -3   -8
    1   11   14    1    1    5    1    1      1442    5   10   10  -11   -1  -18    3  -11    8   -3   -4   -8   -2   18   -5  -11   -7   -1
    1   11   15    1    2    3    2    1       762    7   14   12   13    9   -2    4   14    5    5   -4  -11    5   11  -12   -2   -3    8
    1   12    1    1    2    3    2    1       397    7   14   12   13    9   -2    4   14    5    5   -4  -11    5   11  -12   -2   -3    8
    1   12    2    1    3    2    3    1      1102    1   14    0  -14  -10   17  -10   -9    6   12   -3   -7   11  -13    2   -1   -1    3
    1   12    3    1    2    1    2    1      3187    8   14   13    4    6   -2    4   12    6    8    1   -8    6   13  -11   -1    0    9
    1   12    4    1    1    2    1    1      1653    7   12    9  -10    7   -8    1  -11    7   -3  -11  -10   -3   15   -4  -10   -6  -17
    1   12    5    1    1    3    1    1      1492    4   14   13   -5    3   -7    2  -11    2    7   -1   -9   -3   16   -4  -13   -2  -12
    1   12    6    1    3    4    3    1       650    5   15   -9  -19  -18   11   -9  -11    9    6   -2   -7   22   -3    0    4   -2    5
    1   12    7    1    3    5    3    1       625    5   16   -1  -13   -9   12   -8   -9   14    6   -6  -11   10   -8   14   -7   -2    5
    1   12    8    1    2    2    2    1       714    7   14   10   15    9   -4    2   14    4    7   -2  -12    1    9  -10    0   -1    8
    1   12    9    1    1    4    1    1      1182    6   11    0  -15    5   -9    3   -5    1   -4   -6   -9   -6   15   -4  -10   -1   -9
    1   12   10    1    1    1    1    1      5552    4   12   11   -9    1   -9    4  -12    6   -3   -9  -11   -3   16   -2  -12   -3   -8
    1   12   11    1    2    4    2    1      1012    9   14   11   13   11    2   14   19    8    7   -3  -17    3    9   -8   -1    0    9
    1   12   12    1    1    5    1    1      1612    5   10   10  -11   -1  -18    3  -11    8   -3   -4   -8   -2   18   -5  -11   -7   -1
    1   12   13    1    3    1    3    1      1421    5   16    2  -15   -9   16  -10  -12   22   -1   -8   -2   13   -9    2   -2   -4    7
    1   12   14    1    2    5    2    1       757    7   14   10   15   10   -5    8   10    6    6   -1   -7    2   11  -12   -1    0   10
    1   12   15    1    3    3    3    1      1721   12   11    4  -15   -9   16   -7  -11   18    2   -5   -7   11  -16    2   -3   -8    3
    1   13    1    1    3    1    3    1       901    5   16    2  -15   -9   16  -10  -12   22   -1   -8   -2   13   -9    2   -2   -4    7
    1   13    2    1    2    5    2    1       754    7   14   10   15   10   -5    8   10    6    6   -1   -7    2   11  -12   -1    0   10
    1   13    3    1    1    1    1    1      2278    4   12   11   -9    1   -9    4  -12    6   -3   -9  -11   -3   16   -2  -12   -3   -8
    1   13    4    1    1    2    1    1      8683    7   12    9  -10    7   -8    1  -11    7   -3  -11  -10   -3   15   -4  -10   -6  -17
    1   13    5    1    1    3    1    1      4465    4   14   13   -5    3   -7    2  -11    2    7   -1   -9   -3   16   -4  -13   -2  -12
    1   13    6    1    3    4    3    1      3792    5   15   -9  -19  -18   11   -9  -11    9    6   -2   -7   22   -3    0    4   -2    5
    1   13    7    1    1    5    1    1      1146    5   10   10  -11   -1  -18    3  -11    8   -3   -4   -8   -2   18   -5  -11   -7   -1
    1   13    8    1    3    3    3    1      2109   12   11    4  -15   -9   16   -7  -11   18    2   -5   -7   11  -16    2   -3   -8    3
    1   13    9    1    3    5    3    1      1034    5   16   -1  -13   -9   12   -8   -9   14    6   -6  -11   10   -8   14   -7   -2    5
    1   13   10    1    2    4    2    1       562    9   14   11   13   11    2   14   19    8    7   -3  -17    3    9   -8   -1    0    9
    1   13   11    1    2    1    2    1      1085    8   14   13    4    6   -2    4   12    6    8    1   -8    6   13  -11   -1    0    9
    1   13   12    1    2    2    2    1       675    7   14   10   15    9   -4    2   14    4    7   -2  -12    1    9  -10    0   -1    8
    1   13   13    1    1    4    1    1       857    6   11    0  -15    5   -9    3   -5    1   -4   -6   -9   -6   15   -4  -10   -1   -9
    1   13   14    1    2    3    2    1       712    7   14   12   13    9   -2    4   14    5    5   -4  -11    5   11  -12   -2   -3    8
    1   13   15    1    3    2    3    1       813    1   14    0  -14  -10   17  -10   -9    6   12   -3   -7   11  -13    2   -1   -1    3
    1   14    1    1    2    3    2    1       606    7   14   12   13    9   -2    4   14    5    5   -4  -11    5   11  -12   -2   -3    8
    1   14    2    1    3    1    3    1      1079    5   16    2  -15   -9   16  -10  -12   22   -1   -8   -2   13   -9    2   -2   -4    7
    1   14    3    1    2    5    2    1       669    7   14   10   15   10   -5    8   10    6    6   -1   -7    2   11  -12   -1    0   10
    1   14    4    1    1    1    1    1      1204    4   12   11   -9    1   -9    4  -12    6   -3   -9  -11   -3   16   -2  -12   -3   -8
    1   14    5    1    1    5    1    1       741    5   10   10  -11   -1  -18    3  -11    8   -3   -4   -8   -2   18   -5  -11   -7   -1
    1   14    6    1    1    4    1    1       985    6   11    0  -15    5   -9    3   -5    1   -4   -6   -9   -6   15   -4  -10   -1   -9
    1   14    7    1    2    4    2    1       739    9   14   11   13   11    2   14   19    8    7   -3  -17    3    9   -8   -1    0    9
    1   14    8    1    3    4    3    1       886    5   15   -9  -19  -18   11   -9  -11    9    6   -2   -7   22   -3    0    4   -2    5
    1   14    9    1    3    3    3    1       549   12   11    4  -15   -9   16   -7  -11   18    2   -5   -7   11  -16    2   -3   -8    3
    1   14   10    1    1    3    1    1      1392    4   14   13   -5    3   -7    2  -11    2    7   -1   -9   -3   16   -4  -13   -2  -12
    1   14   11    1    3    2    3    1       714    1   14    0  -14  -10   17  -10   -9    6   12   -3   -7   11  -13    2   -1   -1    3
    1   14   12    1    2    2    2    1      1006    7   14   10   15    9   -4    2   14    4    7   -2  -12    1    9  -10    0   -1    8
    1   14   13    1    2    1    2    1       744    8   14   13    4    6   -2    4   12    6    8    1   -8    6   13  -11   -1    0    9
    1   14   14    1    1    2    1    1      3163    7   12    9  -10    7   -8    1  -11    7   -3  -11  -10   -3   15   -4  -10   -6  -17
    1   14   15    1    3    5    3    1      2861    5   16   -1  -13   -9   12   -8   -9   14    6   -6  -11   10   -8   14   -7   -2    5
    1   15    1    1    3    5    3    1       620    5   16   -1  -13   -9   12   -8   -9   14    6   -6  -11   10   -8   14   -7   -2    5
    1   15    2    1    2    3    2    1       597    7   14   12   13    9   -2    4   14    5    5   -4  -11    5   11  -12   -2   -3    8
    1   15    3    1    1    3    1    1       750    4   14   13   -5    3   -7    2  -11    2    7   -1   -9   -3   16   -4  -13   -2  -12
    1   15    4    1    2    1    2    1       737    8   14   13    4    6   -2    4   12    6    8    1   -8    6   13  -11   -1    0    9
    1   15    5    1    2    5    2    1       805    7   14   10   15   10   -5    8   10    6    6   -1   -7    2   11  -12   -1    0   10
    1   15    6    1    3    2    3    1      1238    1   14    0  -14  -10   17  -10   -9    6   12   -3   -7   11  -13    2   -1   -1    3
    1   15    7    1    2    2    2    1      2550    7   14   10   15    9   -4    2   14    4    7   -2  -12    1    9  -10    0   -1    8
    1   15    8    1    1    5    1    1      1058    5   10   10  -11   -1  -18    3  -11    8   -3   -4   -8   -2   18   -5  -11   -7   -1
    1   15    9    1    1    2    1    1      4793    7   12    9  -10    7   -8    1  -11    7   -3  -11  -10   -3   15   -4  -10   -6  -17
    1   15   10    1    3    3    3    1       858   12   11    4  -15   -9   16   -7  -11   18    2   -5   -7   11  -16    2   -3   -8    3
    1   15   11    1    3    1    3    1      2121    5   16    2  -15   -9   16  -10  -12   22   -1   -8   -2   13   -9    2   -2   -4    7
    1   15   12    1    2    4    2    1       806    9   14   11   13   11    2   14   19    8    7   -3  -17    3    9   -8   -1    0    9
    1   15   13    1    1    4    1    1       871    6   11    0  -15    5   -9    3   -5    1   -4   -6   -9   -6   15   -4  -10   -1   -9
    1   15   14    1    3    4    3    1       934    5   15   -9  -19  -18   11   -9  -11    9    6   -2   -7   22   -3    0    4   -2    5
    1   15   15    1    1    1    1    1      2353    4   12   11   -9    1   -9    4  -12    6   -3   -9  -11   -3   16   -2  -12   -3   -8
    2    1    1    1    2    5    1    1      1870    7   14   10   15   10   -5    8   10    6    6   -1   -7    2   11  -12   -1    0   10
    2    1    2    1    1    4    1    1      1109    6   11    0  -15    5   -9    3   -5    1   -4   -6   -9   -6   15   -4  -10   -1   -9
    2    1    3    4    2    2    2    1      1450    9   10   12   16    7   -1    5   12   -1    1   -2  -17    3   11  -17   -2   -1    8
    2    1    4    6    0    0    2    1       817   -7    2    9  -14    4  -13  -11    0    7   24   15    9   -9    5   -4   20    0   17
    2    1    5    1    3    5    1    1      1218    5   16   -1  -13   -9   12   -8   -9   14    6   -6  -11   10   -8   14   -7   -2    5
    2    1    6    4    1    3    1    0      1122    5   11   11  -10    4   -6    6  -12    4   -1   -7   -8    0   16   -3  -11    1   -7
    2    1    7    1    3    3    2    0       935   12   11    4  -15   -9   16   -7  -11   18    2   -5   -7   11  -16    2   -3   -8    3
    2    1    8    4    3    3    2    1       931   14   22    2  -16   -7   16   -9  -10   13    6   -5   -8   14  -13    4    0   -5    6
    2    1    9    4    2    1    1    0      1407    6   17   10   14   14   -2    5   13    5    5   -3  -12    1   11  -15   -2    0    9
    2    1   10    1    2    2    1    1       824    7   14   10   15    9   -4    2   14    4    7   -2  -12    1    9  -10    0   -1    8
    2    1   11    1    2    4    1    1       632    9   14   11   13   11    2   14   19    8    7   -3  -17    3    9   -8   -1    0    9
    2    1   12    6    0    0    2    1      1297    7   -4   -8    9   11   12    8    4   11  -15   14  -12   -5    3    4   -3   -9   -4
    2    1   13    1    2    3    1    1       862    7   14   12   13    9   -2    4   14    5    5   -4  -11    5   11  -12   -2   -3    8
    2    1   14    1    3    1    1    1      2572    5   16    2  -15   -9   16  -10  -12   22   -1   -8   -2   13   -9    2   -2   -4    7
    2    1   15    4    2    4    2    1      3063    9   14   14   15    9   -4    3   17    5    7   -8   -4    4    9   -9   -1   -2    9
    2    1   16    4    1    5    2    1      1869   -3   14    8   -9    3   -7    2  -11    5   -1   -3   -9   -9   12  -13   -1   -2  -12
    2    1   17    1    1    2    2    0      4260    7   12    9  -10    7   -8    1  -11    7   -3  -11  -10   -3   15   -4  -10   -6  -17
    2    1   18    4    3    4    2    1      3083    9    4   -3  -16   -7   18   -7  -12   13    6   -6  -10   12  -10    5    1    3   16
    2    1   19    1    3    4    1    1      1120    5   15   -9  -19  -18   11   -9  -11    9    6   -2   -7   22   -3    0    4   -2    5
    2    1   20    4    3    1    2    1      1141    7   14    5  -10   -8   17  -11  -14   13    5   -4   -8   14  -13    5   -2   -2    4
    2    1   21    4    2    5    2    1      2121    6   15   11   12    9   -1   -2   14    7    7  -12   -9    8    5   -3    1   -1   10
    2    1   22    1    2    1    1    1       981    8   14   13    4    6   -2    4   12    6    8    1   -8    6   13  -11   -1    0    9
    2    1   23    6    0    0    2    1      3183   -8    1  -11    9    4   -7   -1  -14    8  -15    0    5    5   17  -10   14  -12   -7
    2    1   24    1    1    5    1    1      1057    5   10   10  -11   -1  -18    3  -11    8   -3   -4   -8   -2   18   -5  -11   -7   -1
    2    1   25    1    1    3    1    1      5112    4   14   13   -5    3   -7    2  -11    2    7   -1   -9   -3   16   -4  -13   -2  -12
    2    1   26    4    3    2    1    0      1837    5   19   -1  -13   -9   17   -7  -10   14    4   -2   -2   13  -10    6   -1   -1    5
    2    1   27    1    3    2    1    1       837    1   14    0  -14  -10   17  -10   -9    6   12   -3   -7   11  -13    2   -1   -1    3
    2    1   28    1    1    1    1    1      1445    4   12   11   -9    1   -9    4  -12    6   -3   -9  -11   -3   16   -2  -12   -3   -8
    2    1   29    4    2    3    2    1      2316   -1   22   11   13    8   -4    3   15    7    7   -6  -13    3    9  -10    0   -2    8
    2    1   30    6    0    0    2    1      1233    6   -3  -10   10   11   13   15    3   14  -14   14  -11   -7    7   -6   -1   -1   -8
    2    1   31    6    0    0    2    1      1329  -13   10   -8    6    4   -5    1   -7    4  -11   -1   16    4   14   -7   12  -13   -9
    2    1   32    4    1    4    2    1      1596    6   13    3   -6    5   -7    2  -11    8   -2   -6  -11  -12    9  -10   -2   -2  -11
    2    1   33    2    3    0    1    0      1534    6   14    1  -15   -8   16   -8  -10   14    5   -4   -9   13  -11    4   -1   -3    6
    2    1   34    2    1    0    2    1      1570    6   12   10  -10    3   -8    2  -10    6   -2   -5   -9   -4   16   -4  -11   -2  -10
    2    1   35    4    1    1    1    0      1620    5   11   10  -13    2   -6    0   -9    7   -2   -5   -8   -6   11   -2  -13   -1  -11
    2    1   36    4    3    5    2    1      3013    7   13    3  -13   -9   16  -10   -9   17    3   -3  -10   10  -18    4   -3    7    5
    2    1   37    6    0    0    2    1       925   -7    1    3   -6    6  -15   -9   -1   -6   17   14    4  -10    6    4   15   -2   14
    2    1   38    4    1    2    2    1      2842    4   14   11   -9    5   -7    4   -9    0   -8   -4   -8   -2   14   -5  -10  -11   -5
    2    1   39    2    2    0    1    0      1066    7   15   11   14    9   -3    4   13    6    7   -4  -12    3   10  -10   -1   -1    9
