    1    1    1    1    3    4    1    0      3113  -13   -8    1   -2   -9  -13    4   -5    4   10    3   -7  -13  -12    6  -14  -11    1
    1    1    2    1    2    4    3    0      1907   13    7   15   -9    9   -4   -8    2    8  -11    1  -16  -12    3    6  -16    0   -3
    1    1    3    1    1    3    1    1       921   -1  -15   17   13    8  -16   11   -9   10    0   15   15   15    6   -9   -5    9    2
    1    1    4    1    3    5    2    0      1317  -15   -5   -1   10   -4  -10    4   -4    3   -2   -1  -13  -21  -19   13   -7   -8    3
    1    1    5    1    1    5    2    0       786   -2  -14   14   13    4  -13   11  -10    7    4   14   10   14    5  -11   -3   11    0
    1    1    6    1    3    1    2    0      2004  -13   -1   -1   11  -10  -22    3   -3    5    9    4  -10  -22   -5    6  -13  -14   -5
    1    1    7    1    3    2    2    0       869   -6    4   -1    7   -5  -11    1   -5    4    9   -6    0  -13  -14    7  -10   -9    3
    1    1    8    1    2    1    1    0      1876   -5   -5   12   -8    8    4   -7    9   13  -14    4  -16  -11    6    3  -14    1   -1
    1    1    9    1    2    2    3    0      1339    5   -4   13   -7   19    0   -8   13    7  -12    1  -17  -10    4    4  -13  -10   -6
    1    1   10    1    1    2    1    1       983   -2  -14   14   13   14  -20   12   -9   18   -1   13   15   12    8  -10   -3   19    8
    1    1   11    1    1    1    1    1       928   -4  -14   16   14    4  -12   13   -8    9    1   10   16   12    6   -8   -4   12   -2
    1    1   12    1    3    3    3    1      1661  -16   -5   -3   10   -4  -13   12   -1    6    6    3   -7  -11  -11   11   -4  -11    1
    1    1   13    1    1    4    1    1      1548   -1  -11   13    7    6  -12   14  -11   10    0   13   15    7    8  -18  -11   16    7
    1    1   14    1    2    3    2    1      1472    5   -5   15   -8   21   -9   -5    4   11  -12    2  -13  -12    3    4  -15    2   -2
    1    1   15    1    2    5    2    1      2102    8   -6   16   -5    9   -2   -8    2    7  -13    3  -15  -12    4    5  -14   -5    3
    1    2    1    1    2    4    3    0      1507   13    7   15   -9    9   -4   -8    2    8  -11    1  -16  -12    3    6  -16    0   -3
    1    2    2    1    1    2    1    1      2361   -2  -14   14   13   14  -20   12   -9   18   -1   13   15   12    8  -10   -3   19    8
    1    2    3    1    1    4    1    1      1308   -1  -11   13    7    6  -12   14  -11   10    0   13   15    7    8  -18  -11   16    7
    1    2    4    1    1    1    1    1       825   -4  -14   16   14    4  -12   13   -8    9    1   10   16   12    6   -8   -4   12   -2
    1    2    5    1    3    5    3    1      1370  -15   -5   -1   10   -4  -10    4   -4    3   -2   -1  -13  -21  -19   13   -7   -8    3
    1    2    6    1    1    5    1    1       916   -2  -14   14   13    4  -13   11  -10    7    4   14   10   14    5  -11   -3   11    0
    1    2    7    1    3    2    3    1      2881   -6    4   -1    7   -5  -11    1   -5    4    9   -6    0  -13  -14    7  -10   -9    3
    1    2    8    1    3    1    2    0      1487  -13   -1   -1   11  -10  -22    3   -3    5    9    4  -10  -22   -5    6  -13  -14   -5
    1    2    9    1    2    1    3    0       949   -5   -5   12   -8    8    4   -7    9   13  -14    4  -16  -11    6    3  -14    1   -1
    1    2   10    1    1    3    1    1       896   -1  -15   17   13    8  -16   11   -9   10    0   15   15   15    6   -9   -5    9    2
    1    2   11    1    3    4    3    1      2046  -13   -8    1   -2   -9  -13    4   -5    4   10    3   -7  -13  -12    6  -14  -11    1
    1    2   12    1    3    3    3    1      1741  -16   -5   -3   10   -4  -13   12   -1    6    6    3   -7  -11  -11   11   -4  -11    1
    1    2   13    1    2    5    2    1      1385    8   -6   16   -5    9   -2   -8    2    7  -13    3  -15  -12    4    5  -14   -5    3
    1    2   14    1    2    2    1    0      1859    5   -4   13   -7   19    0   -8   13    7  -12    1  -17  -10    4    4  -13  -10   -6
    1    2   15    1    2    3    2    1      1995    5   -5   15   -8   21   -9   -5    4   11  -12    2  -13  -12    3    4  -15    2   -2
    1    3    1    1    2    4    3    0      1837   13    7   15   -9    9   -4   -8    2    8  -11    1  -16  -12    3    6  -16    0   -3
    1    3    2    1    1    4    1    1       677   -1  -11   13    7    6  -12   14  -11   10    0   13   15    7    8  -18  -11   16    7
    1    3    3    1    2    5    3    0      1547    8   -6   16   -5    9   -2   -8    2    7  -13    3  -15  -12    4    5  -14   -5    3
    1    3    4    1    2    1    3    0      1326   -5   -5   12   -8    8    4   -7    9   13  -14    4  -16  -11    6    3  -14    1   -1
    1    3    5    1    1    3    1    1       683   -1  -15   17   13    8  -16   11   -9   10    0   15   15   15    6   -9   -5    9    2
    1    3    6    1    3    3    2    0      2593  -16   -5   -3   10   -4  -13   12   -1    6    6    3   -7  -11  -11   11   -4  -11    1
    1    3    7    1    3    2    2    0      1771   -6    4   -1    7   -5  -11    1   -5    4    9   -6    0  -13  -14    7  -10   -9    3
    1    3    8    1    1    5    1    1       598   -2  -14   14   13    4  -13   11  -10    7    4   14   10   14    5  -11   -3   11    0
    1    3    9    1    3    1    3    1      1535  -13   -1   -1   11  -10  -22    3   -3    5    9    4  -10  -22   -5    6  -13  -14   -5
    1    3   10    1    1    2    1    1       803   -2  -14   14   13   14  -20   12   -9   18   -1   13   15   12    8  -10   -3   19    8
    1    3   11    1    2    3    2    1      1732    5   -5   15   -8   21   -9   -5    4   11  -12    2  -13  -12    3    4  -15    2   -2
    1    3   12    1    3    4    1    0      4224  -13   -8    1   -2   -9  -13    4   -5    4   10    3   -7  -13  -12    6  -14  -11    1
    1    3   13    1    1    1    1    1       649   -4  -14   16   14    4  -12   13   -8    9    1   10   16   12    6   -8   -4   12   -2
    1    3   14    1    3    5    3    1      1152  -15   -5   -1   10   -4  -10    4   -4    3   -2   -1  -13  -21  -19   13   -7   -8    3
    1    3   15    1    2    2    3    0      1683    5   -4   13   -7   19    0   -8   13    7  -12    1  -17  -10    4    4  -13  -10   -6
    1    4    1    1    1    1    1    1       705   -4  -14   16   14    4  -12   13   -8    9    1   10   16   12    6   -8   -4   12   -2
    1    4    2    1    2    4    3    0       950   13    7   15   -9    9   -4   -8    2    8  -11    1  -16  -12    3    6  -16    0   -3
    1    4    3    1    2    1    2    1      1490   -5   -5   12   -8    8    4   -7    9   13  -14    4  -16  -11    6    3  -14    1   -1
    1    4    4    1    2    2    2    1      2440    5   -4   13   -7   19    0   -8   13    7  -12    1  -17  -10    4    4  -13  -10   -6
    1    4    5    1    1    3    1    1       648   -1  -15   17   13    8  -16   11   -9   10    0   15   15   15    6   -9   -5    9    2
    1    4    6    1    1    4    1    1      1215   -1  -11   13    7    6  -12   14  -11   10    0   13   15    7    8  -18  -11   16    7
    1    4    7    1    3    1    3    1       912  -13   -1   -1   11  -10  -22    3   -3    5    9    4  -10  -22   -5    6  -13  -14   -5
    1    4    8    1    3    5    3    1      1485  -15   -5   -1   10   -4  -10    4   -4    3   -2   -1  -13  -21  -19   13   -7   -8    3
    1    4    9    1    1    5    1    1       867   -2  -14   14   13    4  -13   11  -10    7    4   14   10   14    5  -11   -3   11    0
    1    4   10    1    2    5    2    1      1921    8   -6   16   -5    9   -2   -8    2    7  -13    3  -15  -12    4    5  -14   -5    3
    1    4   11    1    3    2    2    0      1190   -6    4   -1    7   -5  -11    1   -5    4    9   -6    0  -13  -14    7  -10   -9    3
    1    4   12    1    3    4    3    1      1672  -13   -8    1   -2   -9  -13    4   -5    4   10    3   -7  -13  -12    6  -14  -11    1
    1    4   13    1    3    3    3    1      1095  -16   -5   -3   10   -4  -13   12   -1    6    6    3   -7  -11  -11   11   -4  -11    1
    1    4   14    1    2    3    2    1      1388    5   -5   15   -8   21   -9   -5    4   11  -12    2  -13  -12    3    4  -15    2   -2
    1    4   15    1    1    2    1    1       550   -2  -14   14   13   14  -20   12   -9   18   -1   13   15   12    8  -10   -3   19    8
    1    5    1    1    3    2    2    0      2914   -6    4   -1    7   -5  -11    1   -5    4    9   -6    0  -13  -14    7  -10   -9    3
    1    5    2    1    1    4    1    1       718   -1  -11   13    7    6  -12   14  -11   10    0   13   15    7    8  -18  -11   16    7
    1    5    3    1    3    4    3    1      1107  -13   -8    1   -2   -9  -13    4   -5    4   10    3   -7  -13  -12    6  -14  -11    1
    1    5    4    1    2    1    2    1      1272   -5   -5   12   -8    8    4   -7    9   13  -14    4  -16  -11    6    3  -14    1   -1
    1    5    5    1    1    1    1    1       631   -4  -14   16   14    4  -12   13   -8    9    1   10   16   12    6   -8   -4   12   -2
    1    5    6    1    1    3    1    1       687   -1  -15   17   13    8  -16   11   -9   10    0   15   15   15    6   -9   -5    9    2
    1    5    7    1    2    4    2    1      1157   13    7   15   -9    9   -4   -8    2    8  -11    1  -16  -12    3    6  -16    0   -3
    1    5    8    1    2    3    2    1      1368    5   -5   15   -8   21   -9   -5    4   11  -12    2  -13  -12    3    4  -15    2   -2
    1    5    9    1    1    2    1    1       643   -2  -14   14   13   14  -20   12   -9   18   -1   13   15   12    8  -10   -3   19    8
    1    5   10    1    3    3    3    1      1067  -16   -5   -3   10   -4  -13   12   -1    6    6    3   -7  -11  -11   11   -4  -11    1
    1    5   11    1    3    5    2    0      1105  -15   -5   -1   10   -4  -10    4   -4    3   -2   -1  -13  -21  -19   13   -7   -8    3
    1    5   12    1    3    1    3    1      1271  -13   -1   -1   11  -10  -22    3   -3    5    9    4  -10  -22   -5    6  -13  -14   -5
    1    5   13    1    2    5    3    0      1621    8   -6   16   -5    9   -2   -8    2    7  -13    3  -15  -12    4    5  -14   -5    3
    1    5   14    1    1    5    1    1       678   -2  -14   14   13    4  -13   11  -10    7    4   14   10   14    5  -11   -3   11    0
    1    5   15    1    2    2    3    0      1708    5   -4   13   -7   19    0   -8   13    7  -12    1  -17  -10    4    4  -13  -10   -6
    1    6    1    1    2    2    2    1      1274    5   -4   13   -7   19    0   -8   13    7  -12    1  -17  -10    4    4  -13  -10   -6
    1    6    2    1    3    2    2    0       840   -6    4   -1    7   -5  -11    1   -5    4    9   -6    0  -13  -14    7  -10   -9    3
    1    6    3    1    1    5    1    1       728   -2  -14   14   13    4  -13   11  -10    7    4   14   10   14    5  -11   -3   11    0
    1    6    4    1    1    1    1    1       765   -4  -14   16   14    4  -12   13   -8    9    1   10   16   12    6   -8   -4   12   -2
    1    6    5    1    3    4    3    1      2751  -13   -8    1   -2   -9  -13    4   -5    4   10    3   -7  -13  -12    6  -14  -11    1
    1    6    6    1    3    1    3    1      1155  -13   -1   -1   11  -10  -22    3   -3    5    9    4  -10  -22   -5    6  -13  -14   -5
    1    6    7    1    3    5    2    0       982  -15   -5   -1   10   -4  -10    4   -4    3   -2   -1  -13  -21  -19   13   -7   -8    3
    1    6    8    1    2    3    2    1       704    5   -5   15   -8   21   -9   -5    4   11  -12    2  -13  -12    3    4  -15    2   -2
    1    6    9    1    2    5    2    1      1381    8   -6   16   -5    9   -2   -8    2    7  -13    3  -15  -12    4    5  -14   -5    3
    1    6   10    1    1    2    1    1       607   -2  -14   14   13   14  -20   12   -9   18   -1   13   15   12    8  -10   -3   19    8
    1    6   11    1    2    4    3    0       793   13    7   15   -9    9   -4   -8    2    8  -11    1  -16  -12    3    6  -16    0   -3
    1    6   12    1    1    4    1    1       811   -1  -11   13    7    6  -12   14  -11   10    0   13   15    7    8  -18  -11   16    7
    1    6   13    1    3    3    3    1      1372  -16   -5   -3   10   -4  -13   12   -1    6    6    3   -7  -11  -11   11   -4  -11    1
    1    6   14    1    1    3    1    1       678   -1  -15   17   13    8  -16   11   -9   10    0   15   15   15    6   -9   -5    9    2
    1    6   15    1    2    1    3    0      1341   -5   -5   12   -8    8    4   -7    9   13  -14    4  -16  -11    6    3  -14    1   -1
    1    7    1    1    2    3    2    1      1241    5   -5   15   -8   21   -9   -5    4   11  -12    2  -13  -12    3    4  -15    2   -2
    1    7    2    1    2    2    3    0       953    5   -4   13   -7   19    0   -8   13    7  -12    1  -17  -10    4    4  -13  -10   -6
    1    7    3    1    3    3    2    0       660  -16   -5   -3   10   -4  -13   12   -1    6    6    3   -7  -11  -11   11   -4  -11    1
    1    7    4    1    1    2    1    1       683   -2  -14   14   13   14  -20   12   -9   18   -1   13   15   12    8  -10   -3   19    8
    1    7    5    1    1    3    1    1       609   -1  -15   17   13    8  -16   11   -9   10    0   15   15   15    6   -9   -5    9    2
    1    7    6    1    3    1    3    1      1851  -13   -1   -1   11  -10  -22    3   -3    5    9    4  -10  -22   -5    6  -13  -14   -5
    1    7    7    1    2    4    2    1      2530   13    7   15   -9    9   -4   -8    2    8  -11    1  -16  -12    3    6  -16    0   -3
    1    7    8    1    1    1    1    1       686   -4  -14   16   14    4  -12   13   -8    9    1   10   16   12    6   -8   -4   12   -2
    1    7    9    1    3    2    2    0      1316   -6    4   -1    7   -5  -11    1   -5    4    9   -6    0  -13  -14    7  -10   -9    3
    1    7   10    1    2    1    3    0      1168   -5   -5   12   -8    8    4   -7    9   13  -14    4  -16  -11    6    3  -14    1   -1
    1    7   11    1    3    4    3    1      1603  -13   -8    1   -2   -9  -13    4   -5    4   10    3   -7  -13  -12    6  -14  -11    1
    1    7   12    1    1    4    1    1       660   -1  -11   13    7    6  -12   14  -11   10    0   13   15    7    8  -18  -11   16    7
    1    7   13    1    3    5    2    0       700  -15   -5   -1   10   -4  -10    4   -4    3   -2   -1  -13  -21  -19   13   -7   -8    3
    1    7   14    1    2    5    3    0      1025    8   -6   16   -5    9   -2   -8    2    7  -13    3  -15  -12    4    5  -14   -5    3
    1    7   15    1    1    5    1    1       746   -2  -14   14   13    4  -13   11  -10    7    4   14   10   14    5  -11   -3   11    0
    1    8    1    1    3    2    2    0      1342   -6    4   -1    7   -5  -11    1   -5    4    9   -6    0  -13  -14    7  -10   -9    3
    1    8    2    1    2    3    2    1       985    5   -5   15   -8   21   -9   -5    4   11  -12    2  -13  -12    3    4  -15    2   -2
    1    8    3    1    1    5    1    1       659   -2  -14   14   13    4  -13   11  -10    7    4   14   10   14    5  -11   -3   11    0
    1    8    4    1    3    3    3    1      1099  -16   -5   -3   10   -4  -13   12   -1    6    6    3   -7  -11  -11   11   -4  -11    1
    1    8    5    1    2    1    3    0       640   -5   -5   12   -8    8    4   -7    9   13  -14    4  -16  -11    6    3  -14    1   -1
    1    8    6    1    1    1    1    1       728   -4  -14   16   14    4  -12   13   -8    9    1   10   16   12    6   -8   -4   12   -2
    1    8    7    1    3    1    2    0       797  -13   -1   -1   11  -10  -22    3   -3    5    9    4  -10  -22   -5    6  -13  -14   -5
    1    8    8    1    2    2    2    1       542    5   -4   13   -7   19    0   -8   13    7  -12    1  -17  -10    4    4  -13  -10   -6
    1    8    9    1    1    3    1    1       586   -1  -15   17   13    8  -16   11   -9   10    0   15   15   15    6   -9   -5    9    2
    1    8   10    1    1    4    1    1       916   -1  -11   13    7    6  -12   14  -11   10    0   13   15    7    8  -18  -11   16    7
    1    8   11    1    2    5    3    0       832    8   -6   16   -5    9   -2   -8    2    7  -13    3  -15  -12    4    5  -14   -5    3
    1    8   12    1    2    4    3    0       928   13    7   15   -9    9   -4   -8    2    8  -11    1  -16  -12    3    6  -16    0   -3
    1    8   13    1    1    2    1    1       685   -2  -14   14   13   14  -20   12   -9   18   -1   13   15   12    8  -10   -3   19    8
    1    8   14    1    3    4    2    0       819  -13   -8    1   -2   -9  -13    4   -5    4   10    3   -7  -13  -12    6  -14  -11    1
    1    8   15    1    3    5    3    1       692  -15   -5   -1   10   -4  -10    4   -4    3   -2   -1  -13  -21  -19   13   -7   -8    3
    1    9    1    1    2    1    3    0      1066   -5   -5   12   -8    8    4   -7    9   13  -14    4  -16  -11    6    3  -14    1   -1
    1    9    2    1    1    4    1    1       624   -1  -11   13    7    6  -12   14  -11   10    0   13   15    7    8  -18  -11   16    7
    1    9    3    1    2    3    2    1       857    5   -5   15   -8   21   -9   -5    4   11  -12    2  -13  -12    3    4  -15    2   -2
    1    9    4    1    2    4    2    1       792   13    7   15   -9    9   -4   -8    2    8  -11    1  -16  -12    3    6  -16    0   -3
    1    9    5    1    1    2    1    1       730   -2  -14   14   13   14  -20   12   -9   18   -1   13   15   12    8  -10   -3   19    8
    1    9    6    1    3    5    2    0      1134  -15   -5   -1   10   -4  -10    4   -4    3   -2   -1  -13  -21  -19   13   -7   -8    3
    1    9    7    1    3    3    3    1      1042  -16   -5   -3   10   -4  -13   12   -1    6    6    3   -7  -11  -11   11   -4  -11    1
    1    9    8    1    1    1    1    1       762   -4  -14   16   14    4  -12   13   -8    9    1   10   16   12    6   -8   -4   12   -2
    1    9    9    1    1    5    1    1       957   -2  -14   14   13    4  -13   11  -10    7    4   14   10   14    5  -11   -3   11    0
    1    9   10    1    2    5    2    1       840    8   -6   16   -5    9   -2   -8    2    7  -13    3  -15  -12    4    5  -14   -5    3
    1    9   11    1    3    4    3    1       776  -13   -8    1   -2   -9  -13    4   -5    4   10    3   -7  -13  -12    6  -14  -11    1
    1    9   12    1    1    3    1    1       779   -1  -15   17   13    8  -16   11   -9   10    0   15   15   15    6   -9   -5    9    2
    1    9   13    1    2    2    2    1       606    5   -4   13   -7   19    0   -8   13    7  -12    1  -17  -10    4    4  -13  -10   -6
    1    9   14    1    3    1    3    1       791  -13   -1   -1   11  -10  -22    3   -3    5    9    4  -10  -22   -5    6  -13  -14   -5
    1    9   15    1    3    2    3    1      1977   -6    4   -1    7   -5  -11    1   -5    4    9   -6    0  -13  -14    7  -10   -9    3
    1   10    1    1    2    3    2    1      1532    5   -5   15   -8   21   -9   -5    4   11  -12    2  -13  -12    3    4  -15    2   -2
    1   10    2    1    3    3    3    1      1247  -16   -5   -3   10   -4  -13   12   -1    6    6    3   -7  -11  -11   11   -4  -11    1
    1   10    3    1    3    5    3    1      1167  -15   -5   -1   10   -4  -10    4   -4    3   -2   -1  -13  -21  -19   13   -7   -8    3
    1   10    4    1    1    2    1    1       865   -2  -14   14   13   14  -20   12   -9   18   -1   13   15   12    8  -10   -3   19    8
    1   10    5    1    1    4    1    1       800   -1  -11   13    7    6  -12   14  -11   10    0   13   15    7    8  -18  -11   16    7
    1   10    6    1    3    2    3    1      1009   -6    4   -1    7   -5  -11    1   -5    4    9   -6    0  -13  -14    7  -10   -9    3
    1   10    7    1    2    1    2    1       731   -5   -5   12   -8    8    4   -7    9   13  -14    4  -16  -11    6    3  -14    1   -1
    1   10    8    1    2    4    3    0      1294   13    7   15   -9    9   -4   -8    2    8  -11    1  -16  -12    3    6  -16    0   -3
    1   10    9    1    2    5    2    1      1100    8   -6   16   -5    9   -2   -8    2    7  -13    3  -15  -12    4    5  -14   -5    3
    1   10   10    1    1    5    1    1       674   -2  -14   14   13    4  -13   11  -10    7    4   14   10   14    5  -11   -3   11    0
    1   10   11    1    2    2    2    1      1704    5   -4   13   -7   19    0   -8   13    7  -12    1  -17  -10    4    4  -13  -10   -6
    1   10   12    1    3    1    3    1      1014  -13   -1   -1   11  -10  -22    3   -3    5    9    4  -10  -22   -5    6  -13  -14   -5
    1   10   13    1    3    4    3    1      1454  -13   -8    1   -2   -9  -13    4   -5    4   10    3   -7  -13  -12    6  -14  -11    1
    1   10   14    1    1    1    1    1       838   -4  -14   16   14    4  -12   13   -8    9    1   10   16   12    6   -8   -4   12   -2
    1   10   15    1    1    3    1    1       726   -1  -15   17   13    8  -16   11   -9   10    0   15   15   15    6   -9   -5    9    2
    1   11    1    1    3    5    3    1      1994  -15   -5   -1   10   -4  -10    4   -4    3   -2   -1  -13  -21  -19   13   -7   -8    3
    1   11    2    1    1    4    1    1      1084   -1  -11   13    7    6  -12   14  -11   10    0   13   15    7    8  -18  -11   16    7
    1   11    3    1    1    5    1    1       882   -2  -14   14   13    4  -13   11  -10    7    4   14   10   14    5  -11   -3   11    0
    1   11    4    1    1    3    1    1       944   -1  -15   17   13    8  -16   11   -9   10    0   15   15   15    6   -9   -5    9    2
    1   11    5    1    3    1    3    1      1276  -13   -1   -1   11  -10  -22    3   -3    5    9    4  -10  -22   -5    6  -13  -14   -5
    1   11    6    1    1    1    1    1       763   -4  -14   16   14    4  -12   13   -8    9    1   10   16   12    6   -8   -4   12   -2
    1   11    7    1    2    3    2    1       910    5   -5   15   -8   21   -9   -5    4   11  -12    2  -13  -12    3    4  -15    2   -2
    1   11    8    1    2    5    2    1       843    8   -6   16   -5    9   -2   -8    2    7  -13    3  -15  -12    4    5  -14   -5    3
    1   11    9    1    3    3    3    1      1035  -16   -5   -3   10   -4  -13   12   -1    6    6    3   -7  -11  -11   11   -4  -11    1
    1   11   10    1    3    4    3    1      1155  -13   -8    1   -2   -9  -13    4   -5    4   10    3   -7  -13  -12    6  -14  -11    1
    1   11   11    1    2    2    3    0      1446    5   -4   13   -7   19    0   -8   13    7  -12    1  -17  -10    4    4  -13  -10   -6
    1   11   12    1    3    2    3    1      1278   -6    4   -1    7   -5  -11    1   -5    4    9   -6    0  -13  -14    7  -10   -9    3
    1   11   13    1    2    4    2    1      1676   13    7   15   -9    9   -4   -8    2    8  -11    1  -16  -12    3    6  -16    0   -3
    1   11   14    1    2    1    2    1      1083   -5   -5   12   -8    8    4   -7    9   13  -14    4  -16  -11    6    3  -14    1   -1
    1   11   15    1    1    2    1    1       897   -2  -14   14   13   14  -20   12   -9   18   -1   13   15   12    8  -10   -3   19    8
    1   12    1    1    1    1    1    1       798   -4  -14   16   14    4  -12   13   -8    9    1   10   16   12    6   -8   -4   12   -2
    1   12    2    1    3    2    3    1      1807   -6    4   -1    7   -5  -11    1   -5    4    9   -6    0  -13  -14    7  -10   -9    3
    1   12    3    1    2    4    2    1      1001   13    7   15   -9    9   -4   -8    2    8  -11    1  -16  -12    3    6  -16    0   -3
    1   12    4    1    2    5    2    1       898    8   -6   16   -5    9   -2   -8    2    7  -13    3  -15  -12    4    5  -14   -5    3
    1   12    5    1    2    2    3    0      1743    5   -4   13   -7   19    0   -8   13    7  -12    1  -17  -10    4    4  -13  -10   -6
    1   12    6    1    1    5    1    1       875   -2  -14   14   13    4  -13   11  -10    7    4   14   10   14    5  -11   -3   11    0
    1   12    7    1    1    3    1    1       906   -1  -15   17   13    8  -16   11   -9   10    0   15   15   15    6   -9   -5    9    2
    1   12    8    1    1    2    1    1       631   -2  -14   14   13   14  -20   12   -9   18   -1   13   15   12    8  -10   -3   19    8
    1   12    9    1    3    5    3    1      1951  -15   -5   -1   10   -4  -10    4   -4    3   -2   -1  -13  -21  -19   13   -7   -8    3
    1   12   10    1    3    1    3    1      1202  -13   -1   -1   11  -10  -22    3   -3    5    9    4  -10  -22   -5    6  -13  -14   -5
    1   12   11    1    2    1    2    1      2212   -5   -5   12   -8    8    4   -7    9   13  -14    4  -16  -11    6    3  -14    1   -1
    1   12   12    1    2    3    2    1       733    5   -5   15   -8   21   -9   -5    4   11  -12    2  -13  -12    3    4  -15    2   -2
    1   12   13    1    3    3    2    0      1217  -16   -5   -3   10   -4  -13   12   -1    6    6    3   -7  -11  -11   11   -4  -11    1
    1   12   14    1    3    4    3    1      1474  -13   -8    1   -2   -9  -13    4   -5    4   10    3   -7  -13  -12    6  -14  -11    1
    1   12   15    1    1    4    1    1       840   -1  -11   13    7    6  -12   14  -11   10    0   13   15    7    8  -18  -11   16    7
    1   13    1    1    3    5    3    1      2008  -15   -5   -1   10   -4  -10    4   -4    3   -2   -1  -13  -21  -19   13   -7   -8    3
    1   13    2    1    1    3    1    1       745   -1  -15   17   13    8  -16   11   -9   10    0   15   15   15    6   -9   -5    9    2
    1   13    3    1    3    4    3    1      1613  -13   -8    1   -2   -9  -13    4   -5    4   10    3   -7  -13  -12    6  -14  -11    1
    1   13    4    1    1    4    1    1       750   -1  -11   13    7    6  -12   14  -11   10    0   13   15    7    8  -18  -11   16    7
    1   13    5    1    2    3    2    1      1265    5   -5   15   -8   21   -9   -5    4   11  -12    2  -13  -12    3    4  -15    2   -2
    1   13    6    1    3    2    3    1      1264   -6    4   -1    7   -5  -11    1   -5    4    9   -6    0  -13  -14    7  -10   -9    3
    1   13    7    1    3    1    3    1      1550  -13   -1   -1   11  -10  -22    3   -3    5    9    4  -10  -22   -5    6  -13  -14   -5
    1   13    8    1    2    1    3    0      1986   -5   -5   12   -8    8    4   -7    9   13  -14    4  -16  -11    6    3  -14    1   -1
    1   13    9    1    2    2    2    1      2308    5   -4   13   -7   19    0   -8   13    7  -12    1  -17  -10    4    4  -13  -10   -6
    1   13   10    1    1    5    1    1       729   -2  -14   14   13    4  -13   11  -10    7    4   14   10   14    5  -11   -3   11    0
    1   13   11    1    1    1    1    1       718   -4  -14   16   14    4  -12   13   -8    9    1   10   16   12    6   -8   -4   12   -2
    1   13   12    1    3    3    2    0      2178  -16   -5   -3   10   -4  -13   12   -1    6    6    3   -7  -11  -11   11   -4  -11    1
    1   13   13    1    2    4    2    1      1245   13    7   15   -9    9   -4   -8    2    8  -11    1  -16  -12    3    6  -16    0   -3
    1   13   14    1    1    2    1    1       749   -2  -14   14   13   14  -20   12   -9   18   -1   13   15   12    8  -10   -3   19    8
    1   13   15    1    2    5    1    0       704    8   -6   16   -5    9   -2   -8    2    7  -13    3  -15  -12    4    5  -14   -5    3
    1   14    1    1    1    3    1    1       981   -1  -15   17   13    8  -16   11   -9   10    0   15   15   15    6   -9   -5    9    2
    1   14    2    1    2    1    2    1      2111   -5   -5   12   -8    8    4   -7    9   13  -14    4  -16  -11    6    3  -14    1   -1
    1   14    3    1    2    2    2    1      1676    5   -4   13   -7   19    0   -8   13    7  -12    1  -17  -10    4    4  -13  -10   -6
    1   14    4    1    3    5    3    1      1291  -15   -5   -1   10   -4  -10    4   -4    3   -2   -1  -13  -21  -19   13   -7   -8    3
    1   14    5    1    2    4    2    1       745   13    7   15   -9    9   -4   -8    2    8  -11    1  -16  -12    3    6  -16    0   -3
    1   14    6    1    1    4    1    1       397   -1  -11   13    7    6  -12   14  -11   10    0   13   15    7    8  -18  -11   16    7
    1   14    7    1    2    5    2    1       926    8   -6   16   -5    9   -2   -8    2    7  -13    3  -15  -12    4    5  -14   -5    3
    1   14    8    1    1    1    1    1       955   -4  -14   16   14    4  -12   13   -8    9    1   10   16   12    6   -8   -4   12   -2
    1   14    9    1    1    2    1    1      1014   -2  -14   14   13   14  -20   12   -9   18   -1   13   15   12    8  -10   -3   19    8
    1   14   10    1    2    3    2    1       831    5   -5   15   -8   21   -9   -5    4   11  -12    2  -13  -12    3    4  -15    2   -2
    1   14   11    1    3    3    3    1       879  -16   -5   -3   10   -4  -13   12   -1    6    6    3   -7  -11  -11   11   -4  -11    1
    1   14   12    1    3    4    3    1      1149  -13   -8    1   -2   -9  -13    4   -5    4   10    3   -7  -13  -12    6  -14  -11    1
    1   14   13    1    3    1    3    1       961  -13   -1   -1   11  -10  -22    3   -3    5    9    4  -10  -22   -5    6  -13  -14   -5
    1   14   14    1    1    5    1    1       812   -2  -14   14   13    4  -13   11  -10    7    4   14   10   14    5  -11   -3   11    0
    1   14   15    1    3    2    3    1      1149   -6    4   -1    7   -5  -11    1   -5    4    9   -6    0  -13  -14    7  -10   -9    3
    1   15    1    1    1    4    1    1       721   -1  -11   13    7    6  -12   14  -11   10    0   13   15    7    8  -18  -11   16    7
    1   15    2    1    3    2    3    1      1125   -6    4   -1    7   -5  -11    1   -5    4    9   -6    0  -13  -14    7  -10   -9    3
    1   15    3    1    2    3    2    1       810    5   -5   15   -8   21   -9   -5    4   11  -12    2  -13  -12    3    4  -15    2   -2
    1   15    4    1    3    5    3    1      1483  -15   -5   -1   10   -4  -10    4   -4    3   -2   -1  -13  -21  -19   13   -7   -8    3
    1   15    5    1    1    2    1    1       737   -2  -14   14   13   14  -20   12   -9   18   -1   13   15   12    8  -10   -3   19    8
    1   15    6    1    1    3    1    1       773   -1  -15   17   13    8  -16   11   -9   10    0   15   15   15    6   -9   -5    9    2
    1   15    7    1    2    1    2    1       824   -5   -5   12   -8    8    4   -7    9   13  -14    4  -16  -11    6    3  -14    1   -1
    1   15    8    1    2    2    2    1      1336    5   -4   13   -7   19    0   -8   13    7  -12    1  -17  -10    4    4  -13  -10   -6
    1   15    9    1    3    1    3    1       884  -13   -1   -1   11  -10  -22    3   -3    5    9    4  -10  -22   -5    6  -13  -14   -5
    1   15   10    1    3    3    3    1      2722  -16   -5   -3   10   -4  -13   12   -1    6    6    3   -7  -11  -11   11   -4  -11    1
    1   15   11    1    2    5    2    1       823    8   -6   16   -5    9   -2   -8    2    7  -13    3  -15  -12    4    5  -14   -5    3
    1   15   12    1    2    4    2    1       903   13    7   15   -9    9   -4   -8    2    8  -11    1  -16  -12    3    6  -16    0   -3
    1   15   13    1    1    5    1    1       773   -2  -14   14   13    4  -13   11  -10    7    4   14   10   14    5  -11   -3   11    0
    1   15   14    1    1    1    1    1       871   -4  -14   16   14    4  -12   13   -8    9    1   10   16   12    6   -8   -4   12   -2
    1   15   15    1    3    4    3    1      1478  -13   -8    1   -2   -9  -13    4   -5    4   10    3   -7  -13  -12    6  -14  -11    1
    2    1    1    4    1    1    2    1      3518    0  -11   19    7    6  -13   16   -8    9    4   13   10   18   11   -8   -4   14    0
    2    1    2    2    3    0    2    1      2675  -15   -6   -2    8   -4  -12    3   -4    6    8    2   -8  -12  -13    5  -12   -9    2
    2    1    3    1    3    2    2    0      4010   -6    4   -1    7   -5  -11    1   -5    4    9   -6    0  -13  -14    7  -10   -9    3
    2    1    4    1    1    5    1    1      2299   -2  -14   14   13    4  -13   11  -10    7    4   14   10   14    5  -11   -3   11    0
    2    1    5    6    0    0    2    1      1456   14    3   -3    2   10   11    9    1    7   17    5  -14   -1   -5  -10    2   -9  -10
    2    1    6    1    1    4    1    1      2503   -1  -11   13    7    6  -12   14  -11   10    0   13   15    7    8  -18  -11   16    7
    2    1    7    1    3    3    1    1      1989  -16   -5   -3   10   -4  -13   12   -1    6    6    3   -7  -11  -11   11   -4  -11    1
    2    1    8    6    0    0    2    1      1207   10    8    6    6    1   -2    5   15    2    3   16  -13    4  -10    1  -11  -16   -6
    2    1    9    4    2    3    2    1      1192    3   -3   14   -4   10   -3   -4   -5    9  -13    4  -15  -10    4    6  -14   -2   -2
    2    1   10    4    2    4    2    1      1338    5   -2   13   -9   12   -5   -3    0    7  -11    1   -9  -10    5    0  -20   -9    7
    2    1   11    1    2    4    1    1      1990   13    7   15   -9    9   -4   -8    2    8  -11    1  -16  -12    3    6  -16    0   -3
    2    1   12    6    0    0    2    1       984   -5  -20   13   13    8    1   -9  -15    6    9   -2   11   -4  -11    7    3   -6   13
    2    1   13    4    2    2    2    1      1138    3   -7   18  -16   13   -2   -9    4    9  -13   -1  -18  -13    5    4  -14    0    0
    2    1   14    4    2    5    2    1      1606    5   -5    7  -12   16    6   -6    3   10   -5    3  -14  -21    8    6  -16   -1   -2
    2    1   15    1    2    1    1    1      1431   -5   -5   12   -8    8    4   -7    9   13  -14    4  -16  -11    6    3  -14    1   -1
    2    1   16    6    0    0    2    1      1423    8    2    6    5    5   -5    3   12    4    4   16  -15    7   -7   -4   -7  -11   -6
    2    1   17    4    1    3    2    1      2184   -4  -11   14   13   10  -10   12  -12    3    2   15   16   12    9   -9   -2   13   -1
    2    1   18    4    1    4    2    1      1666   -2  -14   14   10    6  -12    3   -5   11    9   16   14   15    8  -10   -4   16   -1
    2    1   19    6    0    0    2    1      2000    4   -9   -1   13   14   -8  -10  -13    7    9   -1   10   -7   -7    7    0   -7   15
    2    1   20    1    3    4    1    1      1953  -13   -8    1   -2   -9  -13    4   -5    4   10    3   -7  -13  -12    6  -14  -11    1
    2    1   21    1    1    2    1    1      1285   -2  -14   14   13   14  -20   12   -9   18   -1   13   15   12    8  -10   -3   19    8
    2    1   22    2    2    0    2    1      1315    5   -3   14   -7   11   -3   -7    4    8  -13    2  -14  -11    4    5  -15    0   -1
    2    1   23    4    1    2    2    1      1919   -3  -12   14   11    6   -5   14  -13    7    3    8   22   12    8  -11   -4    8   -9
    2    1   24    4    3    3    1    0      5748  -20   -6    0    6  -12  -10    4   -3    5    9    1  -16   -8  -16    7  -13   -9    1
    2    1   25    1    2    3    1    1      4607    5   -5   15   -8   21   -9   -5    4   11  -12    2  -13  -12    3    4  -15    2   -2
    2    1   26    4    2    1    2    1      1368    5   -4   16  -10   13   -8   -8    4    7  -11    3  -12  -11    5    3  -17   -4   -9
    2    1   27    4    1    5    2    1      2499   -1  -15   13   11    5  -11   11  -10   11    3   12   17   14    5  -11   -4   10   -5
    2    1   28    4    3    2    1    0      2656  -17   -5   -2    9   -3  -12    1   -3    6    9    6   -3  -13  -15    0   -7   -7    4
    2    1   29    4    3    4    2    1      2551  -16   -6   -2    7   -2  -13    4   -2    6    9    1   -9  -14  -13    4  -11  -10    3
    2    1   30    1    2    5    1    1      1586    8   -6   16   -5    9   -2   -8    2    7  -13    3  -15  -12    4    5  -14   -5    3
    2    1   31    2    1    0    1    0      1188   -2  -13   15   12    5  -12   13  -10    8    2   14   15   14    7   -9   -3   12   -1
    2    1   32    6    0    0    2    1      1031   12    9   -5    1    9    9   13    6   10   15   14   -4   -1   -5  -12    5  -16   -4
    2    1   33    1    1    3    1    1      1982   -1  -15   17   13    8  -16   11   -9   10    0   15   15   15    6   -9   -5    9    2
    2    1   34    1    1    1    1    1      1744   -4  -14   16   14    4  -12   13   -8    9    1   10   16   12    6   -8   -4   12   -2
    2    1   35    1    2    2    1    1      1884    5   -4   13   -7   19    0   -8   13    7  -12    1  -17  -10    4    4  -13  -10   -6
    2    1   36    4    3    5    2    1       802  -16   -4  -10   12   -4  -10    2   -2    6    9    1  -10  -11  -13    3  -13  -11    4
    2    1   37    1    3    1    1    1      1636  -13   -1   -1   11  -10  -22    3   -3    5    9    4  -10  -22   -5    6  -13  -14   -5
    2    1   38    1    3    5    1    1      1380  -15   -5   -1   10   -4  -10    4   -4    3   -2   -1  -13  -21  -19   13   -7   -8    3
    2    1   39    4    3    1    2    1       973   -9  -14   -3    7   -4  -13    4   -5    8    9    1   -8  -12  -11    6  -10  -19    5
