    1    1    1    1    3    1    1    0     18966    1   -4    1   -1    3    0  -10   -8    1   -7  -13   22   -2    0   16   11    8    1
    1    1    2    1    3    4    2    0      4662    4   -6    2   -2   12   -4  -14  -10    1   -7   -8   14   -5    2   13   13   11   -2
    1    1    3    1    3    5    3    1      1694    0   -4   -5  -10    3   -3  -11  -11    4    2  -11   16   -4    1   12   11   11   -7
    1    1    4    1    1    5    1    1      3756    9  -14    1   19   14   -3   -2  -11   -3   16    4    5   -8   -7    6   13  -17   -3
    1    1    5    1    2    4    1    0      1784    0    3   -4    3   -7    1   -2   -3    4   -7    4   -1    5  -19   -4   14  -12    0
    1    1    6    1    3    3    3    1      4322    3   -4    1   -1    0   -5  -10  -10    2   -7  -17    8   -3    1   14   11   10    0
    1    1    7    1    2    3    1    0      7286    1    1    2   -4  -10   -2   -3   -2    3   -8   -2    4   -5   -9   -1   14   -6   -6
    1    1    8    1    2    2    2    1      3125   -3    4   -1    1   -5   -3    7    8    2   -6    1    2   -6   -9   -4   15  -10   -5
    1    1    9    1    1    4    2    0      1658    9  -13   -3   15   14    0   -3   -7    1   12    6    4   -5   -9    3   14  -13   -3
    1    1   10    1    1    3    1    1       889    8  -17   -7   17   14   -3   -3   -8   -2   14    5    3   -5   -7    3   14  -14   -2
    1    1   11    1    1    2    1    1      1191    8  -14   -8    7   11   -6   -5  -11    8    7    4    3  -10  -16    2   12  -12   -5
    1    1   12    1    1    1    1    1      2505   10  -16   -4   15    7   -3   -3  -11    0   13    7    0   -5   -7    9    8  -15   -5
    1    1   13    1    2    1    1    0      1207    4    3   -1    0   -4    0   -9    8    3   -6    1    2    2    0   -3   11   -9   -6
    1    1   14    1    2    5    2    1      1944    3    5   -4    3   -4    0   -3   -2    1   -9   -1    2   -6  -10   -5   12  -11   -2
    1    1   15    1    3    2    3    1      6700    1   -4   -6   -9    2   -1  -13   -9    2   -7  -11   16   -9    8   14    8    9    0
    1    2    1    1    2    1    2    1      1138    4    3   -1    0   -4    0   -9    8    3   -6    1    2    2    0   -3   11   -9   -6
    1    2    2    1    3    1    3    1      2790    1   -4    1   -1    3    0  -10   -8    1   -7  -13   22   -2    0   16   11    8    1
    1    2    3    1    1    2    1    1      3352    8  -14   -8    7   11   -6   -5  -11    8    7    4    3  -10  -16    2   12  -12   -5
    1    2    4    1    2    2    2    1      1299   -3    4   -1    1   -5   -3    7    8    2   -6    1    2   -6   -9   -4   15  -10   -5
    1    2    5    1    3    5    3    1      1233    0   -4   -5  -10    3   -3  -11  -11    4    2  -11   16   -4    1   12   11   11   -7
    1    2    6    1    3    2    3    1       753    1   -4   -6   -9    2   -1  -13   -9    2   -7  -11   16   -9    8   14    8    9    0
    1    2    7    1    2    3    1    0      1108    1    1    2   -4  -10   -2   -3   -2    3   -8   -2    4   -5   -9   -1   14   -6   -6
    1    2    8    1    3    4    3    1      1961    4   -6    2   -2   12   -4  -14  -10    1   -7   -8   14   -5    2   13   13   11   -2
    1    2    9    1    2    4    1    0      1581    0    3   -4    3   -7    1   -2   -3    4   -7    4   -1    5  -19   -4   14  -12    0
    1    2   10    1    3    3    3    1       959    3   -4    1   -1    0   -5  -10  -10    2   -7  -17    8   -3    1   14   11   10    0
    1    2   11    1    2    5    2    1      1034    3    5   -4    3   -4    0   -3   -2    1   -9   -1    2   -6  -10   -5   12  -11   -2
    1    2   12    1    1    3    1    1      2306    8  -17   -7   17   14   -3   -3   -8   -2   14    5    3   -5   -7    3   14  -14   -2
    1    2   13    1    1    5    1    1      1048    9  -14    1   19   14   -3   -2  -11   -3   16    4    5   -8   -7    6   13  -17   -3
    1    2   14    1    1    1    3    0      1855   10  -16   -4   15    7   -3   -3  -11    0   13    7    0   -5   -7    9    8  -15   -5
    1    2   15    1    1    4    2    0      1031    9  -13   -3   15   14    0   -3   -7    1   12    6    4   -5   -9    3   14  -13   -3
    1    3    1    1    3    3    3    1      2624    3   -4    1   -1    0   -5  -10  -10    2   -7  -17    8   -3    1   14   11   10    0
    1    3    2    1    2    1    2    1      1321    4    3   -1    0   -4    0   -9    8    3   -6    1    2    2    0   -3   11   -9   -6
    1    3    3    1    2    4    3    0      3765    0    3   -4    3   -7    1   -2   -3    4   -7    4   -1    5  -19   -4   14  -12    0
    1    3    4    1    3    5    1    0      3056    0   -4   -5  -10    3   -3  -11  -11    4    2  -11   16   -4    1   12   11   11   -7
    1    3    5    1    1    4    2    0      1095    9  -13   -3   15   14    0   -3   -7    1   12    6    4   -5   -9    3   14  -13   -3
    1    3    6    1    1    3    1    1      2045    8  -17   -7   17   14   -3   -3   -8   -2   14    5    3   -5   -7    3   14  -14   -2
    1    3    7    1    2    5    2    1      1390    3    5   -4    3   -4    0   -3   -2    1   -9   -1    2   -6  -10   -5   12  -11   -2
    1    3    8    1    1    5    3    0      2999    9  -14    1   19   14   -3   -2  -11   -3   16    4    5   -8   -7    6   13  -17   -3
    1    3    9    1    3    2    3    1      1153    1   -4   -6   -9    2   -1  -13   -9    2   -7  -11   16   -9    8   14    8    9    0
    1    3   10    1    1    2    1    1      1188    8  -14   -8    7   11   -6   -5  -11    8    7    4    3  -10  -16    2   12  -12   -5
    1    3   11    1    3    1    3    1      1366    1   -4    1   -1    3    0  -10   -8    1   -7  -13   22   -2    0   16   11    8    1
    1    3   12    1    2    2    1    0      2129   -3    4   -1    1   -5   -3    7    8    2   -6    1    2   -6   -9   -4   15  -10   -5
    1    3   13    1    3    4    3    1      1358    4   -6    2   -2   12   -4  -14  -10    1   -7   -8   14   -5    2   13   13   11   -2
    1    3   14    1    1    1    3    0       841   10  -16   -4   15    7   -3   -3  -11    0   13    7    0   -5   -7    9    8  -15   -5
    1    3   15    1    2    3    3    0      2441    1    1    2   -4  -10   -2   -3   -2    3   -8   -2    4   -5   -9   -1   14   -6   -6
    1    4    1    1    2    5    2    1      1018    3    5   -4    3   -4    0   -3   -2    1   -9   -1    2   -6  -10   -5   12  -11   -2
    1    4    2    1    3    2    3    1      1154    1   -4   -6   -9    2   -1  -13   -9    2   -7  -11   16   -9    8   14    8    9    0
    1    4    3    1    2    2    2    1      4853   -3    4   -1    1   -5   -3    7    8    2   -6    1    2   -6   -9   -4   15  -10   -5
    1    4    4    1    2    1    1    0      2085    4    3   -1    0   -4    0   -9    8    3   -6    1    2    2    0   -3   11   -9   -6
    1    4    5    1    1    1    3    0       611   10  -16   -4   15    7   -3   -3  -11    0   13    7    0   -5   -7    9    8  -15   -5
    1    4    6    1    3    4    3    1       957    4   -6    2   -2   12   -4  -14  -10    1   -7   -8   14   -5    2   13   13   11   -2
    1    4    7    1    1    4    1    1      4376    9  -13   -3   15   14    0   -3   -7    1   12    6    4   -5   -9    3   14  -13   -3
    1    4    8    1    1    2    2    0      4283    8  -14   -8    7   11   -6   -5  -11    8    7    4    3  -10  -16    2   12  -12   -5
    1    4    9    1    2    4    3    0      3633    0    3   -4    3   -7    1   -2   -3    4   -7    4   -1    5  -19   -4   14  -12    0
    1    4   10    1    3    5    3    1       897    0   -4   -5  -10    3   -3  -11  -11    4    2  -11   16   -4    1   12   11   11   -7
    1    4   11    1    2    3    1    0      3679    1    1    2   -4  -10   -2   -3   -2    3   -8   -2    4   -5   -9   -1   14   -6   -6
    1    4   12    1    3    3    2    0      1422    3   -4    1   -1    0   -5  -10  -10    2   -7  -17    8   -3    1   14   11   10    0
    1    4   13    1    3    1    3    1       807    1   -4    1   -1    3    0  -10   -8    1   -7  -13   22   -2    0   16   11    8    1
    1    4   14    1    1    5    2    0      1272    9  -14    1   19   14   -3   -2  -11   -3   16    4    5   -8   -7    6   13  -17   -3
    1    4   15    1    1    3    1    1      2615    8  -17   -7   17   14   -3   -3   -8   -2   14    5    3   -5   -7    3   14  -14   -2
    1    5    1    1    3    1    3    1       864    1   -4    1   -1    3    0  -10   -8    1   -7  -13   22   -2    0   16   11    8    1
    1    5    2    1    2    5    2    1      1007    3    5   -4    3   -4    0   -3   -2    1   -9   -1    2   -6  -10   -5   12  -11   -2
    1    5    3    1    1    3    3    0      2152    8  -17   -7   17   14   -3   -3   -8   -2   14    5    3   -5   -7    3   14  -14   -2
    1    5    4    1    2    1    2    1      1412    4    3   -1    0   -4    0   -9    8    3   -6    1    2    2    0   -3   11   -9   -6
    1    5    5    1    1    2    1    1      2429    8  -14   -8    7   11   -6   -5  -11    8    7    4    3  -10  -16    2   12  -12   -5
    1    5    6    1    2    3    2    1      1870    1    1    2   -4  -10   -2   -3   -2    3   -8   -2    4   -5   -9   -1   14   -6   -6
    1    5    7    1    3    2    2    0      1013    1   -4   -6   -9    2   -1  -13   -9    2   -7  -11   16   -9    8   14    8    9    0
    1    5    8    1    1    5    1    1      1710    9  -14    1   19   14   -3   -2  -11   -3   16    4    5   -8   -7    6   13  -17   -3
    1    5    9    1    3    3    1    0      3116    3   -4    1   -1    0   -5  -10  -10    2   -7  -17    8   -3    1   14   11   10    0
    1    5   10    1    3    5    3    1      1456    0   -4   -5  -10    3   -3  -11  -11    4    2  -11   16   -4    1   12   11   11   -7
    1    5   11    1    1    4    2    0      1128    9  -13   -3   15   14    0   -3   -7    1   12    6    4   -5   -9    3   14  -13   -3
    1    5   12    1    3    4    1    0      1052    4   -6    2   -2   12   -4  -14  -10    1   -7   -8   14   -5    2   13   13   11   -2
    1    5   13    1    1    1    3    0      1140   10  -16   -4   15    7   -3   -3  -11    0   13    7    0   -5   -7    9    8  -15   -5
    1    5   14    1    2    4    2    1      1224    0    3   -4    3   -7    1   -2   -3    4   -7    4   -1    5  -19   -4   14  -12    0
    1    5   15    1    2    2    1    0      1369   -3    4   -1    1   -5   -3    7    8    2   -6    1    2   -6   -9   -4   15  -10   -5
    1    6    1    1    1    1    3    0       948   10  -16   -4   15    7   -3   -3  -11    0   13    7    0   -5   -7    9    8  -15   -5
    1    6    2    1    1    5    2    0      1327    9  -14    1   19   14   -3   -2  -11   -3   16    4    5   -8   -7    6   13  -17   -3
    1    6    3    1    1    3    2    0      2108    8  -17   -7   17   14   -3   -3   -8   -2   14    5    3   -5   -7    3   14  -14   -2
    1    6    4    1    1    4    3    0      2393    9  -13   -3   15   14    0   -3   -7    1   12    6    4   -5   -9    3   14  -13   -3
    1    6    5    1    2    1    2    1      1275    4    3   -1    0   -4    0   -9    8    3   -6    1    2    2    0   -3   11   -9   -6
    1    6    6    1    2    3    1    0      5466    1    1    2   -4  -10   -2   -3   -2    3   -8   -2    4   -5   -9   -1   14   -6   -6
    1    6    7    1    2    4    2    1      1089    0    3   -4    3   -7    1   -2   -3    4   -7    4   -1    5  -19   -4   14  -12    0
    1    6    8    1    3    3    3    1       871    3   -4    1   -1    0   -5  -10  -10    2   -7  -17    8   -3    1   14   11   10    0
    1    6    9    1    3    4    2    0      2885    4   -6    2   -2   12   -4  -14  -10    1   -7   -8   14   -5    2   13   13   11   -2
    1    6   10    1    1    2    1    1      1060    8  -14   -8    7   11   -6   -5  -11    8    7    4    3  -10  -16    2   12  -12   -5
    1    6   11    1    3    5    2    0      1067    0   -4   -5  -10    3   -3  -11  -11    4    2  -11   16   -4    1   12   11   11   -7
    1    6   12    1    3    1    3    1       994    1   -4    1   -1    3    0  -10   -8    1   -7  -13   22   -2    0   16   11    8    1
    1    6   13    1    2    2    2    1      1212   -3    4   -1    1   -5   -3    7    8    2   -6    1    2   -6   -9   -4   15  -10   -5
    1    6   14    1    3    2    1    0      3917    1   -4   -6   -9    2   -1  -13   -9    2   -7  -11   16   -9    8   14    8    9    0
    1    6   15    1    2    5    2    1      2210    3    5   -4    3   -4    0   -3   -2    1   -9   -1    2   -6  -10   -5   12  -11   -2
    1    7    1    1    1    1    1    1      2635   10  -16   -4   15    7   -3   -3  -11    0   13    7    0   -5   -7    9    8  -15   -5
    1    7    2    1    2    1    1    0      1188    4    3   -1    0   -4    0   -9    8    3   -6    1    2    2    0   -3   11   -9   -6
    1    7    3    1    2    3    3    0      1350    1    1    2   -4  -10   -2   -3   -2    3   -8   -2    4   -5   -9   -1   14   -6   -6
    1    7    4    1    3    2    3    1      4385    1   -4   -6   -9    2   -1  -13   -9    2   -7  -11   16   -9    8   14    8    9    0
    1    7    5    1    3    3    1    0      1603    3   -4    1   -1    0   -5  -10  -10    2   -7  -17    8   -3    1   14   11   10    0
    1    7    6    1    2    4    2    1       949    0    3   -4    3   -7    1   -2   -3    4   -7    4   -1    5  -19   -4   14  -12    0
    1    7    7    1    3    1    3    1      1056    1   -4    1   -1    3    0  -10   -8    1   -7  -13   22   -2    0   16   11    8    1
    1    7    8    1    1    5    3    0      2279    9  -14    1   19   14   -3   -2  -11   -3   16    4    5   -8   -7    6   13  -17   -3
    1    7    9    1    2    5    2    1      2078    3    5   -4    3   -4    0   -3   -2    1   -9   -1    2   -6  -10   -5   12  -11   -2
    1    7   10    1    3    4    1    0      4589    4   -6    2   -2   12   -4  -14  -10    1   -7   -8   14   -5    2   13   13   11   -2
    1    7   11    1    1    3    2    0      1367    8  -17   -7   17   14   -3   -3   -8   -2   14    5    3   -5   -7    3   14  -14   -2
    1    7   12    1    2    2    1    0      1666   -3    4   -1    1   -5   -3    7    8    2   -6    1    2   -6   -9   -4   15  -10   -5
    1    7   13    1    1    2    3    0       896    8  -14   -8    7   11   -6   -5  -11    8    7    4    3  -10  -16    2   12  -12   -5
    1    7   14    1    3    5    2    0      1407    0   -4   -5  -10    3   -3  -11  -11    4    2  -11   16   -4    1   12   11   11   -7
    1    7   15    1    1    4    1    1      3560    9  -13   -3   15   14    0   -3   -7    1   12    6    4   -5   -9    3   14  -13   -3
    1    8    1    1    2    2    1    0       860   -3    4   -1    1   -5   -3    7    8    2   -6    1    2   -6   -9   -4   15  -10   -5
    1    8    2    1    1    5    2    0      2299    9  -14    1   19   14   -3   -2  -11   -3   16    4    5   -8   -7    6   13  -17   -3
    1    8    3    1    2    4    3    0      1200    0    3   -4    3   -7    1   -2   -3    4   -7    4   -1    5  -19   -4   14  -12    0
    1    8    4    1    1    2    2    0      1074    8  -14   -8    7   11   -6   -5  -11    8    7    4    3  -10  -16    2   12  -12   -5
    1    8    5    1    3    2    1    0      5944    1   -4   -6   -9    2   -1  -13   -9    2   -7  -11   16   -9    8   14    8    9    0
    1    8    6    1    3    4    1    0      1085    4   -6    2   -2   12   -4  -14  -10    1   -7   -8   14   -5    2   13   13   11   -2
    1    8    7    1    3    1    3    1      1347    1   -4    1   -1    3    0  -10   -8    1   -7  -13   22   -2    0   16   11    8    1
    1    8    8    1    1    1    2    0      2079   10  -16   -4   15    7   -3   -3  -11    0   13    7    0   -5   -7    9    8  -15   -5
    1    8    9    1    1    4    3    0      2669    9  -13   -3   15   14    0   -3   -7    1   12    6    4   -5   -9    3   14  -13   -3
    1    8   10    1    1    3    2    0      1220    8  -17   -7   17   14   -3   -3   -8   -2   14    5    3   -5   -7    3   14  -14   -2
    1    8   11    1    2    5    2    1      1333    3    5   -4    3   -4    0   -3   -2    1   -9   -1    2   -6  -10   -5   12  -11   -2
    1    8   12    1    2    3    2    1       929    1    1    2   -4  -10   -2   -3   -2    3   -8   -2    4   -5   -9   -1   14   -6   -6
    1    8   13    1    2    1    1    0      1438    4    3   -1    0   -4    0   -9    8    3   -6    1    2    2    0   -3   11   -9   -6
    1    8   14    1    3    5    3    1      2326    0   -4   -5  -10    3   -3  -11  -11    4    2  -11   16   -4    1   12   11   11   -7
    1    8   15    1    3    3    3    1      1963    3   -4    1   -1    0   -5  -10  -10    2   -7  -17    8   -3    1   14   11   10    0
    1    9    1    1    3    2    3    1      1326    1   -4   -6   -9    2   -1  -13   -9    2   -7  -11   16   -9    8   14    8    9    0
    1    9    2    1    1    2    1    1      1419    8  -14   -8    7   11   -6   -5  -11    8    7    4    3  -10  -16    2   12  -12   -5
    1    9    3    1    3    3    3    1      1348    3   -4    1   -1    0   -5  -10  -10    2   -7  -17    8   -3    1   14   11   10    0
    1    9    4    1    3    4    3    1      1119    4   -6    2   -2   12   -4  -14  -10    1   -7   -8   14   -5    2   13   13   11   -2
    1    9    5    1    2    3    2    1      2100    1    1    2   -4  -10   -2   -3   -2    3   -8   -2    4   -5   -9   -1   14   -6   -6
    1    9    6    1    2    1    1    0      1201    4    3   -1    0   -4    0   -9    8    3   -6    1    2    2    0   -3   11   -9   -6
    1    9    7    1    2    5    2    1       803    3    5   -4    3   -4    0   -3   -2    1   -9   -1    2   -6  -10   -5   12  -11   -2
    1    9    8    1    2    4    2    1       948    0    3   -4    3   -7    1   -2   -3    4   -7    4   -1    5  -19   -4   14  -12    0
    1    9    9    1    2    2    1    0      1343   -3    4   -1    1   -5   -3    7    8    2   -6    1    2   -6   -9   -4   15  -10   -5
    1    9   10    1    1    1    2    0      1083   10  -16   -4   15    7   -3   -3  -11    0   13    7    0   -5   -7    9    8  -15   -5
    1    9   11    1    3    5    3    1      1873    0   -4   -5  -10    3   -3  -11  -11    4    2  -11   16   -4    1   12   11   11   -7
    1    9   12    1    1    3    3    0      1080    8  -17   -7   17   14   -3   -3   -8   -2   14    5    3   -5   -7    3   14  -14   -2
    1    9   13    1    1    4    1    1      1151    9  -13   -3   15   14    0   -3   -7    1   12    6    4   -5   -9    3   14  -13   -3
    1    9   14    1    1    5    1    1      7650    9  -14    1   19   14   -3   -2  -11   -3   16    4    5   -8   -7    6   13  -17   -3
    1    9   15    1    3    1    3    1      1314    1   -4    1   -1    3    0  -10   -8    1   -7  -13   22   -2    0   16   11    8    1
    1   10    1    1    3    1    3    1       607    1   -4    1   -1    3    0  -10   -8    1   -7  -13   22   -2    0   16   11    8    1
    1   10    2    1    2    1    2    1       953    4    3   -1    0   -4    0   -9    8    3   -6    1    2    2    0   -3   11   -9   -6
    1   10    3    1    2    2    2    1       836   -3    4   -1    1   -5   -3    7    8    2   -6    1    2   -6   -9   -4   15  -10   -5
    1   10    4    1    1    2    2    0      1956    8  -14   -8    7   11   -6   -5  -11    8    7    4    3  -10  -16    2   12  -12   -5
    1   10    5    1    1    1    1    1      1368   10  -16   -4   15    7   -3   -3  -11    0   13    7    0   -5   -7    9    8  -15   -5
    1   10    6    1    1    3    1    1      4834    8  -17   -7   17   14   -3   -3   -8   -2   14    5    3   -5   -7    3   14  -14   -2
    1   10    7    1    2    5    2    1      2419    3    5   -4    3   -4    0   -3   -2    1   -9   -1    2   -6  -10   -5   12  -11   -2
    1   10    8    1    3    4    1    0      1187    4   -6    2   -2   12   -4  -14  -10    1   -7   -8   14   -5    2   13   13   11   -2
    1   10    9    1    3    5    2    0      1782    0   -4   -5  -10    3   -3  -11  -11    4    2  -11   16   -4    1   12   11   11   -7
    1   10   10    1    3    3    3    1       879    3   -4    1   -1    0   -5  -10  -10    2   -7  -17    8   -3    1   14   11   10    0
    1   10   11    1    1    4    1    1      1582    9  -13   -3   15   14    0   -3   -7    1   12    6    4   -5   -9    3   14  -13   -3
    1   10   12    1    2    4    2    1      1136    0    3   -4    3   -7    1   -2   -3    4   -7    4   -1    5  -19   -4   14  -12    0
    1   10   13    1    2    3    2    1      1684    1    1    2   -4  -10   -2   -3   -2    3   -8   -2    4   -5   -9   -1   14   -6   -6
    1   10   14    1    3    2    3    1       979    1   -4   -6   -9    2   -1  -13   -9    2   -7  -11   16   -9    8   14    8    9    0
    1   10   15    1    1    5    1    1      1741    9  -14    1   19   14   -3   -2  -11   -3   16    4    5   -8   -7    6   13  -17   -3
    1   11    1    1    3    4    1    0      2729    4   -6    2   -2   12   -4  -14  -10    1   -7   -8   14   -5    2   13   13   11   -2
    1   11    2    1    1    5    1    1      1598    9  -14    1   19   14   -3   -2  -11   -3   16    4    5   -8   -7    6   13  -17   -3
    1   11    3    1    1    2    2    0      1568    8  -14   -8    7   11   -6   -5  -11    8    7    4    3  -10  -16    2   12  -12   -5
    1   11    4    1    1    3    1    1       770    8  -17   -7   17   14   -3   -3   -8   -2   14    5    3   -5   -7    3   14  -14   -2
    1   11    5    1    3    5    1    0       965    0   -4   -5  -10    3   -3  -11  -11    4    2  -11   16   -4    1   12   11   11   -7
    1   11    6    1    1    1    1    1       608   10  -16   -4   15    7   -3   -3  -11    0   13    7    0   -5   -7    9    8  -15   -5
    1   11    7    1    3    1    3    1      1209    1   -4    1   -1    3    0  -10   -8    1   -7  -13   22   -2    0   16   11    8    1
    1   11    8    1    2    1    2    1       939    4    3   -1    0   -4    0   -9    8    3   -6    1    2    2    0   -3   11   -9   -6
    1   11    9    1    3    3    3    1      7175    3   -4    1   -1    0   -5  -10  -10    2   -7  -17    8   -3    1   14   11   10    0
    1   11   10    1    2    2    2    1       889   -3    4   -1    1   -5   -3    7    8    2   -6    1    2   -6   -9   -4   15  -10   -5
    1   11   11    1    2    4    1    0       824    0    3   -4    3   -7    1   -2   -3    4   -7    4   -1    5  -19   -4   14  -12    0
    1   11   12    1    1    4    1    1       984    9  -13   -3   15   14    0   -3   -7    1   12    6    4   -5   -9    3   14  -13   -3
    1   11   13    1    2    3    2    1      1154    1    1    2   -4  -10   -2   -3   -2    3   -8   -2    4   -5   -9   -1   14   -6   -6
    1   11   14    1    2    5    1    0       933    3    5   -4    3   -4    0   -3   -2    1   -9   -1    2   -6  -10   -5   12  -11   -2
    1   11   15    1    3    2    3    1       930    1   -4   -6   -9    2   -1  -13   -9    2   -7  -11   16   -9    8   14    8    9    0
    1   12    1    1    1    1    1    1      1758   10  -16   -4   15    7   -3   -3  -11    0   13    7    0   -5   -7    9    8  -15   -5
    1   12    2    1    3    3    3    1      1002    3   -4    1   -1    0   -5  -10  -10    2   -7  -17    8   -3    1   14   11   10    0
    1   12    3    1    1    2    1    1      3091    8  -14   -8    7   11   -6   -5  -11    8    7    4    3  -10  -16    2   12  -12   -5
    1   12    4    1    2    1    2    1      1513    4    3   -1    0   -4    0   -9    8    3   -6    1    2    2    0   -3   11   -9   -6
    1   12    5    1    2    2    2    1      1279   -3    4   -1    1   -5   -3    7    8    2   -6    1    2   -6   -9   -4   15  -10   -5
    1   12    6    1    2    5    1    0       846    3    5   -4    3   -4    0   -3   -2    1   -9   -1    2   -6  -10   -5   12  -11   -2
    1   12    7    1    3    4    3    1      1614    4   -6    2   -2   12   -4  -14  -10    1   -7   -8   14   -5    2   13   13   11   -2
    1   12    8    1    1    5    1    1       831    9  -14    1   19   14   -3   -2  -11   -3   16    4    5   -8   -7    6   13  -17   -3
    1   12    9    1    3    2    3    1       959    1   -4   -6   -9    2   -1  -13   -9    2   -7  -11   16   -9    8   14    8    9    0
    1   12   10    1    2    3    2    1       698    1    1    2   -4  -10   -2   -3   -2    3   -8   -2    4   -5   -9   -1   14   -6   -6
    1   12   11    1    3    5    3    1       928    0   -4   -5  -10    3   -3  -11  -11    4    2  -11   16   -4    1   12   11   11   -7
    1   12   12    1    1    3    1    1       893    8  -17   -7   17   14   -3   -3   -8   -2   14    5    3   -5   -7    3   14  -14   -2
    1   12   13    1    2    4    1    0       875    0    3   -4    3   -7    1   -2   -3    4   -7    4   -1    5  -19   -4   14  -12    0
    1   12   14    1    3    1    3    1       874    1   -4    1   -1    3    0  -10   -8    1   -7  -13   22   -2    0   16   11    8    1
    1   12   15    1    1    4    1    1       792    9  -13   -3   15   14    0   -3   -7    1   12    6    4   -5   -9    3   14  -13   -3
    1   13    1    1    3    3    3    1      1130    3   -4    1   -1    0   -5  -10  -10    2   -7  -17    8   -3    1   14   11   10    0
    1   13    2    1    1    1    1    1       863   10  -16   -4   15    7   -3   -3  -11    0   13    7    0   -5   -7    9    8  -15   -5
    1   13    3    1    2    4    2    1       814    0    3   -4    3   -7    1   -2   -3    4   -7    4   -1    5  -19   -4   14  -12    0
    1   13    4    1    3    5    3    1       688    0   -4   -5  -10    3   -3  -11  -11    4    2  -11   16   -4    1   12   11   11   -7
    1   13    5    1    2    5    2    1      2454    3    5   -4    3   -4    0   -3   -2    1   -9   -1    2   -6  -10   -5   12  -11   -2
    1   13    6    1    2    2    2    1       933   -3    4   -1    1   -5   -3    7    8    2   -6    1    2   -6   -9   -4   15  -10   -5
    1   13    7    1    3    2    3    1       849    1   -4   -6   -9    2   -1  -13   -9    2   -7  -11   16   -9    8   14    8    9    0
    1   13    8    1    2    1    2    1       848    4    3   -1    0   -4    0   -9    8    3   -6    1    2    2    0   -3   11   -9   -6
    1   13    9    1    3    1    3    1       768    1   -4    1   -1    3    0  -10   -8    1   -7  -13   22   -2    0   16   11    8    1
    1   13   10    1    1    5    1    1       995    9  -14    1   19   14   -3   -2  -11   -3   16    4    5   -8   -7    6   13  -17   -3
    1   13   11    1    3    4    3    1       989    4   -6    2   -2   12   -4  -14  -10    1   -7   -8   14   -5    2   13   13   11   -2
    1   13   12    1    1    2    1    1      1799    8  -14   -8    7   11   -6   -5  -11    8    7    4    3  -10  -16    2   12  -12   -5
    1   13   13    1    2    3    2    1      1072    1    1    2   -4  -10   -2   -3   -2    3   -8   -2    4   -5   -9   -1   14   -6   -6
    1   13   14    1    1    4    1    1      1607    9  -13   -3   15   14    0   -3   -7    1   12    6    4   -5   -9    3   14  -13   -3
    1   13   15    1    1    3    1    1       600    8  -17   -7   17   14   -3   -3   -8   -2   14    5    3   -5   -7    3   14  -14   -2
    1   14    1    1    2    5    2    1      1010    3    5   -4    3   -4    0   -3   -2    1   -9   -1    2   -6  -10   -5   12  -11   -2
    1   14    2    1    1    2    1    1       875    8  -14   -8    7   11   -6   -5  -11    8    7    4    3  -10  -16    2   12  -12   -5
    1   14    3    1    1    5    1    1       826    9  -14    1   19   14   -3   -2  -11   -3   16    4    5   -8   -7    6   13  -17   -3
    1   14    4    1    3    3    3    1      1019    3   -4    1   -1    0   -5  -10  -10    2   -7  -17    8   -3    1   14   11   10    0
    1   14    5    1    3    4    3    1       675    4   -6    2   -2   12   -4  -14  -10    1   -7   -8   14   -5    2   13   13   11   -2
    1   14    6    1    1    1    1    1       970   10  -16   -4   15    7   -3   -3  -11    0   13    7    0   -5   -7    9    8  -15   -5
    1   14    7    1    1    4    1    1       629    9  -13   -3   15   14    0   -3   -7    1   12    6    4   -5   -9    3   14  -13   -3
    1   14    8    1    3    5    3    1      1021    0   -4   -5  -10    3   -3  -11  -11    4    2  -11   16   -4    1   12   11   11   -7
    1   14    9    1    2    1    2    1      1590    4    3   -1    0   -4    0   -9    8    3   -6    1    2    2    0   -3   11   -9   -6
    1   14   10    1    3    2    3    1       777    1   -4   -6   -9    2   -1  -13   -9    2   -7  -11   16   -9    8   14    8    9    0
    1   14   11    1    3    1    3    1      1451    1   -4    1   -1    3    0  -10   -8    1   -7  -13   22   -2    0   16   11    8    1
    1   14   12    1    2    4    2    1       947    0    3   -4    3   -7    1   -2   -3    4   -7    4   -1    5  -19   -4   14  -12    0
    1   14   13    1    2    2    2    1      1406   -3    4   -1    1   -5   -3    7    8    2   -6    1    2   -6   -9   -4   15  -10   -5
    1   14   14    1    2    3    2    1       712    1    1    2   -4  -10   -2   -3   -2    3   -8   -2    4   -5   -9   -1   14   -6   -6
    1   14   15    1    1    3    1    1       685    8  -17   -7   17   14   -3   -3   -8   -2   14    5    3   -5   -7    3   14  -14   -2
    1   15    1    1    1    3    1    1       563    8  -17   -7   17   14   -3   -3   -8   -2   14    5    3   -5   -7    3   14  -14   -2
    1   15    2    1    3    1    3    1      1119    1   -4    1   -1    3    0  -10   -8    1   -7  -13   22   -2    0   16   11    8    1
    1   15    3    1    1    4    1    1      1027    9  -13   -3   15   14    0   -3   -7    1   12    6    4   -5   -9    3   14  -13   -3
    1   15    4    1    2    5    2    1       861    3    5   -4    3   -4    0   -3   -2    1   -9   -1    2   -6  -10   -5   12  -11   -2
    1   15    5    1    2    3    2    1       908    1    1    2   -4  -10   -2   -3   -2    3   -8   -2    4   -5   -9   -1   14   -6   -6
    1   15    6    1    1    1    1    1       873   10  -16   -4   15    7   -3   -3  -11    0   13    7    0   -5   -7    9    8  -15   -5
    1   15    7    1    1    5    1    1       664    9  -14    1   19   14   -3   -2  -11   -3   16    4    5   -8   -7    6   13  -17   -3
    1   15    8    1    2    2    2    1      1167   -3    4   -1    1   -5   -3    7    8    2   -6    1    2   -6   -9   -4   15  -10   -5
    1   15    9    1    1    2    1    1       946    8  -14   -8    7   11   -6   -5  -11    8    7    4    3  -10  -16    2   12  -12   -5
    1   15   10    1    3    5    3    1      1070    0   -4   -5  -10    3   -3  -11  -11    4    2  -11   16   -4    1   12   11   11   -7
    1   15   11    1    3    2    3    1       821    1   -4   -6   -9    2   -1  -13   -9    2   -7  -11   16   -9    8   14    8    9    0
    1   15   12    1    3    3    3    1       597    3   -4    1   -1    0   -5  -10  -10    2   -7  -17    8   -3    1   14   11   10    0
    1   15   13    1    3    4    3    1       623    4   -6    2   -2   12   -4  -14  -10    1   -7   -8   14   -5    2   13   13   11   -2
    1   15   14    1    2    4    2    1       872    0    3   -4    3   -7    1   -2   -3    4   -7    4   -1    5  -19   -4   14  -12    0
    1   15   15    1    2    1    2    1       663    4    3   -1    0   -4    0   -9    8    3   -6    1    2    2    0   -3   11   -9   -6
    2    1    1    1    3    5    1    1      1928    0   -4   -5  -10    3   -3  -11  -11    4    2  -11   16   -4    1   12   11   11   -7
    2    1    2    1    1    3    1    1      5981    8  -17   -7   17   14   -3   -3   -8   -2   14    5    3   -5   -7    3   14  -14   -2
    2    1    3    4    1    4    2    1      2015    9  -16    5    7   10   -6   -4  -10   -3   14    2    7   -5   -8    3   14  -11   -5
    2    1    4    1    1    4    1    1      3568    9  -13   -3   15   14    0   -3   -7    1   12    6    4   -5   -9    3   14  -13   -3
    2    1    5    1    1    5    1    1      1539    9  -14    1   19   14   -3   -2  -11   -3   16    4    5   -8   -7    6   13  -17   -3
    2    1    6    4    3    5    2    1      2215    2   -5   -2    4    5    1  -11  -11   -1   -7  -12   14   -5    2   10   12   10   -4
    2    1    7    1    3    3    1    1      1216    3   -4    1   -1    0   -5  -10  -10    2   -7  -17    8   -3    1   14   11   10    0
    2    1    8    1    2    2    1    1      1521   -3    4   -1    1   -5   -3    7    8    2   -6    1    2   -6   -9   -4   15  -10   -5
    2    1    9    4    3    2    2    1       773    3   -6   -6   -1    1    4  -11  -11    0   -6  -10   13   -5    2   11   12   10    0
    2    1   10    2    1    0    1    0      2536    8  -15   -3   14   12   -5   -4   -9   -1   15    6    2   -6   -7    4   13  -12   -4
    2    1   11    1    2    1    2    0      1924    4    3   -1    0   -4    0   -9    8    3   -6    1    2    2    0   -3   11   -9   -6
    2    1   12    1    3    1    2    0      3049    1   -4    1   -1    3    0  -10   -8    1   -7  -13   22   -2    0   16   11    8    1
    2    1   13    1    2    3    1    1      1680    1    1    2   -4  -10   -2   -3   -2    3   -8   -2    4   -5   -9   -1   14   -6   -6
    2    1   14    4    1    2    2    1      1487    4  -20   -5   14   12   -4   -7  -10   -2   15    8    4   -4   -7    3   14  -11   -5
    2    1   15    4    3    1    2    1      1317    3   -5   -7    2    2    9  -16   -6   -1   -5   -9   14   -4    4   11   10   11    6
    2    1   16    2    3    0    1    0      3682    2   -4    2    0    4   -1  -11  -10    1   -6  -10   14   -4    2   11   11   10   -1
    2    1   17    4    1    5    1    0      1792    8  -16   -4   14   12   -4   -3  -10   -1   17    4    4  -11   -9    7   15  -13   -5
    2    1   18    4    2    2    2    1       874    7    6   -3    1    0   11   -2   -1    2   -7   -1    5   -4  -11   -4   12  -12   -3
    2    1   19    1    1    2    1    1      2105    8  -14   -8    7   11   -6   -5  -11    8    7    4    3  -10  -16    2   12  -12   -5
    2    1   20    4    1    3    1    0      1510    7  -14   -4   13   12   -6   -5   -9   -1   10    2   -2   -8  -10    6   13  -21   -3
    2    1   21    6    0    0    2    1      1084   -8    4   14    8    1    6  -10    8   -5   16   16    1   -8  -10   13   10   -5  -11
    2    1   22    1    2    5    1    1      1890    3    5   -4    3   -4    0   -3   -2    1   -9   -1    2   -6  -10   -5   12  -11   -2
    2    1   23    1    2    4    1    1      1560    0    3   -4    3   -7    1   -2   -3    4   -7    4   -1    5  -19   -4   14  -12    0
    2    1   24    4    3    3    2    1      1451    0    5    3   -2   -3   -8  -12  -12    0   -5  -11   15   -4    1   12   10    8   -2
    2    1   25    1    1    1    2    0      1139   10  -16   -4   15    7   -3   -3  -11    0   13    7    0   -5   -7    9    8  -15   -5
    2    1   26    1    3    4    1    1      2823    4   -6    2   -2   12   -4  -14  -10    1   -7   -8   14   -5    2   13   13   11   -2
    2    1   27    6    0    0    2    1      1320  -21    2   -4   -2   10  -12    6   -3   -7    6    8    1  -11    2   13    4    8   -8
    2    1   28    4    2    1    2    1      1332    3    3   -6   -4   -6    3   -5    0    7   -8    6    7   -5   -9   -4   13  -11   -8
    2    1   29    4    2    4    2    1      1152   -2    8   -3    1   -5    0   -2   -3    2   -7   -2    3   -6   -9   -5   14  -11   -3
    2    1   30    6    0    0    2    1      1188  -14   13   -4   -5   12  -12    7   -3  -15    4    6    3   -9   -7    7    0    9  -12
    2    1   31    2    2    0    1    0       966    2    3   -2    1   -5    1   -3   -1    3   -7   -1    3   -5  -10   -3   13  -10   -4
    2    1   32    6    0    0    2    1       912   -1   13    2   -9  -22  -12   12  -10   10   -7   -4   -6   22   17    0   -7  -16    2
    2    1   33    4    1    1    1    0      1406    7  -15   -1   14   14   -6   -6   -4  -11   21    4    0   -7   -7    2   15  -15    4
    2    1   34    4    2    3    2    1      2087    2    2   -2    0  -13   -5   -4   -2    3   -8    7   -1   -5   -9   -2   13   -7   -3
    2    1   35    6    0    0    2    1       997   -6    5   17    8    0    6   -8    4    6   17   14    1   -4  -11   15    5   -3  -13
    2    1   36    6    0    0    2    1      1120    2   17    3  -11  -13   -7   10  -19    8   -5   -4   -3   15   11    6   -9   -9    1
    2    1   37    1    3    2    1    1      1988    1   -4   -6   -9    2   -1  -13   -9    2   -7  -11   16   -9    8   14    8    9    0
    2    1   38    4    2    5    2    1      1958    4    4   -3   -1   -6    3    2   -4    3   -6    3    2   -5   -8   -3    5   -8   -9
    2    1   39    4    3    4    2    1      1658    8    1    2    2    1    5  -16   -3   -2   -6  -12   16    0   -2   12   12   10   -3
