    1    1    1    1    3    3    1    0      2779   -5   18   -1  -14   -4    0    4    9   -9    8    3   -7   -2   -8   -4    9   -6    3
    1    1    2    1    1    4    2    0       883   -3  -15   -2    0    1    9   -3   12    2   16   -4    2    9    0   16  -10    2  -14
    1    1    3    1    3    4    2    0       768   -1   14    2  -11   -6   -2    3    9   -1   10    2   -6   -2   -9   -6    9   -7    2
    1    1    4    1    2    5    1    0       787  -11    2   -6    4   -8   13   13   14   10    2   -8   -1   -4    5    7  -12    6    0
    1    1    5    1    1    1    1    1       901    0  -14   -5    2   -7   11    0   12    8   10   -8    7    5   -4   16   -9    3  -15
    1    1    6    1    2    4    3    0       770  -12    1   -1    3  -10   11   18   11   12   -5  -11   -3   -3    5   14   -9    9    2
    1    1    7    1    1    3    1    1       725   -4  -15   -2   -1   -7   14   -2   15   -1   12   -8    4    9   -4   13   -9    2  -14
    1    1    8    1    3    1    3    1       762    3   14    4   -7   -6    0   -1   -2    1   12    2   -5   -3   -7   -6    7   -8    3
    1    1    9    1    3    5    3    1       733    4   14    0  -14    1    2    0   10   -3   10    9   -8   -2   -9   -4    8   -8    3
    1    1   10    1    2    1    2    1      1185  -14    3   -4    2   -9   11   17   20   10   -4  -10   -3   -6    6    6  -10   11   -1
    1    1   11    1    2    3    3    0       595  -13    1    4    6  -13    7   15   17   11   -4  -10    0   -2    5   15   -7   11    2
    1    1   12    1    3    2    3    1       909    3   12   -3   -1   -4    1    4    8    1    6   -1   -8    2  -10   -6   11   -8    2
    1    1   13    1    1    2    1    1       506   -3  -13   -3   -1   -6   13   -2   12    4   15   -6    3   10   -2   15  -10    2  -12
    1    1   14    1    2    2    2    1       887  -11    4   -2    1   -9   14    8   22   11   -2  -12    0  -12   14   17   -5   17    9
    1    1   15    1    1    5    2    0      1173   -2  -15   -6    1   -6   13    0   13    4   15  -10    4    6   -4   14   -9    3  -10
    1    2    1    1    1    4    1    1      1064   -3  -15   -2    0    1    9   -3   12    2   16   -4    2    9    0   16  -10    2  -14
    1    2    2    1    3    3    3    1      1087   -5   18   -1  -14   -4    0    4    9   -9    8    3   -7   -2   -8   -4    9   -6    3
    1    2    3    1    1    1    1    1       613    0  -14   -5    2   -7   11    0   12    8   10   -8    7    5   -4   16   -9    3  -15
    1    2    4    1    3    2    3    1       606    3   12   -3   -1   -4    1    4    8    1    6   -1   -8    2  -10   -6   11   -8    2
    1    2    5    1    2    4    2    1      1431  -12    1   -1    3  -10   11   18   11   12   -5  -11   -3   -3    5   14   -9    9    2
    1    2    6    1    2    5    2    1       783  -11    2   -6    4   -8   13   13   14   10    2   -8   -1   -4    5    7  -12    6    0
    1    2    7    1    3    1    3    1       593    3   14    4   -7   -6    0   -1   -2    1   12    2   -5   -3   -7   -6    7   -8    3
    1    2    8    1    3    4    3    1       523   -1   14    2  -11   -6   -2    3    9   -1   10    2   -6   -2   -9   -6    9   -7    2
    1    2    9    1    3    5    3    1       519    4   14    0  -14    1    2    0   10   -3   10    9   -8   -2   -9   -4    8   -8    3
    1    2   10    1    2    1    2    1      1044  -14    3   -4    2   -9   11   17   20   10   -4  -10   -3   -6    6    6  -10   11   -1
    1    2   11    1    1    5    1    1       716   -2  -15   -6    1   -6   13    0   13    4   15  -10    4    6   -4   14   -9    3  -10
    1    2   12    1    1    3    1    1      1169   -4  -15   -2   -1   -7   14   -2   15   -1   12   -8    4    9   -4   13   -9    2  -14
    1    2   13    1    2    2    2    1       899  -11    4   -2    1   -9   14    8   22   11   -2  -12    0  -12   14   17   -5   17    9
    1    2   14    1    1    2    2    0      2321   -3  -13   -3   -1   -6   13   -2   12    4   15   -6    3   10   -2   15  -10    2  -12
    1    2   15    1    2    3    3    0       565  -13    1    4    6  -13    7   15   17   11   -4  -10    0   -2    5   15   -7   11    2
    1    3    1    1    3    2    3    1       368    3   12   -3   -1   -4    1    4    8    1    6   -1   -8    2  -10   -6   11   -8    2
    1    3    2    1    3    4    3    1       866   -1   14    2  -11   -6   -2    3    9   -1   10    2   -6   -2   -9   -6    9   -7    2
    1    3    3    1    2    2    2    1       673  -11    4   -2    1   -9   14    8   22   11   -2  -12    0  -12   14   17   -5   17    9
    1    3    4    1    3    1    3    1       760    3   14    4   -7   -6    0   -1   -2    1   12    2   -5   -3   -7   -6    7   -8    3
    1    3    5    1    1    4    2    0       875   -3  -15   -2    0    1    9   -3   12    2   16   -4    2    9    0   16  -10    2  -14
    1    3    6    1    2    5    2    1       746  -11    2   -6    4   -8   13   13   14   10    2   -8   -1   -4    5    7  -12    6    0
    1    3    7    1    2    1    2    1       781  -14    3   -4    2   -9   11   17   20   10   -4  -10   -3   -6    6    6  -10   11   -1
    1    3    8    1    1    2    1    1      1264   -3  -13   -3   -1   -6   13   -2   12    4   15   -6    3   10   -2   15  -10    2  -12
    1    3    9    1    3    5    3    1       558    4   14    0  -14    1    2    0   10   -3   10    9   -8   -2   -9   -4    8   -8    3
    1    3   10    1    2    3    2    1       698  -13    1    4    6  -13    7   15   17   11   -4  -10    0   -2    5   15   -7   11    2
    1    3   11    1    1    5    1    1       591   -2  -15   -6    1   -6   13    0   13    4   15  -10    4    6   -4   14   -9    3  -10
    1    3   12    1    1    3    1    1      1401   -4  -15   -2   -1   -7   14   -2   15   -1   12   -8    4    9   -4   13   -9    2  -14
    1    3   13    1    2    4    2    1       786  -12    1   -1    3  -10   11   18   11   12   -5  -11   -3   -3    5   14   -9    9    2
    1    3   14    1    3    3    3    1       564   -5   18   -1  -14   -4    0    4    9   -9    8    3   -7   -2   -8   -4    9   -6    3
    1    3   15    1    1    1    2    0       894    0  -14   -5    2   -7   11    0   12    8   10   -8    7    5   -4   16   -9    3  -15
    1    4    1    1    2    5    2    1       604  -11    2   -6    4   -8   13   13   14   10    2   -8   -1   -4    5    7  -12    6    0
    1    4    2    1    1    5    1    1       678   -2  -15   -6    1   -6   13    0   13    4   15  -10    4    6   -4   14   -9    3  -10
    1    4    3    1    2    2    2    1       780  -11    4   -2    1   -9   14    8   22   11   -2  -12    0  -12   14   17   -5   17    9
    1    4    4    1    1    3    1    1       670   -4  -15   -2   -1   -7   14   -2   15   -1   12   -8    4    9   -4   13   -9    2  -14
    1    4    5    1    1    1    1    1       581    0  -14   -5    2   -7   11    0   12    8   10   -8    7    5   -4   16   -9    3  -15
    1    4    6    1    3    2    3    1       639    3   12   -3   -1   -4    1    4    8    1    6   -1   -8    2  -10   -6   11   -8    2
    1    4    7    1    2    4    2    1      1175  -12    1   -1    3  -10   11   18   11   12   -5  -11   -3   -3    5   14   -9    9    2
    1    4    8    1    3    1    3    1       762    3   14    4   -7   -6    0   -1   -2    1   12    2   -5   -3   -7   -6    7   -8    3
    1    4    9    1    2    3    2    1      1469  -13    1    4    6  -13    7   15   17   11   -4  -10    0   -2    5   15   -7   11    2
    1    4   10    1    3    4    3    1       707   -1   14    2  -11   -6   -2    3    9   -1   10    2   -6   -2   -9   -6    9   -7    2
    1    4   11    1    1    4    2    0      1513   -3  -15   -2    0    1    9   -3   12    2   16   -4    2    9    0   16  -10    2  -14
    1    4   12    1    1    2    1    1      1037   -3  -13   -3   -1   -6   13   -2   12    4   15   -6    3   10   -2   15  -10    2  -12
    1    4   13    1    2    1    2    1       885  -14    3   -4    2   -9   11   17   20   10   -4  -10   -3   -6    6    6  -10   11   -1
    1    4   14    1    3    5    3    1       579    4   14    0  -14    1    2    0   10   -3   10    9   -8   -2   -9   -4    8   -8    3
    1    4   15    1    3    3    3    1       605   -5   18   -1  -14   -4    0    4    9   -9    8    3   -7   -2   -8   -4    9   -6    3
    1    5    1    1    1    2    1    1       630   -3  -13   -3   -1   -6   13   -2   12    4   15   -6    3   10   -2   15  -10    2  -12
    1    5    2    1    1    1    1    1       718    0  -14   -5    2   -7   11    0   12    8   10   -8    7    5   -4   16   -9    3  -15
    1    5    3    1    3    5    3    1       707    4   14    0  -14    1    2    0   10   -3   10    9   -8   -2   -9   -4    8   -8    3
    1    5    4    1    1    4    1    1       793   -3  -15   -2    0    1    9   -3   12    2   16   -4    2    9    0   16  -10    2  -14
    1    5    5    1    2    1    2    1      1114  -14    3   -4    2   -9   11   17   20   10   -4  -10   -3   -6    6    6  -10   11   -1
    1    5    6    1    3    1    3    1       863    3   14    4   -7   -6    0   -1   -2    1   12    2   -5   -3   -7   -6    7   -8    3
    1    5    7    1    3    3    3    1       494   -5   18   -1  -14   -4    0    4    9   -9    8    3   -7   -2   -8   -4    9   -6    3
    1    5    8    1    2    5    2    1      1452  -11    2   -6    4   -8   13   13   14   10    2   -8   -1   -4    5    7  -12    6    0
    1    5    9    1    3    4    3    1       611   -1   14    2  -11   -6   -2    3    9   -1   10    2   -6   -2   -9   -6    9   -7    2
    1    5   10    1    2    4    2    1       652  -12    1   -1    3  -10   11   18   11   12   -5  -11   -3   -3    5   14   -9    9    2
    1    5   11    1    1    5    1    1       484   -2  -15   -6    1   -6   13    0   13    4   15  -10    4    6   -4   14   -9    3  -10
    1    5   12    1    2    2    2    1       737  -11    4   -2    1   -9   14    8   22   11   -2  -12    0  -12   14   17   -5   17    9
    1    5   13    1    3    2    3    1       341    3   12   -3   -1   -4    1    4    8    1    6   -1   -8    2  -10   -6   11   -8    2
    1    5   14    1    1    3    1    1       538   -4  -15   -2   -1   -7   14   -2   15   -1   12   -8    4    9   -4   13   -9    2  -14
    1    5   15    1    2    3    2    1       885  -13    1    4    6  -13    7   15   17   11   -4  -10    0   -2    5   15   -7   11    2
    1    6    1    1    3    3    3    1       899   -5   18   -1  -14   -4    0    4    9   -9    8    3   -7   -2   -8   -4    9   -6    3
    1    6    2    1    2    1    2    1       769  -14    3   -4    2   -9   11   17   20   10   -4  -10   -3   -6    6    6  -10   11   -1
    1    6    3    1    1    3    1    1       707   -4  -15   -2   -1   -7   14   -2   15   -1   12   -8    4    9   -4   13   -9    2  -14
    1    6    4    1    3    5    3    1       904    4   14    0  -14    1    2    0   10   -3   10    9   -8   -2   -9   -4    8   -8    3
    1    6    5    1    3    4    3    1       518   -1   14    2  -11   -6   -2    3    9   -1   10    2   -6   -2   -9   -6    9   -7    2
    1    6    6    1    2    3    2    1       642  -13    1    4    6  -13    7   15   17   11   -4  -10    0   -2    5   15   -7   11    2
    1    6    7    1    3    2    3    1       586    3   12   -3   -1   -4    1    4    8    1    6   -1   -8    2  -10   -6   11   -8    2
    1    6    8    1    3    1    3    1       548    3   14    4   -7   -6    0   -1   -2    1   12    2   -5   -3   -7   -6    7   -8    3
    1    6    9    1    2    4    2    1       831  -12    1   -1    3  -10   11   18   11   12   -5  -11   -3   -3    5   14   -9    9    2
    1    6   10    1    2    5    2    1       672  -11    2   -6    4   -8   13   13   14   10    2   -8   -1   -4    5    7  -12    6    0
    1    6   11    1    1    2    1    1       630   -3  -13   -3   -1   -6   13   -2   12    4   15   -6    3   10   -2   15  -10    2  -12
    1    6   12    1    2    2    2    1       894  -11    4   -2    1   -9   14    8   22   11   -2  -12    0  -12   14   17   -5   17    9
    1    6   13    1    1    5    1    1       604   -2  -15   -6    1   -6   13    0   13    4   15  -10    4    6   -4   14   -9    3  -10
    1    6   14    1    1    1    1    1       661    0  -14   -5    2   -7   11    0   12    8   10   -8    7    5   -4   16   -9    3  -15
    1    6   15    1    1    4    1    1       829   -3  -15   -2    0    1    9   -3   12    2   16   -4    2    9    0   16  -10    2  -14
    1    7    1    1    2    2    2    1       669  -11    4   -2    1   -9   14    8   22   11   -2  -12    0  -12   14   17   -5   17    9
    1    7    2    1    1    2    1    1       580   -3  -13   -3   -1   -6   13   -2   12    4   15   -6    3   10   -2   15  -10    2  -12
    1    7    3    1    3    3    3    1       558   -5   18   -1  -14   -4    0    4    9   -9    8    3   -7   -2   -8   -4    9   -6    3
    1    7    4    1    2    4    2    1       601  -12    1   -1    3  -10   11   18   11   12   -5  -11   -3   -3    5   14   -9    9    2
    1    7    5    1    1    1    1    1       547    0  -14   -5    2   -7   11    0   12    8   10   -8    7    5   -4   16   -9    3  -15
    1    7    6    1    3    2    3    1       574    3   12   -3   -1   -4    1    4    8    1    6   -1   -8    2  -10   -6   11   -8    2
    1    7    7    1    2    1    2    1       856  -14    3   -4    2   -9   11   17   20   10   -4  -10   -3   -6    6    6  -10   11   -1
    1    7    8    1    3    5    3    1       616    4   14    0  -14    1    2    0   10   -3   10    9   -8   -2   -9   -4    8   -8    3
    1    7    9    1    2    3    2    1       784  -13    1    4    6  -13    7   15   17   11   -4  -10    0   -2    5   15   -7   11    2
    1    7   10    1    2    5    2    1      1011  -11    2   -6    4   -8   13   13   14   10    2   -8   -1   -4    5    7  -12    6    0
    1    7   11    1    1    3    1    1       556   -4  -15   -2   -1   -7   14   -2   15   -1   12   -8    4    9   -4   13   -9    2  -14
    1    7   12    1    3    4    3    1       535   -1   14    2  -11   -6   -2    3    9   -1   10    2   -6   -2   -9   -6    9   -7    2
    1    7   13    1    1    5    1    1       579   -2  -15   -6    1   -6   13    0   13    4   15  -10    4    6   -4   14   -9    3  -10
    1    7   14    1    3    1    3    1       702    3   14    4   -7   -6    0   -1   -2    1   12    2   -5   -3   -7   -6    7   -8    3
    1    7   15    1    1    4    1    1       819   -3  -15   -2    0    1    9   -3   12    2   16   -4    2    9    0   16  -10    2  -14
    1    8    1    1    1    3    1    1       595   -4  -15   -2   -1   -7   14   -2   15   -1   12   -8    4    9   -4   13   -9    2  -14
    1    8    2    1    2    4    2    1       654  -12    1   -1    3  -10   11   18   11   12   -5  -11   -3   -3    5   14   -9    9    2
    1    8    3    1    2    1    2    1       581  -14    3   -4    2   -9   11   17   20   10   -4  -10   -3   -6    6    6  -10   11   -1
    1    8    4    1    2    3    2    1       671  -13    1    4    6  -13    7   15   17   11   -4  -10    0   -2    5   15   -7   11    2
    1    8    5    1    1    2    1    1       645   -3  -13   -3   -1   -6   13   -2   12    4   15   -6    3   10   -2   15  -10    2  -12
    1    8    6    1    1    1    1    1       589    0  -14   -5    2   -7   11    0   12    8   10   -8    7    5   -4   16   -9    3  -15
    1    8    7    1    3    5    3    1      2871    4   14    0  -14    1    2    0   10   -3   10    9   -8   -2   -9   -4    8   -8    3
    1    8    8    1    1    4    1    1       694   -3  -15   -2    0    1    9   -3   12    2   16   -4    2    9    0   16  -10    2  -14
    1    8    9    1    3    3    3    1       588   -5   18   -1  -14   -4    0    4    9   -9    8    3   -7   -2   -8   -4    9   -6    3
    1    8   10    1    3    4    3    1       518   -1   14    2  -11   -6   -2    3    9   -1   10    2   -6   -2   -9   -6    9   -7    2
    1    8   11    1    1    5    1    1       562   -2  -15   -6    1   -6   13    0   13    4   15  -10    4    6   -4   14   -9    3  -10
    1    8   12    1    2    5    3    0       542  -11    2   -6    4   -8   13   13   14   10    2   -8   -1   -4    5    7  -12    6    0
    1    8   13    1    3    1    3    1       570    3   14    4   -7   -6    0   -1   -2    1   12    2   -5   -3   -7   -6    7   -8    3
    1    8   14    1    3    2    3    1       596    3   12   -3   -1   -4    1    4    8    1    6   -1   -8    2  -10   -6   11   -8    2
    1    8   15    1    2    2    2    1       478  -11    4   -2    1   -9   14    8   22   11   -2  -12    0  -12   14   17   -5   17    9
    1    9    1    1    2    2    2    1       556  -11    4   -2    1   -9   14    8   22   11   -2  -12    0  -12   14   17   -5   17    9
    1    9    2    1    2    4    2    1       807  -12    1   -1    3  -10   11   18   11   12   -5  -11   -3   -3    5   14   -9    9    2
    1    9    3    1    3    5    3    1       905    4   14    0  -14    1    2    0   10   -3   10    9   -8   -2   -9   -4    8   -8    3
    1    9    4    1    1    2    1    1       582   -3  -13   -3   -1   -6   13   -2   12    4   15   -6    3   10   -2   15  -10    2  -12
    1    9    5    1    1    5    1    1       544   -2  -15   -6    1   -6   13    0   13    4   15  -10    4    6   -4   14   -9    3  -10
    1    9    6    1    3    4    3    1       588   -1   14    2  -11   -6   -2    3    9   -1   10    2   -6   -2   -9   -6    9   -7    2
    1    9    7    1    3    3    3    1       534   -5   18   -1  -14   -4    0    4    9   -9    8    3   -7   -2   -8   -4    9   -6    3
    1    9    8    1    2    3    2    1       722  -13    1    4    6  -13    7   15   17   11   -4  -10    0   -2    5   15   -7   11    2
    1    9    9    1    3    2    3    1       630    3   12   -3   -1   -4    1    4    8    1    6   -1   -8    2  -10   -6   11   -8    2
    1    9   10    1    2    1    2    1       767  -14    3   -4    2   -9   11   17   20   10   -4  -10   -3   -6    6    6  -10   11   -1
    1    9   11    1    3    1    3    1       545    3   14    4   -7   -6    0   -1   -2    1   12    2   -5   -3   -7   -6    7   -8    3
    1    9   12    1    1    4    2    0       637   -3  -15   -2    0    1    9   -3   12    2   16   -4    2    9    0   16  -10    2  -14
    1    9   13    1    1    1    1    1       885    0  -14   -5    2   -7   11    0   12    8   10   -8    7    5   -4   16   -9    3  -15
    1    9   14    1    1    3    1    1       547   -4  -15   -2   -1   -7   14   -2   15   -1   12   -8    4    9   -4   13   -9    2  -14
    1    9   15    1    2    5    2    1       670  -11    2   -6    4   -8   13   13   14   10    2   -8   -1   -4    5    7  -12    6    0
    1   10    1    1    3    1    3    1      4613    3   14    4   -7   -6    0   -1   -2    1   12    2   -5   -3   -7   -6    7   -8    3
    1   10    2    1    3    2    3    1       558    3   12   -3   -1   -4    1    4    8    1    6   -1   -8    2  -10   -6   11   -8    2
    1   10    3    1    1    4    1    1      1049   -3  -15   -2    0    1    9   -3   12    2   16   -4    2    9    0   16  -10    2  -14
    1   10    4    1    2    5    2    1       944  -11    2   -6    4   -8   13   13   14   10    2   -8   -1   -4    5    7  -12    6    0
    1   10    5    1    1    3    1    1       956   -4  -15   -2   -1   -7   14   -2   15   -1   12   -8    4    9   -4   13   -9    2  -14
    1   10    6    1    3    3    3    1       919   -5   18   -1  -14   -4    0    4    9   -9    8    3   -7   -2   -8   -4    9   -6    3
    1   10    7    1    3    4    3    1      1060   -1   14    2  -11   -6   -2    3    9   -1   10    2   -6   -2   -9   -6    9   -7    2
    1   10    8    1    2    3    2    1       491  -13    1    4    6  -13    7   15   17   11   -4  -10    0   -2    5   15   -7   11    2
    1   10    9    1    1    1    1    1       537    0  -14   -5    2   -7   11    0   12    8   10   -8    7    5   -4   16   -9    3  -15
    1   10   10    1    2    4    2    1       469  -12    1   -1    3  -10   11   18   11   12   -5  -11   -3   -3    5   14   -9    9    2
    1   10   11    1    2    1    2    1       484  -14    3   -4    2   -9   11   17   20   10   -4  -10   -3   -6    6    6  -10   11   -1
    1   10   12    1    2    2    2    1       466  -11    4   -2    1   -9   14    8   22   11   -2  -12    0  -12   14   17   -5   17    9
    1   10   13    1    1    2    1    1       560   -3  -13   -3   -1   -6   13   -2   12    4   15   -6    3   10   -2   15  -10    2  -12
    1   10   14    1    1    5    1    1       476   -2  -15   -6    1   -6   13    0   13    4   15  -10    4    6   -4   14   -9    3  -10
    1   10   15    1    3    5    3    1       522    4   14    0  -14    1    2    0   10   -3   10    9   -8   -2   -9   -4    8   -8    3
    1   11    1    1    1    5    1    1       583   -2  -15   -6    1   -6   13    0   13    4   15  -10    4    6   -4   14   -9    3  -10
    1   11    2    1    2    5    2    1       705  -11    2   -6    4   -8   13   13   14   10    2   -8   -1   -4    5    7  -12    6    0
    1   11    3    1    3    1    3    1       822    3   14    4   -7   -6    0   -1   -2    1   12    2   -5   -3   -7   -6    7   -8    3
    1   11    4    1    2    4    2    1       615  -12    1   -1    3  -10   11   18   11   12   -5  -11   -3   -3    5   14   -9    9    2
    1   11    5    1    3    2    3    1       543    3   12   -3   -1   -4    1    4    8    1    6   -1   -8    2  -10   -6   11   -8    2
    1   11    6    1    3    3    3    1       747   -5   18   -1  -14   -4    0    4    9   -9    8    3   -7   -2   -8   -4    9   -6    3
    1   11    7    1    1    2    1    1       527   -3  -13   -3   -1   -6   13   -2   12    4   15   -6    3   10   -2   15  -10    2  -12
    1   11    8    1    2    1    2    1       747  -14    3   -4    2   -9   11   17   20   10   -4  -10   -3   -6    6    6  -10   11   -1
    1   11    9    1    2    2    2    1       607  -11    4   -2    1   -9   14    8   22   11   -2  -12    0  -12   14   17   -5   17    9
    1   11   10    1    1    4    1    1       968   -3  -15   -2    0    1    9   -3   12    2   16   -4    2    9    0   16  -10    2  -14
    1   11   11    1    3    5    3    1      1298    4   14    0  -14    1    2    0   10   -3   10    9   -8   -2   -9   -4    8   -8    3
    1   11   12    1    1    3    1    1      1552   -4  -15   -2   -1   -7   14   -2   15   -1   12   -8    4    9   -4   13   -9    2  -14
    1   11   13    1    3    4    3    1       579   -1   14    2  -11   -6   -2    3    9   -1   10    2   -6   -2   -9   -6    9   -7    2
    1   11   14    1    2    3    2    1       590  -13    1    4    6  -13    7   15   17   11   -4  -10    0   -2    5   15   -7   11    2
    1   11   15    1    1    1    1    1       472    0  -14   -5    2   -7   11    0   12    8   10   -8    7    5   -4   16   -9    3  -15
    1   12    1    1    3    1    3    1      1094    3   14    4   -7   -6    0   -1   -2    1   12    2   -5   -3   -7   -6    7   -8    3
    1   12    2    1    3    3    3    1       684   -5   18   -1  -14   -4    0    4    9   -9    8    3   -7   -2   -8   -4    9   -6    3
    1   12    3    1    3    2    3    1       626    3   12   -3   -1   -4    1    4    8    1    6   -1   -8    2  -10   -6   11   -8    2
    1   12    4    1    3    5    3    1       427    4   14    0  -14    1    2    0   10   -3   10    9   -8   -2   -9   -4    8   -8    3
    1   12    5    1    3    4    3    1       379   -1   14    2  -11   -6   -2    3    9   -1   10    2   -6   -2   -9   -6    9   -7    2
    1   12    6    1    1    1    1    1       717    0  -14   -5    2   -7   11    0   12    8   10   -8    7    5   -4   16   -9    3  -15
    1   12    7    1    2    4    2    1       754  -12    1   -1    3  -10   11   18   11   12   -5  -11   -3   -3    5   14   -9    9    2
    1   12    8    1    2    3    2    1       517  -13    1    4    6  -13    7   15   17   11   -4  -10    0   -2    5   15   -7   11    2
    1   12    9    1    2    5    2    1       706  -11    2   -6    4   -8   13   13   14   10    2   -8   -1   -4    5    7  -12    6    0
    1   12   10    1    1    5    1    1       759   -2  -15   -6    1   -6   13    0   13    4   15  -10    4    6   -4   14   -9    3  -10
    1   12   11    1    2    2    2    1       555  -11    4   -2    1   -9   14    8   22   11   -2  -12    0  -12   14   17   -5   17    9
    1   12   12    1    1    2    1    1       550   -3  -13   -3   -1   -6   13   -2   12    4   15   -6    3   10   -2   15  -10    2  -12
    1   12   13    1    1    3    1    1       561   -4  -15   -2   -1   -7   14   -2   15   -1   12   -8    4    9   -4   13   -9    2  -14
    1   12   14    1    2    1    2    1       637  -14    3   -4    2   -9   11   17   20   10   -4  -10   -3   -6    6    6  -10   11   -1
    1   12   15    1    1    4    1    1      1732   -3  -15   -2    0    1    9   -3   12    2   16   -4    2    9    0   16  -10    2  -14
    1   13    1    1    3    4    3    1       784   -1   14    2  -11   -6   -2    3    9   -1   10    2   -6   -2   -9   -6    9   -7    2
    1   13    2    1    2    2    2    1       914  -11    4   -2    1   -9   14    8   22   11   -2  -12    0  -12   14   17   -5   17    9
    1   13    3    1    3    1    3    1       991    3   14    4   -7   -6    0   -1   -2    1   12    2   -5   -3   -7   -6    7   -8    3
    1   13    4    1    1    4    1    1      1065   -3  -15   -2    0    1    9   -3   12    2   16   -4    2    9    0   16  -10    2  -14
    1   13    5    1    3    2    3    1       992    3   12   -3   -1   -4    1    4    8    1    6   -1   -8    2  -10   -6   11   -8    2
    1   13    6    1    3    5    3    1       634    4   14    0  -14    1    2    0   10   -3   10    9   -8   -2   -9   -4    8   -8    3
    1   13    7    1    2    1    2    1       657  -14    3   -4    2   -9   11   17   20   10   -4  -10   -3   -6    6    6  -10   11   -1
    1   13    8    1    1    5    1    1       745   -2  -15   -6    1   -6   13    0   13    4   15  -10    4    6   -4   14   -9    3  -10
    1   13    9    1    2    5    2    1       589  -11    2   -6    4   -8   13   13   14   10    2   -8   -1   -4    5    7  -12    6    0
    1   13   10    1    1    3    1    1       599   -4  -15   -2   -1   -7   14   -2   15   -1   12   -8    4    9   -4   13   -9    2  -14
    1   13   11    1    1    2    1    1       608   -3  -13   -3   -1   -6   13   -2   12    4   15   -6    3   10   -2   15  -10    2  -12
    1   13   12    1    3    3    3    1       793   -5   18   -1  -14   -4    0    4    9   -9    8    3   -7   -2   -8   -4    9   -6    3
    1   13   13    1    1    1    1    1       763    0  -14   -5    2   -7   11    0   12    8   10   -8    7    5   -4   16   -9    3  -15
    1   13   14    1    2    3    2    1      1134  -13    1    4    6  -13    7   15   17   11   -4  -10    0   -2    5   15   -7   11    2
    1   13   15    1    2    4    2    1       578  -12    1   -1    3  -10   11   18   11   12   -5  -11   -3   -3    5   14   -9    9    2
    1   14    1    1    2    2    2    1      1148  -11    4   -2    1   -9   14    8   22   11   -2  -12    0  -12   14   17   -5   17    9
    1   14    2    1    2    3    2    1       576  -13    1    4    6  -13    7   15   17   11   -4  -10    0   -2    5   15   -7   11    2
    1   14    3    1    3    5    2    0      1066    4   14    0  -14    1    2    0   10   -3   10    9   -8   -2   -9   -4    8   -8    3
    1   14    4    1    1    3    1    1       625   -4  -15   -2   -1   -7   14   -2   15   -1   12   -8    4    9   -4   13   -9    2  -14
    1   14    5    1    2    4    2    1       474  -12    1   -1    3  -10   11   18   11   12   -5  -11   -3   -3    5   14   -9    9    2
    1   14    6    1    1    4    1    1       712   -3  -15   -2    0    1    9   -3   12    2   16   -4    2    9    0   16  -10    2  -14
    1   14    7    1    3    4    3    1       541   -1   14    2  -11   -6   -2    3    9   -1   10    2   -6   -2   -9   -6    9   -7    2
    1   14    8    1    2    5    2    1      1001  -11    2   -6    4   -8   13   13   14   10    2   -8   -1   -4    5    7  -12    6    0
    1   14    9    1    1    1    1    1       611    0  -14   -5    2   -7   11    0   12    8   10   -8    7    5   -4   16   -9    3  -15
    1   14   10    1    1    5    1    1       572   -2  -15   -6    1   -6   13    0   13    4   15  -10    4    6   -4   14   -9    3  -10
    1   14   11    1    1    2    1    1       519   -3  -13   -3   -1   -6   13   -2   12    4   15   -6    3   10   -2   15  -10    2  -12
    1   14   12    1    2    1    2    1       771  -14    3   -4    2   -9   11   17   20   10   -4  -10   -3   -6    6    6  -10   11   -1
    1   14   13    1    3    1    3    1      1158    3   14    4   -7   -6    0   -1   -2    1   12    2   -5   -3   -7   -6    7   -8    3
    1   14   14    1    3    2    3    1       713    3   12   -3   -1   -4    1    4    8    1    6   -1   -8    2  -10   -6   11   -8    2
    1   14   15    1    3    3    3    1       702   -5   18   -1  -14   -4    0    4    9   -9    8    3   -7   -2   -8   -4    9   -6    3
    1   15    1    1    3    4    3    1       659   -1   14    2  -11   -6   -2    3    9   -1   10    2   -6   -2   -9   -6    9   -7    2
    1   15    2    1    2    2    2    1       714  -11    4   -2    1   -9   14    8   22   11   -2  -12    0  -12   14   17   -5   17    9
    1   15    3    1    3    1    3    1      1247    3   14    4   -7   -6    0   -1   -2    1   12    2   -5   -3   -7   -6    7   -8    3
    1   15    4    1    3    3    3    1       622   -5   18   -1  -14   -4    0    4    9   -9    8    3   -7   -2   -8   -4    9   -6    3
    1   15    5    1    2    5    2    1       839  -11    2   -6    4   -8   13   13   14   10    2   -8   -1   -4    5    7  -12    6    0
    1   15    6    1    1    3    1    1       551   -4  -15   -2   -1   -7   14   -2   15   -1   12   -8    4    9   -4   13   -9    2  -14
    1   15    7    1    1    5    1    1       658   -2  -15   -6    1   -6   13    0   13    4   15  -10    4    6   -4   14   -9    3  -10
    1   15    8    1    1    4    1    1       617   -3  -15   -2    0    1    9   -3   12    2   16   -4    2    9    0   16  -10    2  -14
    1   15    9    1    1    2    1    1       338   -3  -13   -3   -1   -6   13   -2   12    4   15   -6    3   10   -2   15  -10    2  -12
    1   15   10    1    2    1    2    1       822  -14    3   -4    2   -9   11   17   20   10   -4  -10   -3   -6    6    6  -10   11   -1
    1   15   11    1    3    5    3    1       935    4   14    0  -14    1    2    0   10   -3   10    9   -8   -2   -9   -4    8   -8    3
    1   15   12    1    3    2    3    1       867    3   12   -3   -1   -4    1    4    8    1    6   -1   -8    2  -10   -6   11   -8    2
    1   15   13    1    2    3    2    1       929  -13    1    4    6  -13    7   15   17   11   -4  -10    0   -2    5   15   -7   11    2
    1   15   14    1    1    1    1    1       670    0  -14   -5    2   -7   11    0   12    8   10   -8    7    5   -4   16   -9    3  -15
    1   15   15    1    2    4    2    1       548  -12    1   -1    3  -10   11   18   11   12   -5  -11   -3   -3    5   14   -9    9    2
    2    1    1    1    3    4    1    1      1732   -1   14    2  -11   -6   -2    3    9   -1   10    2   -6   -2   -9   -6    9   -7    2
    2    1    2    1    3    5    1    1      1024    4   14    0  -14    1    2    0   10   -3   10    9   -8   -2   -9   -4    8   -8    3
    2    1    3    2    2    0    1    0       840  -13    2   -3    2  -10   12   12   16   11   -3  -10   -2   -4    4   16   -5    9    1
    2    1    4    1    2    3    1    1       808  -13    1    4    6  -13    7   15   17   11   -4  -10    0   -2    5   15   -7   11    2
    2    1    5    1    3    1    1    1      1834    3   14    4   -7   -6    0   -1   -2    1   12    2   -5   -3   -7   -6    7   -8    3
    2    1    6    4    3    5    2    1      1122   13   18    2  -12    0   -4    2   10   -2   12    1   -8   -3   -9   -4    8   -8    4
    2    1    7    1    2    4    1    1       582  -12    1   -1    3  -10   11   18   11   12   -5  -11   -3   -3    5   14   -9    9    2
    2    1    8    4    1    1    2    1       928   -4  -13   -1    0   -5   13   -7   18    2   15  -11    3    9   -4    5   -1    3  -15
    2    1    9    1    1    2    1    1       893   -3  -13   -3   -1   -6   13   -2   12    4   15   -6    3   10   -2   15  -10    2  -12
    2    1   10    6    0    0    2    1       715    3   -8  -12  -10   12   -9  -10    5    8    2   15    2    2   -5   14    9   14  -15
    2    1   11    6    0    0    2    1       864   13  -14   10  -12    2   -5   -5  -11   -3  -12    0  -12    5   10  -11  -12   11    7
    2    1   12    6    0    0    2    1       990   14   -5    1    5   10  -11  -10  -14    9    5    3   18    0   -9   -2    9   21  -14
    2    1   13    1    1    4    1    1       952   -3  -15   -2    0    1    9   -3   12    2   16   -4    2    9    0   16  -10    2  -14
    2    1   14    1    2    5    1    1      1219  -11    2   -6    4   -8   13   13   14   10    2   -8   -1   -4    5    7  -12    6    0
    2    1   15    4    1    4    1    0      2244   -4  -15   -2   -1   -5   10   -5   23    5   20  -11    6   11   -1   14   -9    1  -13
    2    1   16    4    1    2    1    0       908   -4  -12   -4    0   -5   15   -1   15    1   16   -8    6    6   -3   14   -8    7   -9
    2    1   17    2    1    0    1    0       825   -2  -14   -3    0   -5   12   -1   14    3   15   -9    5    7   -3   15   -9    3  -14
    2    1   18    6    0    0    2    1       874    3   -8    0    9    9   -8  -12  -15    7    2    7   18    0  -10    1    4   14  -11
    2    1   19    4    2    2    2    1       744  -14    3   -3    1   -5   10   16   13    7   -8   -8   -3   -7    3   15   -3    9    2
    2    1   20    2    3    0    2    1      2124    3   13    4  -10   -5    1    2    8   -1   11    1   -7   -1   -9   -5    9   -7    3
    2    1   21    4    3    1    2    1      1769    4   12   -5  -10   -6    2   -3    6    1    9    2   -8   -3   -7  -11   18   -2    3
    2    1   22    4    3    4    2    1       916    2   12    4   -9   -2    1   -5   17   -3    9    1   -5    2  -19    0   11   -5    3
    2    1   23    4    3    3    1    0       608    4    8    3  -10   -4    1    1    8    0   11    0   -7   -1  -10   -5   10   -3   -4
    2    1   24    4    1    5    1    0      1705   -4  -15   -5    0   -6   12    1   15    4   14   -5    7    6   -3    5  -10    5  -16
    2    1   25    1    1    1    1    1       807    0  -14   -5    2   -7   11    0   12    8   10   -8    7    5   -4   16   -9    3  -15
    2    1   26    1    2    1    1    1      1480  -14    3   -4    2   -9   11   17   20   10   -4  -10   -3   -6    6    6  -10   11   -1
    2    1   27    1    3    2    1    1       622    3   12   -3   -1   -4    1    4    8    1    6   -1   -8    2  -10   -6   11   -8    2
    2    1   28    4    2    5    2    1      1175  -13    3   -3    0  -12   11   10   20   10   -3  -11   -1   -5    3   16   -3   14   -2
    2    1   29    1    1    3    1    1       873   -4  -15   -2   -1   -7   14   -2   15   -1   12   -8    4    9   -4   13   -9    2  -14
    2    1   30    4    2    4    1    0      1144  -14    0   -3    3   -6   12   11   17   12   -1  -13   -3   -7    3   20   -9    8    3
    2    1   31    6    0    0    2    1       636   10  -17   19  -11    2   -4   -5  -15   -2  -13    0   -6    7    8    3  -12   11   -2
    2    1   32    1    2    2    2    0       932  -11    4   -2    1   -9   14    8   22   11   -2  -12    0  -12   14   17   -5   17    9
    2    1   33    4    2    1    2    1       928  -12    4   -2    2  -12   13   11   16   11   -2  -11   -2   -6    6    9    2   11    1
    2    1   34    1    1    5    1    1       829   -2  -15   -6    1   -6   13    0   13    4   15  -10    4    6   -4   14   -9    3  -10
    2    1   35    6    0    0    2    1       701   -3   -4  -13   -7   14   -8   -7    6    3   12   14    4   -1   -2   18    7   17  -11
    2    1   36    4    1    3    2    1      1986    8   -8   -4   -1   -7   12  -10   13    1   17   -8    6    9   -3   17  -12    3  -13
    2    1   37    4    2    3    2    1       756  -13    0    2    7   -9   10   10   15    7   -3  -18   -5    0    0   15   -7   10   -1
    2    1   38    1    3    3    1    1      1400   -5   18   -1  -14   -4    0    4    9   -9    8    3   -7   -2   -8   -4    9   -6    3
    2    1   39    4    3    2    2    1      2769    6   23    5  -15   -6    1   11    6    0   11    2   -8   -2   -8   -6   10   -8    3
