    1    1    1    1    2    4    1    0     17788   -7    7   10    0   -1   -9   -8    4    4   -8    4    8    4   12   15    8    8  -12
    1    1    2    1    1    5    1    1      5180  -10   -5    1   -1  -13   -5    2   14  -11    6   14  -10   -3   13    3   10    0   -4
    1    1    3    1    1    2    1    1      1790   -8   -4    2    1  -14   -6    3   13  -13    8   14  -19   -4   10    3    8    0   -7
    1    1    4    1    2    1    2    1       904   -7    6    6   -2   -2   -9   -9    4   -1  -11    1    5    8    6   13    8    8  -12
    1    1    5    1    2    3    3    0      1029   -9   10    8   -4    2   -7   -8    6   -3  -10    0    6   11   11   10   -3    5  -11
    1    1    6    1    2    5    2    1       830   -6    8    8   -2    1   -9  -10    4    0   -7   -2    3    9   11   12    7    8  -11
    1    1    7    1    1    3    3    0       718   -8   -3    1   -2   -8  -14    9    4  -10    3   13  -10   -2   16    4   10   -2   -9
    1    1    8    1    3    4    3    1       722   15  -11    1   -5  -17   -3    4  -14    8   -6    5    5   -7   -1   16    0  -12   -7
    1    1    9    1    3    1    3    1       951   17  -11    0   -6   -4   -4    5  -14    5   -4    4    3   -6    1   13   -3  -22  -11
    1    1   10    1    1    1    1    1      1666   -7   -7    0   -2  -13   -8    1   13  -10    6   13  -11   -3   16   10   13   -2   -5
    1    1   11    1    2    2    2    1       577   -8    2   -2   -6   -7  -12   -8    6    0   -9    1    4    5   10   12    6    9  -10
    1    1   12    1    3    5    3    1      1531   13  -14    2   -6  -14    5    4  -16   16  -13    1    3   -6    3   16   -6  -15   -6
    1    1   13    1    3    2    3    1       831   17  -12   -6    0  -22    3   -5  -17    8   -5    3    3  -16    2   19   -9  -13   -6
    1    1   14    1    1    4    1    1      1471  -16    5   -4   -5  -10   -7    0   13  -11    6   15  -11    0   17    7    8    0  -10
    1    1   15    1    3    3    3    1      1702   15  -10    1   -9  -13    6    7  -18    4   -5    3    6  -13   -6   17   -4   -5   -7
    1    2    1    1    1    3    1    1      1523   -8   -3    1   -2   -8  -14    9    4  -10    3   13  -10   -2   16    4   10   -2   -9
    1    2    2    1    1    5    2    0       504  -10   -5    1   -1  -13   -5    2   14  -11    6   14  -10   -3   13    3   10    0   -4
    1    2    3    1    2    1    2    1       853   -7    6    6   -2   -2   -9   -9    4   -1  -11    1    5    8    6   13    8    8  -12
    1    2    4    1    2    5    2    1      2180   -6    8    8   -2    1   -9  -10    4    0   -7   -2    3    9   11   12    7    8  -11
    1    2    5    1    2    4    2    1      1342   -7    7   10    0   -1   -9   -8    4    4   -8    4    8    4   12   15    8    8  -12
    1    2    6    1    3    5    3    1      1946   13  -14    2   -6  -14    5    4  -16   16  -13    1    3   -6    3   16   -6  -15   -6
    1    2    7    1    2    3    2    1      1821   -9   10    8   -4    2   -7   -8    6   -3  -10    0    6   11   11   10   -3    5  -11
    1    2    8    1    3    3    3    1       854   15  -10    1   -9  -13    6    7  -18    4   -5    3    6  -13   -6   17   -4   -5   -7
    1    2    9    1    1    4    2    0      1893  -16    5   -4   -5  -10   -7    0   13  -11    6   15  -11    0   17    7    8    0  -10
    1    2   10    1    1    1    2    0      2507   -7   -7    0   -2  -13   -8    1   13  -10    6   13  -11   -3   16   10   13   -2   -5
    1    2   11    1    3    1    3    1      1033   17  -11    0   -6   -4   -4    5  -14    5   -4    4    3   -6    1   13   -3  -22  -11
    1    2   12    1    2    2    2    1      3968   -8    2   -2   -6   -7  -12   -8    6    0   -9    1    4    5   10   12    6    9  -10
    1    2   13    1    3    2    3    1      1395   17  -12   -6    0  -22    3   -5  -17    8   -5    3    3  -16    2   19   -9  -13   -6
    1    2   14    1    3    4    3    1      1789   15  -11    1   -5  -17   -3    4  -14    8   -6    5    5   -7   -1   16    0  -12   -7
    1    2   15    1    1    2    1    1      1975   -8   -4    2    1  -14   -6    3   13  -13    8   14  -19   -4   10    3    8    0   -7
    1    3    1    1    1    2    1    1       954   -8   -4    2    1  -14   -6    3   13  -13    8   14  -19   -4   10    3    8    0   -7
    1    3    2    1    1    5    1    1      4613  -10   -5    1   -1  -13   -5    2   14  -11    6   14  -10   -3   13    3   10    0   -4
    1    3    3    1    1    1    1    1      1885   -7   -7    0   -2  -13   -8    1   13  -10    6   13  -11   -3   16   10   13   -2   -5
    1    3    4    1    2    4    2    1       803   -7    7   10    0   -1   -9   -8    4    4   -8    4    8    4   12   15    8    8  -12
    1    3    5    1    2    3    2    1      4485   -9   10    8   -4    2   -7   -8    6   -3  -10    0    6   11   11   10   -3    5  -11
    1    3    6    1    3    5    3    1       755   13  -14    2   -6  -14    5    4  -16   16  -13    1    3   -6    3   16   -6  -15   -6
    1    3    7    1    2    5    2    1       710   -6    8    8   -2    1   -9  -10    4    0   -7   -2    3    9   11   12    7    8  -11
    1    3    8    1    3    3    3    1       747   15  -10    1   -9  -13    6    7  -18    4   -5    3    6  -13   -6   17   -4   -5   -7
    1    3    9    1    2    1    2    1      1918   -7    6    6   -2   -2   -9   -9    4   -1  -11    1    5    8    6   13    8    8  -12
    1    3   10    1    2    2    2    1      1155   -8    2   -2   -6   -7  -12   -8    6    0   -9    1    4    5   10   12    6    9  -10
    1    3   11    1    3    2    3    1       759   17  -12   -6    0  -22    3   -5  -17    8   -5    3    3  -16    2   19   -9  -13   -6
    1    3   12    1    1    4    2    0      4329  -16    5   -4   -5  -10   -7    0   13  -11    6   15  -11    0   17    7    8    0  -10
    1    3   13    1    1    3    1    1      2366   -8   -3    1   -2   -8  -14    9    4  -10    3   13  -10   -2   16    4   10   -2   -9
    1    3   14    1    3    4    3    1      1296   15  -11    1   -5  -17   -3    4  -14    8   -6    5    5   -7   -1   16    0  -12   -7
    1    3   15    1    3    1    3    1       685   17  -11    0   -6   -4   -4    5  -14    5   -4    4    3   -6    1   13   -3  -22  -11
    1    4    1    1    3    5    2    0      1748   13  -14    2   -6  -14    5    4  -16   16  -13    1    3   -6    3   16   -6  -15   -6
    1    4    2    1    2    2    2    1       895   -8    2   -2   -6   -7  -12   -8    6    0   -9    1    4    5   10   12    6    9  -10
    1    4    3    1    3    4    3    1       573   15  -11    1   -5  -17   -3    4  -14    8   -6    5    5   -7   -1   16    0  -12   -7
    1    4    4    1    2    1    2    1      1639   -7    6    6   -2   -2   -9   -9    4   -1  -11    1    5    8    6   13    8    8  -12
    1    4    5    1    3    2    3    1       711   17  -12   -6    0  -22    3   -5  -17    8   -5    3    3  -16    2   19   -9  -13   -6
    1    4    6    1    3    3    3    1       637   15  -10    1   -9  -13    6    7  -18    4   -5    3    6  -13   -6   17   -4   -5   -7
    1    4    7    1    1    3    2    0      2533   -8   -3    1   -2   -8  -14    9    4  -10    3   13  -10   -2   16    4   10   -2   -9
    1    4    8    1    1    5    2    0      1440  -10   -5    1   -1  -13   -5    2   14  -11    6   14  -10   -3   13    3   10    0   -4
    1    4    9    1    2    5    2    1       616   -6    8    8   -2    1   -9  -10    4    0   -7   -2    3    9   11   12    7    8  -11
    1    4   10    1    1    1    1    1      1329   -7   -7    0   -2  -13   -8    1   13  -10    6   13  -11   -3   16   10   13   -2   -5
    1    4   11    1    2    3    1    0      1934   -9   10    8   -4    2   -7   -8    6   -3  -10    0    6   11   11   10   -3    5  -11
    1    4   12    1    1    2    1    1      1521   -8   -4    2    1  -14   -6    3   13  -13    8   14  -19   -4   10    3    8    0   -7
    1    4   13    1    1    4    2    0      2358  -16    5   -4   -5  -10   -7    0   13  -11    6   15  -11    0   17    7    8    0  -10
    1    4   14    1    2    4    2    1       969   -7    7   10    0   -1   -9   -8    4    4   -8    4    8    4   12   15    8    8  -12
    1    4   15    1    3    1    3    1       740   17  -11    0   -6   -4   -4    5  -14    5   -4    4    3   -6    1   13   -3  -22  -11
    1    5    1    1    2    4    2    1      2568   -7    7   10    0   -1   -9   -8    4    4   -8    4    8    4   12   15    8    8  -12
    1    5    2    1    2    2    2    1      4770   -8    2   -2   -6   -7  -12   -8    6    0   -9    1    4    5   10   12    6    9  -10
    1    5    3    1    1    2    1    1      3669   -8   -4    2    1  -14   -6    3   13  -13    8   14  -19   -4   10    3    8    0   -7
    1    5    4    1    2    5    2    1      4868   -6    8    8   -2    1   -9  -10    4    0   -7   -2    3    9   11   12    7    8  -11
    1    5    5    1    2    3    2    1      1762   -9   10    8   -4    2   -7   -8    6   -3  -10    0    6   11   11   10   -3    5  -11
    1    5    6    1    3    5    3    1       718   13  -14    2   -6  -14    5    4  -16   16  -13    1    3   -6    3   16   -6  -15   -6
    1    5    7    1    3    1    3    1       498   17  -11    0   -6   -4   -4    5  -14    5   -4    4    3   -6    1   13   -3  -22  -11
    1    5    8    1    3    4    3    1       527   15  -11    1   -5  -17   -3    4  -14    8   -6    5    5   -7   -1   16    0  -12   -7
    1    5    9    1    1    4    1    1      1436  -16    5   -4   -5  -10   -7    0   13  -11    6   15  -11    0   17    7    8    0  -10
    1    5   10    1    1    1    1    1      1108   -7   -7    0   -2  -13   -8    1   13  -10    6   13  -11   -3   16   10   13   -2   -5
    1    5   11    1    3    2    3    1       985   17  -12   -6    0  -22    3   -5  -17    8   -5    3    3  -16    2   19   -9  -13   -6
    1    5   12    1    1    3    2    0      1155   -8   -3    1   -2   -8  -14    9    4  -10    3   13  -10   -2   16    4   10   -2   -9
    1    5   13    1    1    5    2    0       807  -10   -5    1   -1  -13   -5    2   14  -11    6   14  -10   -3   13    3   10    0   -4
    1    5   14    1    2    1    2    1       584   -7    6    6   -2   -2   -9   -9    4   -1  -11    1    5    8    6   13    8    8  -12
    1    5   15    1    3    3    3    1       610   15  -10    1   -9  -13    6    7  -18    4   -5    3    6  -13   -6   17   -4   -5   -7
    1    6    1    1    3    4    3    1       635   15  -11    1   -5  -17   -3    4  -14    8   -6    5    5   -7   -1   16    0  -12   -7
    1    6    2    1    2    1    2    1       931   -7    6    6   -2   -2   -9   -9    4   -1  -11    1    5    8    6   13    8    8  -12
    1    6    3    1    1    3    1    1       815   -8   -3    1   -2   -8  -14    9    4  -10    3   13  -10   -2   16    4   10   -2   -9
    1    6    4    1    2    4    2    1       544   -7    7   10    0   -1   -9   -8    4    4   -8    4    8    4   12   15    8    8  -12
    1    6    5    1    3    5    3    1      1692   13  -14    2   -6  -14    5    4  -16   16  -13    1    3   -6    3   16   -6  -15   -6
    1    6    6    1    1    1    1    1      1657   -7   -7    0   -2  -13   -8    1   13  -10    6   13  -11   -3   16   10   13   -2   -5
    1    6    7    1    2    2    2    1       713   -8    2   -2   -6   -7  -12   -8    6    0   -9    1    4    5   10   12    6    9  -10
    1    6    8    1    3    1    3    1       606   17  -11    0   -6   -4   -4    5  -14    5   -4    4    3   -6    1   13   -3  -22  -11
    1    6    9    1    2    5    2    1       663   -6    8    8   -2    1   -9  -10    4    0   -7   -2    3    9   11   12    7    8  -11
    1    6   10    1    1    4    2    0       733  -16    5   -4   -5  -10   -7    0   13  -11    6   15  -11    0   17    7    8    0  -10
    1    6   11    1    3    2    3    1       593   17  -12   -6    0  -22    3   -5  -17    8   -5    3    3  -16    2   19   -9  -13   -6
    1    6   12    1    1    5    1    1      1019  -10   -5    1   -1  -13   -5    2   14  -11    6   14  -10   -3   13    3   10    0   -4
    1    6   13    1    2    3    2    1       628   -9   10    8   -4    2   -7   -8    6   -3  -10    0    6   11   11   10   -3    5  -11
    1    6   14    1    3    3    3    1      2845   15  -10    1   -9  -13    6    7  -18    4   -5    3    6  -13   -6   17   -4   -5   -7
    1    6   15    1    1    2    1    1      1532   -8   -4    2    1  -14   -6    3   13  -13    8   14  -19   -4   10    3    8    0   -7
    1    7    1    1    2    2    2    1      1408   -8    2   -2   -6   -7  -12   -8    6    0   -9    1    4    5   10   12    6    9  -10
    1    7    2    1    3    4    3    1       954   15  -11    1   -5  -17   -3    4  -14    8   -6    5    5   -7   -1   16    0  -12   -7
    1    7    3    1    2    4    2    1      1189   -7    7   10    0   -1   -9   -8    4    4   -8    4    8    4   12   15    8    8  -12
    1    7    4    1    1    4    1    1      1527  -16    5   -4   -5  -10   -7    0   13  -11    6   15  -11    0   17    7    8    0  -10
    1    7    5    1    2    3    2    1      1883   -9   10    8   -4    2   -7   -8    6   -3  -10    0    6   11   11   10   -3    5  -11
    1    7    6    1    1    2    1    1      4673   -8   -4    2    1  -14   -6    3   13  -13    8   14  -19   -4   10    3    8    0   -7
    1    7    7    1    2    1    2    1      3768   -7    6    6   -2   -2   -9   -9    4   -1  -11    1    5    8    6   13    8    8  -12
    1    7    8    1    3    3    3    1       627   15  -10    1   -9  -13    6    7  -18    4   -5    3    6  -13   -6   17   -4   -5   -7
    1    7    9    1    1    5    1    1       763  -10   -5    1   -1  -13   -5    2   14  -11    6   14  -10   -3   13    3   10    0   -4
    1    7   10    1    2    5    2    1       766   -6    8    8   -2    1   -9  -10    4    0   -7   -2    3    9   11   12    7    8  -11
    1    7   11    1    3    5    3    1       817   13  -14    2   -6  -14    5    4  -16   16  -13    1    3   -6    3   16   -6  -15   -6
    1    7   12    1    1    3    1    1       865   -8   -3    1   -2   -8  -14    9    4  -10    3   13  -10   -2   16    4   10   -2   -9
    1    7   13    1    3    2    3    1       816   17  -12   -6    0  -22    3   -5  -17    8   -5    3    3  -16    2   19   -9  -13   -6
    1    7   14    1    3    1    3    1       672   17  -11    0   -6   -4   -4    5  -14    5   -4    4    3   -6    1   13   -3  -22  -11
    1    7   15    1    1    1    1    1      1223   -7   -7    0   -2  -13   -8    1   13  -10    6   13  -11   -3   16   10   13   -2   -5
    1    8    1    1    1    4    1    1       920  -16    5   -4   -5  -10   -7    0   13  -11    6   15  -11    0   17    7    8    0  -10
    1    8    2    1    3    3    3    1       708   15  -10    1   -9  -13    6    7  -18    4   -5    3    6  -13   -6   17   -4   -5   -7
    1    8    3    1    3    4    3    1       714   15  -11    1   -5  -17   -3    4  -14    8   -6    5    5   -7   -1   16    0  -12   -7
    1    8    4    1    3    5    3    1      2446   13  -14    2   -6  -14    5    4  -16   16  -13    1    3   -6    3   16   -6  -15   -6
    1    8    5    1    2    1    2    1      3246   -7    6    6   -2   -2   -9   -9    4   -1  -11    1    5    8    6   13    8    8  -12
    1    8    6    1    1    1    1    1      3501   -7   -7    0   -2  -13   -8    1   13  -10    6   13  -11   -3   16   10   13   -2   -5
    1    8    7    1    1    2    1    1       611   -8   -4    2    1  -14   -6    3   13  -13    8   14  -19   -4   10    3    8    0   -7
    1    8    8    1    1    5    1    1       508  -10   -5    1   -1  -13   -5    2   14  -11    6   14  -10   -3   13    3   10    0   -4
    1    8    9    1    2    4    2    1       825   -7    7   10    0   -1   -9   -8    4    4   -8    4    8    4   12   15    8    8  -12
    1    8   10    1    2    3    2    1      1178   -9   10    8   -4    2   -7   -8    6   -3  -10    0    6   11   11   10   -3    5  -11
    1    8   11    1    2    5    2    1       685   -6    8    8   -2    1   -9  -10    4    0   -7   -2    3    9   11   12    7    8  -11
    1    8   12    1    1    3    1    1      1811   -8   -3    1   -2   -8  -14    9    4  -10    3   13  -10   -2   16    4   10   -2   -9
    1    8   13    1    2    2    2    1      1324   -8    2   -2   -6   -7  -12   -8    6    0   -9    1    4    5   10   12    6    9  -10
    1    8   14    1    3    1    3    1      1000   17  -11    0   -6   -4   -4    5  -14    5   -4    4    3   -6    1   13   -3  -22  -11
    1    8   15    1    3    2    3    1       658   17  -12   -6    0  -22    3   -5  -17    8   -5    3    3  -16    2   19   -9  -13   -6
    1    9    1    1    1    3    1    1      1289   -8   -3    1   -2   -8  -14    9    4  -10    3   13  -10   -2   16    4   10   -2   -9
    1    9    2    1    2    4    2    1       951   -7    7   10    0   -1   -9   -8    4    4   -8    4    8    4   12   15    8    8  -12
    1    9    3    1    1    2    1    1      1682   -8   -4    2    1  -14   -6    3   13  -13    8   14  -19   -4   10    3    8    0   -7
    1    9    4    1    2    1    2    1       784   -7    6    6   -2   -2   -9   -9    4   -1  -11    1    5    8    6   13    8    8  -12
    1    9    5    1    1    4    1    1       802  -16    5   -4   -5  -10   -7    0   13  -11    6   15  -11    0   17    7    8    0  -10
    1    9    6    1    3    3    3    1      1251   15  -10    1   -9  -13    6    7  -18    4   -5    3    6  -13   -6   17   -4   -5   -7
    1    9    7    1    3    1    3    1       978   17  -11    0   -6   -4   -4    5  -14    5   -4    4    3   -6    1   13   -3  -22  -11
    1    9    8    1    2    3    2    1      2285   -9   10    8   -4    2   -7   -8    6   -3  -10    0    6   11   11   10   -3    5  -11
    1    9    9    1    1    5    1    1       691  -10   -5    1   -1  -13   -5    2   14  -11    6   14  -10   -3   13    3   10    0   -4
    1    9   10    1    2    2    2    1       873   -8    2   -2   -6   -7  -12   -8    6    0   -9    1    4    5   10   12    6    9  -10
    1    9   11    1    3    5    3    1       824   13  -14    2   -6  -14    5    4  -16   16  -13    1    3   -6    3   16   -6  -15   -6
    1    9   12    1    3    2    3    1       616   17  -12   -6    0  -22    3   -5  -17    8   -5    3    3  -16    2   19   -9  -13   -6
    1    9   13    1    1    1    1    1       817   -7   -7    0   -2  -13   -8    1   13  -10    6   13  -11   -3   16   10   13   -2   -5
    1    9   14    1    2    5    2    1      1137   -6    8    8   -2    1   -9  -10    4    0   -7   -2    3    9   11   12    7    8  -11
    1    9   15    1    3    4    3    1       710   15  -11    1   -5  -17   -3    4  -14    8   -6    5    5   -7   -1   16    0  -12   -7
    1   10    1    1    1    3    1    1      2331   -8   -3    1   -2   -8  -14    9    4  -10    3   13  -10   -2   16    4   10   -2   -9
    1   10    2    1    2    2    2    1       879   -8    2   -2   -6   -7  -12   -8    6    0   -9    1    4    5   10   12    6    9  -10
    1   10    3    1    2    4    2    1      1070   -7    7   10    0   -1   -9   -8    4    4   -8    4    8    4   12   15    8    8  -12
    1   10    4    1    3    5    3    1       644   13  -14    2   -6  -14    5    4  -16   16  -13    1    3   -6    3   16   -6  -15   -6
    1   10    5    1    3    1    3    1       748   17  -11    0   -6   -4   -4    5  -14    5   -4    4    3   -6    1   13   -3  -22  -11
    1   10    6    1    2    5    2    1       991   -6    8    8   -2    1   -9  -10    4    0   -7   -2    3    9   11   12    7    8  -11
    1   10    7    1    1    2    1    1       969   -8   -4    2    1  -14   -6    3   13  -13    8   14  -19   -4   10    3    8    0   -7
    1   10    8    1    2    3    2    1       740   -9   10    8   -4    2   -7   -8    6   -3  -10    0    6   11   11   10   -3    5  -11
    1   10    9    1    1    1    1    1      1672   -7   -7    0   -2  -13   -8    1   13  -10    6   13  -11   -3   16   10   13   -2   -5
    1   10   10    1    2    1    2    1       630   -7    6    6   -2   -2   -9   -9    4   -1  -11    1    5    8    6   13    8    8  -12
    1   10   11    1    3    3    3    1       767   15  -10    1   -9  -13    6    7  -18    4   -5    3    6  -13   -6   17   -4   -5   -7
    1   10   12    1    3    2    3    1       769   17  -12   -6    0  -22    3   -5  -17    8   -5    3    3  -16    2   19   -9  -13   -6
    1   10   13    1    3    4    3    1       500   15  -11    1   -5  -17   -3    4  -14    8   -6    5    5   -7   -1   16    0  -12   -7
    1   10   14    1    1    5    1    1       929  -10   -5    1   -1  -13   -5    2   14  -11    6   14  -10   -3   13    3   10    0   -4
    1   10   15    1    1    4    1    1      1821  -16    5   -4   -5  -10   -7    0   13  -11    6   15  -11    0   17    7    8    0  -10
    1   11    1    1    3    3    3    1       678   15  -10    1   -9  -13    6    7  -18    4   -5    3    6  -13   -6   17   -4   -5   -7
    1   11    2    1    3    5    3    1      1581   13  -14    2   -6  -14    5    4  -16   16  -13    1    3   -6    3   16   -6  -15   -6
    1   11    3    1    1    3    1    1      2719   -8   -3    1   -2   -8  -14    9    4  -10    3   13  -10   -2   16    4   10   -2   -9
    1   11    4    1    1    2    1    1      1635   -8   -4    2    1  -14   -6    3   13  -13    8   14  -19   -4   10    3    8    0   -7
    1   11    5    1    3    2    3    1       723   17  -12   -6    0  -22    3   -5  -17    8   -5    3    3  -16    2   19   -9  -13   -6
    1   11    6    1    3    1    3    1       600   17  -11    0   -6   -4   -4    5  -14    5   -4    4    3   -6    1   13   -3  -22  -11
    1   11    7    1    1    1    1    1      3265   -7   -7    0   -2  -13   -8    1   13  -10    6   13  -11   -3   16   10   13   -2   -5
    1   11    8    1    2    5    2    1       624   -6    8    8   -2    1   -9  -10    4    0   -7   -2    3    9   11   12    7    8  -11
    1   11    9    1    2    1    2    1      2328   -7    6    6   -2   -2   -9   -9    4   -1  -11    1    5    8    6   13    8    8  -12
    1   11   10    1    1    5    1    1      1549  -10   -5    1   -1  -13   -5    2   14  -11    6   14  -10   -3   13    3   10    0   -4
    1   11   11    1    2    4    2    1       832   -7    7   10    0   -1   -9   -8    4    4   -8    4    8    4   12   15    8    8  -12
    1   11   12    1    1    4    1    1      2113  -16    5   -4   -5  -10   -7    0   13  -11    6   15  -11    0   17    7    8    0  -10
    1   11   13    1    2    3    2    1      1597   -9   10    8   -4    2   -7   -8    6   -3  -10    0    6   11   11   10   -3    5  -11
    1   11   14    1    2    2    2    1      3166   -8    2   -2   -6   -7  -12   -8    6    0   -9    1    4    5   10   12    6    9  -10
    1   11   15    1    3    4    3    1       577   15  -11    1   -5  -17   -3    4  -14    8   -6    5    5   -7   -1   16    0  -12   -7
    1   12    1    1    3    3    3    1       475   15  -10    1   -9  -13    6    7  -18    4   -5    3    6  -13   -6   17   -4   -5   -7
    1   12    2    1    1    2    1    1      1130   -8   -4    2    1  -14   -6    3   13  -13    8   14  -19   -4   10    3    8    0   -7
    1   12    3    1    3    2    3    1       670   17  -12   -6    0  -22    3   -5  -17    8   -5    3    3  -16    2   19   -9  -13   -6
    1   12    4    1    3    1    3    1       660   17  -11    0   -6   -4   -4    5  -14    5   -4    4    3   -6    1   13   -3  -22  -11
    1   12    5    1    2    3    2    1       844   -9   10    8   -4    2   -7   -8    6   -3  -10    0    6   11   11   10   -3    5  -11
    1   12    6    1    3    5    3    1       636   13  -14    2   -6  -14    5    4  -16   16  -13    1    3   -6    3   16   -6  -15   -6
    1   12    7    1    1    3    1    1      1524   -8   -3    1   -2   -8  -14    9    4  -10    3   13  -10   -2   16    4   10   -2   -9
    1   12    8    1    2    1    2    1       696   -7    6    6   -2   -2   -9   -9    4   -1  -11    1    5    8    6   13    8    8  -12
    1   12    9    1    2    4    2    1      2542   -7    7   10    0   -1   -9   -8    4    4   -8    4    8    4   12   15    8    8  -12
    1   12   10    1    2    2    2    1       730   -8    2   -2   -6   -7  -12   -8    6    0   -9    1    4    5   10   12    6    9  -10
    1   12   11    1    2    5    2    1       974   -6    8    8   -2    1   -9  -10    4    0   -7   -2    3    9   11   12    7    8  -11
    1   12   12    1    1    4    1    1      1400  -16    5   -4   -5  -10   -7    0   13  -11    6   15  -11    0   17    7    8    0  -10
    1   12   13    1    1    5    1    1       594  -10   -5    1   -1  -13   -5    2   14  -11    6   14  -10   -3   13    3   10    0   -4
    1   12   14    1    1    1    1    1       843   -7   -7    0   -2  -13   -8    1   13  -10    6   13  -11   -3   16   10   13   -2   -5
    1   12   15    1    3    4    3    1       779   15  -11    1   -5  -17   -3    4  -14    8   -6    5    5   -7   -1   16    0  -12   -7
    1   13    1    1    1    5    2    0       525  -10   -5    1   -1  -13   -5    2   14  -11    6   14  -10   -3   13    3   10    0   -4
    1   13    2    1    1    1    1    1       826   -7   -7    0   -2  -13   -8    1   13  -10    6   13  -11   -3   16   10   13   -2   -5
    1   13    3    1    2    5    2    1       555   -6    8    8   -2    1   -9  -10    4    0   -7   -2    3    9   11   12    7    8  -11
    1   13    4    1    3    2    3    1       598   17  -12   -6    0  -22    3   -5  -17    8   -5    3    3  -16    2   19   -9  -13   -6
    1   13    5    1    2    3    2    1       655   -9   10    8   -4    2   -7   -8    6   -3  -10    0    6   11   11   10   -3    5  -11
    1   13    6    1    3    4    3    1      1639   15  -11    1   -5  -17   -3    4  -14    8   -6    5    5   -7   -1   16    0  -12   -7
    1   13    7    1    2    2    2    1      1030   -8    2   -2   -6   -7  -12   -8    6    0   -9    1    4    5   10   12    6    9  -10
    1   13    8    1    2    1    2    1       798   -7    6    6   -2   -2   -9   -9    4   -1  -11    1    5    8    6   13    8    8  -12
    1   13    9    1    1    2    1    1       848   -8   -4    2    1  -14   -6    3   13  -13    8   14  -19   -4   10    3    8    0   -7
    1   13   10    1    3    3    3    1       719   15  -10    1   -9  -13    6    7  -18    4   -5    3    6  -13   -6   17   -4   -5   -7
    1   13   11    1    2    4    2    1       515   -7    7   10    0   -1   -9   -8    4    4   -8    4    8    4   12   15    8    8  -12
    1   13   12    1    3    5    3    1       720   13  -14    2   -6  -14    5    4  -16   16  -13    1    3   -6    3   16   -6  -15   -6
    1   13   13    1    3    1    3    1       597   17  -11    0   -6   -4   -4    5  -14    5   -4    4    3   -6    1   13   -3  -22  -11
    1   13   14    1    1    4    1    1       670  -16    5   -4   -5  -10   -7    0   13  -11    6   15  -11    0   17    7    8    0  -10
    1   13   15    1    1    3    1    1       597   -8   -3    1   -2   -8  -14    9    4  -10    3   13  -10   -2   16    4   10   -2   -9
    1   14    1    1    2    4    2    1       558   -7    7   10    0   -1   -9   -8    4    4   -8    4    8    4   12   15    8    8  -12
    1   14    2    1    3    2    3    1       649   17  -12   -6    0  -22    3   -5  -17    8   -5    3    3  -16    2   19   -9  -13   -6
    1   14    3    1    1    3    1    1       929   -8   -3    1   -2   -8  -14    9    4  -10    3   13  -10   -2   16    4   10   -2   -9
    1   14    4    1    2    2    2    1       909   -8    2   -2   -6   -7  -12   -8    6    0   -9    1    4    5   10   12    6    9  -10
    1   14    5    1    2    3    2    1       875   -9   10    8   -4    2   -7   -8    6   -3  -10    0    6   11   11   10   -3    5  -11
    1   14    6    1    3    5    3    1       761   13  -14    2   -6  -14    5    4  -16   16  -13    1    3   -6    3   16   -6  -15   -6
    1   14    7    1    2    5    2    1       557   -6    8    8   -2    1   -9  -10    4    0   -7   -2    3    9   11   12    7    8  -11
    1   14    8    1    3    3    3    1       648   15  -10    1   -9  -13    6    7  -18    4   -5    3    6  -13   -6   17   -4   -5   -7
    1   14    9    1    1    1    1    1      1375   -7   -7    0   -2  -13   -8    1   13  -10    6   13  -11   -3   16   10   13   -2   -5
    1   14   10    1    3    1    3    1       682   17  -11    0   -6   -4   -4    5  -14    5   -4    4    3   -6    1   13   -3  -22  -11
    1   14   11    1    1    4    1    1      1200  -16    5   -4   -5  -10   -7    0   13  -11    6   15  -11    0   17    7    8    0  -10
    1   14   12    1    2    1    2    1       609   -7    6    6   -2   -2   -9   -9    4   -1  -11    1    5    8    6   13    8    8  -12
    1   14   13    1    1    5    1    1       570  -10   -5    1   -1  -13   -5    2   14  -11    6   14  -10   -3   13    3   10    0   -4
    1   14   14    1    1    2    1    1       917   -8   -4    2    1  -14   -6    3   13  -13    8   14  -19   -4   10    3    8    0   -7
    1   14   15    1    3    4    3    1       626   15  -11    1   -5  -17   -3    4  -14    8   -6    5    5   -7   -1   16    0  -12   -7
    1   15    1    1    2    1    2    1       634   -7    6    6   -2   -2   -9   -9    4   -1  -11    1    5    8    6   13    8    8  -12
    1   15    2    1    2    3    2    1      1954   -9   10    8   -4    2   -7   -8    6   -3  -10    0    6   11   11   10   -3    5  -11
    1   15    3    1    3    3    3    1       485   15  -10    1   -9  -13    6    7  -18    4   -5    3    6  -13   -6   17   -4   -5   -7
    1   15    4    1    1    4    1    1      1155  -16    5   -4   -5  -10   -7    0   13  -11    6   15  -11    0   17    7    8    0  -10
    1   15    5    1    3    2    3    1       775   17  -12   -6    0  -22    3   -5  -17    8   -5    3    3  -16    2   19   -9  -13   -6
    1   15    6    1    1    3    2    0      1033   -8   -3    1   -2   -8  -14    9    4  -10    3   13  -10   -2   16    4   10   -2   -9
    1   15    7    1    3    1    3    1       577   17  -11    0   -6   -4   -4    5  -14    5   -4    4    3   -6    1   13   -3  -22  -11
    1   15    8    1    1    5    1    1      1067  -10   -5    1   -1  -13   -5    2   14  -11    6   14  -10   -3   13    3   10    0   -4
    1   15    9    1    1    2    1    1       674   -8   -4    2    1  -14   -6    3   13  -13    8   14  -19   -4   10    3    8    0   -7
    1   15   10    1    1    1    1    1       697   -7   -7    0   -2  -13   -8    1   13  -10    6   13  -11   -3   16   10   13   -2   -5
    1   15   11    1    2    5    2    1       590   -6    8    8   -2    1   -9  -10    4    0   -7   -2    3    9   11   12    7    8  -11
    1   15   12    1    2    2    2    1       872   -8    2   -2   -6   -7  -12   -8    6    0   -9    1    4    5   10   12    6    9  -10
    1   15   13    1    2    4    2    1       535   -7    7   10    0   -1   -9   -8    4    4   -8    4    8    4   12   15    8    8  -12
    1   15   14    1    3    5    3    1       851   13  -14    2   -6  -14    5    4  -16   16  -13    1    3   -6    3   16   -6  -15   -6
    1   15   15    1    3    4    3    1      3506   15  -11    1   -5  -17   -3    4  -14    8   -6    5    5   -7   -1   16    0  -12   -7
    2    1    1    1    3    1    1    1      7089   17  -11    0   -6   -4   -4    5  -14    5   -4    4    3   -6    1   13   -3  -22  -11
    2    1    2    6    0    0    2    1      1095   15   -5   -2   -5   -8    3    7    8   13  -12    5    7   17   12  -11    0    0  -13
    2    1    3    6    0    0    2    1      1117    2    0   10    4    1   -4   -2    1   -6   14  -11    3    0    3    0   15   -4   16
    2    1    4    4    2    5    1    0      1602   -8    7    8   -1   -2  -11   -8    3    1   -9    2    7    6   12   14    7    6  -10
    2    1    5    4    3    2    1    0      1059   16  -11    3   -2  -18    8    5  -11    9   -7    4    3    3    5   15   -3  -16   -7
    2    1    6    4    2    3    2    1      3946   -5    7    5   -2   -5  -12  -10    6    1   -7   -1    2    3   16   13    5    7  -10
    2    1    7    1    1    5    1    1      2221  -10   -5    1   -1  -13   -5    2   14  -11    6   14  -10   -3   13    3   10    0   -4
    2    1    8    4    1    1    2    1      2678  -11   -5    1    3  -14   -7    0   14  -10    1   13  -12  -11   11    4   10    1   -7
    2    1    9    1    2    2    1    1      1693   -8    2   -2   -6   -7  -12   -8    6    0   -9    1    4    5   10   12    6    9  -10
    2    1   10    2    2    0    1    0       843   -6    6    7   -3   -1  -10  -10    5    2   -9    0    4    6   11   13    7    7  -11
    2    1   11    4    1    5    1    0      2410  -10   -5    2    0  -12   -7    1   15  -10    7   14  -10   -2   16    5    7   -3   -7
    2    1   12    1    1    1    1    1       972   -7   -7    0   -2  -13   -8    1   13  -10    6   13  -11   -3   16   10   13   -2   -5
    2    1   13    4    2    4    2    1      1271   -8   12    7   -1    0  -12  -11    6    1   -8    1    3    5   15   12    5    7  -10
    2    1   14    1    1    2    2    0      2725   -8   -4    2    1  -14   -6    3   13  -13    8   14  -19   -4   10    3    8    0   -7
    2    1   15    1    3    5    1    1       666   13  -14    2   -6  -14    5    4  -16   16  -13    1    3   -6    3   16   -6  -15   -6
    2    1   16    1    2    5    1    1      2192   -6    8    8   -2    1   -9  -10    4    0   -7   -2    3    9   11   12    7    8  -11
    2    1   17    6    0    0    2    1       714  -17    6    9   13  -13    1  -15   -2   -1   12    5   -6    3   -5   -4   22  -11   -5
    2    1   18    2    1    0    1    0      1455   -9   -5    0   -1  -12   -6    1   14  -10    5   14  -11   -2   15    5    9   -1   -6
    2    1   19    1    3    4    1    1      1574   15  -11    1   -5  -17   -3    4  -14    8   -6    5    5   -7   -1   16    0  -12   -7
    2    1   20    4    3    4    1    0       841   17  -10    2   -5  -11    4    3  -12    4   -2    5    3   -6   -1   21   -2  -14   -6
    2    1   21    4    3    1    1    0       905    6  -11   12   -9  -19   10    5  -14    7   -7    3    6   -7    2   13   -4  -15   -6
    2    1   22    4    1    4    2    1      2406   -9   -6   -2   -5  -11   -5    3   16   -8    9   19  -11   -3   14    8   -1    2   -6
    2    1   23    1    1    4    1    1      8727  -16    5   -4   -5  -10   -7    0   13  -11    6   15  -11    0   17    7    8    0  -10
    2    1   24    4    3    5    2    1      1308   14  -10    1   -9  -11    5    3  -12    5   -3    0    8   -7    1   17   -5  -16   -9
    2    1   25    1    2    3    1    1      1833   -9   10    8   -4    2   -7   -8    6   -3  -10    0    6   11   11   10   -3    5  -11
    2    1   26    4    1    2    2    1       897  -11  -10    3   -6   -8   -4    0   13   -9    4    4  -12   -1   16    3    8   -1   -7
    2    1   27    1    1    3    1    1      2382   -8   -3    1   -2   -8  -14    9    4  -10    3   13  -10   -2   16    4   10   -2   -9
    2    1   28    4    1    3    2    1      1136   -8   -6    1    0  -11   -7    0   14   -8    6   14  -10   -2   16   13    9    0   -8
    2    1   29    2    3    0    1    0       996   16  -10    2   -7  -12    4    4  -13    6   -5    3    4   -7    0   15   -5  -14   -5
    2    1   30    4    2    1    2    1       669   -6    7   -3   -8    0   -8   -8    6    2   -6    3    3    7   12   18    4   16   -3
    2    1   31    6    0    0    2    1       964    0   -3    9    2    3   -4   -2    0   -5   13  -13    4    1    3    2   16   -3   16
    2    1   32    6    0    0    2    1      1231  -11   14    8   11  -12   -1  -13    1   -3   13    5   -4    5   -8   -5   14  -11   -7
    2    1   33    1    2    4    1    1      2671   -7    7   10    0   -1   -9   -8    4    4   -8    4    8    4   12   15    8    8  -12
    2    1   34    1    2    1    1    1      1829   -7    6    6   -2   -2   -9   -9    4   -1  -11    1    5    8    6   13    8    8  -12
    2    1   35    6    0    0    2    1       926   15   -9   -4   -6   -6    2    7    5   15  -13   12    7   14    4   -6   -1    2  -13
    2    1   36    4    2    2    2    1      2906   -7    6    6   -2    0  -10   -9    5    0   -7    1    6    5   11   14    7    6  -11
    2    1   37    1    3    3    1    1       888   15  -10    1   -9  -13    6    7  -18    4   -5    3    6  -13   -6   17   -4   -5   -7
    2    1   38    1    3    2    1    1       853   17  -12   -6    0  -22    3   -5  -17    8   -5    3    3  -16    2   19   -9  -13   -6
    2    1   39    4    3    3    2    1       757   15  -10    1   -6  -18   12    5  -15    4   -4    3    1   -6   -1   13   -7  -14    0
