    1    1    1    1    1    1    1    1     17180   -7    1    4  -12   -5   20   -4    3   12    8    4    6    5   -1   -6   17    4   11
    1    1    2    1    3    3    3    1      3090   -7    5    0   -7   11    0   -3   -7  -16    1  -15   -7   -6   13    6   11  -10   14
    1    1    3    1    1    5    1    1     10040   -7    6   10   -8  -10   18   -4    3   13   10    3    0   12   -1  -20   14    2   14
    1    1    4    1    1    3    2    0      4088   -5    6   12   -9   -6   11   -4    2   11    6    8    7    7    3   -9    7    4   13
    1    1    5    1    1    4    1    1      4582   -8    5   12  -10   -3   11   -2    1    9   17    6    6    9    2  -11    8    6   10
    1    1    6    1    1    2    3    0      7920   -4    7   11  -12   -6   14   -7    5   13    6   13   16    6    1  -10    3    6   10
    1    1    7    1    3    2    1    0     11300  -11    7    3   -4   14    0    0  -12  -14    0  -10   -7   -6   11    1    8   -3   10
    1    1    8    1    2    4    3    0      1569   -9   15    1    0   -6   14  -12   -9    5  -11  -16   -5  -13    9   -7   -7  -10  -15
    1    1    9    1    2    3    2    1      4036  -11   19    1   -2  -11   10   -2  -10   -5  -19  -15   -6  -14    8  -14  -16  -10  -14
    1    1   10    1    3    5    3    1      6867   -5   15    1   -9   11    3   -3   -9  -16    3  -17   -6   -7   20    2    8   -8   10
    1    1   11    1    2    2    1    0      4162   -8    8   -1    5  -19    4   -4  -10   -3  -13  -16  -14  -10   10   -6   -8   -7  -13
    1    1   12    1    2    1    1    0      3468  -11   17   -2    1   -9   13   -1  -11   -6  -15  -16   -6  -10   10   -2   -2  -10  -11
    1    1   13    1    3    1    1    0      6051  -10   10   -1   -8   18   -1   -4   -9  -16    1  -15  -10   -6   12    0   10   -3    5
    1    1   14    1    3    4    3    1      3074  -14    4    0   -9   13    1   -3   -8  -15   -2  -14   -9   -4    4   -1    9   -3    6
    1    1   15    1    2    5    2    1     24328  -11   16   -2   -1  -12   13   -4   -7   -7  -13  -16   -7  -14    8   -8    0  -11  -13
    1    2    1    1    3    1    3    1      3388  -10   10   -1   -8   18   -1   -4   -9  -16    1  -15  -10   -6   12    0   10   -3    5
    1    2    2    1    1    5    2    0      8342   -7    6   10   -8  -10   18   -4    3   13   10    3    0   12   -1  -20   14    2   14
    1    2    3    1    3    4    3    1      3674  -14    4    0   -9   13    1   -3   -8  -15   -2  -14   -9   -4    4   -1    9   -3    6
    1    2    4    1    1    2    3    0     10600   -4    7   11  -12   -6   14   -7    5   13    6   13   16    6    1  -10    3    6   10
    1    2    5    1    3    3    3    1      1057   -7    5    0   -7   11    0   -3   -7  -16    1  -15   -7   -6   13    6   11  -10   14
    1    2    6    1    1    1    1    1     15016   -7    1    4  -12   -5   20   -4    3   12    8    4    6    5   -1   -6   17    4   11
    1    2    7    1    2    5    2    1      1633  -11   16   -2   -1  -12   13   -4   -7   -7  -13  -16   -7  -14    8   -8    0  -11  -13
    1    2    8    1    2    4    3    0      1664   -9   15    1    0   -6   14  -12   -9    5  -11  -16   -5  -13    9   -7   -7  -10  -15
    1    2    9    1    1    4    1    1     14959   -8    5   12  -10   -3   11   -2    1    9   17    6    6    9    2  -11    8    6   10
    1    2   10    1    3    5    3    1      6554   -5   15    1   -9   11    3   -3   -9  -16    3  -17   -6   -7   20    2    8   -8   10
    1    2   11    1    3    2    3    1      3973  -11    7    3   -4   14    0    0  -12  -14    0  -10   -7   -6   11    1    8   -3   10
    1    2   12    1    2    2    1    0      3607   -8    8   -1    5  -19    4   -4  -10   -3  -13  -16  -14  -10   10   -6   -8   -7  -13
    1    2   13    1    2    1    1    0      3257  -11   17   -2    1   -9   13   -1  -11   -6  -15  -16   -6  -10   10   -2   -2  -10  -11
    1    2   14    1    2    3    2    1      1464  -11   19    1   -2  -11   10   -2  -10   -5  -19  -15   -6  -14    8  -14  -16  -10  -14
    1    2   15    1    1    3    2    0     24414   -5    6   12   -9   -6   11   -4    2   11    6    8    7    7    3   -9    7    4   13
    1    3    1    1    2    1    1    0      2830  -11   17   -2    1   -9   13   -1  -11   -6  -15  -16   -6  -10   10   -2   -2  -10  -11
    1    3    2    1    2    3    2    1      2014  -11   19    1   -2  -11   10   -2  -10   -5  -19  -15   -6  -14    8  -14  -16  -10  -14
    1    3    3    1    3    5    3    1      2287   -5   15    1   -9   11    3   -3   -9  -16    3  -17   -6   -7   20    2    8   -8   10
    1    3    4    1    3    2    3    1      4869  -11    7    3   -4   14    0    0  -12  -14    0  -10   -7   -6   11    1    8   -3   10
    1    3    5    1    3    4    3    1      1731  -14    4    0   -9   13    1   -3   -8  -15   -2  -14   -9   -4    4   -1    9   -3    6
    1    3    6    1    1    3    1    1      1311   -5    6   12   -9   -6   11   -4    2   11    6    8    7    7    3   -9    7    4   13
    1    3    7    1    2    2    2    1      2684   -8    8   -1    5  -19    4   -4  -10   -3  -13  -16  -14  -10   10   -6   -8   -7  -13
    1    3    8    1    1    2    1    1      7602   -4    7   11  -12   -6   14   -7    5   13    6   13   16    6    1  -10    3    6   10
    1    3    9    1    1    5    2    0      1491   -7    6   10   -8  -10   18   -4    3   13   10    3    0   12   -1  -20   14    2   14
    1    3   10    1    3    1    3    1      1097  -10   10   -1   -8   18   -1   -4   -9  -16    1  -15  -10   -6   12    0   10   -3    5
    1    3   11    1    1    1    1    1      1854   -7    1    4  -12   -5   20   -4    3   12    8    4    6    5   -1   -6   17    4   11
    1    3   12    1    2    5    2    1      1349  -11   16   -2   -1  -12   13   -4   -7   -7  -13  -16   -7  -14    8   -8    0  -11  -13
    1    3   13    1    1    4    1    1      2032   -8    5   12  -10   -3   11   -2    1    9   17    6    6    9    2  -11    8    6   10
    1    3   14    1    3    3    3    1      1232   -7    5    0   -7   11    0   -3   -7  -16    1  -15   -7   -6   13    6   11  -10   14
    1    3   15    1    2    4    3    0      2704   -9   15    1    0   -6   14  -12   -9    5  -11  -16   -5  -13    9   -7   -7  -10  -15
    1    4    1    1    3    3    3    1       998   -7    5    0   -7   11    0   -3   -7  -16    1  -15   -7   -6   13    6   11  -10   14
    1    4    2    1    3    5    3    1      2079   -5   15    1   -9   11    3   -3   -9  -16    3  -17   -6   -7   20    2    8   -8   10
    1    4    3    1    1    1    1    1      5980   -7    1    4  -12   -5   20   -4    3   12    8    4    6    5   -1   -6   17    4   11
    1    4    4    1    1    3    1    1      6574   -5    6   12   -9   -6   11   -4    2   11    6    8    7    7    3   -9    7    4   13
    1    4    5    1    2    3    2    1      1257  -11   19    1   -2  -11   10   -2  -10   -5  -19  -15   -6  -14    8  -14  -16  -10  -14
    1    4    6    1    3    4    3    1       872  -14    4    0   -9   13    1   -3   -8  -15   -2  -14   -9   -4    4   -1    9   -3    6
    1    4    7    1    2    1    1    0      3079  -11   17   -2    1   -9   13   -1  -11   -6  -15  -16   -6  -10   10   -2   -2  -10  -11
    1    4    8    1    3    2    3    1      1261  -11    7    3   -4   14    0    0  -12  -14    0  -10   -7   -6   11    1    8   -3   10
    1    4    9    1    1    2    1    1      1035   -4    7   11  -12   -6   14   -7    5   13    6   13   16    6    1  -10    3    6   10
    1    4   10    1    2    5    2    1       947  -11   16   -2   -1  -12   13   -4   -7   -7  -13  -16   -7  -14    8   -8    0  -11  -13
    1    4   11    1    2    2    2    1      3054   -8    8   -1    5  -19    4   -4  -10   -3  -13  -16  -14  -10   10   -6   -8   -7  -13
    1    4   12    1    1    4    1    1      1461   -8    5   12  -10   -3   11   -2    1    9   17    6    6    9    2  -11    8    6   10
    1    4   13    1    3    1    3    1      1212  -10   10   -1   -8   18   -1   -4   -9  -16    1  -15  -10   -6   12    0   10   -3    5
    1    4   14    1    2    4    3    0      3821   -9   15    1    0   -6   14  -12   -9    5  -11  -16   -5  -13    9   -7   -7  -10  -15
    1    4   15    1    1    5    2    0      1877   -7    6   10   -8  -10   18   -4    3   13   10    3    0   12   -1  -20   14    2   14
    1    5    1    1    2    3    2    1       955  -11   19    1   -2  -11   10   -2  -10   -5  -19  -15   -6  -14    8  -14  -16  -10  -14
    1    5    2    1    2    1    1    0      1574  -11   17   -2    1   -9   13   -1  -11   -6  -15  -16   -6  -10   10   -2   -2  -10  -11
    1    5    3    1    1    1    1    1       873   -7    1    4  -12   -5   20   -4    3   12    8    4    6    5   -1   -6   17    4   11
    1    5    4    1    3    3    3    1       648   -7    5    0   -7   11    0   -3   -7  -16    1  -15   -7   -6   13    6   11  -10   14
    1    5    5    1    2    2    2    1      1071   -8    8   -1    5  -19    4   -4  -10   -3  -13  -16  -14  -10   10   -6   -8   -7  -13
    1    5    6    1    3    1    3    1       869  -10   10   -1   -8   18   -1   -4   -9  -16    1  -15  -10   -6   12    0   10   -3    5
    1    5    7    1    1    2    1    1      1060   -4    7   11  -12   -6   14   -7    5   13    6   13   16    6    1  -10    3    6   10
    1    5    8    1    1    3    1    1      1451   -5    6   12   -9   -6   11   -4    2   11    6    8    7    7    3   -9    7    4   13
    1    5    9    1    1    5    1    1      4194   -7    6   10   -8  -10   18   -4    3   13   10    3    0   12   -1  -20   14    2   14
    1    5   10    1    1    4    1    1      5643   -8    5   12  -10   -3   11   -2    1    9   17    6    6    9    2  -11    8    6   10
    1    5   11    1    2    5    2    1      3162  -11   16   -2   -1  -12   13   -4   -7   -7  -13  -16   -7  -14    8   -8    0  -11  -13
    1    5   12    1    3    4    3    1       845  -14    4    0   -9   13    1   -3   -8  -15   -2  -14   -9   -4    4   -1    9   -3    6
    1    5   13    1    2    4    2    1      1772   -9   15    1    0   -6   14  -12   -9    5  -11  -16   -5  -13    9   -7   -7  -10  -15
    1    5   14    1    3    2    3    1      1095  -11    7    3   -4   14    0    0  -12  -14    0  -10   -7   -6   11    1    8   -3   10
    1    5   15    1    3    5    3    1      1308   -5   15    1   -9   11    3   -3   -9  -16    3  -17   -6   -7   20    2    8   -8   10
    1    6    1    1    2    2    2    1      5689   -8    8   -1    5  -19    4   -4  -10   -3  -13  -16  -14  -10   10   -6   -8   -7  -13
    1    6    2    1    3    3    3    1       839   -7    5    0   -7   11    0   -3   -7  -16    1  -15   -7   -6   13    6   11  -10   14
    1    6    3    1    3    2    3    1       839  -11    7    3   -4   14    0    0  -12  -14    0  -10   -7   -6   11    1    8   -3   10
    1    6    4    1    2    3    2    1      1767  -11   19    1   -2  -11   10   -2  -10   -5  -19  -15   -6  -14    8  -14  -16  -10  -14
    1    6    5    1    3    5    3    1       721   -5   15    1   -9   11    3   -3   -9  -16    3  -17   -6   -7   20    2    8   -8   10
    1    6    6    1    1    4    1    1      1318   -8    5   12  -10   -3   11   -2    1    9   17    6    6    9    2  -11    8    6   10
    1    6    7    1    3    1    3    1       851  -10   10   -1   -8   18   -1   -4   -9  -16    1  -15  -10   -6   12    0   10   -3    5
    1    6    8    1    1    5    1    1      6690   -7    6   10   -8  -10   18   -4    3   13   10    3    0   12   -1  -20   14    2   14
    1    6    9    1    3    4    3    1       776  -14    4    0   -9   13    1   -3   -8  -15   -2  -14   -9   -4    4   -1    9   -3    6
    1    6   10    1    1    3    1    1      1034   -5    6   12   -9   -6   11   -4    2   11    6    8    7    7    3   -9    7    4   13
    1    6   11    1    2    4    3    0      7042   -9   15    1    0   -6   14  -12   -9    5  -11  -16   -5  -13    9   -7   -7  -10  -15
    1    6   12    1    2    5    2    1      1818  -11   16   -2   -1  -12   13   -4   -7   -7  -13  -16   -7  -14    8   -8    0  -11  -13
    1    6   13    1    1    2    1    1      1027   -4    7   11  -12   -6   14   -7    5   13    6   13   16    6    1  -10    3    6   10
    1    6   14    1    1    1    1    1      1738   -7    1    4  -12   -5   20   -4    3   12    8    4    6    5   -1   -6   17    4   11
    1    6   15    1    2    1    1    0      3190  -11   17   -2    1   -9   13   -1  -11   -6  -15  -16   -6  -10   10   -2   -2  -10  -11
    1    7    1    1    3    4    3    1       808  -14    4    0   -9   13    1   -3   -8  -15   -2  -14   -9   -4    4   -1    9   -3    6
    1    7    2    1    1    5    1    1      1834   -7    6   10   -8  -10   18   -4    3   13   10    3    0   12   -1  -20   14    2   14
    1    7    3    1    3    2    3    1       753  -11    7    3   -4   14    0    0  -12  -14    0  -10   -7   -6   11    1    8   -3   10
    1    7    4    1    3    5    3    1       757   -5   15    1   -9   11    3   -3   -9  -16    3  -17   -6   -7   20    2    8   -8   10
    1    7    5    1    1    3    1    1       920   -5    6   12   -9   -6   11   -4    2   11    6    8    7    7    3   -9    7    4   13
    1    7    6    1    1    2    1    1       964   -4    7   11  -12   -6   14   -7    5   13    6   13   16    6    1  -10    3    6   10
    1    7    7    1    3    3    3    1       831   -7    5    0   -7   11    0   -3   -7  -16    1  -15   -7   -6   13    6   11  -10   14
    1    7    8    1    2    2    1    0      2559   -8    8   -1    5  -19    4   -4  -10   -3  -13  -16  -14  -10   10   -6   -8   -7  -13
    1    7    9    1    3    1    3    1       730  -10   10   -1   -8   18   -1   -4   -9  -16    1  -15  -10   -6   12    0   10   -3    5
    1    7   10    1    1    4    1    1      1070   -8    5   12  -10   -3   11   -2    1    9   17    6    6    9    2  -11    8    6   10
    1    7   11    1    1    1    1    1      1749   -7    1    4  -12   -5   20   -4    3   12    8    4    6    5   -1   -6   17    4   11
    1    7   12    1    2    1    2    1      3088  -11   17   -2    1   -9   13   -1  -11   -6  -15  -16   -6  -10   10   -2   -2  -10  -11
    1    7   13    1    2    3    2    1      1398  -11   19    1   -2  -11   10   -2  -10   -5  -19  -15   -6  -14    8  -14  -16  -10  -14
    1    7   14    1    2    5    2    1      2175  -11   16   -2   -1  -12   13   -4   -7   -7  -13  -16   -7  -14    8   -8    0  -11  -13
    1    7   15    1    2    4    2    1      3273   -9   15    1    0   -6   14  -12   -9    5  -11  -16   -5  -13    9   -7   -7  -10  -15
    1    8    1    1    3    3    3    1       840   -7    5    0   -7   11    0   -3   -7  -16    1  -15   -7   -6   13    6   11  -10   14
    1    8    2    1    1    4    1    1       936   -8    5   12  -10   -3   11   -2    1    9   17    6    6    9    2  -11    8    6   10
    1    8    3    1    3    4    3    1       772  -14    4    0   -9   13    1   -3   -8  -15   -2  -14   -9   -4    4   -1    9   -3    6
    1    8    4    1    2    2    1    0      1991   -8    8   -1    5  -19    4   -4  -10   -3  -13  -16  -14  -10   10   -6   -8   -7  -13
    1    8    5    1    3    2    3    1       873  -11    7    3   -4   14    0    0  -12  -14    0  -10   -7   -6   11    1    8   -3   10
    1    8    6    1    1    2    1    1       967   -4    7   11  -12   -6   14   -7    5   13    6   13   16    6    1  -10    3    6   10
    1    8    7    1    2    4    2    1      2930   -9   15    1    0   -6   14  -12   -9    5  -11  -16   -5  -13    9   -7   -7  -10  -15
    1    8    8    1    1    3    1    1       702   -5    6   12   -9   -6   11   -4    2   11    6    8    7    7    3   -9    7    4   13
    1    8    9    1    2    5    2    1      2979  -11   16   -2   -1  -12   13   -4   -7   -7  -13  -16   -7  -14    8   -8    0  -11  -13
    1    8   10    1    3    1    3    1       701  -10   10   -1   -8   18   -1   -4   -9  -16    1  -15  -10   -6   12    0   10   -3    5
    1    8   11    1    1    1    1    1       834   -7    1    4  -12   -5   20   -4    3   12    8    4    6    5   -1   -6   17    4   11
    1    8   12    1    3    5    3    1       658   -5   15    1   -9   11    3   -3   -9  -16    3  -17   -6   -7   20    2    8   -8   10
    1    8   13    1    1    5    1    1      1161   -7    6   10   -8  -10   18   -4    3   13   10    3    0   12   -1  -20   14    2   14
    1    8   14    1    2    3    2    1      2044  -11   19    1   -2  -11   10   -2  -10   -5  -19  -15   -6  -14    8  -14  -16  -10  -14
    1    8   15    1    2    1    2    1      2843  -11   17   -2    1   -9   13   -1  -11   -6  -15  -16   -6  -10   10   -2   -2  -10  -11
    1    9    1    1    3    4    3    1       746  -14    4    0   -9   13    1   -3   -8  -15   -2  -14   -9   -4    4   -1    9   -3    6
    1    9    2    1    2    2    1    0      1518   -8    8   -1    5  -19    4   -4  -10   -3  -13  -16  -14  -10   10   -6   -8   -7  -13
    1    9    3    1    2    1    2    1       962  -11   17   -2    1   -9   13   -1  -11   -6  -15  -16   -6  -10   10   -2   -2  -10  -11
    1    9    4    1    3    1    3    1       717  -10   10   -1   -8   18   -1   -4   -9  -16    1  -15  -10   -6   12    0   10   -3    5
    1    9    5    1    2    3    2    1      1857  -11   19    1   -2  -11   10   -2  -10   -5  -19  -15   -6  -14    8  -14  -16  -10  -14
    1    9    6    1    2    5    2    1      1032  -11   16   -2   -1  -12   13   -4   -7   -7  -13  -16   -7  -14    8   -8    0  -11  -13
    1    9    7    1    1    3    1    1      1248   -5    6   12   -9   -6   11   -4    2   11    6    8    7    7    3   -9    7    4   13
    1    9    8    1    1    2    1    1       880   -4    7   11  -12   -6   14   -7    5   13    6   13   16    6    1  -10    3    6   10
    1    9    9    1    1    5    1    1       926   -7    6   10   -8  -10   18   -4    3   13   10    3    0   12   -1  -20   14    2   14
    1    9   10    1    3    5    3    1      1178   -5   15    1   -9   11    3   -3   -9  -16    3  -17   -6   -7   20    2    8   -8   10
    1    9   11    1    1    4    1    1      1340   -8    5   12  -10   -3   11   -2    1    9   17    6    6    9    2  -11    8    6   10
    1    9   12    1    1    1    1    1      1431   -7    1    4  -12   -5   20   -4    3   12    8    4    6    5   -1   -6   17    4   11
    1    9   13    1    2    4    2    1      3343   -9   15    1    0   -6   14  -12   -9    5  -11  -16   -5  -13    9   -7   -7  -10  -15
    1    9   14    1    3    3    3    1       810   -7    5    0   -7   11    0   -3   -7  -16    1  -15   -7   -6   13    6   11  -10   14
    1    9   15    1    3    2    3    1       699  -11    7    3   -4   14    0    0  -12  -14    0  -10   -7   -6   11    1    8   -3   10
    1   10    1    1    1    5    1    1       961   -7    6   10   -8  -10   18   -4    3   13   10    3    0   12   -1  -20   14    2   14
    1   10    2    1    2    5    2    1      1819  -11   16   -2   -1  -12   13   -4   -7   -7  -13  -16   -7  -14    8   -8    0  -11  -13
    1   10    3    1    3    5    3    1       804   -5   15    1   -9   11    3   -3   -9  -16    3  -17   -6   -7   20    2    8   -8   10
    1   10    4    1    3    2    3    1       661  -11    7    3   -4   14    0    0  -12  -14    0  -10   -7   -6   11    1    8   -3   10
    1   10    5    1    1    3    1    1       780   -5    6   12   -9   -6   11   -4    2   11    6    8    7    7    3   -9    7    4   13
    1   10    6    1    2    1    2    1      3261  -11   17   -2    1   -9   13   -1  -11   -6  -15  -16   -6  -10   10   -2   -2  -10  -11
    1   10    7    1    2    3    2    1       892  -11   19    1   -2  -11   10   -2  -10   -5  -19  -15   -6  -14    8  -14  -16  -10  -14
    1   10    8    1    2    2    1    0      2474   -8    8   -1    5  -19    4   -4  -10   -3  -13  -16  -14  -10   10   -6   -8   -7  -13
    1   10    9    1    3    1    3    1       793  -10   10   -1   -8   18   -1   -4   -9  -16    1  -15  -10   -6   12    0   10   -3    5
    1   10   10    1    2    4    2    1      2394   -9   15    1    0   -6   14  -12   -9    5  -11  -16   -5  -13    9   -7   -7  -10  -15
    1   10   11    1    1    4    1    1      1115   -8    5   12  -10   -3   11   -2    1    9   17    6    6    9    2  -11    8    6   10
    1   10   12    1    3    4    3    1      1648  -14    4    0   -9   13    1   -3   -8  -15   -2  -14   -9   -4    4   -1    9   -3    6
    1   10   13    1    1    1    1    1      1823   -7    1    4  -12   -5   20   -4    3   12    8    4    6    5   -1   -6   17    4   11
    1   10   14    1    1    2    1    1       728   -4    7   11  -12   -6   14   -7    5   13    6   13   16    6    1  -10    3    6   10
    1   10   15    1    3    3    3    1       875   -7    5    0   -7   11    0   -3   -7  -16    1  -15   -7   -6   13    6   11  -10   14
    1   11    1    1    3    5    3    1       714   -5   15    1   -9   11    3   -3   -9  -16    3  -17   -6   -7   20    2    8   -8   10
    1   11    2    1    1    2    1    1      3183   -4    7   11  -12   -6   14   -7    5   13    6   13   16    6    1  -10    3    6   10
    1   11    3    1    2    3    2    1      1088  -11   19    1   -2  -11   10   -2  -10   -5  -19  -15   -6  -14    8  -14  -16  -10  -14
    1   11    4    1    2    5    2    1       710  -11   16   -2   -1  -12   13   -4   -7   -7  -13  -16   -7  -14    8   -8    0  -11  -13
    1   11    5    1    3    4    3    1       587  -14    4    0   -9   13    1   -3   -8  -15   -2  -14   -9   -4    4   -1    9   -3    6
    1   11    6    1    1    1    1    1      1093   -7    1    4  -12   -5   20   -4    3   12    8    4    6    5   -1   -6   17    4   11
    1   11    7    1    2    1    2    1       970  -11   17   -2    1   -9   13   -1  -11   -6  -15  -16   -6  -10   10   -2   -2  -10  -11
    1   11    8    1    1    4    1    1       837   -8    5   12  -10   -3   11   -2    1    9   17    6    6    9    2  -11    8    6   10
    1   11    9    1    2    4    2    1      1413   -9   15    1    0   -6   14  -12   -9    5  -11  -16   -5  -13    9   -7   -7  -10  -15
    1   11   10    1    1    3    1    1       733   -5    6   12   -9   -6   11   -4    2   11    6    8    7    7    3   -9    7    4   13
    1   11   11    1    3    3    3    1       769   -7    5    0   -7   11    0   -3   -7  -16    1  -15   -7   -6   13    6   11  -10   14
    1   11   12    1    1    5    1    1      1972   -7    6   10   -8  -10   18   -4    3   13   10    3    0   12   -1  -20   14    2   14
    1   11   13    1    3    2    3    1       694  -11    7    3   -4   14    0    0  -12  -14    0  -10   -7   -6   11    1    8   -3   10
    1   11   14    1    2    2    1    0      1292   -8    8   -1    5  -19    4   -4  -10   -3  -13  -16  -14  -10   10   -6   -8   -7  -13
    1   11   15    1    3    1    3    1       762  -10   10   -1   -8   18   -1   -4   -9  -16    1  -15  -10   -6   12    0   10   -3    5
    1   12    1    1    1    2    1    1       732   -4    7   11  -12   -6   14   -7    5   13    6   13   16    6    1  -10    3    6   10
    1   12    2    1    2    3    2    1      1728  -11   19    1   -2  -11   10   -2  -10   -5  -19  -15   -6  -14    8  -14  -16  -10  -14
    1   12    3    1    1    3    1    1       812   -5    6   12   -9   -6   11   -4    2   11    6    8    7    7    3   -9    7    4   13
    1   12    4    1    1    5    1    1      1037   -7    6   10   -8  -10   18   -4    3   13   10    3    0   12   -1  -20   14    2   14
    1   12    5    1    2    4    2    1      4389   -9   15    1    0   -6   14  -12   -9    5  -11  -16   -5  -13    9   -7   -7  -10  -15
    1   12    6    1    3    4    3    1       790  -14    4    0   -9   13    1   -3   -8  -15   -2  -14   -9   -4    4   -1    9   -3    6
    1   12    7    1    2    2    2    1      6472   -8    8   -1    5  -19    4   -4  -10   -3  -13  -16  -14  -10   10   -6   -8   -7  -13
    1   12    8    1    3    3    3    1       615   -7    5    0   -7   11    0   -3   -7  -16    1  -15   -7   -6   13    6   11  -10   14
    1   12    9    1    1    4    1    1       848   -8    5   12  -10   -3   11   -2    1    9   17    6    6    9    2  -11    8    6   10
    1   12   10    1    2    1    2    1      2703  -11   17   -2    1   -9   13   -1  -11   -6  -15  -16   -6  -10   10   -2   -2  -10  -11
    1   12   11    1    3    1    3    1       628  -10   10   -1   -8   18   -1   -4   -9  -16    1  -15  -10   -6   12    0   10   -3    5
    1   12   12    1    3    5    3    1       572   -5   15    1   -9   11    3   -3   -9  -16    3  -17   -6   -7   20    2    8   -8   10
    1   12   13    1    1    1    1    1      1158   -7    1    4  -12   -5   20   -4    3   12    8    4    6    5   -1   -6   17    4   11
    1   12   14    1    3    2    3    1       698  -11    7    3   -4   14    0    0  -12  -14    0  -10   -7   -6   11    1    8   -3   10
    1   12   15    1    2    5    2    1      1183  -11   16   -2   -1  -12   13   -4   -7   -7  -13  -16   -7  -14    8   -8    0  -11  -13
    1   13    1    1    1    2    1    1       737   -4    7   11  -12   -6   14   -7    5   13    6   13   16    6    1  -10    3    6   10
    1   13    2    1    2    4    2    1      2005   -9   15    1    0   -6   14  -12   -9    5  -11  -16   -5  -13    9   -7   -7  -10  -15
    1   13    3    1    1    5    1    1       966   -7    6   10   -8  -10   18   -4    3   13   10    3    0   12   -1  -20   14    2   14
    1   13    4    1    1    4    1    1       897   -8    5   12  -10   -3   11   -2    1    9   17    6    6    9    2  -11    8    6   10
    1   13    5    1    2    3    2    1       782  -11   19    1   -2  -11   10   -2  -10   -5  -19  -15   -6  -14    8  -14  -16  -10  -14
    1   13    6    1    3    3    3    1       592   -7    5    0   -7   11    0   -3   -7  -16    1  -15   -7   -6   13    6   11  -10   14
    1   13    7    1    2    2    2    1      4218   -8    8   -1    5  -19    4   -4  -10   -3  -13  -16  -14  -10   10   -6   -8   -7  -13
    1   13    8    1    1    3    1    1       738   -5    6   12   -9   -6   11   -4    2   11    6    8    7    7    3   -9    7    4   13
    1   13    9    1    2    1    2    1       902  -11   17   -2    1   -9   13   -1  -11   -6  -15  -16   -6  -10   10   -2   -2  -10  -11
    1   13   10    1    3    5    3    1       403   -5   15    1   -9   11    3   -3   -9  -16    3  -17   -6   -7   20    2    8   -8   10
    1   13   11    1    2    5    2    1       773  -11   16   -2   -1  -12   13   -4   -7   -7  -13  -16   -7  -14    8   -8    0  -11  -13
    1   13   12    1    3    1    3    1       887  -10   10   -1   -8   18   -1   -4   -9  -16    1  -15  -10   -6   12    0   10   -3    5
    1   13   13    1    3    4    3    1       661  -14    4    0   -9   13    1   -3   -8  -15   -2  -14   -9   -4    4   -1    9   -3    6
    1   13   14    1    1    1    1    1      1004   -7    1    4  -12   -5   20   -4    3   12    8    4    6    5   -1   -6   17    4   11
    1   13   15    1    3    2    3    1       661  -11    7    3   -4   14    0    0  -12  -14    0  -10   -7   -6   11    1    8   -3   10
    1   14    1    1    1    2    1    1       636   -4    7   11  -12   -6   14   -7    5   13    6   13   16    6    1  -10    3    6   10
    1   14    2    1    3    2    3    1       676  -11    7    3   -4   14    0    0  -12  -14    0  -10   -7   -6   11    1    8   -3   10
    1   14    3    1    2    3    2    1       714  -11   19    1   -2  -11   10   -2  -10   -5  -19  -15   -6  -14    8  -14  -16  -10  -14
    1   14    4    1    1    1    1    1       783   -7    1    4  -12   -5   20   -4    3   12    8    4    6    5   -1   -6   17    4   11
    1   14    5    1    2    1    2    1      1601  -11   17   -2    1   -9   13   -1  -11   -6  -15  -16   -6  -10   10   -2   -2  -10  -11
    1   14    6    1    3    5    3    1       690   -5   15    1   -9   11    3   -3   -9  -16    3  -17   -6   -7   20    2    8   -8   10
    1   14    7    1    2    4    2    1      1608   -9   15    1    0   -6   14  -12   -9    5  -11  -16   -5  -13    9   -7   -7  -10  -15
    1   14    8    1    2    5    2    1       745  -11   16   -2   -1  -12   13   -4   -7   -7  -13  -16   -7  -14    8   -8    0  -11  -13
    1   14    9    1    1    5    1    1       892   -7    6   10   -8  -10   18   -4    3   13   10    3    0   12   -1  -20   14    2   14
    1   14   10    1    2    2    2    1      2346   -8    8   -1    5  -19    4   -4  -10   -3  -13  -16  -14  -10   10   -6   -8   -7  -13
    1   14   11    1    1    4    1    1       765   -8    5   12  -10   -3   11   -2    1    9   17    6    6    9    2  -11    8    6   10
    1   14   12    1    3    3    3    1       544   -7    5    0   -7   11    0   -3   -7  -16    1  -15   -7   -6   13    6   11  -10   14
    1   14   13    1    3    1    3    1       763  -10   10   -1   -8   18   -1   -4   -9  -16    1  -15  -10   -6   12    0   10   -3    5
    1   14   14    1    3    4    3    1      1229  -14    4    0   -9   13    1   -3   -8  -15   -2  -14   -9   -4    4   -1    9   -3    6
    1   14   15    1    1    3    1    1      1053   -5    6   12   -9   -6   11   -4    2   11    6    8    7    7    3   -9    7    4   13
    1   15    1    1    3    2    3    1      1173  -11    7    3   -4   14    0    0  -12  -14    0  -10   -7   -6   11    1    8   -3   10
    1   15    2    1    1    5    1    1       887   -7    6   10   -8  -10   18   -4    3   13   10    3    0   12   -1  -20   14    2   14
    1   15    3    1    2    4    2    1       549   -9   15    1    0   -6   14  -12   -9    5  -11  -16   -5  -13    9   -7   -7  -10  -15
    1   15    4    1    1    1    1    1       784   -7    1    4  -12   -5   20   -4    3   12    8    4    6    5   -1   -6   17    4   11
    1   15    5    1    2    2    2    1      1122   -8    8   -1    5  -19    4   -4  -10   -3  -13  -16  -14  -10   10   -6   -8   -7  -13
    1   15    6    1    3    5    3    1       727   -5   15    1   -9   11    3   -3   -9  -16    3  -17   -6   -7   20    2    8   -8   10
    1   15    7    1    2    1    2    1       875  -11   17   -2    1   -9   13   -1  -11   -6  -15  -16   -6  -10   10   -2   -2  -10  -11
    1   15    8    1    1    2    1    1       810   -4    7   11  -12   -6   14   -7    5   13    6   13   16    6    1  -10    3    6   10
    1   15    9    1    2    3    2    1       698  -11   19    1   -2  -11   10   -2  -10   -5  -19  -15   -6  -14    8  -14  -16  -10  -14
    1   15   10    1    3    3    3    1       639   -7    5    0   -7   11    0   -3   -7  -16    1  -15   -7   -6   13    6   11  -10   14
    1   15   11    1    1    3    1    1       631   -5    6   12   -9   -6   11   -4    2   11    6    8    7    7    3   -9    7    4   13
    1   15   12    1    3    1    3    1       703  -10   10   -1   -8   18   -1   -4   -9  -16    1  -15  -10   -6   12    0   10   -3    5
    1   15   13    1    1    4    1    1       756   -8    5   12  -10   -3   11   -2    1    9   17    6    6    9    2  -11    8    6   10
    1   15   14    1    2    5    2    1       776  -11   16   -2   -1  -12   13   -4   -7   -7  -13  -16   -7  -14    8   -8    0  -11  -13
    1   15   15    1    3    4    3    1       602  -14    4    0   -9   13    1   -3   -8  -15   -2  -14   -9   -4    4   -1    9   -3    6
    2    1    1    1    2    2    1    1      6137   -8    8   -1    5  -19    4   -4  -10   -3  -13  -16  -14  -10   10   -6   -8   -7  -13
    2    1    2    1    3    4    1    1      2549  -14    4    0   -9   13    1   -3   -8  -15   -2  -14   -9   -4    4   -1    9   -3    6
    2    1    3    4    3    2    1    0      3088  -10    5    0  -10   14    0   -3   -9  -16    0  -15   -7   -5   12   -2   10   -2    7
    2    1    4    6    0    0    2    1      1014  -10  -10    1  -13    8   -9   -2   -2   15    8  -10   17    7   -5    0   -4   -2  -11
    2    1    5    4    2    3    2    1      1583   -9   16  -10   10  -10   13  -10   -1   -5  -13  -17   -6  -14   11   -4   -6   -9  -13
    2    1    6    4    1    4    2    1       769   -5    3   13   -6   -6   14   -1    8   14    7    6    8   15    1   -9    3    4   11
    2    1    7    1    2    5    1    1      1251  -11   16   -2   -1  -12   13   -4   -7   -7  -13  -16   -7  -14    8   -8    0  -11  -13
    2    1    8    4    2    1    2    1      1315  -12   15    0    1   -4    5   -2   -9  -15  -19  -17   -5  -13    9   -6   -6  -12  -12
    2    1    9    4    3    4    1    0       591   -9    7    0   -8   11   -3   -4   -9  -15   -2  -11   -9  -13    7    1   11    2    7
    2    1   10    1    1    3    1    1       441   -5    6   12   -9   -6   11   -4    2   11    6    8    7    7    3   -9    7    4   13
    2    1   11    4    3    5    2    1      2073   -9    5    0   -9   10   -3   -5   -7  -24   -4  -16   -7   -7    9    1    8   -3    4
    2    1   12    1    3    3    1    1       824   -7    5    0   -7   11    0   -3   -7  -16    1  -15   -7   -6   13    6   11  -10   14
    2    1   13    4    3    1    2    1      1144   -1   10    1   -8   13   -2   -2   -8  -17   -3  -14   -6   -4    9    0    8   -3    5
    2    1   14    1    1    1    1    1      2332   -7    1    4  -12   -5   20   -4    3   12    8    4    6    5   -1   -6   17    4   11
    2    1   15    2    1    0    1    0       863   -6    5   10  -10   -5   13   -5    3   13    8    6    7    8    2  -11    7    4   12
    2    1   16    1    3    2    1    1       830  -11    7    3   -4   14    0    0  -12  -14    0  -10   -7   -6   11    1    8   -3   10
    2    1   17    6    0    0    2    1       974    1   -8   -2   -4   11   -1   12    2   15   11  -13  -16    7    3   -8   16    5   -4
    2    1   18    4    2    5    2    1       857   -4   20   -1   -1  -12   12   -4   -8   -4  -13  -17   -8  -21    5   -7   -6   -9  -14
    2    1   19    4    1    2    1    0      2008   -8    8   11  -10   -4   14   -5    5   14    8    5    4    8    0  -12    5    3   10
    2    1   20    1    1    2    1    1      1657   -4    7   11  -12   -6   14   -7    5   13    6   13   16    6    1  -10    3    6   10
    2    1   21    6    0    0    2    1       696   11  -13   16   -4   19   -2  -16   -9    5  -13    5   -6   15    1   -3    9   -7  -10
    2    1   22    4    1    1    2    1       622   -5    4   10  -11    3   17   -8    0   14    8    2   -2    8    4  -12    8    3   13
    2    1   23    1    1    5    1    1      1126   -7    6   10   -8  -10   18   -4    3   13   10    3    0   12   -1  -20   14    2   14
    2    1   24    4    2    2    2    1       730   -5   15   -1    0   -8   10    4   -3   -5  -16  -15   -8  -13   10   -6   -9   -8  -13
    2    1   25    1    2    4    1    1      1118   -9   15    1    0   -6   14  -12   -9    5  -11  -16   -5  -13    9   -7   -7  -10  -15
    2    1   26    4    3    3    1    0       835  -10    7    0   -9   15   -1   -2   -8  -15    1  -10  -12   -4   10    0   10   -5    8
    2    1   27    6    0    0    2    1       659    7  -12   -3   -5    8    0    8    5   14   17   -9  -13    6    1   -6   16    4   -6
    2    1   28    1    2    3    1    1       970  -11   19    1   -2  -11   10   -2  -10   -5  -19  -15   -6  -14    8  -14  -16  -10  -14
    2    1   29    4    1    5    1    0       772   -6    6   10   -9   -4   13   -4    5   13    6    5    9    8    1  -12    5    5   12
    2    1   30    1    3    1    1    1       663  -10   10   -1   -8   18   -1   -4   -9  -16    1  -15  -10   -6   12    0   10   -3    5
    2    1   31    1    1    4    1    1       638   -8    5   12  -10   -3   11   -2    1    9   17    6    6    9    2  -11    8    6   10
    2    1   32    2    2    0    1    0      1046  -11   15   -1    1  -10   12   -3   -9   -5  -14  -15   -7  -12   10   -6   -7  -10  -12
    2    1   33    2    3    0    1    0       653   -9    6   -1   -9   12   -1   -4   -8  -15    0  -15   -8   -5   11    0    9   -4    6
    2    1   34    4    2    4    1    0      1684  -11   14    1   -4  -15   10   -3  -11   -7  -12  -14   -7   -4    6   -1  -12   -9  -11
    2    1   35    4    1    3    1    0       834  -10   11   15  -12   -5   12   -8    6   14    6    6    8    8    0  -12    5    3   10
    2    1   36    1    3    5    1    1       642   -5   15    1   -9   11    3   -3   -9  -16    3  -17   -6   -7   20    2    8   -8   10
    2    1   37    6    0    0    2    1       762   12   -9    7   -7   14    4   -2  -14    5  -14    3   -5   18    1   -6   10   -2   -4
    2    1   38    1    2    1    1    1      1213  -11   17   -2    1   -9   13   -1  -11   -6  -15  -16   -6  -10   10   -2   -2  -10  -11
    2    1   39    6    0    0    2    1       717  -13   -7    4  -15    9  -10    5  -10   12    4  -12   17   14   -6    0   -3   -2   -9
